393500
486098
148915
53447
144573
72843
278584
178860
183732
25789
18948
17080
158548
100173
58517
171269
265407
338597
321187
273016
116362
27137
135264
194837
40050
128267
268134
304204
130873
176460
120759
53386
165131
225477
396381
234306
465028
460941
363688
119012
315945
168224
192861
116353
151325
232795
22144
220497
259061
69654
149160
427329
315283
545640
608216
516222
380265
50546
274632
55283
258474
319411
47768
74785
211118
47595
127548
83724
75022
14922
16797
19706
60304
20488
21248
33263
225088
132213
18911
24259
21299
51588
109154
198299
27753
73725
33973
14549
14126
17849
16070
28486
74907
73109
24150
15251
225516
68717
12823
14930
27350
33579
18311
21240
16770
18680
15809
92765
83233
251808
65655
37359
17354
14616
163949
72123
15693
16571
13031
13880
12303
16697
18044
23804
19208
57162
131806
55516
14826
14656
16603
17297
41378
17284
1374201
9093116
8892636
9146753
9400598
9607350
9956735
9972236
9773886
10616425
10055138
10837993
10162314
10912457
10377901
11159486
10398814
9854192
10669464
10078374
9775025
10200015
9876484
9484906
10625406
9969826
9343648
9574380
9012609
9845916
9025090
9930300
9290908
10021603
9582739
9616045
9309124
9702745
9455210
9370671
9371489
9297123
9570363
9508560
9602969
8801816
9997565
9117387
10774058
10050537
9952776
9637572
8885589
10039645
8279436
8446207
10242303
8038017
10695753
8361726
8349126
10867991
9969018
13558746
11242776
15650302
14081836
18775357
17898834
21582357
17710310
23985500
18730966
23343049
20624680
26390542
29565161
30477455
24960425
25294163
32274267
31989126
25618358
32103683
26161411
32218175
26289684
31980967
26661291
31936239
27333967
30593129
27994691
31300040
28969578
32872471
29680832
32998780
30470086
33528520
34446255
36790403
38680499
37499778
38742311
41001999
39698639
67228994
68503372
68092853
68056178
67111176
68015416
68125787
68013127
66803865
66575055
66920456
66571591
68844213
66139136
68925989
68965955
66586063
66667885
66776902
65669748
65287143
65498686
70696198
70593816
71061000
66563787
71160416
70991807
70764241
70006245
67420273
67186412
69168677
69520248
69717935
69283493
69472989
69592580
69365488
69462578
69516509
69644134
69504744
69064339
70989523
69153700
70791959
68393686
71732040
71566212
71675671
68329078
68256424
67547059
67327102
67229263
72413829
67567007
66672688
66540138
66496543
72754566
66601497
66625343
73405486
66859090
73919661
66976193
73947164
65874878
65431068
74217975
74238197
64957282
64886566
74622739
74624253
65425449
74616883
65613187
65478284
75897500
75878405
65932477
75615580
75185192
74619176
74087827
73859418
73690348
66780099
73451725
66719739
72438577
66777205
66830218
67087099
66967597
66941320
74093298
73765349
73815879
67551786
73955224
67949043
74204135
73766280
73049139
71961883
68100716
68161797
68513528
72219083
72111128
68522581
68384516
68375456
67910833
72485136
72337941
71935403
71497497
71142868
68755580
71417320
71392770
68906980
71617966
68865118
71598574
71806266
70752150
70702065
70665843
69278155
71211949
70402639
70526545
68741919
69007031
72726303
70062377
70070075
70098581
72693583
72609191
72831040
72817430
72109389
70857669
70809507
70117747
70362380
72876511
72886461
72587379
70776353
70177390
70058206
71885428
69523681
71820856
71696441
69635928
68897094
69009410
71339307
70160821
68170028
70257523
68264868
70499898
70432017
70352389
70276077
68741854
68952305
70780230
69736660
69893761
69404398
69939131
68985648
69968258
69727600
69815362
68449966
68490110
68285036
71529617
71356299
71394646
69394079
72125165
70276172
70486829
72644075
70025810
69969748
73108351
69524069
69369343
72763040
69131411
68804908
72392485
68348355
72623862
68421751
67907413
67946132
72792195
68244076
73089687
73764162
73773184
73878430
73806608
73067865
70474909
70048329
73194120
72640493
70544585
70129474
68922236
71856150
72041993
69995738
70025557
69915485
71989824
71943096
69724479
72323469
71704424
70205978
70537088
72556780
70214358
72650079
72618329
72957184
71355461
72746931
72785904
71710112
71722008
73422725
71946995
73229669
73132528
72093665
72721922
72304955
71727970
71970454
71855548
73344079
72727367
72697162
71947546
72913037
72790015
73342776
72660869
73018947
73140993
73485010
73575891
72246120
72303309
72067723
71811589
72270400
71749149
71376578
71722595
71853068
71852788
71863834
72513504
72578105
72689458
72668149
72896763
73338133
73492818
73156743
72636235
71186788
72947657
71641204
73464442
71263659
71079651
74257218
73921814
71853913
70105186
73853885
73800432
70025601
73781125
72195186
72098540
71376429
70638184
71048356
71970017
71462813
71448630
71039923
71845708
70981958
71227393
71149271
70687944
70389840
70086331
73400789
73126129
69847478
73075955
72913691
68397697
72661578
68125934
67534869
72610066
72828601
73103273
73225810
73153764
73572064
69608696
69684361
69982251
69988127
73738901
73395818
70148047
73274522
70061796
72624115
72120869
72162537
72245220
71214555
70524625
73132004
72618417
70727866
72858334
72885742
71332552
73320602
70096909
70122210
73390190
73415753
73034410
73228719
73096434
72869461
70690161
70528055
71135108
74433841
72135767
71842064
75010433
75014255
74942162
74945913
72262469
73972074
73030166
72093424
73713515
69767962
72428028
72373852
69711767
72096182
72337748
69541006
69328943
72706917
72693102
72515626
69579403
72525444
72819842
69543126
69035973
72961026
72461909
68224761
68030432
72020204
71329826
71256702
68271216
72305311
69082521
69231519
68206974
68347931
72804824
72788727
72673303
68702171
67580529
67655543
73595464
68157419
68189280
74156187
74214674
68297434
68213886
74255640
68139744
74634952
73923052
73776058
73796738
69618814
74096531
73981372
74063567
69847619
73050040
72537111
69957271
68516793
72372509
71767583
68656394
71187691
69042214
69203970
69020331
71662873
71545630
71889695
69512650
71681311
71607409
69764440
71881735
70206966
69746696
69757948
71139890
71333847
69555358
69515229
70143971
72742928
71172620
71095063
72988471
72687615
71133009
70916780
72869582
72614817
72475885
72509333
71896674
71665637
71212927
71291641
70148980
69037325
71750759
71391909
71270672
71516243
71242640
69689574
70623363
69857960
69521192
68324002
70201555
68576584
68372420
69816433
69948386
68974002
69898911
69182403
69245564
68476999
68515514
69569024
69681906
69468836
69126751
69118574
69428043
69348489
68921412
69161216
69162837
68919788
68735715
68181896
70769880
68206623
70648307
67155638
67188801
67273451
70905336
67276070
65546892
71086546
70635043
70645676
65879128
65634854
70515798
70022499
65107036
70289472
70499663
70571267
70368134
70918546
70853888
65345543
70492478
70003643
69250742
65264317
65010572
69630605
68953023
65472214
65396276
64780343
64452176
63697974
69051401
67573513
67404715
67703999
64500502
67530072
64945668
67826864
65163405
64577104
64270531
68621409
68641944
64511926
64561409
64084985
63388014
69425623
63581333
69467689
69418452
69467787
69540129
63823849
69236660
67074770
64387858
67465007
66943713
66883533
63966812
67278994
63550090
63546528
63365997
63279497
63313521
67502130
62751486
62762542
68382608
63456291
68722409
63605546
63517420
68584480
63318789
67946750
63638849
67821823
67628683
65994313
62972141
65533009
65422445
63604560
63269980
66489890
63388729
62671246
62669729
66975556
66906482
63181365
65872789
63300915
66117631
65319994
64954742
63691114
63004901
65186353
62608977
65601352
65219241
65113275
62816672
65190502
65453977
62525453
65427720
65547243
62710336
65578890
65080059
64844063
64359046
63202835
62822287
64982683
64814551
63531442
62888113
63317664
63458650
66032044
65618426
64992497
64365053
63505582
62884407
62531821
62708885
62800360
65332874
65305296
65244347
62400957
65213085
62448631
65144010
65100304
65245444
63427766
63335389
63260731
65443204
65474154
65936809
64299343
64335120
65291559
64867943
65687855
65398245
65891917
65920814
66018622
64086433
64022172
66503148
64019308
66725139
66539205
66389931
64898828
66871852
65874961
65227780
65959578
66385994
65179760
67019163
66795835
67281527
65900137
65644309
67485044
67342948
65454331
64909680
67864640
67444754
68140652
67592085
67970885
66812389
67790172
67365307
67340698
67287989
66429158
66441963
67369491
66040794
67380945
65247942
67311789
65469906
65858888
64562945
65464588
64529096
64008921
64081630
66319013
64296542
66381291
64621912
64379755
64189326
64463692
67327202
67206570
65161255
68096518
67243260
67269079
67133467
65295777
64807511
66896774
67244889
65620406
65085061
65111970
67403718
66785848
65637839
64477082
67222806
67008983
64536721
66726118
66553025
64968635
65516151
64676326
66889932
64317924
64323673
67089037
67452413
67692895
66925567
65406725
65007640
65054746
67684722
67927770
66041810
67881726
67581192
66046327
65696069
67863064
68096969
66235078
66128315
66225536
68783365
67364122
66978768
66948049
67110891
67090807
67263745
67395929
67023109
66335347
66264623
65823953
65963326
66061771
65926754
68847053
66329884
65946790
64202464
63920688
69574615
64517284
64639606
64588172
69498891
69651416
68951614
69138486
65194413
65294014
69142384
69356919
65622871
65448776
66129210
70653864
66262375
70177573
66534483
70563617
70068861
69032655
69166266
69147295
69678563
67518229
68928666
68203006
67513729
67583938
67320986
70236553
70373184
70349064
68156464
70437419
68301601
70672070
68424955
71013765
71092795
70931173
70742501
69591406
70608314
70181687
70146187
69576218
69916353
69681482
69715642
69370573
70679803
68235382
70080417
70356327
69361983
70547197
70635043
70508838
70508482
71140975
70172685
69959556
69920427
69841052
70989432
70158281
70226498
71425553
70081893
69998383
70078884
71759164
69792230
69400057
69659330
72172930
72018541
69795606
72576857
70431750
70301621
69873139
72440274
69938342
72465272
69039063
68958057
69254632
69147895
68901014
68557225
67843111
67644561
73559269
67293669
72678766
72508044
72732491
68148845
67825429
68308659
68340575
68130924
68549253
68213216
74053194
68656806
74187987
68702173
74286379
68362847
74167699
67132945
74301355
66375201
66226261
66478564
66746325
66439654
66604980
66554046
75042690
67061755
75126858
67031367
65814027
75348954
75289131
75163924
66317275
66340818
66228904
76035030
75857602
76233047
76243777
67252484
67255431
76441300
75784233
67276106
67133416
75412601
66502244
66543994
66766133
66881750
76645024
67644492
76549108
67727810
76402321
67467647
76271786
76007855
75696752
67752412
67704006
76117450
75851714
75295464
75155916
75406802
75307403
69099128
69234666
68047537
69200911
68039839
68116583
68145401
68368719
77804823
77615504
77042603
76366386
68226845
76740708
68733097
68768082
68661649
77149418
68644667
77206484
77123285
76917266
69126219
68971640
68091342
68089616
77209070
67673792
67000541
66720286
66730648
66244935
77940255
77596410
77218124
76608355
76269372
75350764
75200480
74583205
74461793
67062347
74164735
74061222
73437984
66913753
73492894
73485879
73474440
73444834
73497116
67464876
73862538
72911339
67962162
73067219
72951677
71825118
71828489
68849527
71595323
68560419
68997928
71197754
70900929
71045268
68201279
67605698
67594697
66999879
71916374
67817672
67980053
72033372
71613637
70835536
68383569
67875461
67505834
71051857
70387405
68224094
70810375
68545223
68364739
71125734
70986764
68945430
68186549
68401046
68367750
68399933
69255791
68295247
69826134
68497453
68561275
70366105
70350607
70170938
69878266
68820589
69776943
68883302
69931982
69251848
69052262
70106082
68539628
68607832
67926473
68098491
70221928
68167366
70395987
71126415
69530086
69895784
69813986
69112987
69251096
68677139
72524385
68757901
69095018
69066196
72444918
67608555
72488469
72537562
71879469
68180493
68012384
72069523
72150768
67939254
72084808
68725507
68042960
73321198
72930926
72708825
68758297
72043782
72014643
71496688
68344057
71663076
69109107
70952516
68845706
68562727
67880135
71012793
67839424
68043910
67657545
71313443
70737592
67898045
66389397
71289422
65484029
71367786
70633286
70535216
65571197
65728433
71771249
66391453
66237856
65782984
65650505
64775529
64683036
71924067
71458694
71857474
65189631
72150074
65344218
65425915
72716166
72795191
66034466
73258302
66150426
73289262
73212143
65659547
65363981
65644753
73276574
72472519
72429725
63853645
72812779
72696544
72121060
64560163
64958368
64742487
73129692
64572895
64122135
73793503
64462795
64095163
64214613
63851082
73671254
73612182
72979671
72997767
72191758
71812304
71474918
64763568
64747451
64342728
64427209
70349240
63703374
62681539
71464523
70933981
63513278
63588435
64088151
71150220
63802496
64045981
71184935
71139803
70836518
64966262
64913076
69398596
69626319
65280518
65353231
65194081
64842452
64697738
69746946
64543814
64653044
70596519
65145945
70654902
65361796
70849127
65464921
65388591
65271768
70814861
65812889
65995785
71564144
71147376
66023952
71016759
67083225
72384016
72327403
71721521
67824994
67827650
67023488
72455695
67036449
71996096
66558670
71815433
71271673
66685729
67035001
71697136
66604045
71453652
71696936
71474403
70422925
67546676
67088295
67455028
70302070
67488802
67578238
67431863
67302879
66899635
70859082
70731474
68951859
68743147
67139313
67431164
67309779
69622972
68126619
70052179
67875301
67971768
68412847
71569880
67783593
69996372
67752002
70020063
68439652
67128039
69828274
68120976
71301469
68555282
71571493
68637127
70399080
68964935
70686556
70295166
70238175
69811780
70141967
70893263
69815953
68665442
70808346
70725687
69010421
68815723
69115023
69056786
69468342
68999799
69449294
69309358
69597047
68174565
70112437
69733315
68904786
70556485
70701137
69771437
69484856
71940267
71958454
69698573
69763948
69778997
72119221
69397356
69684993
69602232
69443812
69875537
70056488
69467036
69603815
70146578
69888808
70145317
69639931
70330882
69631919
69547235
69451250
69175459
70631260
70481183
70670147
69855411
69170288
69761887
69644198
69287293
69741697
69397110
69740653
69659780
69505282
69987127
69972682
70034694
69807482
69393639
70058951
70010000
68565914
70091117
70172544
68336316
70352256
70360996
69915216
69813222
67789050
69699602
68319272
69953924
69847755
68103526
69999467
70189151
69947977
69662435
68382750
68553916
69869944
68934356
69316137
69407847
70744144
69850515
71220361
69633680
69680146
69846834
71879653
71814575
70819899
70483483
70330893
71279252
70290904
69378280
71396604
70804434
69711207
69717258
70495472
70323532
70232570
70010140
69835753
70344686
69398121
69361509
70556646
69186311
69288432
70503123
70181699
69599170
70024637
69298565
69481081
69060923
69386078
68161851
67364222
69378168
69203614
67248604
68598656
68569598
68962332
67438267
69208661
69112392
67882212
67056087
66566441
65937178
65839442
67201771
67537646
67700532
66907233
66632203
68510502
68582274
66956806
66898533
68716669
66805352
68797473
65757812
68956644
68298719
68856100
67582682
69489711
68801860
67485517
68665985
67562004
67548109
68183869
67628126
66887364
68078655
67902232
68961195
68486341
68411098
68355349
68060011
69576066
69532646
67823681
67683571
67793317
68127521
70395286
67570556
66785584
71310649
67196852
71131203
70738875
66727669
66710376
66046476
71082495
67225257
71992353
71595379
67290181
71917736
67678046
67803966
67445513
71986206
67606830
71745069
67996319
72133927
71976059
71802480
71756669
70906483
70865562
70803102
70245471
70039623
70038635
69287165
70253333
69914273
69842683
69021426
68648566
68731111
68501135
68956224
68610202
70707986
70718239
69198656
69037174
68987303
68038339
70228659
68182390
70130042
68697818
68637691
68215975
68083451
67745389
67919194
67473835
71266590
67671859
71412603
67494663
71740002
66957994
67460230
66938737
67014232
73572399
73600315
68323094
74038384
68733946
74368903
68821078
68587082
68414255
74148299
72820115
68482089
73012005
68373946
72460866
68269408
71511890
71433603
71142884
70921078
68633137
71011037
68783966
67936532
68122673
68108162
71385171
70958716
67712726
67218163
71383693
66957086
71498809
67206318
67321029
67584288
67581689
67664132
67568258
66837374
67137389
66793020
73599744
72586640
67528744
67417691
73053259
72926401
67415643
72029067
67668329
72103693
67815435
72189617
71487121
67639452
67541938
67503126
71795205
66971872
67501063
67395092
66881351
66354082
66223487
65465914
73420468
73887085
66796675
65817761
74196344
73858134
73773604
65516081
65387702
74107644
73878662
73393457
65541183
72687321
64702491
64277540
73038173
64678938
65217511
73597936
65334839
65353014
64931413
74552001
73627365
73304443
71575691
71573267
65345858
71590845
65979552
71792326
65322697
70449841
64489070
70596870
70295787
64572530
70752332
70592034
64574638
64907167
71382253
65086142
65005593
63798886
71060429
64208975
71372604
64498736
71397712
71477493
71973155
71715452
65206910
64991366
65082949
72061727
65422637
65513712
65355663
65288924
72992587
72283239
72773699
65658981
65661044
65496179
65504752
65237354
64920814
72964257
72744509
71323361
71247651
71009503
70951962
65455945
65084078
64689430
70965626
71090424
64187254
63995600
63493696
70897829
70312373
64013031
69974847
69722667
69770017
64512816
70063409
70326081
62679511
70508097
61793188
61704526
61592795
61150364
60751234
60716298
71451644
71281213
71148369
60839071
60719790
71637624
71898465
61191339
71912858
61184470
71987649
71746398
61496297
72312179
61404069
72395005
61699781
61595535
61607615
72689108
61738589
72602527
72656671
72756166
61761747
72969959
62254256
61975041
73168601
72569724
62339229
72981799
61889347
72787356
72425462
61443840
72769755
62184211
73572153
73011108
62494394
62482036
62200019
62225014
61904970
61091450
74075702
74014300
61543601
61035537
72823926
60880376
60781572
60498988
59955868
59014244
59157853
73524759
59383586
59342935
73192191
59790962
60076228
59318115
74260269
74128857
57749412
57755591
56999892
55648537
73275122
73232425
72835413
56189698
72994534
72920756
73992608
57394917
73915362
57254695
56070990
74021945
73560040
56325572
55750902
73522497
55379450
73561864
73511898
73688531
73847369
73714600
56135371
74044895
56521353
56484129
74268514
74514038
56881993
56837469
73837933
73005340
56993164
56764066
73221290
73271265
57097181
71817098
57069683
72524716
71878100
71949994
71985130
58436954
58384856
58661251
58732480
72978432
58748951
58662164
71589414
59310364
71570963
72004738
60010232
60196227
72434137
59940748
60307612
59965110
72867589
60152063
60006294
72656808
72589165
61445653
61359204
61066945
74007364
61793875
61899435
74313217
74453988
74006809
62635681
62146577
74275059
61982955
62342968
62073730
74855711
62323251
75028809
74344226
62231031
74345720
74017175
74310512
62674163
74664714
63432025
75119895
74362066
74084064
73447129
73486669
73635572
64991469
73702288
73577642
71768819
71039184
71004587
64863630
64593851
70711010
64795860
70382859
64946083
65806203
65778644
65677021
65636053
65689226
65421004
65654246
65284037
71361441
65541151
71550829
65004938
64803260
71408174
69783356
65029891
69848387
69454595
64810196
69152528
68733108
64809514
68763279
64640317
64479676
68786424
64766673
64874160
64944695
64862782
65283272
64629721
64516991
70957843
64590469
64448697
64151572
71281126
63832748
63689791
71948716
72267384
72374041
71963518
71596659
71367033
66500167
71990268
66617596
65884947
71939755
69175598
69355186
69000591
69033330
69103435
68884147
69168967
69037303
68692031
66772287
67418605
66380462
67642872
65995630
66220843
68127217
66339238
68348325
68269440
66713538
67966168
66798241
67228089
68303415
67424668
67284398
66723850
66125888
69069113
66131659
65964286
69057205
66422000
69092224
66605171
65928123
65640792
65736131
65301134
69753114
65435924
69826615
69401740
64674091
68897066
64988969
64392716
64130398
69290315
69348466
69356128
68515813
65377907
65577459
65498194
69592256
69410621
65325123
64853927
69506637
68909536
68549961
65117638
68402864
68240213
69065291
68896240
68713144
66126916
66035755
65894860
69459507
68403032
65501451
65253997
65276308
68614426
68397237
65627811
68470553
68324614
68332351
65811205
68520487
67313006
67914392
66751413
66558623
68414655
66692584
68393602
68184423
66504412
66421118
68363567
66133566
66115947
68296528
66425728
68543926
69534934
67283733
67152382
69691424
69734745
67494831
66381405
70351929
66744807
66666721
69806734
69022037
68587786
66139773
66055381
68116613
66030094
68713527
66532901
66536793
68837375
69094865
69240728
66709637
69654161
66644628
66310425
66175347
69592571
66625293
69913255
68976061
68891386
66884718
68436915
66811964
68582850
66596034
66519514
68275035
68182876
68167073
66425723
66863130
68621482
68405381
67913878
68108425
67377472
67047131
68368607
67184551
68656025
68720674
67989805
67674020
67968014
67564153
67619371
67795081
67035484
66742246
65521610
70271727
65822549
70186353
69848653
69864580
69777861
69340152
65869026
66222378
69944985
66420729
66290567
70509522
67043690
65985421
70937608
71043860
70944581
66114453
66320787
66427830
71824917
71548745
71408504
66672882
66586849
66596383
71999075
67300635
73032023
67788546
73183453
72837588
68471928
68178950
67965354
73656264
68036713
68236117
74391146
74368539
74370618
74127290
68689075
68413535
68612749
68598228
73579688
73124566
73349899
68720458
73330574
68884741
68696281
73827574
73538728
69127081
73651528
69245391
74264871
69206137
69070771
74611440
69286745
74341963
69269981
74900031
68652585
68072615
68031895
75575659
75684880
66838127
75612778
75641917
66647324
66326759
66974387
66937719
66255411
65761356
75192870
75594461
66808040
66543297
76071665
66728580
76279370
66553060
76575627
66556870
66069974
65873772
77910990
66502376
66495689
77696286
67098310
77615532
66956172
67110940
67081792
78358835
67652942
67014918
78932025
78911300
78716231
78630572
68415916
68157737
79003181
68236554
77843856
77954625
77623053
76868060
76764758
75928509
75943331
66588972
76412078
76088845
66692873
76383456
75931381
66518232
66454424
66372819
75965998
66545433
75937490
67336109
67541220
75566280
67716620
68000962
74712772
74111300
74162364
66580947
66252698
65674512
65591384
74948144
74826432
73932160
66345716
73524917
73495685
73420756
66421749
66014699
65804796
73260351
73190531
65059965
64647190
65161962
64996444
74178262
65190386
65269522
74441950
65059888
73874769
65082632
65038488
65204897
74602522
65485507
65513944
75554073
75143682
66273859
65900023
65663100
75139905
65865513
75890377
65529675
75683115
75688784
75233724
75113573
74933210
66413182
66126044
75301174
74866199
74680207
66464473
66156304
66057472
75326344
66041800
75526200
75427262
66325389
66756749
76144723
66718057
66612916
76681132
77623197
67866220
67760633
67614208
75544877
75221208
68237036
68343108
75688156
74192106
69007151
74800192
69433757
69267835
74717024
69200874
67714761
67450611
75023854
75106687
74281763
68475355
68158384
68110296
67788890
66704819
75788256
74817483
66948271
66584991
66262930
66213880
75409848
66664813
66268668
75286919
66425617
65512804
65487097
65443263
75283103
75369843
65684653
65569439
65742560
75956340
75982132
75061031
65876472
75182269
75450898
75171966
73421842
66066105
64902213
73973643
65053656
64522502
64358167
73996812
64329357
64123340
63993531
63849788
63875054
74230288
74534298
74441403
64103935
74754572
74164563
64507742
63763043
63583171
63633800
74466851
64457383
75380525
64336796
64180081
64083517
74801835
64684329
75468037
75268789
75626851
65261490
76188851
76118843
66167481
76487895
65638397
65134057
65298385
64546576
76781214
64224341
76961081
76411807
75993635
76023670
76124260
63925813
76209527
75811109
64468927
75731364
64268095
75507746
65654132
76026526
65499375
76079215
65712117
75926292
75537297
75586955
66211944
65705551
76071378
65526664
75868978
65352038
66458247
76530494
76397186
65706326
76164105
66269522
65681809
65418664
76975369
76498806
65628369
65733123
76867926
76765414
76957550
77559390
77285418
66961010
67189760
77817297
66358473
78068383
78747542
67004678
66584847
66422444
79355613
79005717
79238660
67947352
80102707
79917298
67561303
79325262
67102375
79193391
67278555
79552598
79605373
67728247
79628584
77399821
67925206
77384364
68052637
67709511
78337285
67790607
68071119
78710437
78684341
67700766
66418292
78887756
78477980
66237555
66498348
65903666
65437912
65627708
79281024
65757295
65723641
65343181
65068495
79872323
79798581
79733365
79012816
79217858
79044551
65955766
78547931
65653019
65944351
77745211
77720412
66783648
67001170
78168216
77309175
76974989
77374007
77812797
77716071
67716081
76918087
76878236
68196760
77087867
77122346
76675955
77078487
76380885
69314170
75821164
75536041
69468253
68807332
75080546
69264384
74909215
74000366
69629896
68594572
68686308
74521197
68020373
74201101
68068765
74041233
67681661
67711112
67321763
73451844
73405881
72726305
72540256
72096039
68361323
71067007
68006748
71601964
71101925
70157005
69860187
69612734
68826587
69526334
69512085
68870931
68549313
68171196
70686341
70540055
69037582
68862920
68806013
68599984
70944256
68552537
71433784
71437447
71602245
71703376
69536829
72736194
69804121
69096948
68185288
72598253
72455502
69001652
68966407
73408232
69702725
74635164
70034062
70622947
75700129
70870341
74846376
71268188
71082558
75362276
74472842
71915102
74417255
71685093
71945423
71527301
71593213
72071987
75425127
74595456
74727282
72651891
72274296
72478372
72193341
75684953
72551115
71934334
75893625
76438582
76405175
72572986
73171285
72773190
72345141
77050038
77211457
71719637
71837723
71406554
71448504
77568690
77591998
77824613
77056374
76299619
76619777
73601078
73528249
76921399
76213517
73757106
73306575
73169335
73438462
77433251
72312212
77742331
72747371
72962147
78276733
78298497
73045881
72791060
78688740
73090866
72481561
72655112
72537315
72471109
72538433
79925630
72229326
72712445
72660585
81047550
81295418
80972237
81029248
81370747
74209332
81147664
73606374
73506607
73821486
73987651
74161659
73733031
73688308
82950280
81724772
81314450
81330573
74654873
74649848
80853157
75017515
81465079
75301747
75026438
80938768
75117215
81047098
80791140
80883612
75850555
81042369
75767796
75838037
75640643
75540266
80291921
76127430
80519801
79929537
76178568
79594864
76535538
76544408
79401400
76680303
79952229
79452379
77628330
79872168
79808512
77787053
79648980
76952220
79804636
79788798
79754896
76977034
77413734
79941544
79675031
77521053
77401959
79258559
77023533
77161474
80034593
77383109
77315723
80233997
76768968
80180918
76379734
80083814
79483787
75415087
75430052
78983805
75858641
75814513
78888017
75907448
78604951
78592369
76282970
75474534
78356108
75121646
78233553
78513741
75536808
78078114
77961050
75082155
78320313
78179270
78098400
75171433
78701511
78544898
75423527
74753521
78437604
74903205
78241342
74653213
78106177
75153634
74115099
74097245
78199572
77872661
77902116
74498721
74655232
74782859
77989131
78519758
75247738
75007515
73706867
73816699
79880612
79527184
79354775
74792572
73510124
79071717
73293199
73348785
71824959
71643621
79304445
79408684
71744615
78498158
71195443
79116267
78453049
71609792
78898707
71906819
79452873
78958254
72511238
79271699
78698043
78410381
77939494
72864846
77477920
72969956
72696591
77434111
77249803
72957877
73202495
73036465
77231635
72894839
77446076
72883017
72888380
72349368
77734426
77798958
77587007
77494528
73029913
73039559
73306738
78337900
78495010
78453857
74097663
73519028
78305628
73609821
78224089
78326081
73674988
73037600
78369381
78203103
73100429
76993393
75910246
71802485
76517378
76713659
72231605
77163972
77096700
71361573
70766861
77478726
70890690
70522077
70186885
70163304
77571106
70075708
76805742
70014912
70058971
70071418
76884961
76468389
70324001
70217446
76538914
69484383
68441961
67834668
76885670
76547961
76269282
67876627
67498155
67539331
67282237
77621561
67365491
68112503
68158996
78791457
67667270
79055935
66741542
78858161
66385490
78605829
66407951
78921963
67010235
78624027
66405121
66471583
78949882
78741448
66008411
65001880
78741897
78643435
78428887
78696932
78178271
65372603
78523869
78653793
65951885
65542299
78855977
78691226
78568564
78555402
78460378
78191153
66253886
65295338
65126550
64863192
77738856
77853132
77777192
77775218
77631868
77475812
66161006
77935279
76614883
76751985
76432674
75853594
67690609
76194234
67408890
76337332
76168131
67118696
75404840
67152736
67066151
67283497
66955146
75893883
76052744
75014435
67639309
67257468
74438154
67017549
67165133
73749567
67882614
74311465
73341581
73726410
68073016
73285011
68074303
72414098
72287666
72283911
68668356
71801444
71399601
68938170
66918404
71185057
66624869
71215721
66827471
71233505
71256888
70119262
69815364
69627941
69696247
69643691
69346359
68033991
67913412
68981113
68839417
67683695
67833901
67387054
67809323
67186730
67886525
67303582
68417084
67372795
67854416
68160185
67219360
66391957
65530578
68287209
68104771
68119301
68527015
68748966
67208705
66823822
66536751
66235353
68533637
66089858
64068642
64546594
64385120
64283246
69300247
69242433
67335227
67200391
67310181
67074282
64912638
64512309
64145194
63792042
63522048
63351592
63576063
68420828
68249500
68380233
62778856
68744064
67630315
67592962
67184888
66661253
66701462
66756286
65791487
65535591
65022392
64059872
65229300
64300124
64558920
65879987
65235968
64927986
64575058
63918132
65016199
65083963
64327524
65111285
64351879
64227919
64532530
65038338
65437459
65406267
66217945
66182166
67094114
67364483
66724872
67157238
67034116
67476377
66079908
65890497
68094791
65888215
66679034
66666208
66123078
69322496
68870638
68326435
66312783
65906255
68185038
66001623
65878532
65620742
65443110
68827409
65370954
68632721
69159738
65740517
65389908
65421571
65999115
69920562
65682682
70273189
69967585
69873212
67168001
67047114
67211807
71249243
70805186
67428029
71309524
71200497
67451460
71351426
67660300
70895135
71162718
70567838
70401275
70294084
70336449
69889736
69823206
69991536
70454391
70730278
70237212
70804803
70633834
70196046
70024985
68841208
69111883
69937657
70578342
70563016
70218800
71185819
70228790
70244447
71113511
71112507
70680858
70704466
70456633
72251144
71398918
71266522
73485950
70721594
73465770
70615164
70272456
70217693
70673174
70501028
74110609
74379419
70823710
73615417
73012776
71248823
73559300
71977720
72739933
72658415
73151045
72834372
72588067
72387798
72445139
72256398
73083614
73308954
72406545
73244673
73249609
73186596
72326325
72888107
72594637
72650830
71842245
73808268
71532491
71517523
73039291
71789693
73373216
73587710
71998453
73581737
73286847
73107647
72978807
72100962
71604637
74598034
72098792
72264225
72395992
72293205
75651095
72848215
76098413
73199217
73263913
76232669
73351257
73586559
76553227
75949311
75754626
73722144
75748825
75836783
75806995
74588776
75963884
74772381
74696480
74410021
74527275
76929844
76460972
76498374
76788475
76204687
75602246
76270384
75297183
76335243
75104042
75013400
75137064
74459611
74416739
75425867
74886536
75340259
76002385
75422339
75058977
76748047
76167180
77025718
77016861
76571448
76538861
76467317
76299363
76831912
76503937
76268681
77050687
76049086
77162671
75183099
77108438
76869949
75470328
74819080
74833117
76909070
76570358
75189578
75264187
74083308
72433911
77101948
76733614
72622910
72690788
72693706
72448811
72279065
77644224
77517950
72650968
77673493
71866428
77982148
71773775
71533361
71322395
70689630
78282565
70191180
77848552
70857876
70995207
79526822
79557591
79549104
79832596
71821231
80628990
80053239
72545145
72557153
71845552
70633693
70845960
80742346
80592972
70910756
70702546
70831939
70160465
81532459
70221134
70109812
70091768
82054144
69357710
82020552
81929346
81925903
81960173
81162901
81443497
81445627
80921808
80311651
71525562
71387541
80068151
80120160
79966473
71368153
70986043
79938876
80019120
79997448
79863997
79569916
80308113
80312437
80517346
72983388
79582199
71755848
79473101
71864153
72277454
79855979
79979585
72818417
72533363
72607761
80594824
80841232
71497847
80837491
71798193
81568457
81372705
81384293
72336181
72042465
71794608
71774923
71788709
71768612
71547019
82273089
72072028
72269169
72362506
82644163
72261072
82880296
72791325
72605441
83879987
83112769
73684259
73532696
73302692
83100226
73262254
73188535
73824682
84944980
74579551
74626720
73268395
84143789
71570014
84722616
84660385
84551374
84210721
71543384
84495490
70736033
71568819
85380452
71676798
71436174
70747898
85551669
71178649
70895716
69663353
69570541
86420325
85804200
69809171
85686903
70189018
68704686
86061363
69929955
87559889
70049204
87843430
88392658
70435415
69587568
69243780
88413429
87795677
69054975
69108584
69416863
86884923
69576255
86552876
86341734
70157415
69996497
70104092
86504475
70301510
68861991
86960743
86731996
68773033
85561231
85450310
84897959
84616373
69572571
83943496
69872904
69510588
69102364
84624951
68733372
68208050
84846854
67640095
67391975
66189803
84841351
84820174
65399681
65344380
64545222
64182276
85424843
64389143
85280445
85019365
84312891
84487988
84637917
84143796
65182495
63849900
84319814
84221304
64103486
84328814
64137035
84898104
64346745
85070123
64364586
85268231
64658503
84793539
64458153
85328859
85606348
85278849
85037295
83529270
83467471
65447596
83377154
83182894
82518950
81728337
65943469
66035622
66372511
79141989
79337310
66672443
79262862
66635260
79561151
66484698
66262131
79393319
66357903
66209232
65766153
65608660
64202818
78431244
64222964
79056270
64527638
64582758
64436549
79265530
78803740
64285825
79001240
78738363
77557017
64522180
77158362
64935330
64388381
64076265
64251072
77793840
77893237
78117305
78106256
64679157
77815161
64895075
77986986
77663741
77828208
76899763
65436442
75654786
75541599
75339092
64828212
74887057
64381469
74144873
64885427
74340277
66613457
75107812
74717382
74522882
66665020
65943310
66025002
75127769
65741883
66185511
75365097
66197543
65268890
74276907
64377191
63736842
63308901
73546325
63817033
64198517
64560451
74788771
64485550
64598893
63925656
75139123
74998023
75655181
65420419
65480878
76162928
65606558
65780282
76155214
65793526
65373725
65288524
76115468
75700536
65535663
65824030
65529114
76000281
74998752
75031175
75487741
66023676
66115034
66401563
76008754
76078531
67167601
76367883
66873556
66888184
76305038
66762459
66739908
66749492
76443198
75987885
75656962
67448352
67288916
75000935
74899314
66531763
65676342
74976488
73914182
73295300
73437074
65157061
64306156
73279308
72460605
72413692
64688069
64681404
72556402
64807026
72953724
65031122
65454276
65504704
74431272
65969627
74558947
66324387
74865284
74135742
74502029
74485304
67645238
74357993
67611008
74205799
67764726
74289410
72516128
72517722
72543613
68184329
66686053
66653605
73414462
74240644
68369108
74621698
68531267
73808636
66377872
73875880
66531552
67226685
73925733
67126263
66465885
66556117
66342529
73690591
73408926
73450438
66549757
66403216
73768679
73938411
74239743
66630245
66572429
73974111
66868747
66999644
74128770
74134194
67290869
67396487
67434978
66918880
74582636
67041163
74661932
75016801
67991852
75447211
68080585
75307452
75020927
67812426
75382855
68052152
67200917
76350269
67767142
76573692
75803717
68043956
68000091
67805746
67212160
76278931
67013029
76881877
66859958
77383632
77509541
77056066
67952163
67327304
77552070
77504922
67617456
77330214
77542337
67413055
66554123
76966938
76820312
67315889
67315495
67546467
78263137
77342501
67795006
77377220
76933271
68212406
68196190
75893571
67999231
76069072
68144348
75625627
67938567
68096668
66773891
74238029
72986467
66925866
73162250
73156960
66454332
66487296
66513104
66274095
66496494
73977829
66492888
66416830
65883904
74602473
66367279
66299626
65842959
65984868
66001889
65220945
64871029
65079356
65276716
77108525
65624169
66548980
66352998
77163980
66694034
66626917
66182114
77224355
76592718
67037509
67833235
68225333
78186350
77892253
68683282
67866956
68126272
78551597
68095003
68245874
77730788
67957649
67866395
78022539
77571214
67777188
67939492
66559245
78040490
65855402
78252992
77674463
78163698
78356537
67048490
66684204
78625123
67185059
78314292
67243775
78346920
78757067
67486904
67528262
79426216
68365102
79399427
68284284
68275653
68152966
79929505
68509460
80200879
68288337
79585748
68154166
79199428
68203211
79454460
79683012
68649464
68669221
68223895
