397113
1177626
1226874
1060346
960276
265629
2361049
2654788
2342058
2339580
749573
779353
2173090
983641
825485
1121304
954600
2985996
191456
3019833
2333446
2352388
2441890
2049612
579214
203343
291608
351346
385485
2665843
345878
2730799
146421
2809901
2652451
2688662
117391
2742236
2423517
101338
174961
1257004
1295819
574860
299551
355815
432229
136337
283796
1013911
170095
1103059
1140962
1209352
99279
1527660
164015
2090675
1815119
1821564
522644
432747
422611
2329755
2247208
919703
2211307
1090292
1038990
941120
1837617
825023
1113479
721797
798561
572256
951340
1309355
683598
624302
292232
653210
662744
502747
104899
95924
152054
283222
98680
60379
199966
368491
260218
92295
274556
437951
558402
267441
448805
350644
339523
835961
1299548
1016541
1345314
1031230
1014792
1069431
1281917
1309155
1397367
1503893
1641503
1784386
2148961
1919523
912593
708694
634114
2934769
796630
696105
830631
519217
590431
834591
1041424
768088
715852
5416171
5190084
1357807
951519
5307323
1047718
4917840
1222097
883377
845254
5019841
1479362
5586657
901608
471773
5015503
681963
230290
362122
6042699
660688
837823
1002343
961707
5961541
417030
585819
727396
6081272
744266
1277439
6936539
6856424
1697336
1688380
6725037
1869032
2098992
7648749
7577821
7520214
7189416
6980650
7072082
3370217
7376113
7668795
5616259
5322008
4577938
5922994
5340000
5012516
5285100
5446200
5628935
5858837
5719919
6257959
6289218
5949575
5672862
6374603
6669394
7030831
7311589
7775821
7676395
7083872
7826825
7157634
7764017
7177859
7522849
7334555
7393271
6837270
5686134
5323520
7179773
5522368
7348306
4536373
7627479
5016440
4809357
4576542
4184185
3979655
8189913
3483497
8088488
3701906
2475856
2032444
8532328
8090207
7020038
6961010
7114543
2730776
7217743
7133630
6942632
6200885
5993715
3444319
5750838
5202704
3717210
5059837
3849681
4821092
4872132
3912201
4685916
4128364
4426761
3861955
4577472
3966912
4826648
3814186
3354494
5151984
3601327
5100365
3235201
5434838
2995000
2951013
2803419
5770293
2757195
5937796
2991648
3020714
2986850
3698785
7650964
7994812
4724212
7494049
5078883
4823446
8750210
5584933
6732630
6017549
7077161
6362875
6374530
7236899
6551000
6450240
7509451
6559645
7526389
7744725
7201565
8343477
8616675
7735960
7730594
8565581
7783101
7941089
8167677
8850065
8301443
8316907
9032014
9968827
8306130
7787179
9965114
12795767
9935051
13113979
10829222
14661610
13922049
17001396
14407383
17279370
14568777
17483547
15275807
18105461
18298915
15470748
17899112
18066965
16109203
18457258
16514729
18619544
16909022
17012639
16970547
16558212
16541369
19580572
17007471
20157703
17117635
20144941
20235184
17555627
16877080
20171866
17041187
16662242
20234336
16907423
16905075
20465646
16771277
20931124
16455940
16162993
15614673
21732620
15642722
15762215
15572866
22148154
14827860
14798071
14950342
15211352
24381345
16897014
51607253
45876777
45468628
51167586
44875778
43905107
43874876
44052838
43907602
43830024
52583966
52558414
52341244
44837850
44644916
44142028
52986140
44240431
44419238
43906201
53510947
43711693
43804722
53171925
52628839
52731316
53128036
43505830
53026691
52557117
52398206
43903382
51280679
50900714
43872474
43635421
50219107
43855794
42818539
42619389
42661580
42639238
50925065
50353862
50031416
42490783
42502299
43211145
51332582
43364280
51283413
42611328
42379044
42241148
41469097
40297306
51766328
40248024
51502854
51443764
51441054
40686458
51826664
40648414
40609171
40486031
40461941
39582967
39591791
52409463
52619366
39583245
52606444
52730583
52827960
52883868
53080151
39983675
39024463
53499938
53112162
52983921
52551210
52856949
40000726
53240364
40002157
40086309
39498560
53697278
39971821
39482245
39181856
38543430
53486858
38834912
53489199
53516549
51604502
51663330
38809086
38585023
51927263
51955014
38461630
52312380
51916514
51963426
51581053
39429044
52406284
52486449
51947581
39719613
51813269
39555814
51526694
39289917
51317497
51743129
52399526
41265669
41176408
51684062
40488558
52108299
40706480
52941265
41501389
41379901
40928117
53247422
40799127
53247732
53255192
40855378
40368934
53205833
53171312
53336819
41342170
54300300
54565531
54757077
54678091
42327290
54393078
41548828
54408983
54206853
41569944
54198454
53577780
41513232
41996160
41377852
54450262
54105100
41762773
40678065
40134577
40105932
54512139
39705770
40015285
39994611
39344913
38810485
37730027
55816787
38619732
38499430
56016662
38794493
55923163
38489574
56065597
38785930
56153455
36887768
36113032
35902096
35942584
57239884
57137096
56835908
36233193
36074256
36388111
36330209
57813402
57900397
57963963
58123751
36790676
58431166
57876997
37190065
57861002
35807214
35786120
58094101
35976309
35797685
35731441
36074461
36313249
36586429
59693446
35724719
35949471
35856549
60384989
58067924
36284071
36073126
35869275
58083677
57877322
36320191
36279586
36252957
56540098
56130834
55907040
36049125
36124906
35656767
35066508
35186232
35094526
56790540
56696583
35292441
56928770
56809823
36207913
57324345
36527948
57432332
56479560
56183712
37816653
56782111
56866133
56934041
38023846
38052154
38030958
57609455
58066316
38962181
39002026
58820211
39491041
39513679
58868988
38876925
37550193
37107047
58778480
58818180
36633145
59466157
58666362
58496699
58559098
36626344
36560171
58646763
36695010
58299733
36213339
58129856
36428046
36293871
58469797
36418287
58391427
36315576
57394609
36746636
36764932
57932405
57196066
36829463
35594060
34712718
57541131
56807991
57061209
35327714
35054283
33107227
57340988
57003514
56784813
56398729
54892372
54115610
33625432
33653567
33313665
55244421
54686207
54450341
54418604
33919040
54887188
55511768
35244660
35021775
55184232
34901470
34568195
54912517
34935299
55527105
34397716
56139916
56209061
33361208
33328676
33012808
32765284
32286977
32053182
31447047
31439426
31419980
31222555
56874741
31104530
56882543
55976333
55917480
30968918
31022589
55866301
30845889
31195991
31183168
54787056
30662963
30488047
55530529
55165796
31142389
31304231
30951602
55906855
31145679
55996696
31343715
56409701
31691514
56504376
31496750
56038534
55623412
31551540
55469859
31801585
55492887
31511235
55369956
55348951
31501604
55486060
55268500
55125940
54997741
31136288
30757802
30628612
30638758
55788305
55581850
31136762
55366429
31408977
55840899
55164795
32850063
55412202
55310029
55248761
32909206
55317296
55212274
55629442
55435367
55446431
33710380
33306356
33238818
33076749
56317847
33752702
56612047
55753419
55722155
55756033
55712209
34016206
34023469
55550453
34107858
33676104
55790663
33907819
55481842
54789164
34565035
34223791
54837046
54297772
54002562
54156363
35642368
53976927
53929187
35418330
53832809
35543258
35251252
53949670
35503210
35394321
54082704
34692266
34498488
33102822
32441427
32550674
32829450
32040927
32051186
31405499
54789846
32100432
54996336
54709258
54741100
32644011
54862034
54936338
54679332
34002848
55430240
55453707
54633754
34534387
34164468
33158635
33138381
33237773
55025012
54426305
33812905
33555772
53589921
34038774
53075318
53096317
34427873
53166568
53219747
52529606
35049229
34246049
34305583
33947983
53709782
53833375
52691223
34979402
52722353
35829137
53447533
53342785
52908635
36299230
53632723
53859012
53479881
52043727
50940380
37548405
37790808
36871671
52487899
37135386
37109699
52513809
36366941
52854097
52385243
52530860
52829122
52013784
52067698
37054556
37197493
52496537
37650182
52150527
52121732
52090953
52093620
38515327
38243310
52806646
37628276
51614206
51915731
38141536
52884463
52224342
39433736
51888677
51154713
40185835
40347556
51895192
40455623
40636580
41073129
52344074
52383549
41133190
51774772
51650967
51775790
51884121
41751136
51918036
52004875
42108393
52475926
52203586
42713124
52812658
43244529
43403144
52417290
51781715
51918913
45002107
45265246
45090533
53803053
45036737
53912035
45074246
44200325
44080480
54184683
44203493
43968015
54078795
54086791
54035133
44023894
43296673
54172847
54117992
43505398
54403121
53394990
53292207
53323986
53370376
53022476
44563645
52243785
52083664
52147557
44753646
44535380
51829875
51263920
44911929
44485168
44365947
44543065
44536698
52123307
51463519
51440137
51859657
44563620
52036065
44839089
52432401
43437658
43092876
42174331
52376452
51748884
42580529
42894249
42545394
41754002
52308227
41241243
51492493
51641137
51302913
50986381
41973372
50958379
51031919
42505642
51117619
50940499
50776986
42895553
51088920
42747621
42267387
42264314
41123093
41366621
52420499
41217129
41545851
53044129
41978902
53308924
42226370
42027812
53618022
41947680
52864764
42274827
52966363
52541900
51033147
42207686
51088033
51046808
42788489
43339788
52387006
43414175
43510575
43561270
53068086
53075657
43321694
53065897
42956722
52943836
52868966
52995512
42028762
41653259
52256804
42068337
52169989
52229526
51981875
42410751
52102602
52413613
43025524
52277270
52426988
51498268
43365946
51639862
51213387
51152941
43480027
43614337
51780180
51266381
43955455
43578461
43054894
43388915
52547892
52566435
52350989
52452745
43885923
43818027
42796077
42419633
41420375
53126224
51410181
50804441
40283127
50859087
40279307
50947323
50495200
50467285
41200618
40371004
40651606
51504635
50732704
51597581
41421106
39680184
52404377
40100814
52062031
52119226
52062237
51407620
40827620
40259192
40028887
51863199
40062779
52089785
52001849
51617532
40273926
50941370
50835865
39493709
39541005
52018857
39815520
52510032
51718910
52117905
40634912
40489098
52231003
51497785
40573991
40611658
52077210
52461705
52943801
52877580
51755012
41991823
51787491
51450756
51208239
50986019
42308051
41601550
50806388
41165415
50606891
41223077
50747438
39927143
50439095
39457253
50410776
39662264
39711499
39738544
50843137
39802953
50982183
40273145
40428325
40522321
40473625
52382623
51713378
41280746
41024852
52529961
52019844
50979816
50892518
40006141
51202923
51525625
40521303
40598287
40083061
51182907
40317431
40314234
50474962
51099257
51085020
40954007
51097263
51243474
41342815
41188794
40676768
52486167
41083027
41075858
52662973
52907155
52774398
52609879
42241943
42030427
41903647
52876849
52985952
42821659
53403514
53254778
42966410
42754085
51215633
51553832
42719417
42185642
41819333
51741990
51684421
51721813
42646490
52171881
52444458
43076961
42939611
42552501
42335372
42320051
41996865
41477060
41242693
41498568
54190162
42217242
41926503
41789618
41163116
55112284
40963476
40924593
40820941
55221457
55371895
55046631
54910053
41591162
41233815
55271206
55569779
41711613
41198970
41948384
56879449
41861185
57014770
41791473
57025125
57178422
56241064
56281000
56432817
56570724
43039589
56627654
56142275
43011102
42962972
43113239
57466311
57433481
56638620
43167280
56766697
43180190
56956751
43381618
57412991
57418019
57511620
57416072
44623736
57551188
57601130
57647312
44120342
44527883
44502654
44065868
43973727
57923863
56457605
44446639
44618392
56756151
44068282
44278094
44006720
42706022
43103610
57803071
57467636
57382878
57108340
42677988
57549192
57594814
42091289
57579657
57403195
56271650
42239090
55622356
55703452
55823503
42868671
42632850
55656485
55949133
42200398
41584936
55903684
55660708
55119066
41036922
55172387
55289361
55435800
55349005
55352542
55216890
55125896
54995583
41951902
55315737
41674232
41868856
41550284
56256556
54945533
55558376
54485565
54483075
55013657
54845989
43328975
54261106
41525338
54153729
54215056
40855439
40907109
54344827
40851903
54273943
54432377
54850016
54172339
53935533
53197344
52281091
42273829
52462199
42603345
52686883
52304649
42763344
42536064
42225051
53451525
52916771
52573034
43546102
43468468
43342704
43060187
53658199
53725751
43359695
43176450
53416398
53515838
42567589
52291032
51757991
51950501
51697276
44229817
52576457
43921430
52679680
43053388
51836390
43035682
43101219
42798980
51796994
51199554
43261339
42485439
42203900
41599092
41645915
41232748
52723300
52411396
52037095
53098396
53241367
53418037
53123550
53434221
43991625
42728737
42526282
42504061
54039692
42010340
54288785
54116258
53204382
53007594
42439269
42547103
42009565
41972520
52293589
52236069
51496729
51580401
42821103
52003984
52256750
51892303
51605446
50920811
42601264
42253679
42225656
42183478
42041434
42020888
42248025
42011086
41909810
51708566
41666456
41100567
41160380
51547028
41098519
40994909
40779981
40764220
40997248
52545215
40587617
40579603
53244851
40083403
40226498
39584469
53927527
39707995
39470018
52612894
52744351
38392759
38076850
37549266
52772994
52415087
52391858
51433084
38152958
52121184
51805510
38342825
38365201
37821054
52879000
52476009
52352128
36858452
36914842
52302032
36994911
52925985
53178925
37885882
37859242
37758970
37099053
37050013
36777768
36820902
53590233
37075532
53786367
37467820
37081568
52495616
51578869
51251579
50966136
37547570
51278757
37196368
51210348
50744848
50672359
38155382
50277513
50128367
49878544
50041990
38328703
50115007
38807735
39056589
51246728
51949020
51671745
51372054
51519773
49536384
40754518
49466395
49839069
49882297
41260494
49415070
39949607
39864789
39900600
49820907
49833381
39936534
38172890
49783971
38218586
50825869
50311471
39340122
50942587
39713811
39761942
38184908
37561708
37230830
51590726
37450114
51690548
38036445
51834893
50750893
49442091
37004751
49569464
49879632
49978151
37369850
37329751
50178200
50351698
37950734
50511900
37677373
37557346
37318965
50795381
51025815
36958574
51642987
51744034
51413463
51416449
51419028
37807528
37765161
51493227
38516891
52342738
38695526
52600513
52630792
39356029
38996721
53350115
39388384
53332205
39473618
39303890
53088802
53083719
53231888
39572107
39376585
36541656
53472021
36982129
36813657
36729442
54344738
54316429
53365639
37331137
53698509
53221638
53322147
53373398
37468828
53082032
53174069
38055870
37921922
37916960
36996142
36202901
36093971
36052623
53715718
53700306
53886381
53748291
36774366
54083849
54255962
38192876
38344533
54499942
54215024
54747107
39066770
54748708
55085147
39781023
39867360
40000741
55480496
55279785
39973248
40305291
55746672
54670534
54560584
54419428
40780492
53310604
53242782
53273606
41610497
53679901
41256814
53917413
41382162
54091257
53909609
53826951
41773082
53513323
53626739
42320197
42291102
53770913
42225545
54448028
43239358
43214660
42995283
55123614
54048890
54039678
53914502
43533993
42898127
52919169
43154775
43070537
53136749
53396330
42414524
53470561
41620345
41658328
41665766
41322342
54026404
53123204
52869969
41589111
52919878
53256582
53264211
52602508
52751968
41911302
41146473
41298563
41336038
53229514
53279686
52833930
42271089
53416869
42562227
53617674
53929455
54463444
44047172
54178318
43877531
53759202
44331515
53547474
52821235
44098437
52998012
45270076
53419549
44977037
53155822
45057029
53043379
44048285
43409849
42910027
53963874
54511463
43142653
54524754
53428689
41460056
40844995
40747774
40183569
53810274
52505468
40645309
52913851
40404787
40256736
53294719
52687590
40832105
39670296
52777100
39914211
40188263
53448534
53327882
41495234
41602650
53122948
52800965
52573614
41861734
41703981
52975915
41373881
40964983
41067674
54237493
53988935
53592059
41422165
54047225
54102362
41473660
53401896
53277475
53124513
52938786
53003174
41799390
41863567
42117282
40893134
40059508
52487481
51640373
40250086
51540279
39564436
51542610
39488997
51967370
39131385
39042749
38660972
38434664
52262168
38711209
38400566
52355772
38722018
38908626
52479253
38637224
38657542
38570500
37452293
52646546
36908343
53324124
36876143
36821284
52670554
37102069
37419055
37348175
37358562
53138171
53032422
37865967
52610602
37366706
36036062
37364347
36870126
54594036
36776568
36908325
36824139
55650717
55062338
54579279
37942016
37605771
54903471
37539658
36669202
55199812
55218297
36911645
36621085
55580934
55465632
36510615
35500259
55772243
35980336
55278961
55473190
36364327
55272318
54960033
35396284
35303477
54833538
35382364
54180340
34573113
54031596
34592547
34505491
34419152
54338865
54233525
34334988
54094175
54020298
53652877
35047666
53905273
53802896
53113190
52853397
35634194
35719010
35370967
53207052
53557404
53573267
36477136
35670661
54194830
53491558
36172065
36119241
53596476
36276145
53943446
35497835
53807738
54010124
54447326
55275737
37245969
55184481
35669507
55126052
35750271
35087919
54368999
54478416
54243395
35475841
55316305
35120128
34950039
35014908
35035570
35097017
56622237
56297684
35538192
34477617
34532816
34721236
56250081
35522765
35797279
57590329
35498154
57042798
57117190
35798092
36093877
35290579
57389168
36273294
57531543
57484909
36342117
57652005
36455190
35167266
35060656
58273512
34873909
58299958
58492209
58538732
35148526
58672431
58605755
58088275
58175760
57970633
58197073
58097776
57313314
57335523
36674431
57118637
56226354
55545810
55136022
55079660
55177391
55420305
55148296
38072939
37569826
55539831
55514839
54620282
54662673
37415536
54432095
37283832
55108221
54809345
54864203
55044931
55367467
54978974
54792515
38771674
55128460
38851078
54452082
38988188
54569523
54754515
54273357
53899035
40714780
40633002
55123688
40831617
54724949
41030265
54796128
53713891
53124084
41249765
41027083
53519808
41394114
53330983
41486805
52551412
41490676
41229116
41157444
52408815
52786545
52782418
41890886
52633734
52840274
53176918
52753959
43064729
52827153
52351132
51459893
43497783
43710618
51003240
44178163
51014023
51013067
51000183
50611062
44390177
44292617
49785864
44043902
50066885
44324084
44020033
50224711
50300551
50134637
44528768
50140896
44705810
44739730
44481538
44565311
50972292
44878086
51351489
43615388
43391031
42767392
52204778
52361235
43440674
43496571
42213009
51951875
42139665
41665437
41767287
52825645
42523415
53250254
42903607
53443273
42676559
42831689
53164272
52815261
42724624
52977142
42313233
52662796
42239573
52617799
51979325
42520484
42895568
52755360
43478262
43338484
43126419
52402845
52696449
52604229
50362734
44242647
48920866
48925376
48647466
48388306
44598912
43769340
43090456
48715708
48884778
48431016
48489360
43896473
48423834
44271956
43177147
43373986
49198425
42839230
43039651
49041805
43262071
43364832
49923995
50230017
50289256
42304188
42201180
42297665
50999610
42584368
42099182
51136272
50796192
41117645
50890715
40975216
41563297
41121312
51791157
41176098
51800701
51201432
50618518
41004944
50920085
50912258
41565093
51559777
51280547
50949818
50815885
50025735
50021849
42842057
50238558
50799836
51031235
51576453
50786190
50032100
49903696
45629157
49806764
49649058
50131492
45604863
50130651
45494669
45178206
44799717
49940142
48234928
45394780
45668226
44699494
49009315
48230557
44539773
47230070
47453317
44167921
47229418
46870482
44506174
44566113
44441323
46046243
44245202
46763453
46007811
45763192
45696063
45575858
43808715
42730470
42633631
41921590
46301115
41919740
46328826
40086509
46283942
46322065
40153576
39874564
38096571
46379826
46344578
46199020
38271967
38216727
46696370
46642312
38224146
46602401
37876792
46736841
46507524
46670428
46644159
46848254
47119718
46913677
39204499
38867854
47384659
39241461
46902923
47228513
47340019
39992067
47330032
39959652
47192504
39980202
46450376
39379529
46959067
38155768
38144553
48327028
48604864
39316477
48329196
48171556
39071699
48256916
48244081
39278625
39305978
38848922
38783760
38894671
38057909
37921784
48868935
38545214
48947153
48410774
38518226
38231615
49152704
49056280
47954322
47610158
38976578
38887696
47932710
48118515
39702678
39773832
49616061
48943438
49313726
40161876
49194900
49075475
48680045
40326030
40548103
40755673
49340249
40950864
41386072
49732404
49840536
49220401
40875992
40802562
49398911
49697606
41077955
41132520
49556829
49459409
41102309
41262892
41459243
41066944
40803911
50531939
50240380
50520398
51246973
51415943
42050626
42073458
42450157
51935503
51601873
41681012
51520900
51425515
51386960
51636448
51235276
43203215
43151943
51784322
43664330
51613784
43224057
43155339
43079811
42872290
42931426
42889578
52997919
42674384
42635751
41439842
42216398
41987833
53783204
52975750
41833380
41771074
52685521
42007329
52679861
42584001
53245197
53805322
53453021
53380661
53473609
53536007
52441197
52194019
43567228
43770932
43672772
52258937
52172809
52217761
43979595
52136605
52248777
43780408
52247884
52130951
42565942
51420629
39510824
51317342
51681478
39486649
39387533
39454849
39908912
39596052
53796598
40033483
53736718
40495551
40143051
53550432
53540187
52659814
40645652
52364609
52548764
52046397
41804700
52693503
53265613
53125466
52064319
52237078
52242253
43196327
52551895
43249401
43507843
42184575
42125030
42000365
42138538
53326012
41849022
53532398
42024753
42005069
53249532
53464168
53509394
53336227
42665044
42807834
42943755
54173005
53998939
42886737
53768334
42874343
42898491
41810069
41838966
41331175
53757430
40971647
41289547
54022485
41484228
53299881
41068188
53486201
41087255
40441087
53436090
39146081
39064209
38878986
54024021
38993760
54390395
54472609
39478569
54094649
54525118
53742999
54268377
40850180
53534922
53626447
41038492
41010180
53610240
41271804
53602578
40662046
54147024
53997535
53627532
41090030
53182152
53367882
53162323
54364102
43021482
54225026
41888981
53929933
42199243
41864307
41541656
40262888
54355957
54356207
54231004
40277411
40332286
54708728
54739240
54675250
54027159
54192261
41060349
40957067
40765682
54758597
40565139
40267379
55017502
39776015
39786060
39747638
55661939
55713342
56005763
40876993
40841693
56836593
56525169
56364210
41318585
41317617
39586371
39819849
57024183
56776631
39784186
39594863
37401047
56733080
56570400
56540400
56559349
37872984
37250959
37590539
37621707
37544270
37519518
58834849
37699872
58442351
37803695
37807483
37708630
37754045
57809014
57410263
37261841
57741330
37750045
38065025
38038173
58508561
58614006
58300940
38567922
38515723
58876150
58384276
58360615
37707768
37618191
58557651
58634295
58458080
37925423
58419125
58020432
37519264
37438653
37370629
37685699
58819318
57388894
57495350
56997915
56959252
56677228
56813250
37480538
56141932
37799954
37892492
37420500
56334579
56129412
56030195
37847662
37112824
56333078
37364909
56572550
37269833
36682837
35765064
34405875
34425250
35021518
59243388
59326436
35693126
58149674
58129723
36283327
58225192
36537641
36386534
58148943
36691971
58261108
57367509
37030312
37222619
36546742
58275683
36557641
58545193
36270655
58166524
58230844
36811452
58519886
58095523
36602478
57141585
36447892
36719912
57131853
55464755
54488425
54433748
54205701
54025341
53599212
37951554
53198659
38572121
38188252
53764046
53739616
53645951
38866499
39274600
39576452
54964921
39662925
39691788
55719371
40130511
55984222
55532478
55408093
55330789
55087131
40569350
40295822
55144325
40745691
40289384
38725832
38396713
55781888
55805557
55884454
56032267
55732152
53534831
53255122
52832049
39710029
39393811
39672485
52935493
52949758
52969855
39465441
53017618
52848931
51925040
38188305
51517407
38157887
37908777
51893804
51748282
37651257
51762502
51782827
51452969
50500861
50687846
38548147
50178004
38561542
38303925
38040478
50286358
50455005
50486590
37589018
49672292
37966473
49974918
37804492
37688507
37606351
50183107
38048949
38167543
49915892
37910449
36524893
36348676
35902231
49653061
36502415
36347494
50411369
50731528
36718822
50621774
36706795
51343182
37627216
51231303
51198269
51578260
38599792
51390670
51393990
50741507
38600661
38670390
51249462
38594537
51940134
38589745
52074752
39421197
39404934
39195666
52915773
39029670
52632100
39231087
53563113
54085459
54063801
40991992
55435982
42086618
55356206
54017404
42432194
41871653
41397556
41365756
40458479
54680909
40042634
39056614
39118259
54716021
38775605
53876592
38774383
54023992
54143680
53300736
38830321
38729232
38936880
38527646
54554706
54520128
38662618
38440619
54679084
38733951
38768009
38836996
38839343
56955213
56198594
55925513
39203285
55759656
39570835
55844949
55555070
39160373
54915624
54895612
54946840
40293108
40176052
39270757
38653020
38009524
37854429
55027917
55353380
39051665
38585464
55985203
38093048
56426574
56647471
56597203
54355929
54311508
53755821
38888322
53894844
39334973
39282186
54970019
40146032
54186426
39667714
54830692
40214714
54890332
40660868
40028140
39273475
54808715
39055915
54913284
54975437
53941490
53870632
54060929
54025721
54067500
39701720
53035460
52934205
52918139
53032991
53233431
39305267
39110691
53845966
39244606
54082599
54238346
39196169
39477831
53718080
53680538
53892300
39248778
38840707
53421554
53097336
39403373
50317415
50226260
49978023
50425292
49866998
49299835
49136702
39916334
49740013
49054518
40371498
48683638
48676596
48603610
48065562
48248895
41112562
48304028
47912858
41634225
48575570
48323110
41237097
41336157
41154582
48757133
48692169
40884499
48897196
40362487
48582530
40485418
40410632
48531135
40666471
39815138
39752902
48817589
40186225
49376787
40714504
49281713
41499153
41250786
49395816
48719686
48695540
41665424
49417723
49326356
42543211
49597442
49721456
42705351
42752624
50574045
43121898
42998464
50176431
43039751
50659757
50518622
50281580
43956151
43865060
50606100
51298964
43906359
44174131
43726569
44098032
43032659
52596736
52641206
42678115
52636810
42416215
43073463
53678058
53810834
42899836
53300465
42987542
42386553
54782802
43273109
42923707
55072410
42937303
55021105
42808543
55287783
41470733
40428765
55810141
40243997
40353832
55980446
40390842
56237595
56748495
41363424
56820071
56785524
41800690
41663654
56893978
56453431
41886039
41906262
56683695
56926100
57146034
56819902
56755983
43315415
56608307
56161826
55486292
55281467
44277152
44021934
44101398
43668130
43748016
43285013
56165064
43513326
55184690
55214905
44014175
43383797
55966650
55604758
43808350
43430312
43182946
42997139
43128011
42068281
57359730
42189799
42032992
57669388
42398850
42657481
42808981
42048617
42054506
59090821
42405939
41665573
59179582
58435445
41025039
58358894
41318105
40307552
57776441
57538819
56598171
56185487
40647127
39977697
56275189
39620328
54715054
54757238
54897361
40089464
39900048
39772932
39130452
38644579
55332855
38703792
55961297
39127844
39021884
38804880
38836194
38884231
56903244
38461478
37455656
57052958
57601110
57952607
38548724
37922726
57540072
57546595
57433451
55001339
37963599
37716265
37607294
56027211
37713958
37729333
56970202
38594401
57025017
56641475
56655309
38860923
38785558
57011470
57079895
39595455
57971114
40719780
57842604
58225593
42242334
57636402
41755907
57504455
57312549
42236430
40928369
58285803
41206246
58478458
58653230
58386805
58322014
57510562
41849630
41126276
41042207
57956290
57045664
57350189
56148316
41415196
56317580
56365474
41161981
56844963
56802904
41653257
41628652
57095950
57400500
41590987
41800893
57863044
57873360
57953764
58284722
58231906
58422504
42272604
42382971
42420542
58771207
58427210
41937251
41933370
58424342
58110731
41582728
58565190
58322893
41903297
41263672
58643003
59079879
59186314
41910923
59557795
59567532
42030150
59426057
42284237
41476283
59972921
60365006
60227372
42211621
59757869
60055537
60339029
60914991
60912161
43883197
61722451
44510016
61930384
44420398
44728784
62624385
44620867
62535928
44866532
62205980
62375171
61937248
61959688
45343453
62201533
62360205
62227842
61670875
61408836
46375913
46099445
61839081
60396610
60276960
46452892
46182446
46170869
60640576
60010158
60231001
45544979
44774695
60640821
60531189
45216370
59937950
45408686
59874138
45428283
59534418
45383186
60167995
60712120
60336735
46787102
59706596
46817588
58655726
46143956
58492103
45785039
58306392
57167192
56949095
56944544
45853678
55744409
55633631
46468681
46108096
56389146
46194858
45808816
45606621
45907787
45926221
45471079
56964279
45936522
45725148
45431869
57640561
46269435
57954096
46359955
57805794
57423449
46360979
57366633
46315222
45862569
57312743
57264155
57331916
46510513
46173476
46655586
46614930
58091852
46328759
58401056
46591481
46563033
58468975
46619110
47030529
59371195
58797802
58360037
47234298
46226252
46054109
58560843
58611916
46593554
58657390
46252937
57835868
46329996
46246738
46215883
58151684
58152353
45557280
57920731
45979772
58136535
45679150
45556785
57091498
56632323
46067116
56668205
56203830
47348518
56310147
47234747
46241591
55907167
46812263
56569829
56659370
47253841
56667254
46117413
44917473
56913418
57203398
44009723
44146051
57579202
43876238
58291403
58153968
57395962
44624501
44207941
56623340
55640984
55373526
43371568
54778992
43229259
43065523
54730801
42460963
42122594
54234519
54259805
41969713
54455743
42146393
54654943
54034014
42053551
53421668
42061361
53202800
53239186
41121516
53724305
52884298
41136218
53183767
41260509
41087619
52324339
51726083
51199676
42320449
51314160
50946835
51012735
42333591
41641069
50869699
50615873
42332540
50433532
50693693
41438565
41013986
51045227
50510776
40824621
40779075
40372092
38601459
50839309
38337796
50964044
50753196
50667124
38120870
50289346
50295552
50243558
38320832
50328967
38112303
38157986
50349895
38021952
36049617
36424749
36131413
51054530
50574101
36294347
50899598
36902695
36035927
51621747
35825707
51325602
51579647
51585218
50641327
50681889
51057329
36884027
51139967
50627007
51425311
50826451
37910055
50370251
37987320
50417145
38093079
50299855
36661273
50233968
36897908
50486055
36913365
50163761
49810971
37613920
37041242
50313275
50304198
36522299
36441791
36201318
36445252
36613648
51139805
36555675
36790340
51650425
51001565
37496603
36897649
37056965
36932289
35866217
35430656
51666406
50641455
50365765
49597573
35662789
35915845
35920416
35659921
35330840
34863262
50544650
35415192
35444284
35129519
35125098
35096402
51844427
34927293
34777184
52204128
34834125
52318104
35103462
52355895
52188952
52202306
52204880
35351900
35422633
35423294
52649892
52661917
35997512
52327140
52457108
36688012
53163627
36488920
35908413
35827223
53172023
35616317
53245080
35433930
34029840
34129292
53822151
34530362
33636531
53543364
53708897
33544746
53196582
33443394
53736748
34325204
33936479
33944891
33297508
32591553
32672814
32321746
54707716
32216477
54250733
32486475
32145862
53866625
32264219
31973585
54127408
32219804
54482937
31544297
55009837
32136264
55003427
55261680
55197147
32518776
32242971
56355876
56308051
56269270
56537962
56057038
34039578
34049661
32820095
32613591
55118458
32988643
32146008
32424450
32519882
32092659
55206167
54471536
54386938
54397014
54501163
54428493
32866354
33059863
33007112
32485935
32210992
31607040
31857828
55850065
55804614
54767173
32087244
54499561
54364842
53499487
53450874
53454839
53473933
53418274
53129998
53049361
52548315
33316570
52468358
33870612
33447993
52356702
51911741
51160559
33960383
33818822
51685402
50356187
33546490
50519221
50424592
50660749
49860170
34692830
34984150
51095559
34200857
33301807
33953084
33958352
34061107
33967397
33835397
53558713
33409498
33513248
53873442
33509411
34367190
34110247
33932862
54972919
54630737
53684204
34309107
34027900
53901064
33963191
33348282
33530586
33430478
54262146
33433789
53914327
54458834
34311632
34424010
33918480
55267964
34199897
55427869
34441175
55524882
55036119
55663336
56214433
35656702
35752027
56250418
56170297
35973043
55706374
55477452
55442785
35713208
55398822
55590745
55331351
36390793
36882154
56967190
56399578
56246255
55890225
56579482
56724764
39987030
39932393
40072409
39845987
40179208
59659671
59745041
60009754
42020797
41153028
60291692
41426145
59959885
41748752
60565628
59520571
59382457
41183804
59327869
40732886
59565618
60382392
41222434
60653360
60408428
41801703
60702731
41816204
60275666
41537782
41235561
41157093
41448328
59959959
59919824
41153055
59683159
41547292
59370894
59423952
42041831
60539519
42914548
60206311
60479272
60900313
60596974
60438969
43211395
43253288
43264918
61210510
60800436
43730653
61090666
60756442
60474046
60534042
44522991
60799928
60737833
60748611
45199635
60629663
60555350
45720196
61021475
46363986
46251337
60315973
46894348
46889955
60756339
61354108
60677878
60758791
48247159
61163799
61481772
60416271
58741595
49288460
59014379
49572915
58960804
58998978
49234992
58951091
58876087
48772314
48758980
46664538
59468732
47249779
47425443
47738183
59626796
47892678
59794447
59426712
59264586
59091345
48903577
48338174
48230740
48801978
48210298
59783714
47791734
59561520
48031936
59271023
58894226
48243956
58945232
48815694
59940184
49536022
49850161
60082471
49299503
47877554
59942786
48784128
60289798
60042525
59913667
59574453
49304894
48762985
59174954
59184117
48881941
59621687
59607463
49258551
58510985
48277134
47875388
58775396
58563886
58128476
47311483
46941434
58196787
58018010
56819788
56880145
46810196
46870194
57291116
57661162
57427422
57361790
55962317
47821200
47412496
56095934
47590042
56151007
55890099
47765433
47821200
56114840
47616931
56541348
56979438
57190827
57153074
57069920
57175548
57347349
48761866
48804650
49084977
57987567
48850101
57932711
57726297
57849289
57765902
57254415
57116784
49598084
56828552
49464300
56954614
56763247
50308685
50102985
57510919
51214280
57077628
54532001
54036739
51785975
52978652
52961482
51218041
53159522
51323868
51340498
53287618
52687593
51053273
50885934
53160939
52661164
51750205
49693375
51822284
49826741
49707471
51752493
49570371
52218971
51540018
50789134
50583846
49110973
48368190
45059785
50757932
50631922
45314897
50643810
45243815
51112838
45188203
44873951
42913132
51064299
51487781
43702835
43607142
51743746
50011341
43259876
43197291
50336747
42941791
50300081
50348555
42396493
50103634
42016060
50443683
42468351
42900894
42876172
47920482
47877836
43541080
47721715
43188308
43028074
47312641
47338937
47160925
47369965
43704983
47705379
43368767
47981945
47737251
47321168
46954147
43119327
46950042
42055111
41838062
41904056
41451172
47290096
41084796
40484829
40332758
39703951
39583759
39077397
39082394
37820238
36586663
49322769
36358541
36130641
49269735
35926453
36052299
49977605
36556392
49866693
50243379
49847772
36882421
48781953
48860396
37066325
36633152
36458994
49113900
48625321
48519584
35701388
36264501
36311763
35794932
36004502
49944846
49163087
48816516
48918885
36574099
49039798
49000823
36447057
48988814
36832727
36496108
36001921
35551900
50151215
49707420
35904216
49754026
49965881
49602982
48948409
48877009
47962005
47420461
47466370
47458272
37490907
36333505
47289792
35595566
47331438
47276113
36436386
48019624
47572195
36806970
36216003
36031651
47947405
36316291
36394074
48467299
48467924
36904904
48268284
36207258
36040890
47955680
47278278
46799611
35490082
35443725
47047471
35897615
47834249
47723218
36532776
46788679
36503639
46737518
36763959
46951721
47151143
46950390
46090740
45346419
35996100
44548072
44107153
44371795
36379586
44274235
44252828
36735550
36726339
44719545
36004387
44803079
36362543
44324463
35623399
35536952
34515821
44580520
34119810
34099683
45191612
45230431
45401824
45403865
45048308
45051904
34901991
45098808
45210702
44967042
44455578
35538174
45165914
45352135
45461132
36601332
36735166
36397103
36192742
45786731
45767350
37033629
37097106
46836515
37335562
46891560
37883020
37918919
47082163
46755409
46811998
46745347
46610003
46633629
38523645
38150528
38467897
47312706
46671370
46719064
46427847
39336249
46487561
39578315
46709019
38807627
38559186
46797104
38723710
47419425
47341480
38990793
38965376
47402633
38352810
47688505
38698204
38082108
37763221
37909271
47384618
37479738
46572518
46653078
37747452
46771654
46504819
46906502
38537296
46964056
37591514
46618926
46815710
37673133
46665217
46625441
46743322
46579115
46606131
37858431
37667976
37853667
37526791
37585143
37483510
37258386
47466306
47502539
37305322
37312745
47602661
47688690
37381928
37500070
37246959
37077837
36975727
36832038
36834515
36810948
48936128
49291340
37556222
37102084
49387691
36965657
36961701
37094332
50321998
49981330
37056534
49696147
37098832
49674302
36818420
50297922
50138980
50661785
38417391
38864275
38637066
51565636
38527660
38919828
52465106
52794544
52101651
52231305
52036204
51986548
40703639
40738452
40578474
52556244
40543097
52500940
52486138
52440204
52526528
41370385
39623234
53570537
53368013
40797707
53679474
53476403
52798915
50633710
50603981
41296199
50120245
40882087
40403809
40135822
50412104
49939134
40720033
40572922
40794328
51149771
40582853
40509733
40415286
51071602
39932390
40020237
39809373
39078574
51799373
38867924
51969560
52108829
39575179
38546084
38282311
38472886
38428925
38285190
38105219
54124354
52855004
52993179
53124136
38663365
38729532
38699999
53525866
38916203
54006133
54022835
53742896
52305238
39564646
38477213
52830006
38096036
52716828
36877738
37227514
53410216
53352121
37652270
53729346
53497453
38030391
37231227
53323762
53380820
37100979
53294299
36562540
35956073
35916729
53509892
35353503
53489064
54190763
54178503
53892559
37671909
54361268
37412877
36556047
53850414
53860182
54197070
54218202
37566869
53953055
37645521
53764589
37729220
37898252
54545270
37927680
54518355
38420041
38443867
54740989
38427639
38375785
54590622
38568855
38578355
38336171
38343068
55027057
37804257
55565288
54855246
38113396
37595433
37160465
37225173
37028330
55558493
55502996
37214221
55627417
37686171
56154674
37800001
56554683
56494300
56322491
38401299
38032095
38294362
56762894
38208490
38119447
56831237
38339133
38371874
56214414
55969621
38405886
38772319
38726585
56581902
38756177
56270360
37827698
55594815
37902332
55592559
55372040
55629340
37899362
55828084
55878421
55808554
37793976
37710933
37516666
56120892
55927553
56125623
55485732
55640471
55344540
55054753
38807920
38532595
36807202
55192180
54492476
37174342
54328219
37255790
37003541
36996822
54939948
54802251
34852649
54682443
54576108
34637972
35011124
55044362
35039735
55217601
33989730
54781240
34329400
33158447
55016751
54793208
54870215
32908492
32712169
32601088
55129094
54889999
32821360
54963356
54655852
33066272
32880320
32489305
32415815
32427831
32357878
33103153
33153487
56975818
56767391
56388924
55911790
55829597
33876446
34829717
34834583
33758305
33579354
57603307
34255337
57950716
58094678
57709184
33928265
34400136
58391083
34599539
34423561
58892716
58653687
34271636
58736721
58862564
34680877
58964936
59065933
34997157
58850373
34628111
57632605
33864391
58155274
58389869
58412833
35043402
