303506
27556
16152
21257
14228
14915
256179
18034
587824
487277
14345
395265
20498
33196
177245
14866
308332
310857
25784
253502
17020
349625
182591
23870
14731
117512
103917
15014
131168
319575
477821
13726
514373
467451
15926
275094
243951
15058
329498
482754
14743
14846
13343
1003079
659713
17014
11191
841938
16817
830777
14859
11590
1068728
19686
19328
2039336
2253965
2519824
14523
2426278
2390516
19914
13882
19703
2184180
1768883
1930252
1320539
837325
22990
14572
405675
113152
13761
244883
13848
142195
18073
15016
607860
960380
12739
230944
14778
16719
14745
11937
18533
876509
2224684
2373798
2197854
2937508
2724133
4086406
4170401
3134683
3290975
3046099
2964059
3093249
3281101
3170318
3162442
2926002
2600574
2508497
6669294
2673045
2681531
1607570
1683496
1731555
1389089
7762217
742313
7944448
444507
7419270
203157
384920
7535680
7245652
652450
745079
7445915
900159
1061481
1322318
8315139
1369662
1289803
1564465
1511616
922778
231412
350824
379630
10445039
10570085
10189701
923179
525457
9911348
10066081
1098759
10084408
1083348
9606247
1174710
9774669
633407
462299
650210
422109
625290
722537
11205059
257159
451294
328281
106249
192534
294256
246082
221893
204575
200185
14153394
13815368
13608157
13501642
13102849
13296473
1225263
2233693
12544227
12835770
12349752
12048460
3559003
11939735
12412334
12473237
12884275
13316759
12976126
13301903
5096136
13097171
5244297
14440047
9116808
16011027
9630370
9427951
17784716
10742994
19204368
10955729
20761787
12671471
21463794
13249836
13276834
13239397
13355270
13089982
13097486
13132087
23206066
13079440
13229774
12858197
12423244
12562615
12332063
12370645
12519042
12548264
13000463
12527621
26275849
12752059
12912427
12650442
12612077
12645400
12792127
27255252
12981715
13079734
28316160
13881586
29119032
31162497
30414426
30342058
18781205
19530634
19665290
19558226
19509870
20168785
20496106
21229422
34488712
22346169
21933975
20818754
37242705
21497268
38046204
22064376
21655611
38449326
21950464
39041399
38415468
22834785
38221129
38078151
22894505
22903856
37632927
22595621
22739344
37387684
22744320
22835440
37736281
22829899
38000171
23098286
37813049
22872063
37637717
23041416
37805303
23136285
38153558
23332262
38180081
23483891
38127338
38260666
38197394
23781831
38465278
23868900
38576451
24176995
39923264
39519713
39779499
26435203
38661951
28518411
40504445
30301798
30383623
31091731
30741687
44664665
46036581
47154136
33669819
47871943
48870520
35190004
50243154
37098648
50993907
50578660
50459280
50396520
49721991
50042264
37559661
37709321
50589936
50629458
38178450
50906382
39537950
40324074
53410360
41140855
40774189
53732717
40133834
39195080
53727390
53426076
39599294
53897373
39672824
39176539
53986318
39421093
54245872
39545241
54497549
39220030
38876457
54988005
39016262
39250851
39095373
55572167
55763530
39331882
55799178
39576516
56263307
39327127
56794851
39548015
57064358
39547696
39553490
39722131
39565639
58656647
39371586
39449918
39527541
38891286
59173881
39909956
59510849
58030015
40890882
58186260
58200823
57574876
41677859
58065937
41642891
58691076
58955971
58437670
58374119
58590054
58977262
58764449
44452383
58825837
59148437
58152431
57788175
57589702
57577727
46688883
46621319
45415230
45443079
45434589
59266514
46035622
59135566
46541439
47090495
60102795
47749512
47341900
61024571
47511637
46827959
46095688
61385231
61144939
45078859
44386568
61395638
44042797
61825229
44071127
43983408
62661729
63157352
63001136
62755521
62809952
45627592
62812954
45244539
45251564
63235229
63417675
45752036
63493922
45622506
63886198
45314197
45024979
63798221
45169392
63508152
45270130
64071034
63999529
63531639
62750913
45465528
62836242
63036049
45661712
45819837
61249562
61726733
46085286
46173851
45882210
62316529
45962377
62907569
45433260
63240260
45342298
43196302
63113310
43749046
63940634
63225020
63373794
44124824
44153578
63356664
63137562
44051900
63269886
44308197
63750246
44261090
64214690
63684787
63828134
62807366
45076286
62700572
62758029
62779813
62760062
63461802
63280176
63263640
63890079
64710481
64633157
64721632
64145549
49435262
65046214
55459022
55960165
56459464
51430673
57158793
57555719
57655574
57855157
58055069
53015965
58657519
59214778
59614832
60111632
60211160
54232082
60711007
60810824
61313226
55461664
62210242
62612468
63109744
63509874
56743732
63911421
64511315
65009873
55254880
57487049
55954711
56355970
57053698
57153228
58513431
58621663
57655440
58763030
58452126
59261026
58752232
59231246
59443908
59211868
59987864
60226107
60872897
61212127
61411090
61372196
61610808
61655843
61868507
62410436
62610320
62134307
62912727
62426076
62324616
62093933
62105260
64210251
62312526
64609318
62787521
65409090
61399466
66110442
66408658
62068047
66608301
62313782
67311469
67712893
63169169
62625558
68107355
61852136
56055223
56557188
62490632
57257019
57754777
58257108
64253080
58753825
59155365
59453421
59653275
59952834
60152691
60313657
61114888
67072491
61711944
62011305
62211165
62510983
62611880
63213725
63810304
64810559
65271034
66270780
71704197
66867314
67667226
67967069
68569773
69368607
64256180
64455897
74396235
64957582
65455126
65754864
75296559
66755298
67354376
77305537
68257058
68753580
68953529
69153316
69278875
69903929
70012525
79762665
70000252
70036665
70430968
69977642
69054578
69750224
69821727
62857526
63055285
83887636
63355084
63756179
64254685
64653355
65258359
66053015
66553599
87896472
67751157
68150846
68553180
89349302
68949772
69012006
69211667
69411455
69610963
69910624
70209931
90887482
70658962
71055688
72006552
92945067
92675688
73571313
93820216
93990026
94194384
74354305
93600581
64355014
94120917
65156188
93641451
92959918
66355184
93297343
92771457
93252008
68252690
94106834
93749256
68655561
93277007
69152042
94121492
70151530
94493252
94496047
70851543
94526713
71151329
71355177
71650795
95327789
72151300
96167930
72950254
73249824
96214615
96457411
73752683
95876067
95741702
74149601
74349066
95820441
74550426
74748394
74948097
96355704
75147951
75649953
75610650
97709100
97086151
75291361
75490731
75579056
97105295
97117955
74994483
97264562
75905803
98016033
75992438
98156478
76477014
76154896
98955433
99155274
72457638
99355135
99757747
73557401
100924727
74854808
101482077
75154711
75454103
101406565
75654364
100666877
75856515
100833277
76652998
100238820
77155571
100548045
77852208
78569481
101817501
78875960
102382123
78471062
102461179
102690468
79047197
79201133
79291987
79393051
103551799
102331912
102223144
79216951
79364887
102596881
102533228
101332695
80691190
101729502
80884400
102634564
81459408
77058179
77858072
78758203
104210088
79857772
80456025
106958203
106510550
106837511
83654271
107195439
107319027
107783946
108567207
108969070
87054291
108996436
87757138
109590066
109191957
108959855
108642678
108749290
109253339
89853792
90153601
90552825
110328129
91754671
92008589
92807223
112275521
93006847
93106586
93614076
93053932
112274222
92493908
92123274
112208385
93656602
113829447
94884138
87455668
114911402
88855131
116528655
90154848
91753667
91953446
118787157
93455969
120041036
121828168
96553308
96952675
122451439
123022042
122920768
123090854
123029628
99251776
123878623
124786408
101154857
125063943
101751339
102253465
103050189
103650118
126967749
104052121
104249645
104312064
127410291
104511411
105312892
128972792
106213018
128860987
106613244
107610564
107810148
107274390
130563203
106993721
107446280
131283129
97855738
98057741
131803549
98855674
99054627
132200504
99655729
99950190
100149004
100650635
100948755
101448343
101647999
134212731
101947894
102549297
102947370
103513276
135892259
104214845
104711417
137114092
105411186
137462370
105913749
106511051
94451260
94853082
95050935
95451476
95749619
95948980
96048724
96349727
141083962
97847632
99946914
144104569
101846399
146159184
103746007
148041782
147557331
148137544
106143623
148170431
147977476
147998817
146974312
146764770
147760809
108343044
149569236
149260103
149941705
149628294
149902757
148889729
114142672
149500657
149817680
150399346
150649353
151607768
119042353
151875972
120507777
152335436
121007769
121409759
153474336
121910295
122407072
123306737
123406700
123606339
124107470
124077245
124476897
115557495
117257497
117555187
117855355
118456130
118956206
119355985
119554082
120157095
161856880
120954556
121554790
122156574
122755605
123454356
123954034
124553111
125012155
166948576
125713793
126011607
126111177
126313163
126912668
127411701
128011168
128511521
129012291
129579438
171323168
115958704
116755807
116954962
172288491
117257257
117757150
118255960
118556662
174142069
173849153
119652797
119852709
173923313
120052184
120251842
174162874
173818245
173992835
174321998
121411959
174846731
121911453
175211705
122413426
175791259
123111612
176259762
123513202
176616814
124212367
124410459
176550153
124910198
176973595
126509534
178513391
179749145
179447652
178888976
116355740
178837276
179696060
118155450
179546285
179024313
166051939
167153457
120655001
167653661
168451001
168549885
169149196
170048998
170248291
171550942
125055070
172150132
173246881
174046758
174448531
175246050
128754515
175845785
175945195
176446773
177746462
178543619
179842947
180042596
180406719
181206716
135254521
182204106
182902925
183402120
184005380
184601700
185502364
138656893
160147470
139654027
139853796
161347476
162246546
141553320
162446500
163345994
164345357
165244557
165543722
166744605
167644216
168541026
169042477
170038807
170703831
171506008
172303570
172608380
173605454
174403867
175004443
175603738
176360969
176560388
156253164
163758525
165356964
167154598
160911801
168153975
160925006
170058950
170656690
171554209
171852998
172752297
173255202
174352569
174951501
175315151
168611113
176114003
177012247
170514106
178010740
178612881
178909932
172011389
172710922
180016094
181012105
173910475
174611251
174909638
175111793
153357376
183111057
153655731
183409159
184011314
154654937
185208688
155754887
161955945
155854506
162155343
156756570
163055779
157857400
164954735
158856531
159356786
165954440
160154746
161352738
169354285
169454753
163952366
170155046
170855276
171455732
171753406
171953311
172453078
166412135
173055765
173552341
174151754
168011474
174251721
174412332
175111687
175811680
176412874
170611225
178310670
173211050
179510521
175110800
181611906
182609973
183412704
184419519
178910692
180510175
214109925
208110789
186956977
209112195
187756834
209083827
188955409
189256462
188591147
189358816
188660152
189656763
189055052
190253655
190054774
190852972
190154501
191152431
190454036
191354694
190753856
191654897
191853077
192751661
192153391
193070077
193350466
193128173
194163637
193512682
194313426
194412193
194434548
193812153
194011534
194911359
194211615
194513937
195214189
194925545
195111482
195128684
195329779
196810517
197012142
197309275
196610242
197428583
197610637
197623599
197713031
198411849
197808946
173577496
188756182
189060167
173960286
189154833
189754239
190057475
174958725
190353575
190855029
176257263
176460316
191953775
192154869
192551996
177854350
193067550
193318365
178654622
179055513
179071846
179356736
194415307
194615416
194812564
194910631
195012490
179970970
195323388
180557652
180652555
195910627
180912913
181111629
181814258
196932397
182610815
197909797
182910633
183219847
183913693
148060515
148355952
199708236
148570763
148660041
149268087
149658733
200812891
200911796
149853235
170655849
150353961
170856487
171855143
172370290
172754444
172958728
173053270
173455799
153052703
173553419
173957960
153458376
174156622
153751967
174251957
174455095
174467326
174719066
154311741
174911331
154511558
154611576
175111616
154710701
175216961
175316454
175613512
155113987
155710213
156110347
156212466
156614362
156829132
141363902
177810721
141558004
141554234
141638663
141741461
178316789
141941565
142134285
178910782
165260193
165458147
165655654
166162286
166269386
144833815
167456036
145138773
167958625
145537503
168054044
168153934
168453949
168653659
168670127
168873460
169213731
169511572
147154903
169536246
169713936
169811300
147734100
170312264
148035461
170413310
170509247
148336177
148412104
161771718
149130122
162072528
162658232
149811484
162874510
163252175
163557017
151210920
164251969
151331555
164273943
164452958
151713705
164653733
164852382
165251053
165451948
152611101
152810281
165748986
165912857
153011385
166111074
153209480
166127823
166311158
166326803
166611749
139175181
139357642
139558353
139654340
168127758
168611253
168631794
141654551
168832653
141853844
130638191
142053568
142254524
131437125
142653263
142856703
142951865
143255769
143718861
144013175
133142409
133536615
133642981
144934319
145114866
133958659
134236229
134253644
145509862
145909995
134737097
145923869
134856385
146308778
146325794
146414459
146706774
147206504
136035595
136024638
128057249
136512831
128357129
136810212
128657426
136909036
128955268
137207212
137323585
129160612
137806855
129855475
130656920
138908568
139205689
131457972
139911942
131754200
140108749
131857547
140307320
132270468
140365033
132555524
132654063
89257133
89456033
89756534
133154736
90062032
133459902
90255260
133629219
134012444
134228377
91068330
91454588
134811688
91555600
91576642
135510889
92357446
135717177
136010896
92613127
136210213
92812429
92831040
136309339
93114815
119454990
119656614
93610794
119854517
119955773
120072379
93910833
120354109
120453828
120557990
94411090
94610827
121451605
121759963
95519129
122055441
96013702
122253999
122431650
97029649
97309124
97815565
93322298
93605795
93716786
125112533
94299273
125130261
125511089
94901141
125714579
125728667
125817492
95097141
125909813
95497174
95510955
106354311
96512822
106853927
96896298
107154808
107354069
97112380
97495889
97615032
107875233
108156619
108178391
98495101
98594689
108972177
98714498
99794218
100511361
110771197
111155195
111351276
101195446
101393159
101993954
112352248
102194849
102795471
113067966
113118732
113511907
113812954
103594263
103892233
104193633
104209892
114711765
115111184
104991382
105394114
115613652
116012120
105896851
116509889
106290666
106391452
116911170
106894621
109194191
107289452
107489261
109789327
107893012
108289263
110589575
108310699
108688221
108888204
111293509
111989829
109712261
112589295
110309375
112887295
110892586
113287023
111287065
113686768
111491381
111690116
112087214
114486453
112286122
112786188
115086386
113085274
113100192
113288193
113586598
116185866
113886758
116487671
114283914
116787393
114486368
114583368
115083840
115182919
115683156
117985177
116082212
118684981
116393602
116489282
116682065
116881831
119384487
117082226
117180804
117681183
118080966
120583835
118380218
118582748
120900674
121782936
121888822
122183060
122385035
120181110
120480204
122883469
120879906
123481402
123589126
121379112
123670363
123759385
123952905
124152850
121998595
124354234
122281884
124555259
122483339
124851904
122782553
125056064
123080227
125353899
123680671
125954220
126051084
126250781
123977578
124480750
126850479
125176864
127751128
128151479
125983407
126277234
126376210
126676754
128964843
127775528
130049778
127975946
127989907
128277634
130650617
128676483
131048865
129175194
131949156
129674989
130073595
130278711
130373431
132648621
130574473
133147987
130972718
133649151
131374151
131673700
133949380
134047978
132072026
134647209
132373907
134748052
132773296
135446442
133173102
135546865
133471103
133671747
135947803
133691680
136245769
133970312
134270936
134569669
136945907
136961291
137148218
137545611
137562155
137947972
138173025
136569723
138944014
136770245
137071716
137174968
137488511
139843683
137768312
138167747
140544469
140946073
138767785
141543569
139367459
139567363
141842949
142044025
139867267
142942625
143242742
140968170
143341748
141767554
144141599
144542237
142267964
142570226
144942043
142968695
145540933
143268213
145841900
143666730
146041747
143968188
144065033
146340360
146639916
144365162
146839513
146852855
147138915
147341043
145066973
145268748
147543334
147838698
148138754
148338265
148539328
146566235
148839701
146664390
149239861
147063738
149638193
149940193
147667170
150036588
147863133
150538063
148251658
150836611
148550133
148752408
151135761
151438383
149153661
151535474
149248804
152035154
149748676
149848284
152135470
152434706
150148197
152937185
150650714
153134107
150848254
151450452
153737401
151566350
154034956
151747733
154435561
152248010
154633799
152747398
153047258
155432925
155633776
153346639
156134950
153946277
154345929
156732578
154645136
156933028
157132858
154845254
155044201
157332078
155445869
157715196
157912987
155643879
158512577
156445149
158912418
156645120
159214025
156957704
159312460
157444569
160112432
157843459
160211617
158046855
158342306
160620040
158741764
161110993
161313434
159141216
161711042
159541292
159646832
161916294
159742946
162312708
160340315
162710817
160640985
162910527
160740017
162799222
162999115
160940578
161039912
163299995
161839514
164298138
162241144
164397873
164697793
162845737
162938966
164997471
163238509
165297153
165499244
163440931
165797231
165897495
164141264
166298655
166696467
166797250
167095722
167494994
167595174
165538648
167808630
165837431
166055007
168295204
168320552
167537187
169593931
168037047
170093542
168053838
170323109
170793346
170812717
171010027
169537344
171593196
169557985
172016239
170036012
170735884
172811837
173093731
171136217
171435377
172038669
174191387
172219733
172506104
174790828
173003541
175206982
173120405
173310497
173804652
175905573
173819318
175997779
176189739
176790726
174704885
176889466
174816107
177092292
175306879
177408976
175504445
177989345
175902572
178088186
176001596
176400528
178488515
178988574
179005111
177403654
179491870
179686820
177599892
179788748
177714756
179803538
180087588
180386137
178516126
180603268
180886919
179103579
181685583
181888295
182205203
182484667
181198807
183484657
181498791
183584532
183983483
183101317
185486930
185782976
183698096
183998693
186182473
184202289
186385936
184597737
184898356
186983811
185097819
185198597
185596613
187781848
185898108
186296885
186497886
186595487
189084045
189481348
189981671
188196030
190281654
191080710
188995809
189394864
191480765
191580184
189896277
190294851
191296552
191393394
193983351
191995268
194181486
192295882
194583694
192592999
194692991
194894717
195179541
195378610
193396980
195677892
195777738
194092789
194199026
194592205
195191458
197377399
195308749
197579052
197877108
198076884
195991691
198482580
198682426
198776401
199375934
197390807
199578745
198190810
200376035
200875164
198790782
200975092
198890616
201274941
199289909
202074684
199989796
202174622
200089760
202374348
200588509
202674068
200791249
202973925
201189949
201487159
202387128
204573483
204561353
202586776
204946317
205343732
203287064
203386312
203786123
205942841
204085692
206344048
204386129
204685239
205087659
207243576
205484267
205784281
207844491
205884917
208242881
206184884
208642014
206585504
208841939
206784055
209040872
207082760
207101191
207382608
207396422
207488574
207983978
210043219
208084614
210464561
208485623
210940488
210957786
211242450
209382413
209581398
212039795
210184128
212242922
210285622
210582764
212656949
212945804
213343456
211286582
213542875
211685869
213744912
211888050
214138260
214243193
212279263
214544794
212578949
212682816
214741560
215037538
215055562
215239653
213278519
213580788
215638879
216037052
216338982
214778647
216836505
215078547
217235602
217635862
217835665
215778210
217936025
216178174
218337294
216378834
218640638
218734288
216876990
219134939
217176617
217477275
219534930
219552381
217577381
219835510
220036648
218175923
218378104
220435313
220450623
218679440
220739740
218879140
219475358
219775472
219874890
220377913
222435907
220474265
222637547
220674177
223031834
221276050
221576131
221777046
224132048
222074125
222272663
224348476
222873240
225432514
223579117
223681524
223782094
224373819
224472393
226830832
224872455
224972098
227233617
225470632
227532258
225671077
225971287
228130567
226070830
226769891
228830130
228933550
228950114
227669816
229746549
230228928
230732538
228673272
229388308
229488218
229543473
229519841
229669929
229337717
229183609
233628671
229523404
234330194
234628561
230602603
234932509
231193468
235328609
235399823
235899716
230757431
230313530
230182241
229908314
229974216
236901907
229581927
237199969
237220455
229768361
229360958
228701700
238216183
229533091
239099154
229371233
239398423
239598281
239697553
239818094
230458442
240299637
240497529
230153413
240697294
241096998
241110226
241402963
230528429
241795996
241995885
230674001
229814773
242196720
242396171
229960897
242500438
242594851
242995229
230271675
229687204
229671011
243995323
229934514
229932665
244297977
244500215
230287347
245094213
245402948
245494076
231134362
245708721
230925286
245892667
231037717
246102497
246393058
231017397
246602393
230905874
246791009
247090844
230905456
247196624
230751862
230731686
230287643
229720731
247490848
229014386
247590508
247989634
229489389
248189818
248790016
230039556
249095228
249188955
249788462
230188681
250191111
250389015
250692946
231075286
250992738
251093455
230955342
230649843
230742354
230735944
251789945
231000608
251986852
252586695
231655117
231831294
253086956
231744343
253387790
253686062
231974868
231471384
253886196
254285719
231844579
231184534
254386224
231543663
254985107
231317770
255384914
255485317
231449995
255784781
231795990
231107426
256084547
230939033
256384762
230939153
256468624
256564485
230878688
256863422
231312411
257388539
257462733
258162337
232245746
232304884
231937696
258864628
259260532
232333222
259559818
232523799
259858181
232611586
260059510
232742076
260358088
232780193
232788536
260373259
260475566
260696877
233461140
260824290
233271620
233282047
232889500
233053729
232737969
261981497
232661545
261617207
232813426
261694948
233382787
233516487
233580856
232499551
232486581
232657132
232665608
263939428
264333511
264242242
233675179
233606735
264562139
233172987
263715581
263557421
232763372
263245481
232934382
263314198
232881758
263675416
232878999
263440607
263529414
232811655
263805911
233113855
233107568
233537544
264775719
264278430
264027188
264163687
263940660
263693201
232703994
263566122
233470511
233360607
263624391
262822972
262604619
262232525
261678076
233907675
234396390
234499124
262284869
262571492
234092876
262609176
262109496
234008448
233713999
262498163
234851655
263229352
263527530
263040181
235670802
262141538
235588330
259426333
235324611
259127397
259144903
259396577
236384976
259500677
235100442
235412060
259963636
235099094
259349393
259213876
235040761
235441765
235351874
261193560
235542902
235856754
261109201
261010324
235774039
261269056
235884848
261179682
260894134
235720274
260666474
260746219
236073743
260179369
235361015
259876337
234713002
260082498
259327437
233348116
232804570
260193225
232755838
232729808
260332605
232606407
260246376
232398731
259748480
232040036
259612312
232101836
259736077
260071029
232459414
232178160
259996253
259819496
232138204
259612640
232280390
232374778
259800246
231804660
231761190
232073067
260075274
259686502
259029965
258868527
232434712
258896067
232597864
258575803
233149041
258813531
233358111
233300461
258690904
233403454
258890846
233391644
257352771
256507942
231342800
256323240
231266127
230829104
256800175
256630143
256882169
231395760
257074176
256523657
257013783
257116108
257280592
256185191
232882520
255693494
233558087
256242642
233380492
255785666
233248202
255892038
232899228
232518188
255009857
232625793
254181542
254384074
252766637
232927605
232789417
252204198
252132899
252209237
252125193
251443645
251121014
251001243
251189727
234142852
234084432
251349910
234065632
250759389
250162787
250649237
234807213
234853189
250829527
235139053
235329453
250865249
235649324
251221773
251232080
235659451
250962420
251475379
236415959
236233272
251029853
235756932
251151251
250815631
250559504
248068381
236224914
248035330
247976597
247655513
236353835
237710829
249365430
249346770
249394938
237930343
238060300
249665896
238069595
249379241
238088276
249292292
238348657
238190465
238162451
238307627
238633614
238658254
238931926
238857738
239323772
239287732
239278700
239087669
252542014
237561442
237487048
252611058
237878818
252548816
252601107
252997769
238445296
253301795
253511401
239282578
253778803
238770022
254174389
237195382
254172750
237532821
251759446
237493007
251810105
237210238
251893700
237525647
250201045
237567112
250187770
237511040
249866343
249934008
237485278
250227670
236896553
249782994
237182725
249446975
237154774
237027226
237297973
237494844
249276965
237347387
249516116
237229127
236016993
249174303
248599445
235941347
235690748
235596221
248878508
235822356
249362992
235843569
249606169
235824852
249155119
236014156
249184899
236142732
235697084
249467209
235921163
249461626
235269926
247842654
247896680
235023644
235255360
248021930
235320203
247861598
248055479
235041252
248134141
235506345
248557064
235449280
248096307
235798567
236832429
249286746
236671582
236797819
249714163
248947014
249092643
236873082
236900945
248914913
248920340
236090182
235947676
235057235
249517913
235136299
249737033
249648607
234936383
249612195
235050243
249885670
249186370
249261006
235953631
249843967
236122814
235966478
235696991
235382013
250304552
235682959
250780566
250285056
249979418
249262046
236854361
236307990
250061649
250151871
249751147
249528684
237474638
236969944
249907405
236926520
236919063
236456574
250516319
236315877
236563374
235522858
235074116
251462954
235189721
251765210
235908977
236278966
252032001
235880938
252036976
252030737
235596756
251737774
251392246
251302835
236023060
236121716
251774800
251905875
236078437
251754014
236092139
251998594
251980826
236014232
252247427
236045296
252427102
235393830
235717756
252185782
252305828
252386390
235853710
252452585
251890195
236229803
251724720
236739432
251890650
237113826
252335710
236918742
251998108
236863446
249885576
236354581
249832499
236339385
249968626
236051733
249998758
234694713
233981917
233713374
250148752
233871639
250221257
249818090
249240581
248699605
234671728
249119037
249860009
235761515
236156660
249475855
249661679
249482618
248999768
236681349
247584646
247390298
247820990
236884176
247027605
246342965
246728782
247163988
237970306
247167925
238217097
238295166
246841468
238684582
247183607
247333523
239036125
239042678
247256409
246664500
239120242
239088208
247081345
246237577
238853573
245643059
239107945
245423532
238896687
245163969
239219092
244705855
239492783
244459565
239769367
244458165
239079736
244494551
239328717
244608646
238749120
243917545
239054611
243604448
238844548
242910391
242834897
242497645
241302116
241020843
239815677
240516503
239760116
239554510
239056409
238881994
238620352
238605496
238500664
238484058
238481249
238417481
241034904
238680944
239848054
238880749
238937346
239336291
240668493
239071403
240415698
239598221
239209936
239155022
239117331
239211676
239276658
239096727
239246137
239441420
238645504
239519177
238742066
239007828
238628536
238333388
237985084
237115838
237020352
236047416
240643432
235724408
240654764
236159641
234880853
234956633
241633289
235311610
241027630
234816902
234606557
240675866
234741370
240732860
234701935
240775142
240626947
234756060
234958837
234025463
240459509
234134897
240645396
240592055
233956065
234302618
234723646
234545541
241761313
241755920
241626340
234783295
241566442
234917117
234588672
242145801
242511839
235167899
242491733
234243279
242647277
234290186
242603399
242289089
234463679
242565138
242381784
242535892
242001623
242249571
242326126
235207922
242096462
235333838
242342528
235135115
241282704
234672107
241456240
241570913
239221162
235325892
235497876
239928775
235566945
240094493
239755718
235759721
235128328
235091522
239954988
235357548
240154970
235198305
234515138
240045589
234607255
234922673
240893290
240821179
239668699
239562884
235859028
236031663
239357166
239201333
236123308
239193873
236360595
236178621
236299182
240084898
236812697
236833913
240760947
236659729
236853629
241155071
236769928
241075393
236797741
241117516
240109048
236684198
240005342
236730546
239666370
237104825
239739430
238532039
237148063
238804212
237338065
237046861
239049890
236866088
236699916
236824210
236667438
239729501
236456479
236166729
236610355
236786645
237215555
241018756
240947138
241204780
241338251
237396707
237852681
242215742
242309416
238719065
243195183
239069429
243465614
243333934
238871549
239360221
238759339
243725678
238602093
243544438
237978000
243733369
238353042
238295659
238364097
238285546
244113321
238231938
238237886
244132898
238038151
244147864
238004538
243631400
242647512
238687015
242657797
238355366
242660321
238067731
242868882
242804373
236942668
242865196
242864254
237205920
243054875
242705092
236823589
242349292
236326454
236219598
235645257
242944481
235198977
235452942
242783332
235257305
235695353
243471765
235512148
235719895
235827967
244017401
235678350
244058039
235647468
244051794
243550094
236478961
243383411
243285879
236470197
236431485
241910647
236392264
241870708
242044359
241272071
241869935
241882779
237766346
242047745
237861493
241025531
236630104
241021693
240725981
240926637
241124429
240894020
240448564
238210397
237028250
239257879
238993880
238970026
237197090
236766608
237886815
237709632
237114317
237334682
237683059
239216861
237970380
238039778
238289666
238329944
238460261
239183296
239246309
239528695
238964005
238145303
240414534
238514595
238160020
240274681
240259423
238139780
239935857
238588667
240168524
238843545
240182630
239994735
238545080
240061087
240372416
240341784
239285050
239273599
239168527
239405795
238853803
240928365
239062954
239084872
241417891
239444632
238970493
239036779
242561619
242480421
240478782
240432608
242580068
243016905
240992537
243422868
241087963
242983332
241310566
241283680
241130697
241107715
241030557
240470310
244311102
240346755
244079912
243785001
243625782
241100127
239379615
239663298
239809043
242498407
242183478
240838080
240471890
240731934
240031817
240261110
239611237
239268884
240158567
238038582
238105978
241093106
241368129
238581471
241456578
238325047
237869164
241600983
237810692
241894817
237465437
241923036
241930614
235751744
241095291
236027712
240259999
235805134
239853409
239765163
239162087
237246131
239605162
238757339
237346913
237299724
239426512
239861903
240053446
238489273
238510794
239607228
238173843
238539389
237478531
237515262
238649820
238744692
237917129
237433396
237464601
239607836
237502652
237338267
239249930
237492659
240230093
239741137
238637238
239367189
239368777
238456916
238436567
239407710
238110868
239295709
238789021
239574521
238584348
238134246
238095464
238368016
238021594
238305323
238819004
239133722
238221470
239205925
237968515
239636912
238533869
238483255
238592125
238309224
238343674
238299849
238125213
238098689
238582921
237764394
237806968
238394613
238525917
237117660
238058879
237920994
236786452
237493207
236959177
237953251
237211782
238370923
237942911
237401751
238149036
237818277
237445336
237061205
236004666
237228657
235971782
235759665
237233628
237117799
236264223
236379476
235763124
238186448
238565717
236453438
236028977
238024506
236049728
237506331
235960687
237424272
236012607
237543745
236575184
236641450
236911976
238158655
236294372
238185652
236534430
236708734
236414041
236493691
238494797
237984299
238348470
238440935
238618861
238637331
238169272
238023457
238196412
238215166
238386748
237757876
237781691
237281652
237644146
236872710
237809805
238966734
237765442
239342295
239137495
238296932
239171093
238563597
239232168
240022225
239333151
240470745
240681380
239509169
239649134
240976884
239699572
241211699
241136049
239495255
240932066
239074626
240987872
239231311
241456006
239610818
241683249
239416132
239380508
239335404
239356647
239465156
