47899
52672
16344
18239
16185
21323
19327
17079
17136
30782
17409
14557
15797
13535
19729
14082
11944
17464
14653
16289
20461
15157
22922
15754
15462
16039
16940
13630
16707
18826
20244
12310
13642
12169
19215
18218
18390
19561
19292
20266
13295
14603
16288
16021
14272
11702
37874
364383
416969
100945
366243
110438
301176
342969
71349
31903
781814
29615
610302
12510
28064
734341
20613
403917
231386
16027
583004
130838
27357
1058414
106154
16017
137655
33816
14359
197989
16188
1050403
92053
20789
251228
49175
17800
656172
34338
16053
1179241
390335
256373
232623
18465
13276
16494
937501
53199
291867
188161
14286
573339
16595
477284
14634
17872
20789
1051812
37604
337521
15068
13762
17616
15978
16979
15906
2313159
214209
12984
10707
12310
459180
14732
19651
988651
22600
237501
13548
175142
116853
13823
23434
680452
348539
152868
397178
109394
254776
506280
26036
533482
15005
508318
13878
298279
293472
12618
19743
20583
20574
855590
20379
293851
16959
211861
17433
14483
905370
18148
459442
546474
12816
203905
253603
92481
16457
13225
24829
22320
584927
370932
15380
13798
506524
13311
28363
15769
19618
13352
1217656
400228
178317
15841
825406
15475
14223
16551
863519
15721
20073
13568
728220
45934
728579
119192
58336
22500
507418
28306
22346
19051
569586
15918
19686
16759
15976
664959
15790
18880
13156
865968
267407
251645
405941
14905
491575
50529
14624
182080
13361
187820
269022
80424
274326
147696
102011
173785
14396
1115692
17631
161829
14450
17452
24089
16322
18604
14867
2732270
68628
13702
14426
13776
256178
41134
19855
17098
299081
21162
99580
29545
41515
14167
14626
20172
464826
15085
16929
21044
736505
244131
276216
13090
21326
15430
890286
15565
193292
370366
22357
374763
17501
237268
19458
33280
309246
196074
225009
12801
611922
46613
331129
15116
448735
68997
36149
34991
325719
128211
15955
380598
18602
257282
24443
199772
82493
211569
13358
17638
13780
900722
581469
25406
18097
83909
22269
15615
23827
1903034
13068
22169
18945
11788
19998
853973
208468
15853
17856
838945
323502
189421
51276
14153
933799
22521
18495
13956
582570
95504
128414
15450
27010
428017
653986
205119
33922
16489
19802
14641
1231531
569432
23128
13130
15155
18167
810298
227378
33327
272237
270137
266058
50882
1267282
439317
385426
1182846
172845
831093
343111
337874
598807
606505
234948
147277
631105
282325
481287
475696
820742
606851
258830
292012
117703
172880
1067264
545502
722968
795479
644966
1516329
423067
955212
1039120
162971
216336
1666248
1141805
227283
967635
48199
111304
534382
588892
2102494
2026656
155962
145460
89364
719178
162346
517088
355842
623431
225895
1007745
888071
283441
1021842
270528
34995
125406
858781
905487
857650
913793
974317
754167
1183054
916439
1004616
275366
1294195
708963
1444690
192283
362691
233493
264075
48034
313717
358744
621000
495847
522027
205170
285820
423421
205244
473929
173728
399817
223954
906972
671742
898363
142890
286379
480506
342699
1088358
659012
1413402
127827
537415
535865
690410
794131
300894
232902
320310
128169
317985
67294
720235
1142839
426117
1379856
396937
270180
302703
225482
947770
533310
621509
394195
266414
62758
174371
392147
316694
848838
733528
583320
130838
307035
81721
1062903
511692
1521976
846592
187244
131802
989702
908665
263509
342834
2364158
450134
175390
825421
438903
195734
778984
258978
160312
338753
184347
622039
2382984
2577062
1214718
83375
166211
925503
112972
767851
372097
921879
916164
388893
272959
1217437
372310
125809
1190859
1350080
1403021
620344
385664
1162655
667659
46543
47840
1443864
439485
112864
733151
932217
680287
1346919
38396
2818434
2205463
423357
101880
520003
969906
140707
1322469
453229
2004912
1861909
2110439
391616
320570
273088
889372
733321
681090
901902
278048
164817
592572
186500
551485
283939
329037
728086
466472
1023183
192038
1137407
1315709
1496768
134361
276112
271697
263061
55981
80939
369020
2365976
2074393
970534
937437
846397
250882
208692
505160
278464
81867
575070
612692
277268
459430
330592
379580
375508
1269099
111070
273814
1122732
1039944
728173
944363
571418
1495472
869358
364721
207750
136716
246099
889425
274865
507839
892592
820961
401808
134323
114051
66439
257547
296035
406859
763549
932924
1404925
2226562
1816323
543608
323673
38755
580139
1497474
841304
1948921
1043906
141270
812798
572705
132787
646816
310801
265604
371679
535015
900279
590817
1354992
550588
287673
855479
1688038
468179
62916
59163
173662
433560
2196464
1040425
260716
249159
526432
617494
155408
1245587
2427495
203913
133969
2444720
268226
191516
138751
983724
1154530
1200088
837890
285976
399241
517917
554737
2475849
411239
1594809
1368924
2739047
1514373
541358
1565321
688892
551957
838027
315380
776302
230144
56965
60914
987446
809033
673459
174145
211634
406505
253280
43478
584536
594675
372453
304458
418571
1153108
415780
306131
519346
1166456
1200810
685275
592972
1221907
633781
526007
215388
642309
100146
569591
426039
759095
754094
477200
794286
299066
606874
154695
850393
201195
796933
31584
1172476
551503
1456904
695289
254494
492360
116599
174719
556327
546934
224648
281230
424929
577395
296334
30278
705145
179493
598770
949830
138778
918828
710923
199648
492671
1511240
72630
52821
1350201
292766
365622
562098
235591
87496
607606
189493
364172
93245
1999777
1822771
323530
86192
359131
238682
1168020
1021362
467226
2169328
1860949
1438726
874547
510479
370289
984573
106687
850735
58553
1191588
1171193
224158
1394231
1035584
359508
209410
746567
77690
36070
122547
46593
492905
731024
1225454
895113
1144219
79753
669085
158744
81593
321396
88838
961825
193820
373679
81901
32886
1441775
811284
504860
623507
645102
758615
474541
995894
226176
1653051
1013705
706002
1727383
964567
887593
649990
439410
956717
327527
952400
423321
214653
293599
228299
411217
522996
357561
1323187
82028
994926
1117094
981037
1379938
533932
1356641
151976
249894
458443
1007568
147741
1005352
153098
186158
108504
156534
70282
273471
662512
742748
877445
618265
502299
914196
268422
1173070
1404682
429868
936691
369303
196835
605211
492885
1122788
573401
916944
233438
620610
768719
821731
49325
568120
268735
550799
801334
680849
704781
184060
150498
669326
437202
1066511
299742
1308685
141294
659009
78777
123557
158996
380889
1980029
403232
268712
79742
2079556
39330
1112121
241889
44885
540434
2738374
2384606
384604
873716
432658
486479
423863
759362
61999
128655
125041
465626
1387690
1522863
755761
586845
261929
1169064
1532295
877828
1598244
151326
214672
34314
342662
130320
322653
1357203
1223144
205221
50931
363289
720933
224554
340852
192490
71977
102989
1792758
1244794
778110
582601
1378023
1509665
1489522
1181243
1017301
152357
563213
85678
401051
131347
30782
276184
986095
933617
394399
669329
93778
620299
915309
1143339
673784
1558024
1054994
284394
331249
1251506
99103
131799
490180
1200868
661212
1954497
426638
257884
152953
125892
167970
39497
250481
2076567
817894
275333
145362
201143
101696
2604854
1509692
302607
815145
188313
341377
1073347
914078
224814
237535
249402
674728
223231
1213573
47440
51022
298008
237021
66325
2707339
2223881
337495
136028
52326
143617
633051
502898
274739
56442
1384796
1207208
777149
521572
102146
709200
1065622
1127983
121818
2261222
297105
55096
2229276
1018760
1078693
366043
377146
785878
809324
111860
679281
96582
54727
172122
301883
821881
270784
176869
1169175
559917
251295
1233678
713512
1477028
979373
524817
104421
188000
1914706
2451732
2485076
1173345
143074
535630
256946
397335
598865
243760
74484
729475
530035
144199
183266
82305
306440
245987
162383
358932
1445973
631068
136859
46247
2089800
48247
740572
189404
309299
477071
60593
1221527
1026376
237711
120062
1812341
993437
146126
434773
264689
279485
481874
586959
820032
1650550
265525
1619174
284430
349201
829040
121372
355030
147475
1550156
247108
1507191
304155
146878
668109
507899
150835
472783
37307
231869
429866
460119
769033
582744
1191651
1073552
1503461
227222
758451
829697
956598
364380
359212
136281
353280
42361
104866
184950
325809
1383067
3374873
3652425
713089
376055
295994
1269181
334584
1051352
355635
182203
177042
283774
631425
590505
813715
653474
581345
85503
37035
476254
264118
476860
202486
415595
36214
357328
748411
199521
181993
153478
42521
1220228
1067940
599649
61214
163817
521763
1349963
37223
612126
861819
831364
610148
1355356
100518
39643
783753
311780
1060771
173467
71085
134016
1888394
266491
60878
199409
2089497
1073422
286823
1715017
1255310
432451
468299
382872
385124
929749
322049
533054
973767
817333
497713
61039
170221
142156
121026
162135
515774
103699
363383
347606
62765
519341
60054
1070741
1130028
736777
532123
518310
824758
266252
105180
571323
564151
518559
497663
144829
1442269
1469346
1821169
655474
67036
754745
312075
570503
627282
309764
34203
894843
410848
935058
538287
1435652
1519766
772545
100136
805582
934610
487339
569779
413010
250637
541200
369328
117654
43792
42073
544744
345207
220961
316796
982086
426628
264711
2089374
953876
247504
1806662
795980
719438
1455006
103009
1177156
1088292
652673
474900
907142
307603
209919
83063
29467
618892
1056440
872340
354561
380746
447486
457731
738400
295583
944801
247637
215619
309618
2171314
1959504
92497
434570
826720
1548217
446336
1296092
443164
428096
76238
2067691
1325836
522596
991057
553255
254016
428065
727293
43732
1218440
432542
480361
1870699
879205
258159
787059
191464
103497
1271643
598057
1631550
426582
816241
389262
151530
1843192
1664740
2077569
1101805
1238211
363496
314394
29452
1354507
787493
61434
508034
618036
508298
1001799
329388
937154
1166707
1352859
1064733
490445
119511
344789
499785
216054
89534
260273
1431982
274537
582304
2210797
331472
84458
1101889
315824
1008441
1750649
1013719
2138466
490724
237157
36121
248488
700920
655919
337626
533529
614366
253348
1033672
1052651
397898
37590
592236
598277
104242
70464
1109464
716261
32770
1442098
1331610
649892
266826
1269378
820092
901740
1409432
32967
41411
97095
1353160
464771
1389065
158613
174447
642697
158281
740334
247440
74073
484895
247487
396047
806587
183289
897823
627867
476432
133975
137829
475386
119282
35545
397835
221677
266576
539538
720274
361015
1006083
244361
313035
149718
465030
256535
513752
171289
112079
35712
142720
1438277
1005664
1108175
131501
114046
652124
902856
355734
722034
199788
29020
638053
677530
238405
238661
602626
516990
174189
358219
627799
454657
399776
810725
983088
409860
220313
226969
1732618
741085
714073
973599
443516
468682
53556
70874
1355017
1390141
354712
1524497
164929
590925
89904
1517624
1525723
444557
149225
370831
267810
425880
256644
145910
370927
620746
1740655
1547811
225140
1284352
127295
194236
147126
193481
75282
573678
607226
487003
89386
223259
228964
177444
237250
1673094
1703900
315305
1323265
1343694
359889
759184
2855359
125883
792453
233114
442267
208104
421486
458587
327188
194582
144407
100465
628808
119411
587244
199732
866989
897967
228311
96757
353071
491844
621331
991845
925880
150178
97616
35191
50044
58992
35152
1993777
1730772
301548
82131
174574
277900
129011
100833
79816
1145053
1188310
480252
405531
194069
539177
315090
493999
979579
701581
158582
224865
189880
299234
741530
901975
319737
453015
352579
376374
625344
622345
189832
258326
809089
60450
425082
203834
896135
1021034
443931
1146770
1179800
1694580
232857
79335
735049
290696
2592494
531617
2426362
946260
38935
31434
86632
259125
274503
2257492
343685
1185912
285127
518621
348883
1235975
1491959
635100
266322
1812279
1441847
302848
1474063
835861
533467
880094
2820201
3950877
1740273
1642807
798847
127701
1109118
597331
1487514
744677
345638
398274
359624
197739
307204
1461174
1281983
2130993
1176104
479990
306835
318241
273585
183127
95005
498148
134002
276113
869644
644006
1246555
500245
1173288
535876
765385
360062
443149
546675
654772
529175
711040
563727
176829
29440
31199
874527
1397308
1398416
1057590
1082839
77543
1394024
1156973
889193
938487
1093027
381453
278784
744279
125924
897256
878283
487675
306542
58399
800224
813715
168399
366610
446422
44203
26957
613442
544993
63466
114733
1153548
863320
371095
490226
189156
71648
179132
161178
1228701
163641
156210
268824
273849
208884
728386
752993
934185
809715
105250
84792
80836
138929
46535
74840
1027770
672951
144937
181375
749037
1038731
1159398
688750
1502153
872560
210356
451507
754980
1704519
1628123
1022792
166319
279412
284217
317751
254019
719641
458823
580450
1788115
1523293
518704
901723
301512
119674
328944
964519
699515
1192293
621098
1039616
144131
158230
1152185
1427277
578112
376019
563579
1202124
278011
103151
790337
1024831
925432
881306
148175
612059
327341
492580
120395
573357
391542
494651
373771
491002
377743
271166
84884
541469
380215
913878
555758
1156284
1109685
610081
872023
181864
360358
187020
56772
605714
718378
1010847
884076
784598
555478
506565
286441
837029
1169435
381147
46370
67893
244796
277517
1757761
161948
592397
1034552
750334
274722
937780
484532
186428
622636
1245551
1532797
344786
1375043
342040
996280
450426
189572
34766
895144
1085879
827030
1105075
425809
67506
468379
560804
27898
886015
648253
442831
449526
748679
128771
1056503
904071
2444698
1023845
1827690
635840
895848
929784
393209
237751
77521
1006089
855286
437770
393761
182137
1306644
88881
36688
1675301
522806
305176
2283562
237546
44284
92127
202716
222175
1406153
1185839
885588
120628
854772
207157
54675
748122
302087
507816
281718
383594
36718
122126
84441
332493
823262
782692
110854
138802
347540
383675
477512
210121
218063
273195
89336
35711
120350
195908
777919
833380
165608
469445
521863
747848
95756
49063
62667
146260
364206
392633
62943
846196
35464
609102
253966
150059
1747964
1780858
853575
386621
1530404
249748
832040
831528
910103
960179
294044
1035596
237290
1319714
1467059
1377474
679888
125959
508696
35317
774816
691138
415423
54872
665231
977129
791185
247688
681312
616512
544061
230564
189080
200328
92540
181727
247266
30347
398314
2720311
3007616
1077465
866942
867613
181254
1228701
44865
995393
282297
320366
178711
270873
222420
108042
126883
810388
1672375
53489
1161470
476221
689763
141849
248308
218770
1091564
2785438
1793829
2316162
621698
387037
234107
842885
91666
809897
664578
838462
1097773
860790
1157913
169957
414613
1011300
479887
252504
488766
41699
143406
2363283
354026
2102280
829691
311777
1214459
916592
487243
425259
1128356
358819
73434
881318
216654
430094
1096251
763062
695268
179122
2662348
91494
218154
400125
3942553
1851661
448626
582467
1839926
658275
475497
600148
786949
392106
1478878
139268
715364
745643
1499106
631680
1372413
758136
358411
951337
942847
349501
1917295
264221
856171
413854
1310547
780080
703064
1072033
1897859
708105
161381
460913
1134190
969303
406770
210035
521001
629099
164514
400486
199845
82681
1213772
81370
66313
943767
395700
336057
158172
1064845
1430280
2487747
2515452
98193
702625
217485
317756
631290
481133
826196
485941
117577
242199
74528
53485
657486
470867
370038
1049155
520775
115302
186414
334830
607603
598297
143434
248826
1228331
862476
1315141
421756
483260
785537
832925
122159
1050118
907281
393379
483407
1748498
1204008
629371
344529
992022
623975
838594
810520
238021
215368
364856
123438
579488
558477
219541
408056
215373
230272
676411
412230
99853
1265623
1168213
379781
1741010
1092296
297337
237040
168200
542184
346179
66406
357693
892684
130678
58459
226116
1217261
654669
658362
806119
527166
303340
61693
248226
947561
942618
449631
852892
950973
365803
1578098
1167954
562489
290076
1028778
615790
433800
414369
1057491
1006856
752640
323339
52448
174008
1437064
1152648
761704
1251903
125686
29431
51372
371077
164773
1495180
1222471
383493
154919
261150
207604
785164
168963
49949
386068
526642
273202
194355
229998
630537
749356
757848
720825
674051
391242
946810
711241
980758
474958
853828
915473
47665
226519
50393
80187
104461
1626534
1235590
183528
635670
68912
1027155
1155729
994702
400139
167218
265636
228421
770027
834072
745204
438517
646636
683261
287053
521507
359978
200216
142036
549492
290919
354441
802894
924205
395961
162447
470828
155116
40645
1126400
443478
1587606
711188
818271
48497
965076
1004138
327871
571661
1327225
87960
343736
1403920
1452729
978763
526356
165410
361670
500016
607723
608468
506469
659451
1376812
117811
1033635
526788
84031
111464
196579
1465709
312332
1157950
547846
1116151
1286840
1001615
495489
301330
251890
150752
163174
510571
282171
162344
369051
263657
37674
1965587
593125
262164
3110210
659108
401913
32344
1769638
666612
90906
393308
69157
213927
1090187
786347
48924
216021
1483740
265218
1185454
1301395
1216287
1170121
731505
922354
477080
188410
237359
1013794
1159829
954127
580438
1597271
561663
92235
2040586
1054094
1351109
224907
1920783
1230835
244883
81587
94262
177582
2594355
1148434
419643
802883
330941
598023
238035
1001017
318434
59248
1234041
297816
677614
121993
74998
452260
449814
455749
133949
107558
856534
494936
1418624
1226382
1281698
852820
808619
528032
254928
934874
451175
507314
697313
543466
116401
306342
763028
97790
892300
966523
297402
321738
451755
318470
515578
994909
2690297
2594202
2227113
447307
648431
283187
802541
449761
997318
204779
582090
136091
272891
271050
247540
846028
885035
606347
327107
198299
726409
572980
246242
1132564
495690
258171
121128
136445
1405362
215025
54846
119007
1134324
126723
808512
1284688
2842454
2492521
472889
232025
3209239
1823569
2664501
317851
1288484
748862
263656
871232
45791
1077838
452792
184242
859433
1095758
1059691
755405
562358
1106341
159435
1429366
567298
1640457
897215
371266
791905
360799
242865
39100
72990
809840
1071394
610289
1064379
90986
33899
428796
323736
741363
680571
887517
773117
194873
527311
1832003
79250
661360
288632
383615
821958
36264
951616
383808
257731
448460
325280
99662
525428
787148
336170
300516
1704411
1441047
533233
1078934
183138
292692
108628
1421684
220328
1014693
149431
97700
206321
364089
39774
909666
975502
185975
104031
213946
727629
538283
28361
182050
982030
337587
1180238
714189
1095346
1030901
414231
354048
61827
417136
479177
455628
421578
1035316
267085
311640
294290
424260
226186
816905
725664
644672
490688
426584
145361
421602
142603
38490
403712
634957
462720
941093
612617
354191
1207401
310359
239630
512252
578238
1977527
1676355
390391
42801
91544
392793
172948
132880
158900
51016
1886919
783541
1739001
233650
186211
76599
193988
231962
367162
237812
786252
475096
1279559
1290901
54996
255190
94097
518049
460551
709276
557510
547132
978600
586074
94277
316882
468417
240695
408328
645525
2432644
436596
91298
60098
88064
65240
247433
626619
788997
2174036
2063287
337426
286931
574467
186499
177090
405391
899259
31882
294463
796522
3079113
2781007
346463
384597
331249
234318
240339
1651754
495032
87039
895142
1090274
777593
412058
1111335
993108
808378
34925
1049717
115564
78910
158791
190549
318585
526751
999427
944060
76754
726198
434871
260413
503362
704015
101467
1545393
1392555
248990
1184077
990032
1017690
1942564
639914
575993
1954766
899798
564535
678751
959861
1467808
1152388
224880
381377
626282
556518
310183
275405
290107
151575
59835
340244
384084
198021
407664
1109788
459102
1187556
1457059
1038309
815361
290089
725350
562641
810204
364369
66573
76140
133720
122300
51771
210642
577976
430234
312980
339627
92164
1411151
225176
532486
499139
538622
683576
720893
741374
368166
304330
532969
1070984
1074708
742396
1370634
466650
1104447
301663
209497
420934
1396348
339806
209593
214615
60768
1438201
114489
576167
163751
30375
571190
177722
407703
30025
1421019
1663287
486430
476078
789456
1015529
911769
484459
256898
507884
630957
926639
1387745
668181
1353198
251831
1632969
1104674
126530
36322
1392502
500423
268840
276284
333915
92939
1384792
1615286
619860
1064906
393800
60318
971429
1671953
1834214
282038
848149
44551
749443
628416
1229033
592758
324449
880366
405832
75397
204695
263615
154990
76512
380239
1384819
1406287
620847
68733
64845
233475
764939
316878
109643
771525
459617
2654767
2484211
144281
675535
1266103
951399
426020
529958
576467
181920
746608
137702
698997
340633
1448689
1753583
924471
453553
1424602
562108
108327
31854
1577698
795683
253334
150465
245171
411853
558245
2270906
122915
1712799
1724232
766126
435188
1242465
1086306
795427
322548
1449566
608610
105930
1550303
158574
317544
101019
209994
137568
300994
53583
81479
603648
1139558
330377
1467317
618980
322297
340129
1720556
1458440
419217
182292
433589
634825
1350459
1182753
157931
1195326
711146
842403
506051
515081
596402
819114
120722
987619
787559
473781
688402
773629
37404
579399
36912
269366
177213
224690
2217356
913052
2513386
1305352
684714
819950
316120
1291614
1476205
720072
238547
1622992
150172
494992
350259
636578
629737
886370
32011
309840
1086176
686693
75185
148494
702460
1138680
320866
1786758
607439
34206
1536219
122107
721033
443187
1257721
861017
1231735
845656
1407962
1476332
380960
255232
1249930
830777
935688
1393159
294252
140474
2057608
1847658
621044
1587185
330701
136186
1270647
989097
212133
186169
680437
545178
549541
568110
536966
451665
736898
346926
44313
333304
360215
398948
273388
544001
285453
302627
319547
40503
1412740
1343902
226748
500345
352474
622288
438164
38075
1014542
677853
1118835
838194
446390
497464
35106
266625
473999
305782
1037843
956645
1440850
385231
1111990
348210
930897
1539448
262531
1564814
618688
601449
1106483
2045297
1551841
548254
1010421
288107
1467885
1801823
1851903
273360
673305
57311
515356
946263
513232
82588
147776
147633
1555161
201901
67452
288608
1178296
206610
1151889
2086008
1592656
776394
1155060
987432
1028374
1016549
1134436
410449
919886
723911
381704
960986
50089
84698
27481
2578757
2243133
856370
558958
601301
674375
577503
269653
292734
1282868
630831
608498
30859
50201
876288
1753476
1271785
145572
99760
803159
1000574
1079511
449651
533940
644386
294150
123298
1218168
677002
994806
803872
649008
429971
441250
35538
1450531
985343
1932123
331511
952012
274800
302617
35688
208143
207948
631148
746109
50916
1742769
1667332
445212
456804
113644
775494
418407
122723
822589
1392339
1237301
639978
140543
40174
1164142
515569
323288
235506
1534736
168718
977120
585859
371347
286788
2224899
1810220
328050
1889098
562361
423398
606826
62985
303527
308863
506117
210283
1216360
1144566
517089
651403
350760
722455
483599
454421
302305
195273
75156
762610
34843
763021
898624
204565
1120653
166181
545690
258550
828165
328894
80556
195077
704947
413452
252725
528728
559225
1047672
85425
1525602
738612
162321
553378
593982
331806
419452
357855
121316
190219
2034004
366048
306389
497529
220538
568498
389138
432012
321033
332871
233562
93991
30927
1474016
102275
464663
2942696
2838343
577936
217423
644052
200544
1488733
1048589
318421
1399811
694582
73653
1227673
126757
670551
362429
2192192
513490
101625
1914070
515726
354912
821497
1021174
1166214
505205
38741
618402
523847
882769
558273
108382
1152231
318844
1231815
492173
892877
606448
432438
115149
241015
47687
521687
72936
466213
226519
275011
3406523
601920
100812
333838
3516696
633032
165071
107737
443066
732882
966451
1131782
230589
1960109
619710
226138
175110
1867273
63665
681145
648484
105076
301422
1089895
1527609
907960
1022563
175921
321106
876001
82326
88819
463482
1118864
728019
221766
190807
958888
1049848
1560267
528640
145450
76731
510148
269810
482515
581739
994241
410282
429799
196642
141833
1435134
1196865
316603
989172
704771
759877
1042306
782654
440183
351597
176197
928819
364563
948663
645229
251988
248296
908550
693528
378462
28536
760945
557190
590561
280267
330814
210996
1431317
415124
26684
135252
1840175
1185723
39188
1771526
1179931
247587
531009
182363
166711
607416
675987
1114242
692990
637174
99316
361315
400364
479042
415547
945352
270353
86725
1056147
922465
506749
176901
1079340
530654
179512
641348
222947
35673
45294
137263
668422
458336
746512
374023
156524
619470
1061423
1767692
70378
377629
2504158
831885
375953
819824
440969
167920
549467
360861
558545
456765
41411
560282
102354
580080
1103120
204102
818196
51724
723895
950208
900129
432562
704765
601677
286756
1214600
489903
683347
907494
518138
446293
717718
737726
1377868
2645327
136175
2168927
1024493
459387
132316
765229
774525
172350
185881
805515
285653
166080
1344153
702075
197289
28470
112636
772771
3048193
2064489
1075979
105221
798774
312342
533208
430894
682286
408993
926391
222018
309720
883546
1227609
700937
814261
669347
858838
1014041
733786
31293
235760
1441956
363237
1025124
365401
157087
243483
1129150
485280
93793
1238040
627559
357770
231852
86569
828246
1004051
273497
292002
121342
86616
271852
38326
33783
2019649
1411685
360208
38972
449263
281130
124237
599986
479278
903319
228988
875618
845263
870399
132194
1961052
2351951
732100
73175
410264
426961
119363
696941
722815
2209085
55871
317623
302395
218538
223805
46218
525943
416078
670881
878869
298369
1548676
448741
878330
190176
293025
77005
1371698
582329
223124
227774
469859
53057
117825
34815
441939
391704
494455
136492
1165761
791825
44156
587674
263627
2340317
2021838
504580
68954
121934
756196
727051
976118
71885
798340
155039
279373
101237
740798
243809
445218
1748362
829209
89469
51445
1693398
1016796
1315099
232817
147003
1242071
245806
298450
329117
226321
1333287
1215535
458575
538770
76485
146652
197573
649962
167332
755651
238331
300909
206101
491921
691937
552375
29569
238613
1209488
897768
640375
177952
205112
741114
702165
661306
303085
303475
279716
264588
497795
501515
249911
605312
806066
792736
633039
945973
1037844
288327
817864
387729
54335
1019820
710507
837469
1678763
1020554
190181
243320
175508
227085
150463
32159
913651
496725
216557
185888
1451254
1774885
58088
2466023
117724
192767
2269162
571952
539893
768193
225751
716135
404999
272705
838834
1047982
666160
464113
265902
113040
436353
661710
700972
533469
865092
3798141
794411
184159
374383
827703
572209
234074
1447816
696819
37201
66568
169301
1595241
963216
277711
156428
270320
517751
421098
96415
871515
428904
207873
460345
1337310
180544
1404911
535840
114806
1002745
281325
297375
1271899
594843
323989
428157
333194
84897
91427
1579049
1019463
1569684
214338
417110
303758
789428
778349
294465
841800
1510611
41365
1244341
780414
382204
104404
377720
617314
1571147
38711
237119
878817
860539
546216
353809
88819
285414
45553
86985
520500
167392
181672
1130777
654607
1139880
264003
148362
166946
37063
180046
157521
34961
480184
104863
63810
201170
1909927
164845
204949
2065605
691367
177156
370244
339110
273925
1163487
640740
749838
802715
71842
95585
738105
442570
221520
522564
187911
548867
348767
1652541
508285
1405694
418845
374844
482598
609216
929688
352550
1148372
225583
962211
2052979
306282
131732
1781640
378400
234281
62941
710367
1637682
1192317
109933
216107
78463
81963
96741
97024
182360
168743
58161
96547
1085080
1045282
827701
285351
278010
66489
288395
1019933
467807
627331
250543
1930135
1458528
309464
309669
1136610
297756
40189
370128
38681
1704477
1439681
483868
332650
190827
588887
572245
780236
583075
278166
108885
333531
56626
39923
475682
450449
95684
142870
302461
1328752
486980
179223
1520531
462602
38267
1124005
355777
834156
366303
146578
86868
168332
166734
123403
220993
566852
741436
264764
435085
443584
996864
218647
891205
962252
1712384
1264292
1411857
915375
1353910
67703
118332
69796
411858
1504492
336033
140286
724109
212695
1867828
269298
1532618
305069
202142
159679
175947
345426
535547
497186
1100267
1686107
945678
472716
2228243
217483
941107
527918
323278
358168
458752
43791
285138
295892
553596
1972044
2315413
88227
147587
1872340
522904
709879
41270
259957
1817343
1820699
590580
381672
758835
88547
1770247
124773
47257
72270
42447
33031
1551832
804414
1032632
892547
153865
268572
146324
103563
691453
656886
297085
808450
469564
318704
381480
436919
456171
602924
852456
1126773
93820
745737
449604
369744
158716
123573
264760
302416
433131
468110
491391
702473
562164
538111
462297
421137
1125256
832656
383743
34290
1559482
949350
1386257
466187
670052
394944
649359
753292
925920
823495
283664
892306
546997
160447
41771
63716
483485
1147410
840411
282344
49870
345529
928180
407734
1047696
496067
498367
173467
522742
795052
1371057
732976
2308289
1928824
293752
613330
45817
334591
294032
78392
1051232
370204
227015
1594599
990498
367397
668194
28582
159165
429386
690318
676357
30492
899062
440235
655568
279944
755036
594918
877780
611974
706622
178542
290769
152339
355924
1650988
237584
44274
116958
1344044
521834
510624
71026
94064
47280
653569
531022
424852
738430
1035662
934881
136126
751256
370816
884127
330274
700139
574228
733545
704511
470066
302326
360957
338492
628494
1089468
839939
105504
143182
694460
1076812
1420301
1259760
847715
139845
1124299
558539
261000
401450
654998
630221
804528
275534
590915
478533
448773
202973
65286
160365
553946
330045
241311
871211
321678
52751
662583
234447
295582
430233
310953
660551
401614
302784
105021
389477
159772
272730
424495
211162
1338269
691097
1480345
707056
239855
205065
834909
304981
716941
290745
449482
443182
747338
171587
258423
473106
502038
498804
774891
697757
283045
1223467
710267
364069
156994
1218698
730333
949578
301577
446827
536459
664149
738160
361901
1869603
405047
697969
392315
630860
177380
336480
521572
696105
185707
246330
470662
329771
1655220
105951
1393979
63148
211059
283891
457727
108380
540467
588481
1716774
604558
2027965
680734
412517
330503
86878
1663738
1525308
442195
1668336
767094
212855
438059
1069931
270862
65718
872189
94459
28339
407885
825958
374648
232715
1718422
1030471
164959
412090
2548120
940374
183527
69467
225808
123257
2321573
98655
1457452
822227
286055
806004
62645
231616
341303
107685
919498
754159
77759
1259309
660014
442310
89307
139130
546689
644047
859160
764825
188095
1577703
1305422
566880
338828
148148
147364
280779
1194948
756318
566495
971268
678282
1581096
171062
1434497
337056
1662368
924553
1604449
1370429
727973
175589
611501
771376
527239
788522
1098498
727969
502803
2176323
204025
161504
266926
1038500
918796
306982
843162
631887
432523
47223
121793
40718
1433721
1000219
817219
374020
220540
506420
771764
986330
34189
1137328
417505
159931
1013801
682909
368552
380434
148170
67600
346933
210825
83737
331972
438227
388553
1097582
206181
536998
2737885
633630
2566068
313163
272219
656812
648057
73218
1532610
116248
1563160
96611
336110
916184
1074222
250143
1485766
832121
485727
1144874
327617
947183
1366185
905410
984805
575229
590231
32723
398185
191049
923462
32262
313159
1495566
1706168
734672
758334
781587
701301
29214
421864
146446
419407
544863
699293
282702
327303
43931
977676
716857
892299
925470
810491
129764
72315
357243
57546
294104
866761
368304
165029
132576
1498027
512354
76489
227240
164627
464970
108360
243614
407325
486457
3493238
502646
1271425
27415
4418926
409900
39987
35731
2050121
770599
924289
885908
422611
2083439
1939854
872723
122869
391473
1202986
336628
483475
1937199
458331
189772
1456073
688022
247282
792188
33112
1037008
152894
1216005
431664
689996
901683
1321285
57103
1390681
1126715
1370349
332125
662733
781765
685464
123427
1508102
1004513
1290539
228347
218902
199949
908161
401631
1190976
429550
821073
259123
369802
206393
793149
1007074
884934
228848
46287
705229
