71951
49869
12923
16709
21109
15708
21158
16573
12395
11215
12015
16030
12800
12980
12671
11392
22256
25072
10818
19291
19997
14872
14344
12513
11521
17000
11830
32453
14280
13891
14516
18605
15565
11772
11885
11199
12513
19139
16209
12852
13472
12384
13333
15225
13005
13602
12554
13195
15231
13041
16299
16234
17459
13664
11345
12479
13329
12770
13482
19955
12728
13515
10786
25066
25029
12144
13962
13442
18189
16803
17337
19755
126379
289291
965869
320398
136595
1078791
751709
73267
1199645
43573
245950
1067340
706135
51026
98922
741792
437541
161944
330230
277524
134982
43627
241696
203497
497463
139480
95471
44978
75366
95027
66489
55402
181597
177298
87976
114775
752252
222319
1041183
610032
195497
600035
199957
41659
280526
256275
522248
225402
316729
78957
352317
461420
218962
173682
447772
306075
323623
146043
213172
489542
377051
177419
443224
201967
1294635
146607
142042
170081
657092
65800
559157
165963
967728
906891
463973
509856
101815
458593
27485
54195
125290
689055
169036
117771
34907
49056
79745
866774
54877
62694
71061
654829
296996
238647
81525
296708
87922
788024
319349
166503
145068
216183
83430
144361
811348
705985
462479
808370
90164
93036
387098
451130
775626
1066681
517642
45008
370002
232579
179137
124323
308464
78478
277118
754271
367309
391153
46000
477673
452759
132215
115077
887618
33325
634304
2124070
498282
96931
940458
336921
115757
162836
340140
1220558
224667
235622
237243
425184
487234
269464
219565
70362
599657
312499
1079530
63973
614209
109134
440566
204533
624925
1339398
482974
908651
397202
598227
403143
144971
190194
268199
106970
480429
1705835
209249
196919
378591
422844
771339
170241
1379397
685830
553519
73386
455820
174975
74715
221356
65605
2086942
689810
289206
89927
58136
177586
388473
40398
42868
679021
253191
41641
101856
249857
185046
229811
192414
232366
103786
313400
69661
550113
223457
369897
193003
776495
300634
101493
1381736
396680
334114
789306
574697
148711
100704
235457
41989
336009
1150158
1053986
202194
86587
42636
36286
53083
129254
617743
269121
51228
318234
351120
106584
76783
699797
557386
244544
342715
685601
639751
187916
659376
172276
245495
1162146
47600
480585
300633
1610579
105057
196376
64330
419999
777627
60810
76825
314197
145877
211902
48098
558528
691028
663507
42955
709358
746282
215561
1735563
355727
47251
1073747
243572
349943
45220
677920
284339
178064
156092
459968
131288
1349887
102436
183755
164971
490035
516002
231384
943491
1184075
62988
36546
227703
49948
321134
565034
228079
1169429
45609
107941
235434
270556
194747
266158
53349
436703
381002
175501
415379
1651100
127531
633091
497701
1671024
1073038
444334
3794441
2700239
1880304
2044346
2148031
1598091
2164246
2268772
1852264
1879880
1379928
1531967
1398686
1694207
991863
1036702
1313159
2007122
9685020
1868869
1433531
8370845
1243320
1188272
694541
715201
869430
9706219
1235392
833405
654220
665573
10991099
11636094
2306301
11618457
2602452
12300289
2349351
2427160
2461956
13475126
2567994
2623667
13260938
12620989
12605446
13153896
4424076
3742822
3633325
3925613
13557172
4273667
13598237
3771235
3662496
3044398
2871197
2736081
2446313
2424048
1696287
14834971
1220317
1270182
1453315
1552558
880377
977893
927758
922459
1251281
1205159
1194720
17864318
1033816
1412998
1771401
1028167
19449859
1298143
1317029
19876060
2014282
2357410
2423119
3407762
20790764
4993797
23015544
23853356
6524433
24460471
24977387
7976496
25740782
7898378
26780913
27547407
27382649
27566035
10488597
10516579
28374598
29109929
13329270
29829786
29709390
14070160
30139176
30367516
14854505
30438822
14856171
15246289
15426800
15584113
15019032
15332209
32858141
16217385
16787510
16568740
16342135
16473795
16993644
35301854
15789343
15910399
36129539
15945780
16606246
16661215
38846529
17398569
17960846
18278362
18773640
40522097
18971932
18064609
17673184
18372816
17855074
17911950
43733948
44628760
47399893
47712007
71820084
71363540
47829955
70709743
70682168
70812018
70186320
47970889
70299786
70040791
48425544
48291535
70804691
48459425
48315181
70603133
70611247
70339446
68299462
49013700
68547715
68249479
67980516
49635536
49642094
49961259
68895943
49701945
68584818
68315027
49946699
49723522
49394655
49270223
49319644
69661542
49492502
49725508
49614546
70959850
69703167
69614856
68609073
50425330
49854577
69023554
69570091
50980005
51055580
69677926
69445512
67391602
67443850
66569434
66299874
51884635
66383810
52000139
51784748
51821594
64800694
64554335
51114177
64567422
64561522
64679070
50627227
64660199
64835335
51034149
64948774
50282709
65513873
65125090
50285500
64797124
50367659
64601781
50842307
64629680
50840539
50973140
63815473
63594628
51574646
51560680
51340657
63786682
51581268
63810256
64256904
52085636
52122210
51123107
50352897
65331523
65400084
50864503
50544820
48630127
48368642
66077034
48180507
66157557
66248500
65401966
48191981
65381828
47635324
47706114
47476208
66841865
65259293
49603671
49353332
49439739
66166948
48209359
47189401
47117374
66426821
66321225
66549113
66499040
48051906
66604646
47946575
47795932
66531705
48331306
67175544
48343533
48401499
67377755
67604053
49519273
49222000
67672531
49662335
68759554
68733944
68501101
50407512
68549422
50552859
68968493
69557389
51496751
51646749
70210594
69568565
52267414
51502793
51225626
51214884
69191608
68538427
51629423
69087632
51512589
69044695
51469845
69145099
69426649
52254057
69628709
69761488
52462633
70012820
70057937
69875396
53397348
53035863
53155558
70610151
53049008
70319766
70097734
53447309
70266456
52938576
52648506
52622395
52640329
71091959
52344723
52301725
52333324
71749968
52729623
71692716
52692382
70718105
52189024
52087879
50975584
70821990
70476208
69970749
51646875
69107782
51647410
69167244
51788770
50218865
50416029
50346584
49702879
69816661
70042793
69752087
70073445
49583131
49089161
48789603
48913127
70689593
69633098
48944523
48341190
48143350
69657574
47408252
69404218
47274544
69289602
47235490
69418850
47702444
47275538
46790043
69706009
70080330
47211063
46993333
47022565
71544716
47373224
47434722
71912079
70998767
70662913
47172090
47135090
70137432
69018613
68563191
67743364
67330683
47279930
67501493
67336038
66684725
47349328
47170459
46847215
46347686
46155669
67278111
45836386
45751345
67505959
45847199
67948020
46182400
46239087
67966367
68075880
67606443
46621288
67608496
47097499
46227798
46243887
68026777
68096929
67993469
67874760
67611862
68055637
67915626
67361551
67556025
67053661
67015018
66675404
47501705
67005563
47494817
67117692
66678924
66716259
47202268
47304166
47353150
67089933
66573838
47400467
47381391
46583834
46001012
45987914
45209980
45362881
67755673
45500521
45132780
68135524
44937360
44143983
68091950
44197184
68029444
44411057
43788215
68898716
44152999
43949475
43763980
69549418
68634120
68203164
44051965
67009029
43681040
66292740
44176991
44861156
67592577
44961638
67770564
66842775
67094547
45404202
45125106
45208531
45280027
67580794
45490422
67767860
43506950
43523385
68176353
68124437
68169572
43715712
43586565
43289106
68083108
43621834
67360938
67492145
68358692
68334242
43828945
68205377
68707456
68765683
44530809
44534257
44073198
43408224
43616528
42466138
42870785
43355859
42299932
71542874
42971503
71187907
71761419
42602760
71601403
71612778
71756737
42893699
42126655
71375528
42276654
42503681
71899799
71892682
70980009
42633000
70650672
71009456
69635810
42597072
68643163
42624657
68789827
68955851
69041660
68289926
43038380
42465371
42040695
41013765
40992294
41002379
69006580
68866968
40921538
40294716
39923626
39736436
40091948
40022640
39993723
69766840
40586068
69750874
69678493
69930921
40711891
40235649
40470086
40517193
40382055
70856393
40362348
70876024
70726356
70778361
39880437
39863128
70949068
70761066
39681686
70800715
40618760
71161236
71059633
40818927
40601506
71465002
41371998
40408910
40818978
71723207
40848633
40585297
72032707
71985094
41221179
72017758
71421738
41520361
71213776
41915978
41960222
71638597
42201710
42160469
71080998
70924740
42063552
41865358
70977720
69853155
42357036
41750467
41671363
41788339
40733262
71015143
41121503
40917206
70896900
70672376
41273883
40318803
39691342
71072188
39753836
39689113
71289621
71185297
40102002
70417707
40716864
40525116
40328262
40398802
70584765
70271985
69402365
40849382
40636320
40207850
69781603
69983059
70079267
69526452
68832918
40415058
68026857
67498436
67403057
67443212
41545347
41474601
66478243
39174460
39650570
39239763
39055230
67209075
39093474
67339620
39298329
39864431
39814342
39722142
68509208
68010668
40510645
40407395
68260705
67345284
40602117
67403934
66679201
40252642
67142945
40511667
66837632
41360323
41400897
67484186
67381671
41523517
41118172
41464207
67740635
67220004
67131058
66734982
41854989
68184890
42616862
68567005
43030193
67798901
42933425
42702793
42165187
67631689
67628778
42032143
42090842
68339092
41719438
67813622
42056129
67521693
67463312
42471282
67611822
67254276
43277952
43076595
42879332
67851877
43102206
67905049
67871030
43155718
68011145
43427069
67549622
43902158
43839281
43428837
42780312
69028071
42739740
42616527
42601918
70233685
43022023
70148394
43294661
69591858
69512611
43398938
42250820
69527533
42477465
41681924
41217325
69925576
40933038
70216585
41548683
71034648
70897113
42344387
42274802
70722099
41982627
69170059
68863809
69030659
69210376
69671951
69701500
69720689
43640787
43316470
71479019
44418423
71486686
71261372
44362855
44300533
71234224
44316593
71632014
71348878
45158343
45136961
71230101
45074583
70966560
70208583
45350970
45587139
70660255
70697469
70258715
45941472
46037080
70449444
70238733
46302388
46296766
46475565
71391861
47129281
72503339
72509953
72064149
72116855
47693301
72558728
72353328
72314934
72320610
72433021
48025588
72086707
72189051
72444503
72355269
48983786
72356059
72408445
71169711
70570752
49446174
70674673
70520096
49689626
69996315
69439340
69360787
50111187
69537735
69409703
69210289
68289487
69026745
69008113
69340623
68355579
68206390
52829285
52703692
51800052
68323998
68383952
68800892
68475672
52165589
68189486
52360892
68262032
67449628
51638929
67591216
68027219
67810968
67612230
52696536
64666780
64186920
52425291
64125280
64124183
64212737
53554470
53857209
53342029
53336271
65253728
65064853
52829940
64579206
53031476
65848465
53926519
65999100
54043686
65938905
65758301
65748596
65520719
65571884
54682156
65764636
54630984
54897566
66797894
66873876
65631335
55315220
66091669
55863705
64877493
55347896
66324819
66477205
66315989
57067363
57155914
57275534
56965650
56882809
66437166
66457310
66575921
66501922
57167379
66747549
58193015
58366755
67620402
58501543
68099811
67137588
66885392
66004789
65788095
65313574
65392866
65141939
65594007
65151608
59957987
59997445
64859042
64690830
64634290
60414125
60195940
59231022
59197249
59021636
58539647
64996096
57788419
65432934
58881858
58829585
65256276
58385013
58758382
58763743
65376113
58807835
58542976
58207734
66307288
65907042
66168501
66605156
65750621
65258270
64564522
59992849
60055944
59084370
59141234
58854083
65660883
65358162
60403876
66158163
66071355
66390604
60469126
59704368
67108010
60456793
60471507
67618418
67721628
61913587
68406032
61761301
60562540
68594687
59924108
59597729
59429510
59493037
68882407
59554064
58958959
68247938
68037297
66616640
58995282
66846205
58906916
66373263
66208743
58848711
58162152
66373248
57510109
57879532
58116690
67286865
57899237
66882711
57616010
66917007
66286260
57680325
57349784
66877509
66702669
66653878
66823583
58357733
66685032
58242334
58231968
57939417
66583753
57933602
58055651
57414404
66584566
57501729
57250698
57292805
66946196
66599438
66885060
65967782
58036243
58273877
66341995
58276293
66559599
58760168
66842056
58339151
66532442
66269192
57987803
66295197
66333234
58514385
66476472
66030938
59116235
57041262
57181849
55706574
66761767
55584353
65019520
55713603
64138105
55684287
63902570
63629020
63751702
63643734
63173202
55418878
55621797
63315071
55588160
62657372
55733879
62511091
55903995
62514135
62428510
62587398
62417568
56180742
62265308
61994305
55929184
55672311
61754222
61707149
59636990
59435742
55722714
59758542
55401072
59851716
59350127
54602530
54684403
59792713
59790799
54200976
59596102
59607311
53225326
59169843
59437160
59427437
53570770
59086314
53642101
52975712
50123732
59558632
50477769
50554508
59655283
50690656
58479645
58556848
58663297
58697780
58274630
50887924
50660565
49705305
49691512
58903632
48854944
48686260
59114424
48578354
59250423
59144059
48444828
49233923
48897615
60349165
60182130
48022951
47922345
47439050
47807003
61133195
47830615
47347292
61589700
47354588
61740696
47229652
45839072
62549504
46333511
46213513
63710868
46735528
63732021
46828434
46456005
45292124
45112522
63872221
63862470
44835937
63771060
42848588
63576114
63896529
43327098
63961599
43103478
64061108
64206997
43393348
43432159
43691180
64253353
63864288
44462086
44423576
44194820
65431492
44162852
65017268
64776150
65119221
64604411
64502046
44835936
64338385
64485401
64583697
45155220
64403168
44753648
44733470
44758606
45057302
65221784
65053343
64498214
45124204
43434484
64667070
64738243
64727210
44235690
44202636
65197322
64686395
44505493
44384130
42910736
42506008
42470022
41832841
65659922
65592533
42184153
40995128
40837618
65553188
41467339
65738261
65611158
64398431
41561533
41754240
65035541
42174533
65199277
64993137
64998720
64904666
64838402
64584175
42653407
42707491
63872103
64322707
43495616
43168194
64616900
64226763
64192605
63181764
43967532
63731603
44234172
44465302
64247961
44508361
63405298
63789334
45064089
64116996
64416050
45309445
63971483
45201075
45016258
44804361
44670529
43303914
63431550
63274948
63327104
43132391
42947232
42965704
63619208
43612980
64311534
43560030
44113524
44270452
65290575
65370419
65722366
65865112
45455928
45570117
65953974
44948197
44790342
65931758
65813884
44789824
65827304
44006907
44314805
44485861
67373366
67181161
44535991
43997754
67345681
66712422
44988115
66372901
45120416
65713076
65703992
65195799
45499462
45383163
45346814
45255849
44645708
65469256
65469819
65481589
44743897
44458470
65808784
64809104
64716477
44640965
44564772
43988026
64089060
64211961
63882286
43954165
44189282
63610182
62861922
62540130
61565403
61065645
44587641
61225063
44516581
44582182
43913934
61973900
44120468
62691359
44606170
62780291
62719382
44566669
62864069
44287855
44330649
44371800
63077929
44347226
44219096
63489510
43511027
43312949
62924826
43557038
43756625
63673915
43927172
43851787
63795303
43913443
63848625
63781626
63311339
44838694
44669094
63886797
43908737
64051603
64148842
44687293
45178372
45346042
45262339
44967346
44149876
44636235
65157209
44548637
44388289
65299565
44288087
64804884
43774469
44048065
65677656
65374871
65543224
64814335
63979585
44056732
63812575
63776309
44069785
63598590
62892837
44206137
44260937
44616042
63388280
63590549
63473314
45369158
45454227
44987255
63399598
45072721
44877387
45174539
45190971
44860618
65017002
64757857
45123614
65179183
45257676
44113292
43557432
65444693
43216452
43385907
65810855
65772949
44160568
44054372
43740574
43541176
66509802
66151985
43830753
42948036
66380289
43951365
43760401
44250351
67668474
67850592
44645973
68284205
45137610
68417014
45484256
45407409
45089002
44843259
69074143
69086092
68885972
45300636
44464717
69110401
44253500
44013324
45129532
44912131
71414404
45076429
45014547
45176623
44291865
43715284
43422747
72961482
43366777
73170455
73032705
42687124
42247816
73072727
73332119
72472970
42958995
72644142
72797407
72778096
43757399
43614476
43617189
43759570
43227438
73313573
43692579
73754237
74274253
74102823
73769369
45052491
44273668
44443733
43888628
73196168
43517009
73135813
42266393
73220233
42513777
73775268
42566359
42755069
74293914
74396824
43228577
74193920
43615766
74326531
74241296
43690405
42978213
75050778
73822087
73929694
73049287
73169277
44009393
43770832
42641271
72738504
72021725
70839848
70746381
42861508
43340924
43793068
43853113
44382609
72922661
72848814
72577565
72619800
72662921
72795104
72625660
72475761
72564366
72424353
70891789
70702033
70986240
47124966
46730260
70851704
47308308
46697547
46605895
71738973
46835988
72111909
71817063
46717358
46630157
46520241
72369991
72231609
72204554
72057301
72893151
48078063
73163593
72915961
72861789
48384190
48253357
47718800
73477942
72999234
73007259
47936586
72127900
72209624
71113619
47649692
70875048
71360283
48193751
48292157
48237541
71976142
48414957
48376291
48271942
48325247
48344110
72156879
71882276
72078181
72084572
48303751
72174979
48475300
72756640
48684361
73118528
48891689
72818580
48158368
72743319
72408449
48834487
73210462
73148209
49316573
73431117
49004072
48352044
73481364
73203380
73058164
72595904
49636234
49252038
72604610
49486580
49692687
49164980
72830549
48729995
73185784
49180367
49018509
48486221
48682986
73783596
48396857
73426273
73884603
49093905
49249633
49212240
48972644
48060474
74464591
47846266
74071042
72405692
72388771
72029116
71668355
48574764
71392090
71337340
71653115
49081573
49018397
48674695
48425531
71875080
47956165
47561830
70678618
70273964
69656718
48389166
69780131
69788185
49050486
69883461
49627214
49624746
49563583
70904329
70829742
70275179
49623274
49673452
71078069
49928868
71316950
71096931
50112616
71100117
71108813
49810010
49733185
48756425
48682987
48299175
71096533
47934255
47572352
71384020
71874432
47759517
71599006
71664021
71749564
48050572
72069012
48268534
48219219
72319188
71762413
48214480
71172549
48374344
70587714
70487459
48321137
70635978
48968575
70870399
70650512
47733589
47486004
47334185
46936990
46797916
46685786
71304147
70998210
47307330
47319358
70385325
47213426
47058008
46995419
46503947
45692004
45980538
70830849
46351058
46386433
71266130
46737778
46516231
45528666
71995989
72021268
45722809
45493275
45393217
45279326
71936638
71627083
71439465
45626917
69185881
68902192
69718723
46680667
69261080
46748115
46476817
69347692
69258500
45999419
45753604
69682152
45432236
69842660
69830506
70111425
70332056
70257006
46080450
70122700
44932183
44943186
69919602
70546196
45774128
45334975
69855872
68180168
44662278
44300779
68492692
68005491
44398204
67915812
44028364
68167017
67858565
67299097
67447256
42789116
42806692
42725197
42787161
67723419
42801999
42476913
67187410
42982352
66698749
66792098
43575783
43437514
66940296
41646316
41557968
41858914
67274374
42110159
41708497
41486068
68110037
68119614
41153002
41012451
41291299
69613790
42691927
42566763
68053007
42835144
66828794
66626622
66694181
42942027
67031540
67263178
67226452
67102703
66902132
45007309
67581651
44599201
44255727
67608686
44372964
67321528
67073378
44902220
67368944
67260087
66667790
45537063
67190517
67098124
45377467
67175043
66632644
66934116
45715753
45272162
66646489
45219279
43886653
43885136
44048399
44256713
45285784
45370672
45261021
45220072
45271898
69461712
69525110
68860393
45856212
69036603
68925337
68569500
67904460
67898350
46040562
45446214
68108474
45690078
45814290
46237533
46320715
46705309
46061226
45316366
70347580
45381438
45555689
45585817
45590816
70694225
45622807
68998120
69280660
69390821
69326434
69520668
69346294
47247714
70280432
47037746
46445299
70831735
70242682
69998568
70183671
70191811
70263184
70084326
69633215
69308142
69410182
68667110
48126610
68786193
48181582
69142973
68531448
47835198
67947064
47959408
47657858
68405630
48071828
68354817
68791764
48712124
68340855
68700806
68702346
68705580
49698708
68629957
68633554
49808919
68941798
50209472
68758135
68087426
67256846
67448563
67284347
50756383
67438527
50587254
50435380
67440566
49901666
67035537
66785283
67113599
50550904
50104331
50093308
49892727
68259341
68597376
67721508
51529535
51422659
68035296
67288084
50904790
50809664
50719796
67241201
50971048
50666306
51366583
51558988
51149538
68844997
68727398
69082741
52207348
52149161
69058204
68597282
68215568
52301587
52348840
52282036
52358154
67711204
52236054
67887863
52185192
52011280
52134396
68296124
67520027
52317206
67526178
51927383
51783995
67705684
67840552
52067939
67806907
67988395
52720885
68116210
53057120
53525307
69327822
69189795
52469000
52154442
69433966
69330007
52747011
69244925
69407679
52858619
52809288
52454149
69177021
68969492
52029526
68631321
52014216
68076005
68152787
52309758
51772558
51873270
68839267
52094272
68332328
68213271
68150597
52557540
68591630
52515471
52276587
50811768
68856749
51135678
68430775
50783834
68174038
67744409
50860036
50668452
50689981
67926353
68374548
50741891
50120584
49847892
49916257
68815987
68558731
50208432
69105604
50180926
50141340
49743719
69500301
49894436
70236670
70216897
70718170
70564968
69990808
70085083
51976500
69160907
51989285
51746199
49910754
49914094
49769977
69661148
69754400
50003978
69100553
68537725
48505690
68251015
48887780
68194999
48916422
48450227
68289313
68569946
68701853
48401895
47334072
47059842
69295730
69155051
68197203
46786279
68776993
48372846
69372252
48754318
48611522
69942586
69721866
69496988
49663360
70071217
70303783
49968912
49720704
49714734
48841693
70537711
70624240
70305500
70254689
49620649
49324084
49504619
70505673
49724970
70292661
70289277
49257121
48831894
70575337
49545266
71834385
49949556
72295048
71617459
50379637
72613379
50391853
72892811
50824340
73122090
72293761
71440039
51289259
51266246
71907276
51518283
51701844
71822163
71387358
70976717
70079779
70043261
68272558
52608290
53000534
68821387
68493470
53893005
68785850
54055116
69016612
51774029
69019670
68545929
68566997
68522515
52714359
52995701
69359363
68743753
68245991
67789041
51885895
68017552
68040026
68159654
68089885
52640171
67564454
68027255
52849179
67639574
67724934
67314455
53063696
67136447
64570844
53341303
52695420
52358979
64829905
64582096
51604870
51650582
51291162
50532538
50405171
64985985
50540347
50503409
65073306
50001181
50089336
50460250
50167680
66160448
48806677
67115182
49769169
67675281
49971157
67647554
68015883
50509654
66008526
51161120
50957337
66633197
65916228
65949846
66000400
51971251
51315423
51021367
66331742
50989607
49939119
49857409
49886804
49874991
50717102
50996887
50830254
67690995
51447618
68607436
52251742
51562890
68315866
67796672
67830082
67660194
67440182
67538072
51435320
67384288
67452839
67144957
67278048
52282773
52181095
67521331
67531108
52099585
51543151
51196124
67938455
50542728
67686953
50751366
68006283
50591032
67783215
50008643
67335976
50353367
50526857
50611790
68176580
67800412
50928001
68083492
50771830
68402661
68826316
51691160
68761131
52115299
52039041
69985629
69961494
52224255
69661089
69434895
69427604
51984226
69359023
52524086
70339571
52932074
70530128
70461699
53395674
53137626
52992512
71394183
71803357
71792500
55120786
55100709
72341139
71116734
55816272
55486015
71435289
71903171
71602529
56093334
56367876
72109663
56748780
71837548
56058277
55736314
55692503
55920372
55508782
70577455
53167776
70534913
70107760
69727708
69782377
69988401
53683959
53944650
70116733
70159898
54468979
69369542
54730017
54831353
69702964
69450040
69484629
54613536
54006317
69565911
69844658
54064900
69782094
69362856
68021447
68257712
67757326
67592833
67576071
55085997
67986511
67678581
55416097
67671142
67695843
67131088
67281199
55327437
66625306
55419257
55595825
66838074
55566462
53947879
67595249
67683470
67261234
54020618
53969252
67158096
53122360
67086380
52497591
67082811
67108691
52695921
67249864
66814389
66311820
53526244
66865278
53906963
66527954
53270609
67320725
66370794
54786814
54674764
54728872
66834931
54907411
54839937
67326193
54173699
53308188
67445459
67742836
53814724
68351556
68017505
53551838
67527296
53494020
52558492
52437373
68128685
67849971
52513489
53070917
68753891
67977174
68170505
68225125
67964416
53374697
53326114
68431161
52565083
68046362
68702222
53662844
53404640
69164957
52106865
68538742
68210143
53174899
68422448
68172985
52786521
68325005
51860397
67951599
51785576
67963407
67593202
51885438
67958448
67896094
52038073
67762241
52168287
52295514
67889308
52220285
52311706
68153674
68179030
52439017
52446281
67927118
66832328
52828106
53010086
53404809
52874972
53361483
67730826
53453921
53460615
53251766
52539961
68801218
67894359
67510707
67217540
67064691
67110538
53004169
66790033
52467625
52150980
67050112
67452551
52821768
51994139
67294957
67486605
67892279
68255216
67399202
67611439
53913369
67416035
66920322
54425712
66683687
66959607
67047757
67276465
66538589
55617181
66908652
67039490
56269988
56239912
67088151
56411001
67040199
66578380
56825037
55840846
55605846
55699991
67150205
67058750
54895194
67036952
54080318
54338252
54124278
66997441
67019527
67162591
67207226
67226280
54391843
67480436
55511131
67613271
67801426
67238132
67367042
66446151
56251765
65586704
65135946
56513325
57152477
57145096
66560838
65960076
57489875
57470635
57491635
56763310
66202000
57305218
65887889
65891886
65793742
65868669
58474586
66462686
58329485
57904535
56668288
64938813
63799437
56800910
56792535
64476339
57097742
65652585
57978873
57861848
67168144
57842907
67293701
57730227
57657928
68278805
68132179
58618562
68521165
56697090
56869195
56134989
55903017
55817788
69633319
69669848
69714660
56166677
55608964
55952030
55922875
70324009
56133476
55973118
70781964
56433150
56424151
70732591
70632491
56406947
56442023
71043767
71209108
56364512
56096471
55858889
55903737
55821048
55632855
72290682
71589552
71752908
55405254
54949594
71336528
70696054
54340721
54367302
70428069
54456763
53716053
70810244
69664941
54355648
54590048
54862065
70900407
54993374
54914151
71292601
55086678
71853874
71888606
54768964
54631337
54354063
72545465
52983244
53176589
53324147
53118290
53189109
73136351
53938926
73887607
54221873
74283971
73637166
53893722
73248557
53951887
73499726
53780130
53961004
53974748
53581035
72960136
53245263
52159346
51865525
51984207
51011712
74598845
74060231
51449960
51496042
49960599
73973790
74085718
73719984
50336137
50452757
50030766
74219234
73883887
50168203
49752969
74390135
49971652
74676592
49685556
74752237
49682818
74786611
50027299
50360488
50406652
76048233
50135029
75760698
50144857
75542313
75435270
49928595
49954271
49549298
49117065
49183474
75575779
49306290
49217604
76349273
76189070
49149719
76383983
76068451
75927889
76356755
76301020
75808618
50009758
76539521
76445905
76476510
50913851
76862486
50761031
77380876
50677395
48798024
77511876
48490763
77502771
77449990
47262483
46857647
46910679
77893840
78085049
78047753
77206131
47660218
77306827
47818116
77779915
77835396
48237453
77778787
78137194
49020701
48985376
48874259
78618029
78136740
78024577
49092092
49116434
78651561
49258338
78109204
48249816
77814996
76601295
76514753
47789990
47137602
76844017
47399722
76446761
47173813
76432671
76399978
47786528
46912894
76203975
48356721
48487281
77702801
48625006
77771783
76814888
47874817
77788258
47751930
47301828
77260675
47444721
77179837
77049204
47771633
47367504
77010922
77213516
47607135
77250245
47611368
46458858
46054181
77649893
77011414
46005930
45602952
45702695
76798003
44830384
76482689
76145689
44779071
75607673
75719219
44999143
45036552
45013902
75935589
75819464
44778858
76103745
76238804
45084527
76245002
45843074
76453538
76774985
75798004
46375599
46468295
46102057
46115408
45641476
76658228
46135561
45654647
76970741
76559604
45900060
45398602
45417548
77229396
45665562
75997003
74982624
45822437
75347164
75298588
46167292
75489036
75345998
46204668
45260523
45388789
45548418
75950011
45689813
75943275
45537473
75727309
45877670
45245968
75422772
75392080
75535381
75144116
75262105
74911590
46181766
74986813
46624415
46313340
75643527
46524444
75707885
46293291
75410104
46100664
45706124
45930397
46332243
46208432
76696663
46581560
45947057
46116660
45134029
44845112
77759255
77538840
77573852
77192982
44882039
44609655
77431085
44535879
77493706
44577948
77588367
45031306
77779070
77373714
77353637
77502177
45816700
45376049
77306998
77142945
45632172
45730247
77209881
45410625
77388858
77992480
77819146
76997296
76859119
76765011
46504593
76435039
45840129
46131427
76786404
46266598
45827028
76917776
76755844
75608726
75495581
74951458
46525804
46549109
74907180
46072141
75141811
75195351
46540752
75210669
74278446
46472992
74226336
46728664
74625755
73391920
72410889
47324386
47103409
46478183
71765860
71777151
71082276
71739024
47778000
47924846
47610657
72000366
47979866
71487190
71231608
48499464
71222909
48459921
70601736
70479174
70077021
70265496
49630627
69763807
69611791
68541631
68218950
50722566
68946122
50868351
69017296
50923195
69225465
68966978
68339198
68435271
67200800
66674165
50948991
49841681
66348680
66275740
48669526
65777213
64042322
48390453
63525788
63236197
49288682
63647097
49578368
64141103
50088415
63829001
50068247
50407055
50576660
49458342
49079879
65473655
63470177
49468647
63391207
63125482
48795549
48811903
48788230
63352636
63175753
62877644
62726084
62234527
49834654
49753830
49662483
49712356
62759906
49331846
62844652
62728489
49340971
61691704
61461962
61328168
49154682
48800748
47847628
61602541
47974794
46519631
61491616
46672116
60749902
46959579
46942384
46088879
61426735
60955290
61457232
61654846
47061844
47069107
46719212
46298179
61721093
61746592
61823900
46583521
45734142
45696547
45433142
61771572
61779354
45190491
61705763
60882621
60434290
60314349
45943480
60691049
61459802
60843566
60492078
47194295
60984213
61108375
61028813
60610743
60615122
48783263
48652279
60796633
60486252
48760908
60440925
60479193
60584516
49207042
49154977
60118911
60174250
60107583
60189949
49533500
48608477
60564432
59667892
59274178
48351476
47664936
59585578
59215339
59326004
48760190
48788066
58043703
58154387
49064391
58302539
57915341
49747226
49253729
49725544
58429183
49599082
58522840
49892037
58780253
58162484
50507714
58572486
58666637
51159018
50596247
50279321
58110133
58097163
57911788
57921620
57872919
50581531
57992358
58051078
57835260
51225842
59366368
58535525
52868797
58404845
58105418
52976260
52797425
52823445
58469134
58306097
52773209
52855200
51290487
51182001
51499077
51464856
51509890
51176548
51054970
51215841
50844234
51070644
50301101
51008100
62054728
50794125
60911524
60937128
51521778
61479908
60831342
52058549
61151339
61036700
60603553
60705854
52141356
52076121
60612472
51845514
51756456
51543179
50752026
50737126
50299360
61402052
50215182
61083694
60989858
50860064
60820393
49709113
60832418
60872175
60578900
60777050
60511551
51339408
60828646
51151568
51229879
51075631
50460951
50477485
50296279
49890481
61964800
49676459
61265396
49359499
61475323
48977866
48578029
61801840
48780344
60464972
59177439
47829377
47621416
47746579
59728002
59863268
47909982
60140582
47687724
59610101
59469811
47835164
59207783
59292616
47250194
59546703
46361752
45996364
45800353
59773175
59554145
59687913
45722695
45784152
60160664
60222260
46652110
47021610
61411133
46267371
61307059
61175322
61068276
46577182
46127375
45973017
45597026
61559766
61881519
45755326
62025931
61522642
45928188
45889920
45091822
44913806
61788772
45015736
45166150
62145864
61844967
44436422
62068611
62272729
44529923
44772688
62287098
44945427
62995300
45563168
45545607
63262985
63008680
45276116
63015171
63204280
46105078
46382393
46287914
46616885
46456194
46047714
64195071
64200349
46635748
64431423
63546672
46553453
45492912
63650838
45517215
45676755
45706415
45090646
64377145
45767933
46018274
45947400
46113545
64620483
45745492
44982307
64858519
43514592
64663065
64675496
64644306
64529971
44510021
64644501
44191598
43705106
64695408
43936061
43207754
43560596
65219292
43207419
64906235
64955474
64929527
64947665
43468746
63974169
42454732
64229778
42703120
42330350
64057842
41654276
64111537
64109553
42003506
41548360
41186020
64362747
41159864
64857786
64907561
64667085
40949106
40125847
64937920
64855848
40530421
40428058
65006353
64651095
39981903
39459853
37735376
37380851
65032109
37478745
64654378
64281673
38038575
64435218
62447324
62581121
62660561
62739570
38697326
63176742
63371619
39835683
63078578
63003559
63098336
62348214
62084838
62117999
61845592
61885020
40587562
39971391
39678321
39425253
39627672
39889074
39983424
62955387
40293808
40233281
63540893
63116010
40056778
63188954
40153079
39571005
62897348
62895399
40024358
62565959
62720052
62351090
62809793
62763466
62077120
62377129
62531089
41458864
62744337
62680441
62514939
62121712
40989088
61639345
61643521
40514335
40508480
61750849
61219591
61436649
61919690
62132003
61877354
42685635
42640334
61926742
61791639
42390871
61485949
42869370
61941017
43526505
43404362
62365292
43565711
43445812
43460609
63442246
63408120
63395153
63350048
42514775
42337010
63056292
42219775
42126904
41867910
41623440
41634335
63553243
63550376
42299167
63324290
63223934
42281445
42238969
41841362
63160617
62946741
62939082
42617735
62943557
62423268
42774629
61838687
61660917
61802608
62134918
43461900
43401085
61830412
61053709
43586870
60933190
42969933
60931287
42916769
60990141
61043725
61317864
43251876
61105113
61161935
61180294
59650738
43734383
60185246
43835776
43653952
61026402
44527747
61267839
60532365
44347733
60685196
57176018
44888889
57651941
57464086
57010138
44846986
57222754
44162559
43855897
43167700
43365964
57242399
57364100
43577392
43414646
43303353
58107577
43379840
58197188
58171333
43642389
43729092
57598047
57705634
45017599
45547100
59309992
58989263
58963398
45960852
45874560
45625303
59343274
45844388
45546670
44799197
59929895
59967746
59746781
45213998
59688339
58559096
45651590
44987113
59010352
44730023
58822477
58496508
44988835
44906678
44823131
58791348
58794740
45072116
58661851
45289779
45532008
59198710
45926207
59233390
59243374
45887897
46240553
46219443
59911566
59813818
59595434
59176298
46842245
59100869
46326800
59320218
58961749
58579163
46509719
58209477
56983279
46876347
46879651
46770163
57318411
46534406
46355775
57514568
45518015
57705722
57554493
46021592
46038720
45742062
45783364
57959898
58060926
45924441
58265064
57696883
57458382
46208074
57434902
57332427
57259508
56864972
55926640
46444916
46504433
46401464
46385056
56119882
56386108
46991574
56662536
46718388
47039470
46991293
56609228
46815278
55452858
46766921
47056052
46816388
46833911
56534039
46756148
46752432
46842285
46970519
46838111
45884554
56674316
45159338
57308474
57198637
56649194
45026990
44482855
56196004
55161640
54722442
44897902
54986218
45079951
45090305
45086543
44790148
55518613
44886233
55752035
44539646
44494447
45240018
45070752
56488130
44954787
44655872
42519365
56636572
42417076
56032357
42091910
56381298
43210109
58104605
42233511
42427078
42326610
58416486
58997245
59137794
43058448
58852975
59209690
42878065
59375130
59383184
43210884
58925107
43128136
42680845
58838919
58864333
58811739
58560852
58542511
58408604
58571036
58145745
43906636
43595618
58648766
58304897
43761592
58854060
59079011
59068053
45065720
45146149
59236960
45426291
59349942
45812461
58877888
46453835
45874883
46217409
60431151
60641661
60673451
47202937
61130813
61576783
48547098
48633892
48834463
47963582
47913660
47658873
64149625
64339827
64225607
48352684
64324450
48495445
48039397
47260688
47402950
64566609
63658429
48434724
47748448
64909569
47392624
46680269
45938723
45804562
46005249
65332583
46445273
65362482
65537493
65332159
46438604
46360436
65564614
65649744
65686746
47543390
65974119
65973406
65702511
65495043
47657170
65131527
65578941
65749879
65879586
48428173
48140831
48376206
66638694
47379213
66767747
46818506
66812011
46838974
67280100
46854556
66964110
66511735
47024320
66324375
46619924
47141245
67064177
47190303
66834271
66913855
46909608
46448598
67151767
46602105
46623011
46723664
46462086
67603022
67068963
66150724
66190208
46941102
46854124
66583495
46379356
66960774
67198981
66891889
47119628
66851229
66629617
66562860
66031721
66350458
47927293
48266214
68481927
68451053
68484725
50553310
69545761
69585690
51098602
69271266
50423178
50630524
69538987
69504259
50740086
50581602
50439112
70057065
50249828
70040726
70411965
70158266
50633621
70358856
70255068
70046011
51012329
70220662
70287264
70391500
70060611
52253945
69560329
69232895
51770176
69284976
69116369
52364347
52335026
69479168
52951914
69352013
52636915
52455154
69898769
69864349
69732594
69137671
52438913
69156400
68602895
68401030
52607237
68412369
52531889
68631620
68346086
53291078
52684170
66744669
66654091
66725334
52849560
52772512
66643035
53337909
53230560
66263454
66042313
53011765
66109406
52707549
53044294
53381174
53253173
53303837
53443122
53232383
67366119
67127423
66606764
53387070
67436809
67526698
54568168
54529512
67305963
53862302
67793739
53907929
67561050
53660326
53429848
66671853
66743175
53900314
66981785
53861160
66548488
54293021
66696441
66763054
54476030
54174178
66965059
54154877
67098571
66906089
53628958
53751643
67038412
53918552
54061047
67667510
67599055
67538642
66886371
66646337
66391789
66784987
66204286
56302776
56267631
56187555
55373224
54116025
67044900
67963216
68091921
67955708
67902519
55751020
68571905
56356344
55472825
55010164
69014548
69322243
55623706
69699877
68977606
56027990
55994204
69319557
54852326
54573117
69471860
54598987
53448983
69424911
53437405
69283057
53234613
68325182
53378767
53134785
53057899
68867053
