43188
52890
17231
16550
17099
34010
41794
14780
14044
14726
18094
46671
12311
11853
15821
13092
14160
21817
12890
13564
17921
14895
18111
15584
12239
14882
15697
12480
24682
20062
16226
27716
19360
12011
16143
15325
13343
14306
11202
15272
18551
12654
14209
12822
14856
13573
15219
12120
17596
15550
14069
11443
17149
11688
17215
16097
16331
12426
13819
17920
19302
18422
12899
22208
13477
21033
22368
16544
27286
18389
20300
13577
12904
11928
10064
12086
12483
16571
11926
13273
651483
26161
55325
20039
31843
842840
39892
15104
25470
17068
2204625
66602
128289
24900
12371
16496
13464
1365557
15119
155494
28515
459196
619199
143772
13187
11880
13309
882679
88167
592055
693612
160689
194590
17861
14192
692342
46752
193163
15753
269851
556787
15115
420657
12561
225151
12988
10067
514361
35869
12849
10526
11515
14003
13471
21444
18586
2269539
31809
323173
20965
697874
12512
13384
614224
421574
42303
49499
11813
201344
14192
179686
12891
556056
186701
13059
433860
11277
13143
950542
37755
14742
11520
640367
140011
197579
53246
14087
13189
811134
77718
12152
143868
336863
150922
311278
69226
12204
12549
13642
969414
12136
1184692
264738
58851
12048
310289
210763
219507
15583
11734
15100
15580
945699
427051
27963
177937
110072
88873
13694
485362
213336
173007
109472
13710
149006
377649
14076
347690
16031
17450
11284
758840
12752
20493
550335
14819
156096
14850
12554
10032
16559
48359
10876
11102
2060082
14960
206455
11284
237645
488033
189690
693031
474881
753665
13705
13382
152803
137687
16759
11254
14202
14228
23658
15372
597363
222971
16091
548073
208057
15518
189846
18856
15348
12871
1378050
15500
332525
11757
13028
579418
96160
14220
335221
12319
20968
24472
1055038
14453
12170
199666
66992
32223
33093
53893
13657
123556
266040
27690
48389
20650
26482
333023
113930
54826
13004
13964
14986
554378
17129
16939
11978
13678
675699
659297
25152
12563
1147161
40733
334695
301323
104764
15671
762480
34287
68833
210770
43964
519205
14314
13121
650894
35159
16145
11829
13673
14140
1729523
14180
344259
48176
239824
13806
13534
17230
348485
24164
14354
14184
13147
1351987
159636
477980
225795
13974
15374
929213
226928
47075
323389
14714
12325
557065
235062
99057
13113
277949
259929
42119
12188
439508
379290
17759
175666
14320
12240
339626
19306
15760
15091
13882
630576
12557
14780
468422
14914
13222
16559
14447
12920
13155
1059405
15043
11560
14939
12304
1508339
13382
3399164
3281034
3444235
3446373
2796375
3064397
3162156
2853665
2480092
2478666
2531909
6675963
2998069
3794688
5289003
5337969
10089643
6612479
9606253
9264838
8733966
8242786
8086697
7893947
8515169
8567981
17277797
9735237
9832267
9852385
19876843
10664338
10705623
10700685
10549242
11025913
11262352
20490880
11868180
21465324
12323771
13023661
12267524
23458078
12931829
24050117
14124238
25780424
26951284
16871320
16770348
16761105
29682020
18143016
18670233
19921112
20663509
32964625
21162467
21100898
21086745
34319123
20996957
21136071
20845433
34799166
21104068
35975255
22306648
21564901
21901993
22357463
37809023
22721074
22664264
37987772
23011777
38754188
24779903
24753380
40327267
25076916
25010575
24884662
25398371
26146349
42770257
41749846
42642135
28141706
43199024
29681267
44721488
45001468
29795358
29909752
30522248
47406605
30954854
31139498
30482373
30596155
48621503
49205474
31382148
31884906
50531498
32353432
31320778
31919024
32805545
33935035
53750969
34136089
34399980
34945366
34543544
34826295
34737034
35001908
34671760
34399478
34353688
34507034
34012685
34182367
34324690
59172092
35371338
34954252
34979231
34579976
34469230
34111964
34376387
34076361
32568853
32476152
32575871
61563125
32158078
31898525
31817860
32796348
62887321
63388468
33317614
33206005
33093114
33123923
33617100
33927208
66224789
35446860
36233215
35703850
67724149
36568832
36758348
35621588
68925503
35893056
35972676
70598807
36596455
36601170
37039944
37186960
37405840
37332912
37405235
73610531
37432742
37337992
37302983
37590325
74627225
38657321
38634353
38673093
39212191
39265920
38811683
38988919
38815662
79522833
39398394
39674202
40597093
81331577
40917459
40944382
41219583
41088845
82529264
81804198
81677312
81720120
42257806
42532377
82520309
42796697
83434182
83920993
43020873
43132438
43344973
84619630
43910569
84912565
43889738
43949359
42998079
42386804
85671240
42079757
41649245
40757099
40689168
40572286
40755100
40530232
86736262
41144721
41018674
41062086
42017426
89945315
42164742
42531962
42864554
43525760
43558995
44279666
93525692
93997616
47357380
46882706
46546802
95522532
95770483
96452934
96752020
96181153
48727717
47626665
97677397
47698848
47864514
48562312
48874810
100929563
50407120
102823395
51606460
52494766
52110788
105851206
53782132
54165612
108904486
56063140
56142661
56520039
57128639
56913612
55552449
54670004
54732473
55173840
55261963
54943384
55247167
55169951
113992985
54646667
55035424
114732044
55247164
54927727
54802986
55280952
115812342
55664758
55909619
54829183
54943549
55890416
118074504
117627400
56132540
56517456
118697066
120317671
58448286
121114444
59609238
122653977
59978161
122622585
60531460
60236807
60176735
123210378
60251092
123495070
60375954
60659159
124122989
61981752
124274747
63514688
63416962
63719271
63015114
126197453
62493103
63064362
63284451
63475974
63664562
63739232
128887196
64193988
64807857
129716363
65706865
65891364
66184676
131227464
65044417
65089359
64879128
64715012
64627149
132568504
133453794
65719261
133956203
134146026
67040201
67292559
67217178
136111946
66907254
67051194
66719033
67027572
67245383
67397844
67674702
67948251
138684913
68652357
138318887
69085662
69406319
138931088
69584913
69635120
139516950
69160475
69295608
69591048
140986579
69286832
69706362
69895555
69504549
68962091
141966359
68639208
142829114
69261504
68539393
68705124
68362047
67304453
67334307
143872921
67366299
67703447
146092376
68792482
144588652
69120875
70001005
145709818
68832096
69271375
69251979
148645262
70662363
149705643
71288221
149859721
71967637
72069140
150698447
72793545
152060807
73185551
73370709
153679804
73344528
154371482
73745432
73777576
73058546
73081434
73169767
72918416
72517028
72063782
70982383
156076359
71251617
70528285
70588228
70521619
157202005
71139163
157709520
71664223
71807095
71730974
159167315
159111246
72971689
161182270
73887130
162284023
74911231
75064606
163089607
74888564
163525706
75414914
76348174
76893038
165578359
76447236
76250563
76469975
76895544
167198620
76679711
167223184
77318001
167326261
77600569
78066849
77933763
78466691
78622728
79319484
171307127
79589208
78938489
172409195
79840384
79780652
80176860
80663442
80359044
174063037
80139025
79700236
79041185
79561924
79992261
80504486
177327953
81005904
81020101
81170129
80999407
80896209
80952816
81695143
82074008
81490738
81734361
81493700
81207994
181709253
82176684
82526111
82942729
83034277
83008288
83411211
83632199
186263658
84221610
84361830
84857049
85055733
85011871
85328310
86188134
86866347
191088094
88508448
89294215
193838182
90733594
91573116
93145648
197115974
94350509
198567733
95504932
97139297
201032434
97977119
98063886
97020384
96765375
97093014
96969036
203692136
97555866
97927205
98025710
98228690
205309682
97955730
97638559
205309610
97913464
98114489
206608588
98633544
98401818
98366861
98581694
99317426
209777612
100584668
100001826
99857760
99558324
211542970
100064745
100004526
100158938
212149927
100216984
100645359
101197309
101454919
100894164
101845952
214668939
102236157
102721100
102472849
214706492
102696822
102804867
102134785
102686559
103036382
103513179
103105490
218067536
103686606
104744361
105370276
104994615
104831875
104303910
104329234
103465620
103501665
102789167
102703811
219082300
103249817
103066408
102749935
103021102
104255611
104478716
104666309
105029446
223869555
105719374
104925427
224467896
105872649
106486115
225241569
105564105
105472539
105179231
104396655
226218122
105259258
105422284
105360428
104627698
227478977
104288305
103752122
103458981
102818721
102810711
103303873
103363783
105333699
231008575
105543091
231330410
106449649
108198556
233783309
111263554
111854828
113146954
113741529
113869261
114320464
115163307
114844706
115369860
116309187
116708960
116887266
117186379
117068864
116614189
117712112
116791514
117028269
117440650
117414175
117318793
117725827
117573545
117860555
250555423
117764604
118045905
117274346
117648221
117719493
117558305
116786310
116592557
116631383
116497889
116540649
116562073
116646712
116543169
116137209
116021271
115821280
115003527
254577855
115562129
115448804
115387059
115533474
114775938
115080893
116070406
117963698
117997951
260810866
118522631
117949799
117757531
117877427
263328847
118767908
118852809
119331988
119672336
119844311
119988315
120181362
121661477
269017702
121590153
122022859
270032769
269113282
123121813
122199083
122548496
122301216
121807925
272105675
121786785
121673793
121108936
273356857
120990935
122096885
274762995
122274134
275336489
122552980
122749315
276223432
276475616
123032888
121755309
122063102
122437649
122152285
278465719
123054484
123543762
123406472
124128332
125184723
125950649
126127087
126624428
285211733
127313939
126959213
127286601
287782533
127927320
128337902
288681232
128149498
127555337
127362809
127027518
127081223
290477129
127151376
129498558
293584377
130867475
295337689
295500725
131193514
295770647
131374575
131023673
296148608
131221065
131999424
132696341
133511473
299594756
132403725
134415058
135495302
136781337
137065305
304847481
134696444
134796171
134101742
306621608
135294408
136467562
307954215
137167528
137972412
138765188
138785925
138542521
137959422
311439966
138341179
312181777
138124966
312394998
138444802
138715325
138719839
137409915
137306342
137042682
139869984
317710466
140431762
140130047
140841634
139951409
324068059
142150760
143553330
326024380
145149577
328745705
148349405
148548784
148848458
330192050
149047856
149347664
149647467
149022436
330838059
149111149
149351967
146916132
147394100
147682778
147753992
147759769
147873761
333442555
147494435
147507737
148369571
148625206
148553474
146430461
146315230
147186465
148331793
148151173
338341369
148256419
148144553
340040167
148970671
149553438
150072870
150738519
150973174
150985487
151730987
345106827
153055395
153394565
153532563
154520613
156437231
156678321
349661035
157107252
157889105
158101649
158616345
159055412
158806632
352841399
159461326
160643931
161132858
163286202
165453436
165873472
166271632
361524429
165167631
165905567
166099790
166457633
166664549
167020913
366989906
168984010
170482045
170165651
369876719
171416057
170999495
171731511
170909714
171048921
171442998
171743290
171593227
171985260
171275930
170958339
170559353
170581631
169380923
168891619
168773688
168804746
168891160
168114429
168874661
169016632
168793599
168604369
169499718
169676304
170353919
169161211
168992680
383652107
170057121
170018510
170322694
170351394
169370299
169559713
385595758
170129591
386469584
170468719
386457447
170220885
169104442
169120708
169299155
387614941
169487923
387893338
169650425
170102613
169720818
389555672
169442841
168842296
169088799
390843402
170242308
391224319
391651465
391603768
170760177
391677898
391852935
170923399
169941879
392075892
391834717
170150870
392267300
392278887
169909021
392289333
391796997
169366829
169856461
392298034
392317262
170664757
391902903
170175891
391676614
170565947
170490685
390405320
390823538
171428974
391905230
391857948
172802014
391905962
172645768
392491147
173138237
173317011
173455724
393174082
172861228
393443855
172928272
172497168
172912292
394775798
172590992
395496199
173611384
395610920
173718794
395857460
395668863
393475789
174789925
394416749
394272301
176079870
395497066
176249163
176972617
396662874
177865458
396416318
178248896
396958086
397644106
178494400
397958574
179101481
397920069
179315269
398461031
179584719
398554066
397043340
396606587
396284403
179492581
396170453
396274620
396361325
395152330
180432666
395581345
179831475
179662784
180047341
179699427
395817901
179828715
395713625
395960702
180371662
396322436
180807159
396281426
396261970
396292870
180988073
396449537
181471159
181869205
183605373
400604995
400413256
400477131
184197493
184131127
400514823
184259984
183418172
400991190
183292411
400258978
400508436
183916043
184083938
401040670
184464664
401560102
185749115
402350103
185951083
402058572
186068753
402454998
402055535
186665579
185865625
403000167
186127091
403305893
186253041
186308190
403767774
186829274
404331455
187205235
404279259
186756674
187674733
406653181
188259696
407149345
188774624
409402979
191446431
411854791
193683492
412836688
194988580
413389913
413895105
196422513
415265535
199287495
416836988
417409718
201032984
417852352
201574824
417807453
202364016
418460452
202044273
203238320
202675254
201990471
420949397
202595569
422340147
203553519
423491494
204207906
422853691
422709021
204510028
422323284
205201878
423795179
423899263
206030369
206455559
453198359
452969886
453271681
234714274
453213598
453257247
453349943
234916699
235760756
235957316
455287256
236659119
455377079
455169056
237530567
456241266
237737970
456737463
237027978
457322551
456712874
456841589
237240474
237075559
237920531
457208369
238312659
457632183
458137760
239124356
458365570
458714621
239645036
458961823
239873531
239710559
239361823
458806575
239342967
239429469
239192830
239677393
239651803
239648903
239590937
239255882
239278078
239088429
459946048
239059333
459439504
239246829
238908607
238946129
458599832
239041182
239139055
458656963
458740437
239316501
239076516
238460850
237517645
237483841
236168302
236252471
459194848
236199892
458938793
235934334
459059649
459105188
459167125
236830974
459250804
237159367
460576824
238328828
460900878
460830948
460122530
460438158
237464710
236801644
461186813
236889988
461087035
236702855
236432684
461510158
460784711
460650639
460761958
460572351
460369598
460963981
460779425
459765957
238027739
238912882
460789683
238846950
461288197
461343224
461187131
461167541
239574087
461528731
461797548
240260726
462280918
462238161
461974515
240469136
240152882
462409798
462588612
239946517
462017151
462406392
240570903
462284454
461184822
461105554
461476238
241500854
461532211
460769377
460073508
460178373
460990505
461554503
461677633
461945680
462224633
463606802
463200893
463019497
463310118
463211870
463315110
463240913
461409333
461556215
461704556
462287917
462392886
462641767
462613973
462616376
462679640
462594208
462832833
462708836
462974388
463135322
463613559
463921276
464152688
463717575
464972239
464295350
464095534
464860719
464798538
464651439
464571476
463806320
463941729
463175220
463777739
463715381
464201080
464120134
464313523
464588169
464177811
464364309
464369787
464458201
463072330
462528627
462272279
462333171
462681279
462650226
463055375
463648803
463589105
463974178
463798536
463620793
463941999
466297005
466098158
466436876
466386188
272123931
466709381
466522266
272086417
466521383
272059902
272101382
466929638
467068443
272686176
467141808
466451537
272866314
272454142
466650610
272276959
272407647
467079356
467182242
272068780
467442805
273014685
468241994
273067017
272810569
468152574
468267249
467731449
467650022
467311279
273993511
273920984
467926482
273976723
466755830
466324548
274248642
465759847
274680656
466071985
275064382
466751781
276273319
467210671
467063050
467356680
277161141
467725176
276510594
275657713
467997754
467584861
468080554
468237028
276497832
468246740
276144212
275976362
276093600
468979480
469174064
276846645
277184173
470801223
277387144
277323495
471187782
471197639
471241121
277786212
277925987
470549317
470510896
470133470
277473029
277533366
470423997
470304167
470130907
470099654
277261545
468988414
276802665
468806973
468577424
276495009
276776000
469186857
468893645
454721841
277658158
277415727
276767064
455574940
276150455
455956116
455970842
275901207
275668811
456455531
456473864
456655247
275818875
456855113
275280526
271797956
271897609
457274730
272097848
457456131
272199930
272201572
271557451
458254345
271714820
458354069
458853665
459153617
272140272
459553450
459567501
459652917
271598395
271537264
271661272
460352769
270448663
460452588
460552460
270681846
460951820
460975492
270548495
461073705
270494348
270598451
254402050
461576011
462451126
462353243
462355135
255701982
463363888
462584861
462165764
462112421
461572841
257298694
257501864
460920458
461181700
258099571
461597938
461267884
460928125
460736247
258695520
460447863
458839553
258994609
458702272
259598887
459086648
459151841
259894555
458770046
260195206
260507643
458621151
458698183
459397939
459018547
261897497
458695348
458680851
262096983
262295917
262797051
262896796
458665106
458466496
458175964
263395011
456989679
263990949
264207660
456939161
264891496
415770337
265989477
416053313
266094017
416253434
266289057
416652703
266790641
267488367
417552802
418352359
269454444
269758449
267599179
267895556
268295573
268399211
268594819
268998570
421676633
421752167
269396508
269699154
269797022
269897100
422351611
269991423
422469996
270391675
422797368
270594415
271091759
270966268
247899184
248099257
424921820
424949384
248597584
425388752
249399454
389054439
389154080
389470947
250200962
250301661
250596012
250797078
250899918
251095778
251199483
390753700
251595608
251697357
251895061
391253576
391453239
252160165
391553160
391577814
391652594
392252124
392370157
392779173
253754274
254056975
393666491
254454342
254569327
235701092
236200328
394651516
236497442
236599307
236800092
236999197
237195994
237495384
237597648
319455262
237798015
319654620
237894339
238094557
319954457
320457837
238696768
238998131
239357872
321353943
240056288
240257398
322272658
237900795
238298558
322952598
238797797
323463025
238902250
323751340
324363773
239899832
324671059
240596501
240803341
326068960
241695774
242200109
242796239
242896434
327565685
243095706
243299181
328074730
328548832
230799065
230901380
231001216
328895247
328991266
231303296
329080092
329710277
231999546
254172627
254619227
232900425
255156085
233401226
233496399
233597966
234198931
256254039
256273466
256453437
257070361
257352393
257370220
257652682
235697464
235995545
236096991
258151449
236353895
236453886
258573029
259366788
237354257
259837513
225255518
238353097
225455352
239652938
226754710
239956341
240057627
240252438
227554630
240552368
227654002
240851682
227965889
241051931
231798129
228853003
229026847
229090847
232097516
232199523
229364408
229465317
232497106
232697354
232800390
232901507
232995902
230251385
233395604
233495699
230550730
233896313
234399239
231653064
231641776
234694280
234795250
234893265
231925591
228002784
228201795
232210592
232332452
228396943
217548535
217645201
217869780
228900822
229398997
229896959
230096050
230194376
230397822
230596006
219857286
219953470
230995532
220353444
231594273
220752633
231662689
231866697
219997834
220097995
220193728
221652298
221671880
220295443
220599393
220894434
221096119
222553145
222756763
221791738
223892264
222691326
222892954
222993162
224550264
223394511
223260118
224950294
214500767
215355386
215370954
214901408
215679675
215098305
215770828
216276336
215797676
215898992
216553066
216001713
216662984
216096459
216888944
216496305
216700069
217370869
216796024
217469855
216900228
217563570
216999961
217811672
217301355
217228566
218228408
218358079
208598403
218451315
218622401
208897976
209198748
188577234
209697633
188882136
210201340
210297371
189254789
189274874
189454154
210696758
210896290
211096616
190064885
211296634
190253201
190892708
212197134
191452483
191469983
192173489
213296186
192359427
192376292
213495449
213697565
213895068
214096621
214357490
193475088
214758590
214856385
214715692
194050227
195701454
195801866
194433372
195997607
196297652
196398520
196599548
196797954
186771018
186868643
197396041
197598958
187709371
197998385
198200706
198063259
186842619
186943109
187238873
187443025
187838624
187940915
188142176
189657137
188441559
189037169
191052388
190037667
190343633
191657768
191677207
191695641
191721131
190636723
192023467
190837226
190941770
191639786
191935191
192135704
192235448
193593485
193954931
192947898
193040495
194859855
195061646
193937888
195503283
194534096
195860833
194834593
194943629
195335206
197691884
197905968
197034959
198410732
197333396
197433077
198890395
198905663
198033191
199614592
199689435
199889723
199032562
199233954
200570850
199334584
199531404
199736661
201209629
201502362
201610470
201861357
200141715
200342112
202146308
202250854
200541727
200646871
202566612
200842827
201441647
203451849
203843438
202541282
204314753
204341875
202646068
202844756
205149262
203439869
205275446
203543474
205350773
205550670
205747774
204039406
205972201
206046951
204344055
206338965
206427712
204838234
206631091
205438920
205638223
207571776
205939264
207845362
206240202
208109947
206438012
206639895
208559529
209263544
207536978
207739083
209607386
209865000
208137361
209890334
208151664
208241569
210037938
210124321
208536762
210315907
210498009
210843844
210857668
209438840
211518183
209834883
210036897
211823003
210234725
210433821
212203319
210835782
212683643
211133522
212922708
211232766
211437409
211632762
212038763
212331882
214090947
212432244
212631951
212831087
212931368
214739416
213130920
213330671
213432687
213535914
215401756
215543152
215857542
216018947
216030500
214430416
216190322
214830029
217070655
215429744
215444634
217238631
215728695
217504790
217561994
217799167
216131056
216328346
218135844
216434094
218274557
216627434
216823582
216927810
218915677
218927623
219183820
217817911
219598004
218018063
218121904
218417884
218521961
220397454
220518327
218816867
220660877
219020914
220946113
221168360
219516689
221596665
221909940
221937751
222273298
220716940
222587619
222609398
221018752
222754872
221118506
222954604
223254485
222218410
222814930
224569428
224653909
224775836
223118623
224876865
223916452
226461344
226953418
227166730
225617516
226415066
226816819
228534289
228669598
228955339
227513360
229374710
228018750
230068309
230263912
228617874
228816158
228916826
230818234
229816454
230014199
230212850
231925386
230516864
231512316
233366331
231912930
232313167
232410952
234230522
234866852
233211047
235065239
235078071
233410488
235165512
233511706
233909097
234012575
234212749
235956658
234314594
234510334
234710939
236399525
234907139
236648933
235110194
236921810
235606898
237448486
236006533
236111021
238548109
238766756
237406100
239147523
239211487
239311213
239327786
239426624
240011280
238407483
240327216
240520282
238911979
239409360
239912901
241740202
240104309
240403673
242171855
240705729
241004746
241107444
241305003
241507742
243317814
243517505
243942669
242507238
244263644
244413279
245121060
245507782
245807653
244303827
246107260
244704069
244806580
246625489
245102064
246905332
247304670
247504322
246206566
247916703
248003719
246704773
248426911
248504660
246901199
247201203
249146681
247599983
249302407
249621896
248000043
248503353
248700490
249099446
250820601
249204126
250200595
250401221
252202040
252602066
250997988
251401549
251500911
251597972
252297647
253103273
253502351
253597560
255501453
255967689
254402019
254596114
256567361
255095865
256966989
255499662
255696234
257482962
255897484
257566807
256195992
258084432
258167071
258466121
256895027
258591643
258665335
257294716
259080960
259344597
259683398
259916554
260364266
258793951
260455748
260521909
258996969
260711806
259695514
261339342
259894775
261863115
260395119
260596330
260895820
262563813
262636870
262983347
263082256
263261576
261761333
263461906
263561521
263761033
262158690
262262168
264185363
261573524
264460656
264592353
264685998
261455515
264831919
259830122
260025787
265759880
266059526
266080997
260253149
266158742
260038318
259894528
259610895
259768215
259626761
259491389
258918031
267726991
258614205
267820472
267918040
258252935
256927156
268749248
269033667
257877444
257353258
269426230
269861040
257609628
270294513
257902273
270361802
257577672
257462580
270819155
257763558
271078603
271414883
258091103
271728407
257947830
272114229
272219914
256324043
256306911
272630393
256080399
272713635
272913739
256227677
256117902
256160655
256268789
273813391
273837677
273927019
274235351
274254136
274280085
275070011
275218356
258487924
258148042
276397785
257150780
256525657
256749022
277711157
277734085
277810850
277828963
257497630
278648784
257539278
257528571
279326059
257145452
279834438
280231756
280282586
257433862
280908929
258030291
257169321
256750180
281529492
256927222
256450159
281908685
281994596
256220891
282200389
255928320
255591061
255924730
255975445
283407823
256164462
