67120
86868
37590
33697
47462
64745
75549
47614
37904
16360
22125
5531
19359
46056
19381
37585
18030
28676
17740
31100
19062
29914
21577
18339
26017
16399
32301
15511
24943
22903
24031
4429
33157
7756
17446
27563
22318
41277
15732
4897
34755
17112
31814
16267
26032
14379
17330
11052
18878
5049
25271
18004
30342
26564
27457
20295
33345
4766
52307
13008
13916
26917
18275
28569
30597
29960
26283
17736
18583
13234
27063
36797
34258
17069
30175
16852
40392
29516
20471
26242
17209
19004
19273
25151
27150
18787
15470
15835
31865
16275
15542
15733
23817
12663
28380
75016
49457
30184
17147
22130
5158
12226
16672
14512
24542
35769
30678
14924
23403
16349
16978
25775
5845
25817
27691
25068
18913
25190
18831
26252
16939
26103
7194
7270
16070
15562
27618
40125
21836
28039
16329
24016
13918
18538
29268
26750
21802
12689
33288
10494
57887
16290
19435
23905
29179
38920
39785
16290
19623
17158
29388
17078
23982
32946
21177
7260
30119
20335
8517
16066
27152
16156
30222
17407
11958
55623
68449
22738
14650
14691
16147
29405
30613
16884
17362
29620
23442
18982
32639
4924
30492
25143
29028
23840
41877
25019
25764
10737
29040
33169
17467
26780
26810
15161
16774
31185
15717
25000
6334
27897
31796
16772
17502
20642
27470
27076
17674
28759
4331
23969
24554
21601
26214
5263
25496
25135
24501
12983
39207
39641
286812
137476
65737
79086
104467
45412
178016
15711
86357
27231
130877
20133
270967
69002
20445
242552
194720
38786
160279
72757
33285
91856
62920
29911
245091
19908
39603
30775
21901
15490
29152
42380
237874
7210
25156
8897
98802
14489
88116
69565
67811
31209
42859
13520
86775
59559
26122
34703
17204
78514
80914
30514
111385
68867
55351
111637
32558
7977
122941
36690
17880
423716
22813
31646
20949
41648
23096
571858
46258
138464
16467
11752
220726
50138
35098
27180
173589
27832
83279
12972
167169
49489
151189
31000
32253
98460
13847
99485
110475
159645
45038
87750
62087
17639
11545
41386
23401
18086
256029
30985
65585
24451
23469
23611
271528
37108
52168
89813
15244
237798
14690
268498
28694
265577
16506
91531
26966
22806
379140
36868
245723
112231
62459
59978
15914
22280
170493
56268
42007
23479
30073
68393
19393
182874
17082
19155
409278
46482
28767
31620
54356
26048
25085
23717
405374
15429
41977
27097
112564
14787
114633
50104
159709
141471
62359
138233
29699
27899
232437
178410
29671
370990
30429
517901
18121
361083
73726
87662
26168
44355
44506
336038
28780
37765
21717
66359
37639
191010
34838
205386
249338
26821
79002
17389
135411
91890
24702
14385
353317
23892
111448
42253
60733
8066
17890
299697
13823
12772
260595
347743
107405
20022
249266
85604
8488
102733
31120
23659
18937
226577
27340
40987
36027
45734
157054
29223
91505
68528
16476
95801
18106
239054
24845
51566
179666
25914
125686
27175
22838
232421
62180
14184
15638
26475
14396
25275
18819
280969
97656
52868
35632
261078
27157
163364
28743
325220
26334
146449
131938
181312
18353
82140
29962
287829
27319
13307
234254
24628
72099
41293
63795
22735
19735
308074
46541
106034
23745
21324
117015
45524
26080
16160
278353
27383
122890
242787
165074
141073
21179
25739
341981
129443
17667
143327
28219
36476
5788
25276
315250
27784
48676
49629
128886
41538
48897
28487
18340
451285
59681
18352
11305
5269
21634
12351
21178
371524
9368
138804
38831
40466
25705
28378
43269
239688
17254
23903
19389
27870
22882
15598
26070
23510
729632
33706
324647
152429
34535
5896
25502
25680
11715
612862
109835
37619
28390
20908
31848
124355
74943
14039
269672
31841
105503
15389
150210
67586
214174
161474
24671
244806
14971
26246
231111
26859
17526
593281
28205
50676
17084
128700
26121
229843
92719
20213
39097
74559
25954
34363
75282
83218
55980
50144
16809
28894
21891
18923
27272
332442
64180
76466
27371
20154
27582
669024
29157
70596
30229
11408
27210
24238
14913
5354
231383
72094
54963
43772
26321
180656
32130
33665
37488
57153
31383
27492
278100
191092
26789
197174
88470
114434
72620
92381
25373
137554
20307
91706
61155
37124
169069
28393
248938
25497
23406
32898
4965
409701
28141
27302
36797
275957
26240
63354
55394
56477
68171
13285
24515
142318
31578
16183
161026
45345
102204
161423
13539
312085
119096
46742
85557
66640
54638
156985
17333
83328
432638
252907
26174
25763
196713
25437
241906
12953
346127
24483
37886
11227
148311
28154
92224
47561
25998
17460
136048
46662
105982
20952
408862
167718
144962
65881
24967
144830
15004
61595
97624
29339
113368
14953
37718
13730
18105
353010
167948
21905
11683
22657
19537
234336
5173
17401
17017
26117
24959
22077
490096
23228
27197
430018
16922
96739
25022
89537
19804
118141
25040
32536
13514
24925
405900
36904
55087
18233
34169
16375
22399
412339
61460
52751
132231
22604
16553
234134
37157
56430
10188
33726
199522
14160
26270
23151
13729
21576
26697
583631
25303
416416
44360
8565
23894
182595
13376
51717
26899
254278
51579
88079
11771
9670
437348
27277
52393
112819
14618
237309
195976
66416
42792
41434
24687
26109
446061
8914
25103
151346
26487
85940
23243
264452
29880
221497
23524
33093
286326
13665
22538
125846
135785
43985
21455
16194
256949
76820
48623
26250
85889
12668
95828
77520
132059
54625
213943
65725
17945
27311
318029
8018
6634
261438
47784
16395
223464
41863
133737
128288
26400
45693
82738
36996
53791
26762
30632
14736
27314
25960
448019
113532
11779
131967
27765
32309
206583
13076
26642
181281
13352
31833
300156
92053
56158
28893
26462
290158
223190
28289
72595
23366
169830
47336
55102
46296
53738
15351
69132
22332
27839
23767
103924
6193
63064
67417
95705
75584
23588
245478
145621
13194
189918
19970
264933
78974
12670
55647
28207
194933
26889
235469
16112
25679
331735
41651
21746
25495
17633
300479
32447
103362
178642
26691
29286
17074
33582
437006
47786
19961
22778
25776
15092
263838
18804
113126
88816
43505
21945
59243
9110
11749
26654
586390
132984
13988
14057
27456
371171
21069
26810
24339
309810
47402
122049
39112
16663
225017
31614
25659
244997
13623
401265
9524
22724
260738
149906
21994
142891
31307
25905
425355
85469
49947
14512
112978
16709
214088
246583
17080
15323
387317
37163
35509
27228
36206
13099
263760
66315
16344
250009
29054
45604
49384
73727
61408
149770
27217
206570
24999
72402
246878
55952
49196
21566
34666
16204
23098
411368
4904
213688
29340
112747
26002
325422
28861
353049
42417
123155
28790
13219
290281
20582
78926
54201
58915
167563
22410
32783
76100
98056
107096
25672
83174
417804
37473
54757
121858
98927
36931
19168
13016
136631
55972
36362
55400
26394
180500
111905
41031
23777
10058
266957
23128
49492
255947
25483
398829
45271
13511
113276
44499
15775
4526
26649
386892
16598
19051
280879
47265
20556
52309
45570
80645
106691
16939
100733
70016
33731
206014
91421
21384
256387
29401
14569
177124
193828
105514
53806
104421
19031
183873
22056
45733
62468
129412
79777
68573
65160
24634
40258
127902
21672
11082
73827
34176
87816
4022650
7793130
9770886
10453711
13495049
13856670
15810582
18645116
18655364
19259630
19653748
21512314
23062845
25909939
25131478
27388266
28684200
28570158
30518915
29922049
31895290
35248595
35885508
37467857
38805864
40648115
39734246
39918063
40426198
41611037
43737986
44329632
46973823
45755640
47499542
50338638
53616291
52311707
57010336
56294441
61733745
62270952
64901785
63918551
63914391
65464793
65754188
65927287
68641103
67608693
69087255
72232879
70777702
73119379
72551568
74757872
76033829
78456938
78694407
77692767
79182750
80914162
81215980
80587621
82327188
82548313
82699886
83378675
82632504
85457161
85948395
84900645
87691252
87353681
88693455
90039821
89562305
91100862
91456527
93886403
96094555
95399613
95637556
97531795
97724614
99441108
98708960
98699470
99081518
100355741
99601934
100710492
101065502
100066404
101199040
101324328
101340419
101487304
102060457
102726960
102775903
103043308
103261562
103239960
104219711
107280984
112327196
112861348
113058369
114183810
115676748
118934470
118898933
125229708
126284431
126743509
126558464
127356046
127457550
128413743
128879240
129009907
129158762
130443741
130870350
131206531
131819056
132247415
132306282
132346328
132799021
133590682
133113377
134207899
135518773
135640476
136100873
135091737
135324510
135602657
136837775
136129185
137618647
136614458
137826150
137650622
137650936
137656282
137661628
137950468
138135241
139607927
140177179
140606076
140723552
140992479
141126262
141285434
141761651
141773715
141656381
141843005
142933674
144081000
144038879
145155437
145526217
145833830
147831925
148582959
148737968
150162137
152119948
151527658
151725427
153839824
153165915
154531334
153895751
155361885
157356057
156756003
159221318
160122653
160259317
160720268
160156007
161495203
162118594
162411617
162848266
163785392
164530846
165769702
166682752
167264955
168544583
169875348
170976980
171350688
171945556
172416751
173517593
174660929
174727854
176052293
176675254
176162105
177218526
177796851
178867260
180519275
181870363
182226601
183986822
184833269
185660788
186393130
186808224
187315604
187386018
190583273
189685173
191076747
193279618
193681684
194661367
195219402
195445116
197394071
196713952
199154153
198418557
201131906
200730467
202815163
201887017
203219351
202360133
204207539
203608411
204769374
204178559
204512399
205729277
204845976
206294309
205353860
206937229
208476607
207351197
207887093
209451779
211010934
210180743
211213718
212574590
211718247
212670556
213966408
213926914
214178132
214720534
215263128
215831443
216038521
216601804
216560947
218859953
219073385
219535283
219513570
220536930
220721489
221072043
221415843
221694523
222598213
224525137
225296498
227081982
227583356
228577208
229017013
229050909
230107329
229849138
230109221
230608497
230811596
231157198
231792047
234164077
233567734
234684641
236031094
235802217
236311813
237106751
238283728
239617833
240204276
240777850
239775750
240603550
242449989
243325060
243714523
243697460
244119472
244247190
245573632
246397005
245647585
246975511
248216611
249767820
250610398
251551122
253341001
253780807
255632083
255734226
256316654
256605873
257537947
258169656
259210238
259594277
260261942
260658887
260731449
262140780
263235519
270057986
271273917
272668387
273062532
274422287
274592642
275135074
275236139
275272560
275261193
275418185
275758181
276665782
276840586
277101126
277256888
279672800
280426989
280820357
282470274
281317435
282242628
282610717
284249281
284702190
287552106
287297041
289548285
289924869
291923676
292011356
294002025
292226742
293598658
295854608
296277365
294720241
295279823
296525058
299360846
299608625
300974355
303286513
302297091
304661536
304532679
307207918
305969071
308853869
309214313
309676376
310446092
311164559
314732789
315709755
315545238
318758622
318336161
321182605
323931420
323979079
326463365
328595649
328439123
330297088
329545196
331750729
330199374
333486677
333550505
334124248
332496406
334889165
333939747
337327140
337625207
336686247
336944452
339555855
341680951
340288339
343173931
343104494
343326230
343548420
344150294
345872022
346320882
346110048
346630287
347610494
348019609
348084118
351211226
350662496
352500925
352661682
355288753
352954240
353700085
355888760
354854080
356896541
355166295
356109747
356349781
356461045
356991266
358127234
358557057
359181954
359746748
360519853
360607289
360693776
361474074
361712536
365190626
362382660
362998050
363027404
366203191
366769445
371813711
372697229
373479542
370430401
374608632
374605670
371795863
375653409
373140559
374268190
378365754
379349266
379370101
375966961
380010162
377045801
381506145
378536775
381817347
383271176
380803007
384909737
382844697
386056989
386441853
387676015
385662966
389173890
389751597
390628012
388631618
389554582
389735140
390099380
391350737
391460281
394221969
391562462
391898751
395209074
392327975
392739842
396270165
393875301
397761465
393936545
394026752
394146049
394221876
394553753
399608098
394624611
394977001
395225792
394641424
400919428
394915313
395366667
401953884
395919494
396287440
403461745
403488971
397097312
397978894
404563156
405351187
398641424
405764733
399260191
399749551
406576603
400070815
400473753
407224033
401233262
401996987
408870357
402636144
409545079
403784048
404325087
411174741
411888105
412241212
412626670
412815468
413116644
412944036
413485891
413745932
414643412
414730296
414893919
415327070
415513984
416082380
417583294
418603971
418705189
414796469
419212219
419496855
419688397
419851110
420046933
420162205
420054634
420289565
420358444
420631189
418654187
422008121
422425514
424121707
424443955
421755310
425592647
425519116
426275031
426316004
427196894
427192537
431386427
429976221
431173266
434362746
433071670
435604767
435128812
438694095
437676803
439791014
440654793
438948704
439544264
439931045
442392809
441274406
444819493
446829219
448261512
448355001
450678208
451131892
452855293
452129721
453214647
455629853
456420525
455659207
457783943
457480031
459974334
461430931
461709067
459854411
462983407
461531050
462423117
464427227
465523561
463702524
464297667
466621192
464991159
467159814
467606260
466550467
468985537
467845773
469497862
469125983
469878964
471776159
470655648
471613833
472333273
473059732
473228531
475333602
475498861
475641325
474512546
476046088
476235130
474918737
476488053
476781031
476980727
477103165
476185900
477888719
478256690
477011118
478448343
478611957
477785078
478752586
479327433
478507916
479620370
479380465
480386623
479790378
481046836
481844754
480834249
482524512
482581586
482291442
482012757
482050600
482321379
482423897
482879803
483158065
484330576
484384594
483753248
484245687
484343979
485849163
486200029
486395763
486370673
487217867
487260422
487286985
487589758
487848157
488365273
488551299
488725766
488982035
489246902
489698008
489900928
490111535
491581283
490687354
494390033
497278819
496242877
498463149
523282173
523644218
523589321
525618212
524169904
525729808
526060565
524686167
526683175
525461268
527001378
525938775
525964146
527239340
526379273
527587422
527835485
526725192
527167161
528428880
527254344
528677362
528948851
527922138
527849678
529404284
529766028
527864521
529714829
528220692
530109491
528279706
530375564
528692813
528489310
528680559
528667434
531332218
528825745
531618026
529165317
532201007
529759116
532582867
532823110
529996661
530075359
530209935
533312242
530762630
533807418
530963964
534286915
534403731
531517791
534566353
531252310
531814363
535136322
532044877
535345102
532009490
532315109
535851755
532630899
536604108
533221454
533419889
533417301
533898996
537822992
534360150
534637589
535245828
535405089
535738419
536315042
536726549
537074206
537399574
537515235
537753928
537756657
542615128
542433046
542718314
538735260
542819179
543007725
542786173
543002076
543185787
539831702
543579043
543828866
543924194
540701719
544413364
544657915
544923080
545511975
545726384
543081051
546490393
546562001
546980713
546592826
545075021
545437152
547736589
548013001
576684779
576724753
577008340
576819789
576553309
576359487
576387221
575428059
576097765
575587797
576222462
576140477
575761817
576238416
575636569
576454213
576512237
575988120
576601887
576481711
576183776
576613267
576455620
576143927
576464370
576499907
576320088
576597234
576515683
576626844
576523810
576506903
576819545
576515508
576506974
577073997
576514663
576403993
577043998
576229858
576948807
576878627
576392730
576460259
577126425
576723147
576636981
576628872
576846479
576665419
576640310
576645694
576795156
576817217
576770478
576328079
576959732
576487098
576962484
576880895
576523143
576848937
576853513
576506378
576724499
576798914
576777267
576717249
576988244
576903204
576913000
576733512
576804850
576590728
576724798
576577897
576753567
576537242
576521511
576518969
576413950
576892195
576938164
576446053
576463886
576977921
576967416
576651730
577146250
576575701
576467763
576357963
577238301
576411681
576471139
577399143
576334593
576289591
576388727
577494434
576132477
575765287
577591430
577584040
575843890
577629082
577785855
577744012
576079058
576119641
577919864
576065355
577896930
576105472
575892008
575953567
577779722
577808609
575846191
575389804
575277109
577929360
577917660
575330149
575226352
578042817
578124732
575346307
577961847
575390393
577842171
575602478
575510268
574824237
574385864
578087495
578134592
574615556
578253578
574642624
578307465
574642628
578487372
574697991
574657673
574536100
578297687
577986243
578072267
575040631
575121530
574989734
578106699
574822811
574659294
574680582
577934231
574943886
578134284
574889218
578244654
578227424
578023731
578309431
578156879
575901426
575891169
578207678
578183803
575768722
578204625
575652051
578280085
575689624
578237060
578283719
575698983
575632914
578449453
575643538
578438919
575663426
575608213
575525903
578609730
575480987
578814532
575732369
575704064
578953895
579028800
575784394
579152266
575972599
579253276
576074871
579262611
576159738
579335241
579625228
579684650
576580912
576632366
579842021
576736378
579813400
579969100
579896628
579969050
576535328
576530400
576576492
576665869
580210552
576568630
576512030
580300142
576454058
576436482
576300216
576214007
576283507
580439810
576289284
576298788
576012356
580372079
575960028
580556434
576149492
580724834
580744129
580776235
580894433
576704347
576734136
581148178
581126856
577168816
576898394
581361665
576795005
581382846
581289196
577028139
581462459
581595534
577293378
581436250
581489529
581557205
577880426
581735737
577724483
577911773
582015902
578052888
581981883
578122944
578175909
582235105
578358400
582372691
578511335
578440358
578305285
582636130
578169587
582698996
578244340
578377220
582991599
578471918
583059840
578624186
583193511
578576214
583047628
578528358
578669714
583237512
583273193
578712295
583233524
578800578
583276468
578604583
578799086
583446454
578631090
583411198
578477564
583506457
583593280
578554632
583495808
583454101
578699789
583535899
578767014
583617796
578695030
578530587
583421842
583359894
578567143
583533593
578347901
583532101
578395067
583522332
578301100
583478009
578103141
578006263
583496132
578087556
583601424
578153932
578203760
578286944
583785323
578287890
583573256
583682054
578517947
578479042
583859303
578484502
578447683
584044014
578468343
578527569
584239881
578441473
584406104
578496231
578371700
584132288
578161408
578169800
584294943
578306191
584284959
584427555
584369711
578432372
584522883
578527302
584578789
578596670
578652301
584631736
584452284
578725285
584327898
578602256
584522620
578659784
578499686
578536090
584715148
578595098
584438179
578664642
584364683
578658892
578730133
584534781
578887716
584587669
578835285
578888652
584548921
578990038
578956743
584510027
578787613
578880183
578546994
584645323
578625857
578621067
584797877
578408560
584480398
578405117
584564645
578155480
584658611
578223875
578159700
584780041
578242526
578405551
585064751
578456822
585249517
578554993
585201942
578297155
578234233
585362550
578290762
585552151
578441769
585468234
585456647
578479336
578499361
585382539
578559196
578542853
578472376
585459663
578650214
585645003
578568011
578590618
578478409
578359024
578442145
586002138
578418034
578500692
586155653
578532077
578482892
586417161
586141742
578682595
586052952
578714843
578643510
586138099
578340551
586233461
578240406
586427941
578294397
578272713
586702692
578302814
586874938
578047326
577832421
586679833
586563478
578003792
577511312
586488918
586553366
577440711
586565970
577516585
586480643
586581651
577707602
577718677
577594015
586839948
577614330
577670568
577587260
587036241
586912222
587063387
577828970
587229436
577793883
577760814
587319838
577736088
587474950
577527841
577273478
587594830
577193036
587566376
577027800
587715350
577214393
587711676
577282174
577317623
587900162
577396350
587749731
577341893
577358383
587902559
577439310
587693318
577137601
587674966
587744370
577387389
577372999
587657454
577455102
587715860
587667393
577532989
587732355
587409991
577347365
577275243
577211228
587455755
577103785
587531144
577237949
587705377
587717418
577253187
587749889
577280699
587724779
577222787
577244247
587884581
577310868
587809947
577374125
587748471
577413480
587529571
577513205
587571263
577666706
587651272
577734352
576810491
587547400
576940116
587722839
576969448
576383817
587749162
576370833
587841588
576299507
576321400
576421253
588038287
576398438
588077782
588053831
576568597
587978299
576743905
576513556
587973962
576603070
588057946
576634534
587981723
576432235
588050375
576337813
576371390
588160855
576375370
576342937
588418030
576417750
588381605
588495454
576553979
576629612
588281262
576792931
588474801
576714619
576733438
576587938
576578564
588506364
576624665
576504978
588581212
588579482
588589857
588548202
576821297
576717931
576774689
588588327
576875412
576943829
588681521
588736286
577074268
577072642
588777552
576717425
576804779
588817859
576741973
576452720
576508368
588921418
588925411
588519551
576698509
576462558
588690160
576564836
588618896
576675451
576687870
576697604
588561850
576641598
576625566
588793424
588569015
576584866
588865292
576867873
576885426
576957858
576847779
576840636
589136464
576799044
589078759
576859519
576910304
589252462
577095668
589294589
589344387
589208238
577571558
577408048
577404772
589125753
577352738
577369076
577409644
588739204
577425231
588521242
577504475
588566522
577414205
577307576
588663221
576966828
576876044
588690982
576441565
576473191
588587188
576566873
576546163
588467868
576647232
588651669
576749573
576427659
588805476
576626863
588846727
576723089
576664455
576609156
589093758
576749178
576716256
589279013
576632560
576724127
589443642
576802762
576823735
589447996
576856891
576947088
576926740
589671033
576950599
589745710
576992516
576428632
589802973
576512064
576524404
589943146
576621879
590004725
576691608
590129537
575903280
575972198
590125263
590111303
590157165
576190628
590262199
576348852
590334020
576486198
576580355
590475107
590435869
576615397
576583292
590720709
576558845
576630842
576727942
591115332
576517601
576504298
590762257
590617990
576680535
576740447
590780433
590758163
576924511
590891518
577069060
591063078
576997994
577048574
591034122
577158578
591049658
576924846
591111761
576998330
590938864
577056898
590983252
576973018
576622351
590884649
576429417
576428848
590928079
591027969
576545338
591116589
576427058
591231752
576470155
576426833
591396214
576493405
591477496
591543132
576639090
591555419
576701944
591153945
576793309
591297853
576988949
576989714
591453316
577062319
577128685
591408532
577132068
576932939
591551303
576850373
591534072
576871942
576734713
591647272
576682777
576664139
591765906
576743110
576668975
591761187
591770416
591673795
576933469
591723118
577127074
591823460
577169592
577161650
591915835
577201052
577243065
592152928
577274994
592252983
577422038
592194291
577479652
577447495
592364215
577352152
577337206
592487774
577031204
592607258
577171527
577071538
592748748
576911568
592626371
576860533
576932534
592726415
576965077
576926409
592819201
576958233
576768296
576635192
592984617
576399957
576190056
576134205
593004335
575846172
593198390
576010702
576114337
576145311
593492673
576224387
576212679
593568418
576202853
576203908
575917413
575814421
593681477
575832223
575578988
593626743
575395425
593785044
575592310
575467759
593823414
593960480
593892126
575662832
575751366
594065057
594084960
575974123
594278941
576287528
594335350
576406371
594389715
576375245
593909388
593814799
576518115
593913344
576675926
593633773
576657118
593705859
576344650
593795216
593481412
576666907
593648569
593623264
593688935
576752196
576681857
576496074
594083380
576639230
594261378
576338955
593685800
576681019
593840241
576713556
593754789
576891595
593914649
577149326
577361058
594194621
593942570
577177233
594142294
594219091
593956371
594017629
577849288
594214335
577917449
577659428
577422914
594063197
577550385
594205099
577321167
594276667
577366646
594452832
577235380
594546736
577170835
577261744
577078232
594392516
577033292
576892028
576719304
594557316
576694240
576667228
576729012
576765860
594816598
576848520
576828739
576613693
595009737
576555187
595102760
576621908
576662973
595297619
576786931
576610852
595554304
576649633
595740380
595528075
576789696
576842830
595682278
576682201
595864040
576670063
595708048
576350999
576434924
595668909
576536696
576549708
594883215
594947910
576696839
595043047
576827217
595118137
576627612
595017523
576506525
594877396
594880325
576604776
594953010
594817815
576278917
594728671
576338877
594792349
594843960
576430584
594789794
576334258
594882279
594967201
576538127
594784124
576637502
594953739
576695788
576420597
595064341
595128014
595200431
576615918
576520031
576537262
576685160
576557886
595580492
595621937
576511413
576115546
595638616
576076410
595534352
576111535
595598006
575738099
575650199
595564491
575717090
575217308
595280011
575288162
575271470
575066565
595111102
595000057
595044367
575048237
595107606
575000265
574911510
595204378
574820566
574739373
595404102
574938631
595511152
574937419
595386385
575111872
595639605
575186054
595690533
595685721
575262588
575229224
595846459
575324482
595898186
575201022
596066461
575332728
575436149
575359628
596255363
575345784
575037828
596279291
596179988
596220821
575113168
596217051
575199880
596292042
575000348
596322383
575015945
574360485
596475672
574372461
596211479
573989647
596300885
573865826
573866846
573790570
596235445
573724154
573717478
573764784
596402525
596272227
573826343
596291486
573877629
573969822
573983871
573942790
596348690
596238611
573747405
573462723
596287753
573222655
596077988
596110299
573391556
573267804
596292069
573260592
573030102
596042404
573129941
573198145
596142768
573296114
573116849
596292730
572803850
596185407
572686468
596295409
572888528
596301089
572979016
596291237
572797347
572761599
572435728
596255243
572222879
571965727
571854973
596044046
571779689
596129290
571870216
571555921
571459486
571383442
596177300
571461972
596298556
596106436
571644696
571476846
571239533
596327730
571531478
596380267
571577935
596568855
571742991
596702461
571710246
571685763
571607677
596854792
596769527
571785795
596863740
571694903
571611201
596819432
571608902
571609888
596979553
571665987
571619104
597130571
571692066
571648141
571432971
597383689
597346273
597286421
571616863
571656797
597440190
571815345
571747702
571854550
597725202
571713581
571462646
571394781
571326808
597682819
597831213
571546399
571570289
598024459
571475584
598048212
571497585
598000374
571591505
571619203
597744259
571615761
571472258
597936507
571433992
597971651
571600967
571267450
597352823
597551356
597613918
571641835
597635471
597599476
571574011
597699961
597542300
571552879
571498894
597812340
571645991
597882895
597539037
571895978
597606275
597366690
597280476
597412635
597514984
597567682
597636869
572695504
597641884
572700265
597754031
597479918
573017917
597487898
573002246
572972678
572094402
572117540
597469274
572216121
597531662
571992429
571923058
571695552
597296567
571392298
571253395
597516558
571395800
597593415
597689709
597758910
571432774
571444392
597862351
571417184
597954044
598032728
598220029
571618076
598324418
571619004
598481961
598450004
571570266
571462348
570473012
598563500
598459968
598532876
598571162
570992913
598611673
598694261
571220295
598807328
571426785
598903152
571592631
571577755
599071153
599115111
571577709
599216362
571231568
571069844
571090009
599388741
570857968
570921733
570928861
599433750
570751145
599501229
599558157
570811935
570811461
599605794
599388762
571126702
599666978
599807001
599876303
571341504
571295916
599956094
599974426
571467927
571522791
600105530
600078254
571355167
600018018
571378155
571388914
571321094
599963410
571405506
600069128
571461784
571433653
600079915
599966124
571531474
599998621
600045870
571361746
600110071
571438304
600198315
600211281
571568231
600176729
571517593
600179460
600175906
571523514
571548534
571499460
600109328
571539112
571546865
600000916
600015440
571731850
600057553
600155247
571892287
571901198
600193802
571971196
600131915
572047788
600155019
571948862
599935428
572253166
600169604
600140707
572479973
572507322
572300920
600378360
600266405
572266299
572261890
572176216
600420210
572269667
572151461
600458864
572186238
572014275
600478479
571999001
600596857
572099659
572106696
600773625
572195385
571939674
572043643
600972672
572116439
572053382
601093394
601347614
572398897
601408123
601436154
572654271
601196581
572403288
572363387
572376727
601354176
572524535
572615570
572608606
601225901
601251177
572657736
572654694
572511624
601269339
572330724
601388633
572450843
601560504
572569425
601675664
572455895
601612571
601662603
572724876
601500187
572708698
572585671
601526803
572656174
601305122
601101339
572926146
572752996
601353167
572843147
572892609
601240619
601298175
572935727
601390240
572754950
601564701
572621540
572496756
601564388
601548927
571933617
601645699
572202177
601740339
601823399
601870122
601942067
572698680
602113901
572761573
602195779
572615875
602070693
572620318
572709558
602199984
572673295
572622248
602373625
572707908
572775537
602554301
572740656
602514062
602710962
602630379
602579663
572784344
602650056
572844059
572886600
572900931
572846305
602799957
572959231
572928455
602906713
572893021
602660128
572997400
572773612
602811644
572716745
602992962
572675402
603050838
603245977
573002724
572968673
603305224
573061596
603535653
603614898
603525643
573540130
573594544
603654219
573605644
603693339
573579064
603716795
573735260
573646294
603748513
603624421
573802352
573494272
603702128
573507761
573434106
603838133
573596801
573662052
573665003
604091216
604134000
573855594
604249541
574048153
574086628
604366945
574102356
574098098
574004882
573919948
604419586
573462530
573342229
573346808
604482343
573419743
573393929
573396260
573454560
604699210
604554574
573557664
604796322
573793997
605046794
573949756
573927990
605183491
573987648
605095788
605165404
605187037
574158767
605205924
574257392
605263424
605394090
605467825
605539138
574503171
574549766
574550235
605485215
574330992
605387243
574357088
605460389
605530504
574609641
605374441
605451679
574616524
605339252
605376294
605440285
574927790
605543324
575080727
605473689
605323028
575084099
574953129
605199148
575030196
605274907
574898466
574914201
605325385
605174015
605112766
575002451
575022110
605142950
574959371
574956156
604973284
575104254
605170044
574949064
604952613
575049160
575029665
604848361
604903639
605006557
604813473
575386167
604836053
575521998
575707790
604951865
605036106
575793974
605047621
575764960
575312190
605109770
605049926
574697894
574585468
605036374
574166454
605101767
574278824
574465585
574393221
605389390
574234135
574329154
605424926
605333671
574251324
605359036
573918008
573975377
605600804
574036106
604966170
574098824
573572437
573608248
573505470
605160081
573542063
573266733
605066069
573128883
572984846
605161573
573073924
573268752
605363980
573397725
605399529
573516960
605435003
573513415
573571203
605376455
573443106
573009865
572945629
605461112
573061562
605413248
605510522
605339372
573436050
573496656
605488480
605615745
605712208
605889890
574144914
574143108
606029926
574099486
606057737
574268594
605976744
574124746
605841394
574213112
605943006
605995189
574151878
573938865
573733522
606059492
573823193
606108491
573877043
573862989
573753434
606256960
573911141
606277263
573960427
574098547
606543911
606646306
606785778
574588725
606926186
574507237
574436958
573886829
573851278
606964618
607057733
574236839
607331302
574339278
607318748
607284854
574419347
574425680
574460887
574524171
607343161
607598324
574818804
574814228
607787812
574791190
607756390
575037885
607877467
575215591
608002007
575202276
575240385
607976087
575274809
608267405
575406782
608286810
575525077
608507336
575599548
608618794
575670081
575625346
608609180
575663097
575733856
608597956
575599187
575583631
608872308
575414214
575199278
609003955
575339397
575143626
609088794
575150620
609221022
609410379
575777759
609730984
575829366
575710325
575821480
610008791
610086343
610064064
576052829
576258695
610293190
576191248
610101870
609794302
609582511
609534418
576384622
609577322
576443467
609628180
609658477
576501612
609681675
609797501
576740861
609966949
576857318
609750320
609640876
609676519
577038537
576648884
609473680
576629052
576360768
609646828
576372365
609732543
576489540
576586130
609856978
609860612
576808481
576869707
576563888
609945993
576588937
576627400
610106046
576498301
576311900
610176607
576323727
576336398
610169043
576370445
575954777
575981314
575889684
610146586
575870542
575803778
610188548
575895252
609962435
610046004
609745317
576274591
609787605
576323051
576100878
610030580
610103037
576105913
609821024
576106577
609968057
576174815
610026716
576217970
576294968
576407596
610201426
610156462
576413901
610128170
576451980
609901751
609891143
576527229
609859018
609831466
576614876
609927920
576727402
609987899
576753901
576600573
610152020
576388460
610168795
610197915
576533735
610276317
576356444
610323002
576245282
575927005
610396309
575930632
576026454
576089941
576040164
575951027
610448243
610287709
575983496
575773331
610166016
575860305
610302316
575904755
610388832
575844072
610643685
576240991
610841964
576337800
576427065
576364153
610950977
576530656
611125707
576478281
576084674
576058269
575681234
611327551
575654092
575295517
611520457
575441482
611702610
575260922
611694139
575356805
575311492
611689449
575404130
575360251
611747717
575460419
611691953
575503814
611794198
575328530
574617008
574606523
574296210
611940103
574329184
574208438
612013452
574305871
612033127
574273708
574314092
612099659
574235643
574243723
612183995
574379669
612381933
611904471
574152449
611852473
574372799
574383137
574326717
612029369
612036336
612089825
574553053
574605577
612055474
574558752
574247934
574224791
612308171
574230466
612282331
612246358
612411601
574658776
574746909
612338977
574817336
612419390
574793094
574676638
612506839
612518219
612524954
575091709
575090843
612705075
612618031
612754697
612664650
612687747
575633292
612679129
575594038
612778749
575583611
575608888
575393916
575406768
612982404
612983394
613014844
575526210
575361407
575332438
575333464
613179642
575240817
612789504
575271234
612966348
575483632
575485913
613025775
613077629
575396758
613086825
612875586
575413557
575401846
575370189
612989755
575305296
613024387
575373853
575229322
575146930
613058317
575096263
575046749
613096749
575058885
613037033
612851084
575161095
612811914
612910137
612552300
575274977
575286967
575250024
612632575
575188426
612726776
575242128
575318745
612732889
575397335
612652203
575291980
575151897
574980147
612785307
574968844
612468604
612178739
575099073
575126389
574985104
612209072
575033795
612325239
575075710
575078541
612219311
612380141
575389792
575438586
612564304
612609508
575546153
575602635
612448164
612504872
576047272
612565834
576105427
612592317
576113781
576176339
576138487
612596796
576301732
612711437
576498104
612867227
576518811
612883714
576248988
576230263
612889734
576287399
576301993
576307984
576266774
613109528
576351597
576324377
613182069
576373466
576445700
613472984
576509841
576277706
613248388
576375057
613276855
576460909
576501133
576487608
613496314
576643463
576705123
576333619
575995581
575907078
613736079
576012331
613741760
575676218
575614022
613823915
575680961
613869862
575525777
575038976
574789429
574883479
614222644
574731660
574560880
574365279
574364244
614418917
574455395
614455403
614454666
574269535
614432110
574428469
574541396
614584592
574564477
614753654
574275865
614765253
574258988
574219408
614589419
574255756
574100183
574080806
574046424
614738008
614839379
574146239
614940059
574344654
574299380
614905842
614961847
614966216
574364851
574320339
574350701
615120713
574361670
574396853
615287622
615119300
614863521
614403192
614558287
575161915
575348564
614749539
575256533
574862997
614877783
574742697
614941187
574618329
574614883
615087169
574671349
574761243
574711863
615351990
574814326
615373533
574931127
615479126
615350608
575568856
615525341
575762690
615695078
575720202
615569488
575492328
575048297
615839235
574995717
574970138
615761847
574971949
615804360
574747001
574625959
574707168
615900658
574689276
574577846
615460023
574497304
574377732
615499330
574417690
574369357
615611785
574397844
574184387
574083144
615684081
574059922
573980564
574023063
615673021
574079118
615501098
614394587
574018405
573764012
614552646
573733936
573906522
614693400
614736634
573838576
573738054
614799567
573817639
614758607
573725911
573797362
573718745
614896278
573817074
614711815
573791249
614654880
573930299
614662280
614333593
574106879
574061771
614110114
574080244
574272162
614470635
614196411
574287819
574238984
574306911
614387709
574382689
614352895
574425095
614450496
574503875
574351651
614627195
574200899
574200500
574278539
614903539
614669476
574542850
614804434
574596478
574627382
614904850
614509998
574807819
614706594
574922412
614294610
574865564
614387636
574889108
574837508
614414236
575019278
574961819
614442094
614518514
574870782
574792281
574865321
614631819
574907854
574474517
574550412
574562840
574328074
615021380
574336584
574327002
615195453
574350991
574312719
574300570
615447948
574463235
574387356
615693427
574359371
574259073
615684381
574384304
574285098
615799582
615856315
574461010
574447559
574469267
616006133
574357426
616202731
574542255
616348716
574601667
574598809
574619292
616598648
574797336
616694173
574720437
616744736
574766354
574469421
574097097
574153341
574161328
617012101
574308060
574043454
617196416
573918902
573829796
617335870
573797906
573872529
573693849
617489272
573614296
617539443
573539360
573521390
573541782
573242982
573100544
617442999
572798875
572896435
617381627
572731240
617567808
572793030
572723545
617744037
617779070
572761281
617822816
572500209
617846817
617839175
617818312
572805086
617604416
572793942
617510714
572863777
617708115
617762787
617777808
617419664
617684475
573714382
617717327
574081244
618011535
618027706
574057866
617885631
574323727
574332331
617869035
617615441
574461607
617639899
574421740
617734755
574515687
574520252
574506595
574488518
617870993
574407487
574398730
617996745
618039654
618070378
617831140
574649296
617875284
574703535
574760357
618127440
618128450
574978869
618196295
575129320
618296589
575201976
618322823
575277069
618388060
575113088
575239895
618640839
575161622
618721583
575157586
618652916
574616015
618581188
618659391
574682196
574700297
618826669
574496257
574422687
574291395
619032789
619069551
574482224
619088191
574489271
574504528
619151361
619156252
574695570
619108935
574775686
574602430
619142165
619156745
574716634
619191144
574567035
619236302
574663851
619288869
574752057
619318342
574220567
619148090
574384936
619279100
574388298
574229939
619360283
574158379
619514086
574334851
574435090
619664997
574614199
619841751
619941257
620013493
620046466
574932864
620106557
575019377
619842721
575103453
619727781
619905747
575543061
620150579
575671079
575752806
620283788
620377799
575211127
574957747
620400799
574426130
620462630
620523224
574534444
620453854
620534777
574683556
574537660
620726149
574631333
620712173
620716609
574824471
574845248
620661883
575020555
574119737
620856779
574221480
621040313
574210050
574287459
621228348
574374899
621317210
574567205
621494445
621643597
621495474
621542769
621439353
621491427
574921333
621584028
574890885
621562381
574941427
574608606
621639644
574601874
621767692
574780978
574865441
621890457
574928678
575004115
621904853
574693215
621592251
574782952
621651310
574685646
574406205
574296399
574342289
621980323
574499948
622136618
574645731
574038484
622257021
573969217
622189200
622219744
574081552
574062041
573863842
622196058
622259711
573648072
622170626
573672819
622251366
622279498
573791819
573667597
622304048
573752898
622478027
573838407
622559634
573611773
573586835
622729880
622668814
573497633
573184764
622655409
573309044
622622446
573363877
622808107
573475977
573292650
623173125
623224742
623242796
573656644
623376847
623384057
623494652
573624976
623509569
573669633
623646801
573740253
623870542
573965793
574018329
573970519
623876355
574126370
623760458
574137606
623662928
574207508
574263991
623851802
573880154
573939534
624148454
573675948
624233541
573762982
624333945
573489391
623929954
623993543
573639074
573667000
623891239
573600235
573490632
624023964
573479066
623985000
573231270
573251556
573181748
624152178
573244176
573118832
623792415
573298606
573320317
573097122
573069717
623896555
573216880
572706323
623914029
572751112
572636543
623964175
624042566
624001396
573020058
572831591
624088151
573052317
624173597
573225545
573237889
573180964
624285921
573355932
573393190
624413492
573471534
573425308
573386913
624365439
624389037
573488068
573493588
624438418
624215620
624260179
573262763
573209933
624330990
573224936
573043174
624505887
624362412
573211862
573171252
624519845
624418937
624176969
573390697
624137620
573166986
624081571
624232156
624226940
624188561
573619494
573749679
624417362
573659312
573719873
624495587
624632846
573970906
624652518
573931251
573906624
624747920
573903008
573909210
573972956
573921013
624572449
624537924
