98983
149190
60609
79858
43729
18337
17220
16631
20634
15968
21621
18961
16108
16002
18872
14576
27808
15704
14849
13196
14485
12123
18698
13598
15705
14982
13627
21443
13755
16665
13340
11959
13530
12744
12608
15377
16102
16820
14254
13263
15620
27741
15213
12915
14033
19092
12673
14964
14675
13100
15669
14186
28367
16894
15631
23504
14036
14088
15622
15543
14591
22606
13491
13787
17355
14143
18864
18996
23554
13577
16582
16498
14396
109319
140525
30063
128080
198089
279180
1028931
101804
1077549
238975
37900
649483
27576
752350
69419
1072976
1187077
392794
249235
740825
231333
335205
137669
37660
239381
198046
129362
60701
975235
129131
70090
61747
175027
93933
312079
111376
186433
570706
1039259
473065
599780
282196
256869
1052237
43037
316172
97900
333246
344740
438775
306316
148552
208736
2314009
213080
1293971
132658
171147
459647
557391
987700
232763
175951
963418
113712
509104
682014
456826
30527
51158
348102
122605
157903
411784
121486
260796
861208
54247
53251
70132
292426
501143
532093
738974
163769
509742
297904
292951
801667
807229
856493
91953
294605
386860
212219
769707
916078
512739
41870
457280
232147
121291
549687
203078
253232
757444
95662
385464
26634
579238
450208
110510
370838
114771
508344
882528
39598
152035
314700
71706
1219401
404401
181449
961164
824951
1185985
267718
62864
866699
311529
215072
222436
720220
49165
736056
93160
942425
428669
508777
180994
113951
86715
561174
483802
210710
194186
114109
661919
148398
380392
654625
350611
295875
250480
402409
760798
489815
47210
551184
168506
158096
186919
264752
81374
277081
148325
101787
169350
2059203
1116176
206382
155399
244095
491467
184702
697806
478541
758426
2729811
68025
154536
145977
43316
253749
46343
251789
37880
292747
101799
93996
28201
42533
223468
194299
106119
470767
316113
70577
372740
735690
232700
278742
777683
283297
96321
890103
399336
194375
368666
787098
372566
145226
239810
229615
27020
312588
194114
220528
1146109
612739
43411
362455
622116
452450
66723
312168
31396
327168
122894
693727
383776
245666
259768
184311
309610
47583
214224
645742
190481
189683
895376
582137
1156370
36071
335592
309079
107072
1894086
763735
36950
68639
203637
44082
520793
853804
202637
654803
36680
839688
322808
193936
51204
1726281
931828
346442
51912
240934
578312
94696
126333
353208
29945
435892
658815
189746
1347882
160797
477289
228309
1209868
580923
930147
230952
44408
318345
815474
241688
559137
228144
107456
725743
270737
263334
41135
552667
439420
380813
646275
169509
194738
152496
339683
453971
164574
83629
80220
635538
218792
271021
471618
558904
65192
211945
93529
29527
138830
1059368
1755628
1825888
1956349
2708768
1313471
492659
1863859
2126013
1257080
1160587
311284
2556716
2291162
776805
1181864
1902083
1481288
993580
2697301
591067
562192
3095027
1505311
1783558
1769113
1231125
1407524
2362061
501329
266131
2598377
2366892
1125403
2597479
2379314
1719601
2629907
2812865
2490360
1878420
1345275
2618914
2208635
2169301
1056114
1000275
1743146
608014
527927
1986359
1062105
781253
1148769
1460131
1426340
744867
466793
1659049
478535
1716487
1726391
1642792
1018761
1621224
826743
1846140
1969993
862840
862407
2094022
2378382
1074433
880521
1903317
2204368
1036555
2442977
1138207
456072
1937802
1643849
1819579
1243999
1724771
1542799
616185
390740
2240140
434923
254228
2437808
649169
2454526
732908
432790
2739949
528076
3087942
2489985
986866
2375742
847102
1855873
1683719
1159394
1935669
1983051
1638686
2177936
1719852
928769
434542
384435
1999537
2011972
1966772
1168738
1859678
1166240
309650
2015993
692357
542497
2022375
1277674
936941
1417271
1166302
1574663
1538261
1177343
1119319
1123890
1297515
1209420
948704
1367401
1091104
1232531
1350513
1386391
1197321
1216881
841904
713633
348391
1761990
1857988
1697550
1213678
928419
972455
820899
336914
1035711
1125495
1508587
2073752
1139387
1091584
513893
2454829
303314
430906
1199442
442980
1307779
486480
1199179
870465
576766
260578
1897350
1128691
1966244
1219799
1109957
434022
347363
1334776
1522524
730992
1547785
804683
1250176
581493
444574
1017139
1462419
1256697
1440920
1451515
1521488
2187601
2207010
1385644
1010606
1066954
1222588
1103898
1125289
828223
899067
1038321
1282806
1163097
1021828
374953
1167628
614211
1397503
976793
796218
1391832
587667
592243
1386037
418182
924387
325652
381928
324412
896074
1500010
2594737
1107468
841603
2887871
1581792
1292697
1290873
1688013
1611898
939146
541048
520520
1368670
1114494
833015
823310
973942
645854
424101
1513215
876427
704645
1932367
552235
637768
1717844
481052
1705672
1742223
2029749
1753512
1148918
1009904
526004
1840246
326995
1818847
425438
1922565
1861057
905151
2063065
1471110
1578128
1251471
608455
700699
2060769
846843
1122700
2379892
1525142
1384404
1697171
1755505
1222268
1568748
1800880
2172299
2368373
2433230
2691672
2124835
4322148
2183114
4485203
1393423
2722206
1382116
605608
2315355
1157181
1994212
2093237
2589321
1635608
2345217
2454704
2647034
1996335
2902134
2635866
2515974
1724870
947081
2670283
702282
570271
2683957
1698492
1100079
1294938
1325360
646421
2879005
2786850
1934863
1547713
527165
720821
1667246
670521
478141
1469286
649727
437571
1427078
589144
685498
1433268
825065
1123673
1072712
1340112
2128295
2001489
1679106
398352
494704
700436
672214
417073
287173
766294
811280
3110632
2207946
1081792
1165169
1237382
371705
271922
295138
1510483
508953
626876
1872274
1640072
1545644
1185135
1136669
1781372
862710
808961
454637
1780086
459773
2090590
2229329
1256863
2301676
2658780
2823208
3211829
2558256
3349751
3820052
2927494
1575812
3962519
3177138
758628
739809
3482631
506424
3406456
3724847
1193143
1162263
3700626
513102
3812356
584749
3999194
673503
457632
3949987
709945
3956680
771369
3812054
561071
4113833
941210
3822645
767762
316599
393797
4073971
770254
3364586
793703
351971
3333605
3285406
683638
996244
3906825
3748188
1506935
1108364
4267962
916015
4689386
4401399
4303200
1834734
4483808
4498103
3396826
3664359
2720395
2094433
508934
4816179
741089
4921902
822589
3342017
474762
322136
410434
290948
3717903
3612821
561333
693543
3070195
413116
2052877
1733041
928428
1993225
2337663
2854192
2599658
2369735
3074553
2586128
1722339
793293
834089
389840
2356498
2280151
2872498
1415230
2494669
2459308
2282366
1134117
2710565
2531755
780006
633871
261593
2360972
917376
1007995
275465
2303357
3064677
1139115
2814177
2942769
1671934
841906
2324431
1805218
1936253
1820933
1490974
1561656
1648720
1366551
1314358
1449319
2921316
1627888
386354
456719
1940774
1850263
755748
1939460
1516671
2413581
1276497
629158
425023
392374
462741
2268142
595329
2507650
1500636
1180511
1231109
1978176
1504161
1889083
2474451
2486618
2691094
2723211
2933568
2371356
1045216
1997843
1948882
1407177
756862
1523502
630644
510438
1837178
600047
742331
1862667
578331
470323
395236
1514136
586237
638519
417803
2002543
977907
1199348
1992730
2162612
2121951
853657
2251091
1901820
1580296
2217352
1875353
2093658
579377
579122
317982
393798
2367701
576757
2032836
841364
2364331
859171
521771
2651643
3103986
2940777
1281494
2657806
1945182
941809
326095
408089
341587
3603426
416620
4037393
726331
4509332
2342743
1386301
1086113
2840280
747907
2972123
832770
3217024
968215
3409547
1389973
791847
3910294
464967
521519
555597
2935762
728349
3207323
3666600
3259750
2950330
2329750
2999570
2313969
2662894
898444
354641
2890599
789015
821170
2608162
431880
1830750
1988235
1223860
1321596
379619
1572727
1487349
1134984
1081398
1203498
1288581
669775
1972949
1808375
1438965
1065406
1510978
663604
1594780
801227
1854070
925704
2316110
2046256
1885832
1785082
1511503
1504124
427293
1655727
399689
1939421
1150004
1192241
558035
2838739
1049500
1169487
2649576
617462
498067
465578
3007350
1995156
920253
1837377
1306795
2157693
1430265
1071448
790304
1251427
648521
888105
1052285
670856
2841350
1059620
2790805
1302797
948291
885755
704950
515746
1597563
624486
1734998
1160225
1176715
1521695
650991
1359872
1335973
1112751
701379
947649
575449
3219353
2803894
1679682
1293221
1538098
1474552
1555682
2317534
1819453
1593877
1654427
965749
505574
1953823
1382709
1113571
1700944
1201032
756311
2068197
1299367
1137247
1003415
2539352
1109939
2714443
989191
1450941
1182891
1558906
1322703
1214304
1748352
1950964
1381700
1896621
2163108
1380643
2765397
1770139
3026603
963621
2957487
3192699
1031697
3188419
956558
755031
2236033
630518
1881617
405356
2107960
941463
2085437
2077330
1011073
870350
2542859
676053
307771
346981
385262
2740586
472370
557784
562305
434661
3051194
2370700
763502
1960197
713371
600354
2329283
1052755
2633202
784637
2753942
2418876
2485000
1428701
2598758
1420962
2932897
690325
2804094
619440
444391
502353
2517901
2275115
1238542
2275051
2086118
2025987
1785231
1976203
1269041
819936
2132499
588564
419638
2165067
557881
2514090
594648
2571028
2309449
1755532
2360151
1437682
2750036
2837620
968107
2889777
3011998
1755873
2525980
1951555
1617277
1907231
886126
427361
2053395
692682
2330948
2022182
827267
1188442
2804692
1103572
2660930
927388
2787161
882571
724877
614263
477782
377151
3212217
703539
680246
3149071
380673
463101
2821650
623142
680592
295962
3147373
867179
2488170
1136500
852021
2932046
885605
2508246
872420
595407
399389
2926207
2771766
2780402
1340872
1335232
2468795
441393
2740355
2777116
2972734
3000927
3254866
1886930
3290363
1904120
3282658
3221825
980030
745926
3583911
379249
477921
537098
521793
615361
626174
3038162
694643
492116
3015563
3496057
1183393
1257886
2831960
637438
2993427
948544
721501
2951923
642558
666423
3388171
3687442
3218477
3364473
1595496
2941231
1893663
3083762
880814
595314
3313954
651452
3722509
1103853
3541837
696786
3872768
3641630
3806111
3998911
1524922
1600618
3585027
3827039
906374
3538158
1098528
3957825
716833
585030
364992
3968629
487570
4154023
625236
4198079
1132006
4740280
4920267
5077112
4511291
2221593
4927827
1969354
5063966
950403
5335804
879656
4557439
4606472
4649138
4324777
1279398
1184909
3412328
916391
3821149
910567
3858663
584627
3658786
3697743
1183509
993384
3955940
448611
536066
4169669
614094
4725621
4222417
4802615
2221594
2074178
284281
5304717
583767
4687996
895884
5338482
4906871
1369584
5042982
4858879
4293663
4530064
2169264
1392434
4670186
4710763
625518
696840
413769
4931263
4122764
3447487
1358230
3235057
1774861
3214403
970714
3475490
568735
3757447
3387071
3485471
1393070
3346837
1537803
480763
3314116
2654809
605215
2008937
873997
469825
2579016
2695566
2740462
1726770
2832729
2735507
2227731
2764314
1255689
2796318
1831504
1928438
1461909
977229
331963
712167
2323308
2196505
1110815
2575448
2088501
1106604
2284111
1327657
2068703
1184410
681060
2641588
344601
2589064
3054560
3101352
1609586
2994651
2571812
1703086
2338154
1291753
552470
3032139
1106097
3235519
1862880
1108972
619244
2112821
814114
747850
2577781
430081
1219973
1363460
1208634
1601370
1203228
1576981
688501
964455
1257589
1283903
1223004
1328898
1620609
1451044
1491483
796891
1653432
373970
1277004
964239
1019840
1973147
2153489
1458521
1331191
743201
831009
2682112
623753
899196
2793386
971171
716578
597105
516414
339615
2696437
2167763
1528942
1154932
1539051
1529890
862057
514672
379151
321939
320769
1418979
1396304
396218
898557
918044
296477
4219666
415204
611459
3784800
1313454
992211
2004756
1956951
1872936
1357757
1673898
623484
2348459
1048697
773645
372385
2508115
614274
919293
1909943
893593
665529
2134795
571958
1249499
808604
1344160
846335
605136
492894
1488593
413212
1448016
706273
564751
712146
2224856
2264194
1571317
1179395
1605244
545306
1803852
1481689
1380104
1681074
1330012
1571575
1163545
1045722
1412106
1677434
1969293
2546904
2758976
1378437
1385793
1139847
1212353
863725
1199462
885507
620629
509675
1724103
1893589
612998
504477
375366
386842
1860250
401379
461814
1457113
1019065
1058944
470218
583516
731363
3174951
3091687
2117206
1835720
1368561
1639942
1237878
1571110
1326079
524420
2060595
654564
2245365
2634704
1057136
932450
2838476
2798031
2642361
871676
1662288
1046221
544690
471301
2041651
2108779
711738
732874
1859960
300512
430087
2212468
525019
991452
2877238
920589
526636
3095864
2838114
1325858
1266954
1523539
1827580
2721064
2769982
2715014
1155771
1109340
1399639
2649197
2351957
1444688
2392427
2515794
1318053
1410934
1386317
1569018
1474293
1352307
1657718
1797982
1894770
1596791
2106238
401935
2420128
2850933
3102767
3047775
2981596
3220919
3124335
2966687
3415092
3494253
3704291
4217095
1664302
480587
3816519
3811988
731184
791556
424911
3551314
3811167
1226550
1364876
766256
4801345
4668028
1316233
1202843
5510766
4198396
4060737
1149901
3686306
1550240
4132640
4289556
1635107
1133501
438185
4824245
389873
312645
4152063
445409
505495
3714089
3910585
1003821
4005506
1112818
4209304
761737
3816740
854548
4110307
1047002
4069545
4339958
1319984
3606204
1166954
592290
363671
722183
4426938
749803
4696337
5084665
1298686
1414959
625840
5562753
5727485
5867937
1174603
5570679
1417812
671306
5611154
395858
623149
800727
6202585
6497365
5515893
1446807
4847099
4904935
1620199
805403
477625
4616758
768358
4560025
617819
668429
4240227
425744
499913
4426757
4259175
1329748
1215457
4774454
515940
578990
5231476
5000431
793587
5275692
1088556
5571657
5342928
5589288
1362764
1094363
5791847
4779746
752970
4469406
881012
4095176
911005
4515858
4743504
4894773
1636261
1362458
5273220
5470426
791993
901783
5704857
5079141
500560
478759
513095
585598
670623
4114408
4225963
972253
3787159
1042952
3176368
827055
3331294
678283
482123
3327220
3493061
3350614
1327391
1257481
3093695
600058
2604431
2902806
2987247
1490092
2708371
1982606
2060730
2470898
1407919
720479
366630
311733
2732735
795873
2140992
936088
2079670
652980
2490556
1798083
1319373
1303727
548383
2559535
631812
2545882
630103
604723
2749963
358747
415059
2577191
951386
2715591
2662407
1073688
545449
2991652
2926935
1028901
2695355
2044053
1981981
1372911
2209327
920770
2367899
1100738
1316856
837584
2573022
2245060
1165064
1120869
1503814
1965557
1273548
1957169
1097717
2543312
764568
2682132
1671589
1460495
1944040
1631199
1913038
770555
305273
1777210
669697
748157
1902202
596542
2484717
1701947
1296497
971296
2545618
2589158
1146858
2876536
3554906
2035992
2981434
3180041
3444712
2050411
2982178
1438105
3086624
766518
484320
2791927
664536
2850932
1695578
1917826
1800008
1486232
301392
1934638
635852
2328641
1032525
626731
2429587
436743
322793
405215
525804
2865082
2953475
1250036
1139426
473272
472319
3065167
794199
1262292
3017190
833476
2622005
885668
3167299
2991601
1059657
3236982
3204879
3152301
1331721
3263092
1199547
3185366
3119968
3400720
1158209
1111815
3715547
3953569
795390
3833050
4117330
3882816
3979268
4220455
4457978
4554134
4754713
2971859
4978015
4549043
5004825
4881731
4887427
4161597
2073764
5341412
596549
5438350
892279
5357435
5225465
5295949
1079314
705061
4176401
4141084
737190
929545
831944
758108
4417402
4240883
756304
803104
4316261
3063541
402008
587457
577667
3455611
444508
720067
653969
496608
534475
3967896
4467248
923338
4295847
1400222
888666
4780168
382883
348256
4613397
596269
5002387
874400
4811018
929000
4778130
4868135
4990225
1468339
1294063
5121339
5345429
841179
5589459
1023510
696349
5861543
745961
6245329
1323111
6661245
6194487
1881293
1278121
423632
5846040
562541
499392
363537
6090476
6586429
5333118
1422335
5896096
5529689
5804232
5909813
6000074
3170770
3920331
2100322
4356566
955850
4634304
5165246
4819696
2311709
1624780
4074157
409724
4116640
4013087
1302709
4057958
4226378
3967208
4252221
2038405
1486674
4323742
4489291
892377
3975117
3876031
1634839
962906
3909525
425778
430248
4102595
612448
3970696
746726
412913
560233
551227
4804466
522957
631646
448322
4034824
472659
498821
3584244
475680
559478
392108
3313116
392168
448062
553139
633640
3744646
3873667
3979443
1034471
1013164
4093698
396224
411007
342483
2969414
1190903
1113906
2107540
411747
465858
787393
2794735
928783
523356
681433
754705
2967694
2751901
885390
1148507
1284502
848191
472371
2717159
1678808
2518557
1033289
1983413
710077
368236
1187716
365664
1443898
903559
1250208
1152918
657766
1051115
718112
1111248
928417
612024
1224082
1241706
600923
1377345
774857
1721370
1084006
1176533
610235
2676603
715936
722752
713737
2645207
819845
1634325
771159
1145165
488455
364088
1059434
616333
1088280
987757
631066
1080630
1208634
883230
1129030
820079
539382
1610934
1137988
2058896
1494305
1670034
1958799
2212286
1649611
2097079
1588238
2174615
959425
2226700
2306661
2698901
1589691
2663220
2016370
1733407
1937320
956611
2173763
702666
630153
688893
783834
3231954
794752
685190
3516334
3923874
3189300
2895964
1394239
1617337
3368093
1068115
910206
493028
3794466
572506
3603765
630742
394279
303413
3880985
4041537
3804272
3345321
1144132
2985718
1233496
543446
3164520
464190
3753782
819072
2818826
2477450
1483331
1449167
3142519
3161938
2314038
1521159
2427039
1579577
2374880
979358
2535579
1264443
3006512
1173592
3122913
635468
370813
3160887
3253348
1173684
1268719
462700
2735021
749879
2765672
2749974
1061484
2901565
3242153
3521412
3577561
2175666
2840017
2826757
3112847
3274624
3625141
3882428
3417600
3471763
3540344
3788219
4692007
4030395
4121270
4095607
1177287
481877
3876079
395541
348369
3162014
546933
3210172
929075
714203
391421
2620140
396026
395587
560196
3016760
814983
3208305
690693
3474632
901918
3817692
837079
4226713
3709665
932491
1006784
4157238
3293815
3440073
3025367
1342665
2704972
2506827
2360961
1704498
2417708
835281
2634862
2524813
2427991
1128584
2497888
1135542
483813
2337690
649769
2702792
2898534
2991361
1584321
2487349
2761541
1796990
902504
567399
592505
2065782
726169
2102579
1980794
1261020
1147334
868065
2127583
1155155
1938254
800049
1007717
1632966
1241029
807071
944282
685472
1148717
1692370
1405578
1151908
433538
470495
1995066
1201873
1025545
1192613
1265088
977063
2046676
1223155
1397157
1345709
1509131
3240988
1691285
1431155
1908540
864911
355101
1590861
1364406
1168884
1224574
1461075
1503387
1483035
1736161
1350594
2330603
1421843
2179796
1280948
842677
2474000
638823
2773381
2837926
1136065
1942205
1295437
1559913
1796339
1868686
1741989
1634778
1478078
2148590
1165429
1925252
2054184
2024644
1819293
2020690
2735802
1207472
1321211
660520
1282974
487811
1710485
1740596
1165378
1880816
1399341
1382387
783189
576233
1318223
541933
1326435
944750
1932964
2205412
1504231
2317958
1313824
2512693
918041
2757057
902999
684653
2825633
332688
2905235
2931918
577672
585730
647684
3056167
497712
2002224
1386874
1032635
1228669
1407241
559033
580001
1529367
681514
1286619
1082350
1604679
2682880
2304094
504657
3767982
895066
3994667
1104234
709437
426578
2022229
1494835
944525
1630259
978627
515424
1610018
1721469
928248
2003175
1850986
1215742
2222183
1935984
1442704
1955214
1601917
1301076
930504
1966205
1888317
1379742
2163824
2460233
2664196
2670728
2837303
2642464
3530420
3627074
1312528
3326490
1765400
742416
723521
364998
411257
313212
687426
2661579
805400
2649558
634113
1545186
1268043
1632233
1186595
812973
1720542
1589582
979219
1879811
902618
665172
687403
615232
324492
2336299
647194
1805475
906184
1021322
546944
417247
550521
488408
316948
488786
615162
2174082
681333
1930895
844309
1553792
1732038
2117801
2236600
2767532
2140347
619768
444988
2412955
536450
2640271
3020124
899501
3023456
1899389
2049447
2079765
2013575
2839526
2228146
2410428
2189914
652464
1091317
749426
2909456
363689
2455683
605290
843377
2841184
2963310
2200844
1469174
1243055
2446769
554158
740766
2567815
611714
2770194
484557
2668390
456293
851959
3590395
3702991
3666127
3939778
2014946
3433026
1883271
3414297
970357
3596214
990552
3756152
652950
3735191
653311
3234959
780476
3134609
598776
378929
2419134
2220257
2208855
873658
899383
1885768
1683434
1855039
1954199
1055658
1917623
1383830
627469
379879
1719307
1788330
712333
1791836
1077646
1785658
699273
563215
406935
540971
2095465
1088088
2131379
1227898
2261187
751353
2529685
2760659
2708751
1130563
2752071
1556648
3537663
3903344
3899657
1834040
1506474
3526609
3460097
3726125
815575
793338
3711258
594068
3342572
605685
3183282
610367
3245912
3491961
1092490
3452564
1109128
854912
1439846
536490
1670195
1727381
2150264
1241720
1312423
2403903
2579688
766653
2367554
1133292
728325
2496847
1084814
1059590
2240705
415282
2573742
2712310
1353342
2230828
2417857
1920400
2739157
2357428
1560030
1051381
432158
1223499
862983
1643068
1437295
2077900
1240207
1383436
756523
472259
579296
1192745
1486213
1719589
1236337
1147800
371696
1921910
1103247
1061079
1106397
996298
1193947
1306878
546488
553301
387805
376777
1420043
692270
851486
972151
817093
2535570
707902
2391702
1697116
1580162
1992094
2401731
2216205
1660677
1345144
566594
368490
427631
520400
1315594
616188
1609476
1109128
932527
435430
1751628
622729
569131
1768592
447816
358704
585490
689224
671975
638315
2278200
824627
855473
347206
368912
2554108
1864000
742757
598677
386409
457096
292746
331618
529059
2487049
727849
2352219
808820
826849
1458068
545917
395621
691455
2072678
1212131
1471087
2360089
1251430
1616412
1303736
1235929
1518538
1152580
1563865
1370155
739021
1469821
1532083
1539111
1833707
1782915
2151126
633018
2535568
934014
2640218
988667
2691860
659550
3173017
797836
3125960
3259869
1210040
3277825
3372879
1786953
1167007
332743
3601697
586049
3300715
3494590
1230407
1183487
3760088
509359
324366
343443
3577680
517422
3190247
812237
766420
3043563
621583
2271739
700970
366634
446572
2374747
701526
1801700
758328
746188
620236
2281061
929409
984470
2611553
358002
1233161
705892
1405762
1081646
1865708
1370400
1063620
1299131
1355754
1754230
1399906
1605409
1900448
980570
891493
935953
312928
455684
879859
1004785
1039020
772631
3310748
3328970
1645795
1379730
1521455
298890
1671529
1750262
866571
1811801
1120400
1713647
1264746
2305050
1997496
2144536
1690498
2356958
991354
527853
683612
280704
1921671
1915931
1112038
1124115
1115325
384361
1054840
728266
1139525
1341685
1613598
1514971
1355102
2007708
565480
363775
2030323
476331
715595
785215
2469665
678146
717622
335134
1640593
553459
1659733
869095
695365
515639
809420
2023644
1994222
1126501
1088200
1051153
1157038
636096
485633
460728
1485528
607421
412457
374570
399169
306075
2278160
2267805
1139792
2589538
2858704
1541736
764298
3095550
387787
486441
2904870
2900785
2602128
1213362
2688030
2566150
1497893
741482
394889
2574912
3103170
1108778
2890354
1539597
2205761
2115257
2071664
1542526
2118866
374870
437591
523794
472218
2059878
1534723
1209708
2208542
2352684
1706157
1104828
2622316
2735714
3180368
3392430
2038180
1840647
3594325
664308
3860800
1325157
1096188
4540761
428509
524512
4211369
3728478
2899659
2961752
1435269
2677534
1603209
1981214
1875020
1588149
1180519
975340
480767
1152356
680630
1406933
1844791
1379667
1425880
2016361
1374266
2348150
1405532
1902405
1384223
710427
1016589
1241744
1662376
1752987
1818744
540866
1689639
1567618
1269431
1763930
1967093
608851
1935118
892807
2036878
1534993
1369293
1714065
1115133
1932698
869130
1028791
2402371
911762
2108651
682000
721978
456000
2798596
632386
908822
2943945
2955612
926833
697205
3298594
2598540
781895
2358612
1271993
2732856
715666
2406997
434850
816170
3299922
1834176
1369603
878273
1477427
1192176
835231
1398389
1632547
1716890
1363712
1923132
1334188
1925515
1394029
1240429
1125517
1189613
2438453
1437656
1326630
2680098
1271259
1228994
1390477
1791887
1513852
2153191
1508481
2238651
887351
1753723
1574622
727257
1632088
993573
1489398
695219
310201
348440
1560889
423430
405328
454068
1849010
648816
1866058
2032296
1505112
1665742
1476575
1939972
1734890
1762971
2382134
1853276
2080789
2178818
2248777
2312421
1428227
1481724
1581270
1207535
1878315
1647707
1219437
1836198
2245250
1418538
1157753
313186
2363053
384238
1388363
1009440
1711936
1523519
1231960
2308218
1518237
1555802
1961336
796489
299477
2101586
999481
1258172
1165185
1643839
1202205
2283213
3142739
2095466
1393170
3320019
1005968
689899
2556492
1620022
1165895
1356100
1972252
769080
550578
1284578
372260
959607
1469344
957030
2756932
2369657
622800
686554
1548973
656175
653725
1880543
853550
839066
2154113
749792
1785739
1181384
1012605
2012229
771242
349400
1767737
705324
726617
681643
2528897
1499033
1175151
2656108
319375
482775
2932571
789304
759701
2222689
825833
2242626
2479898
1620517
2591090
1270387
861918
676782
596530
3422718
1112212
3701518
3392456
1240107
848928
3102212
423813
3381443
627483
3594112
3202502
1094975
1270936
891690
3712100
3918590
1224742
1548792
4279360
3940668
4222902
1412315
1298491
3816147
904112
740819
419386
4164276
346669
4142815
717508
4232244
983598
511428
4564997
564387
4789752
902062
4683909
4437848
1251605
4039023
1043040
427973
4326352
4500292
884836
4485971
1162007
571611
4629359
5078282
951499
809035
5023844
5237400
715256
898082
5632839
658044
5767563
5888598
1013658
5989348
6144261
1459372
928834
388359
6412408
6637278
727150
708831
470244
4191520
469994
460061
393710
4720608
632132
4364690
750252
3946464
3689916
1181894
3535701
2515609
2278627
2539302
3108339
2442091
2601754
2767801
2087346
1041681
3136293
494158
519361
3005809
573822
2503742
666036
539011
1684392
3894241
1990427
3821282
1247724
1297662
1215835
1510437
1124417
319440
1792062
431492
2181518
693571
769700
573408
2697538
2661716
2249084
946808
1212072
1613357
1142120
1513920
1693182
1296398
913442
1191562
1340826
1632612
838132
1255217
833954
1167225
1396345
1156234
1594646
1274027
1924467
543430
1645042
445308
1702834
1008951
1273692
1391265
1272505
1501857
1499779
457796
1654245
527419
971912
1913511
1007676
2192040
2515296
1518881
1468604
1186037
1936773
601452
2025309
847234
565733
301937
381331
562533
2447600
953509
791589
391204
2395321
737093
2781178
2787564
3150111
1567849
3535706
3517551
3300061
2091568
3585943
3808220
1951743
1265971
395796
307112
4413396
364955
4139225
737306
828495
4269252
4387213
857100
874848
386175
562375
4840169
4579072
1101039
4716143
1182149
5177649
1075411
847709
480380
5160115
668838
5451914
816736
5319191
751737
5384174
888192
597716
5186347
5427792
5090897
5430326
5859615
1860965
5418045
2646010
5748526
1010151
463794
6154919
694139
6079868
705550
668035
5838719
472832
6064767
5198453
5434423
1131645
1104208
5633447
5812857
6081717
1180940
1079689
335511
390619
6458215
345476
6621880
1096447
1076471
6976881
535094
6779839
749924
6041762
897640
6588316
6524983
5918126
1588533
1102090
6469355
782437
923883
445798
6440724
6304236
6497736
6914969
6452527
1684170
1752740
6670506
662450
699407
7137708
570398
6932985
5940805
5862845
1310128
1461396
618376
869156
6467301
1066657
4435461
1071043
4618088
4489630
4659173
4064713
1497723
1401256
4392430
653508
4740214
4352552
4368201
1536308
4663674
1934753
661621
5167977
703497
4906446
1191615
4348069
902234
4562821
4597180
5058950
1647414
5442869
5515904
5543380
2552428
5706030
5309768
5228484
1815247
941910
5585138
6074105
5370192
1331354
1171567
362450
5421357
641836
5504972
5277950
5330831
4511152
1690130
4254893
1622044
4503172
4421508
1344375
1106996
4367298
3962777
894054
4317038
982041
497872
4123141
541739
4578148
4894979
1303594
1256188
474297
342500
4651745
4668769
3212066
2830862
1441938
3202075
1630287
3374603
659562
534524
3605316
589838
738745
4055890
4099369
3675106
921879
766616
3892391
401735
3884662
378973
460956
3997012
568752
4290904
936702
685429
3161854
557525
3330487
3263060
3088265
3432229
1568717
1389752
361724
3284264
315466
3481923
915014
3869512
1014755
414702
385920
477184
3991343
3716237
1054141
4001314
3535127
4104809
3834531
2354483
4001254
4006830
4254451
4350691
4044056
3248655
1985469
4294275
4264466
4105470
4224160
883135
4411738
1264751
760046
4282983
3874902
1046593
1027349
4304993
4666860
774765
959969
4063150
4150446
4619935
1734028
1548244
4986865
4814370
764956
5091857
1296108
988615
5585815
793975
1118584
5664582
984521
6208996
6475110
1102860
6802237
6948968
1887057
1306383
356853
7335291
7445312
1003176
7211843
7507467
1586526
7592371
7380153
7399310
7056873
6992940
7055244
7134736
2614934
2359279
7141190
660522
6311260
6342596
708809
6187211
804395
492305
6579057
400809
5985476
903849
5671190
5647626
1153773
5889454
798342
626622
455398
6093841
378054
6259547
520821
6450564
794824
6374106
805222
650653
6375200
6502862
5045571
1024896
1037650
5299249
5395194
5420437
4868456
997859
4949997
1478982
1566525
1917479
1657107
1688971
1131447
306715
1603988
388933
1591114
669344
647207
1313246
375388
1512532
1768476
1917556
1858676
1443903
1501490
1316081
1116127
1527107
1129283
1279726
1423119
1416713
752513
479071
1206162
1602341
1454590
1478612
1561544
1676771
1662993
1646953
614913
1781345
907448
2104737
930994
1303763
533333
967443
2205875
1348641
2118346
842726
525678
290793
467617
714238
1831906
1006475
2222016
1019855
877852
542196
1170773
1156568
773438
934795
1212646
1157519
1275173
1599907
2068732
2597965
2002005
2148478
3144682
811572
306024
3287347
2757746
736145
3100611
1055644
693803
3278090
468566
3723288
818381
1161554
669782
4310330
581005
4553166
665403
4913085
1073382
5294557
5125638
1727858
5845945
1665840
810380
6201666
322423
6313511
820654
6475151
6584646
5636467
5453839
2095593
1643984
5811874
5591610
749474
674690
4877964
459504
4912143
4975762
4943257
1444428
5195935
4816042
2072618
4064031
3752387
3041003
2157637
3372005
1722670
743254
321468
3952188
598869
4411684
816557
789179
5008239
5135619
1117275
1025177
4743815
477400
5023675
618071
590359
395590
5169956
700535
781935
376467
5026585
575703
658119
332513
4266852
546989
928796
4786626
740050
5074296
4993495
781751
724074
485775
582413
341654
312959
4285838
441832
4678682
4867925
1344475
5010342
5111178
2042604
5358643
5819731
5888731
2368216
5312755
2321489
5492555
1181066
383207
5203164
444318
466075
5374089
862961
563367
939370
6253474
6217905
1026957
627255
533992
6714805
485572
6767532
797361
6887256
7319032
7283602
7396890
7587330
7124368
2836293
2558835
6788680
6433802
5764331
747400
654323
5657322
5004623
4934889
5320346
2408540
2499218
299203
6394340
827254
6484025
1312337
886028
6976586
392401
970209
7000604
1035641
6404608
6580614
1274839
1019970
6845597
378561
403081
323902
385815
429077
6757406
7057142
903929
1101453
7155048
516915
369076
7812152
1041164
8086794
1260501
8227749
8353134
7173390
1669953
1323508
7298064
594987
617708
6267856
568907
1059721
6690447
5624788
5561661
5006221
5092383
5185536
1970368
4705971
1600105
596118
5060550
5433012
4358441
1128068
4662265
4117912
1712529
2470016
1486077
1493583
1283255
1562518
1725104
1954140
1197658
421026
2302717
572387
648029
2305894
897019
534448
466949
1582973
828907
1014242
1780031
831976
1266657
1180152
1650908
2192699
2553886
2559525
1453796
747321
432857
708970
1575740
492105
1485385
513996
1237885
755229
1191935
1319959
1002325
890335
338294
1008799
1353580
927627
894321
1613441
450952
1742873
1422530
1313454
1326397
1607260
858894
554044
1983809
487591
1826936
629139
692238
449940
334434
2245518
702155
719442
345558
2835426
398067
522330
2988812
2376767
2235205
1513914
1205449
2276727
592008
2340669
779397
2015974
1224433
2510317
1112962
2638479
2587467
696121
2789867
1018206
2907465
3229436
3240582
3348068
3546192
2203469
2810217
2934674
2397225
3068044
1094244
2953086
664917
2415542
2375640
1142111
2511191
1059668
2694434
845763
2940111
695320
371985
3048292
623062
675472
2766431
680833
558206
3046211
757562
3131511
1123130
3610659
616418
725487
3490129
786344
3632545
783709
3529438
3771039
1088250
717413
256822
4047723
494107
4029320
3692109
1116178
3887825
4181695
1330474
4206478
4273385
4316716
4390657
4628911
1809320
4902325
1647533
648120
4981204
799826
4380878
4413700
4159655
4313499
4687097
4595439
2457147
4874705
4937546
2650464
5232717
5255694
1399953
994757
5559889
522280
5066193
853576
5253664
932965
587664
385228
5705447
604348
659147
5821069
6148767
718322
6452815
6536902
1224916
5605941
4498570
4320123
1301713
4794366
1132535
3847975
844137
545854
3531625
3475388
3085464
1558613
1838902
1417085
1970947
1666156
713905
825152
501954
347930
499201
1720438
520611
1525357
917274
726555
1214006
1420523
1698252
1037074
1367520
1350608
1415699
646617
2015274
1585593
2039910
1294056
472857
1096100
431483
506965
311680
1325411
1191102
1110557
985949
1005482
766131
412425
855991
385739
753151
1074935
955802
969957
638631
1619151
693007
1448396
366163
1518284
1374339
899626
1765040
1823011
1473762
2049891
1050758
2066810
2749099
1510450
1841938
3313597
2083725
1486533
1121534
2471532
2024462
1250232
656476
1313665
1716952
1409760
1921428
1778511
1788059
980914
2069479
2436881
2869503
2476458
3441074
2616828
2510533
552544
481752
1237156
1107256
1240968
1412641
686140
373207
444370
2178436
2242885
935393
1135083
1480889
1587678
1340497
1236661
569171
648767
2438816
652054
2379150
606708
354348
2295954
438171
2111506
832681
2094606
2023707
1869221
2014629
1614228
1344409
2228172
874490
1880527
1297474
1955134
974984
1662620
1988978
1069671
2044801
1410882
2067917
867736
341366
381470
1291553
1305648
1081420
1300575
2453571
1407908
2153359
1590168
1767112
1416796
1654966
1367784
1547470
1661982
968437
1743729
1298908
995125
1015345
1573846
473954
1935872
1171300
2490144
1671070
1053788
470973
2966989
855517
935266
699484
527973
2524889
2879744
1012512
1182966
412878
2885714
592506
636280
495167
3222132
756498
678020
425170
3677660
785293
768157
374725
4112890
512972
4220044
703693
660855
3855541
429415
736363
4315022
3740182
1007583
4017420
1131843
3887212
1866518
1481303
523481
621087
330885
5339972
1107855
2912006
1544061
1881386
1382461
2477270
2399662
1408524
1102357
657609
1514316
851298
970462
1049502
2373971
782418
554490
1824736
1159786
1179856
1047944
372425
1480236
1683829
1369972
1558913
1183991
1530096
1355694
1325444
1584320
2112850
2171080
1079765
867391
1643883
1708013
1202075
1308469
1892312
522313
1744735
512267
704807
1217520
837430
833448
525679
1862038
1420991
1186768
1504496
1200084
1410758
