736275
1269332
798205
714034
993997
1259021
1227601
1731495
645369
1737195
103050
1753736
303277
609055
194386
440228
111498
155924
453832
449255
703433
439039
378448
1498239
279299
352458
498274
196078
2717500
177558
326707
260189
291603
342020
104116
297194
3611289
280154
443299
4802031
434636
250799
5434750
5707490
320150
323172
257597
256102
220494
375582
244872
151758
300301
683070
247213
503920
261006
177838
205824
294447
13978677
14047363
384573
675081
439847
214643
321395
386965
296283
15828820
16249136
16197955
16469507
418968
16979721
17451662
17633258
18197280
18135477
17939995
17431223
18534570
19031001
19165757
19251070
18510747
18519243
18994855
20484180
20509262
19783847
19804512
19985075
20180755
20047637
20348737
19479064
19303847
19565774
19450551
19326221
20085431
20411012
20333056
20676540
20515542
19879638
20151829
20735692
20938953
20943670
20795379
19925731
20401810
21739665
22335745
22869878
23943700
24698337
25315315
25751519
29282323
30695982
30978269
30986417
30901262
32023536
31579672
32599284
32901226
32409347
33263338
34337275
35743077
36435013
37041428
37879281
37925257
37931953
37326336
38541645
38884518
40962574
41613891
41102637
43972474
46162265
46687424
74442149
74944230
75351486
74734496
74516784
75241859
75360190
75071870
75149862
76328436
76169733
76115099
76070021
76173008
76576108
76581017
76915207
75932203
76180941
73512337
73503808
73955459
74103961
74587621
74541519
74693244
75411999
75280325
74869832
75323252
75090935
74407839
74420326
74454189
74285694
74335011
74189800
74137772
74240068
74089288
74496961
75670806
76046142
76114296
76362608
76645152
76607466
76594047
77355081
77265456
77697565
77467153
77727059
78428262
78228960
78146112
78250658
78629789
78785530
79562957
78892095
79111337
78924568
79777720
79875753
79712091
79777790
79399685
79237463
79311505
77657511
77786977
77802145
78357105
78770933
80157091
78987918
79136006
78806501
78814326
78226959
78481968
77490524
76837485
77102743
77510481
76085249
76767761
76245971
76315934
76458685
76234668
76709675
76579677
76933417
76537694
75705447
76715734
77099406
76839940
76587090
76719095
75879759
76105458
76280907
77059240
77080560
78203662
77536228
76717803
79015262
78922434
80453457
81352375
82515827
81987945
82155639
81924766
82879481
83471710
83405923
83021809
84093129
82285880
83255266
84110699
84009141
84318533
84037235
84356170
84262221
84327162
84155873
84550096
84766785
83467497
83531354
83919484
83641886
83652930
83277985
83635933
83475610
83397458
83277945
83717191
84021660
82717064
82310246
81939058
81560210
81043685
81092790
81475058
81863634
81340932
81024139
81137954
81114670
81076360
79625492
79837956
79657419
79946365
79469087
80268796
80159705
78209375
78068423
79675809
79743172
81161351
81145440
80664654
80467855
80692633
80294613
81001456
81225720
81680984
81825365
81991532
81356120
81584757
81548817
80276713
79247502
78536810
79028680
79055177
78635173
78309189
79372556
79352259
78931562
78955779
79326990
79481714
79151559
79536270
79655064
79875894
79821557
80366542
80331046
81515757
82220575
82109604
81548092
81711703
82864379
82149806
81907776
81609999
80961675
80977393
81566635
82579514
82500601
83170934
82989590
82960883
82954718
82819235
82387602
82025191
80703046
79963652
80066303
79872857
81653268
82295343
82124595
81453813
81315306
81147588
81765079
81532140
81530914
81748307
81606417
81647744
81303005
81191188
80910998
81121659
81336875
80799227
80031229
80821438
81090321
81117337
82600308
82296553
82763357
82860907
84072883
84258625
83515424
83871984
83219784
83307725
83331991
83208529
83257299
83042315
82671723
82666790
82989993
83205425
82563903
82706143
81803365
82137433
81838123
83218208
83625667
83114255
83008551
82967471
83300440
84731444
83618908
82939007
82985461
83215170
83699556
83850410
84102260
84071340
83284544
83170247
82969445
82389180
82341512
80009232
80386702
78699380
77925483
76543965
76314594
76687654
77218215
76515904
76504897
76199415
77143968
76219796
76174521
74994282
73606820
74344067
75108717
75050295
74844002
75350134
75037950
75116230
74793337
74588056
75291281
75174949
74504852
74643654
75001533
75077827
74626860
74948540
76887742
76881281
76402112
76295816
76396490
76174102
75942773
76087220
76166567
76218956
76183481
75993543
76017599
75862324
76223196
76419226
76050178
75981056
75986487
76233738
77063386
76952826
75818562
76534726
76444181
77520752
75957699
75968517
74638112
75178476
75446856
75714069
75868225
76281981
76247157
75644507
75141239
75055369
75045177
75636913
75807095
75801210
76366893
76364198
75936594
75508989
76213318
75737029
75949737
74865721
75345794
74890735
74904996
74488496
74390298
75679153
75102880
75511024
75507107
76353478
76027732
76043548
75008340
73842327
73982362
73873092
74100136
72833768
73007427
73180513
73732876
73917880
74681643
74534006
73659052
73867217
73071785
73032473
73279390
73492064
73870916
74509403
75900024
75956855
75894831
75688085
75633133
73940243
74164997
74725603
74770957
74929379
75008621
74328851
74154666
73331222
73435914
73268406
73366349
73211573
73229187
73484261
74607161
74664399
75468087
75584159
74934422
74811531
74910206
73466011
73437646
73527184
73410447
72221929
72612119
72597764
71524269
71164424
71247775
71420610
71546028
71595555
71705956
71775000
72023515
71654314
71221362
71231335
70675374
70797619
70670822
70447527
68897580
68808833
69031507
69396227
69788664
70463195
69076037
68970016
69093668
69147286
69421315
69818185
70671200
70304898
70340121
71009937
71474484
70458515
69747999
69778114
70844253
70289025
70994604
70456125
70543755
71541968
70929471
70746229
71113545
70558118
70102062
69750368
69771586
70024354
70058502
70142773
69336286
68737357
68900329
68970282
68184910
68943800
69027110
70826841
70824545
70053983
70262840
70900011
71945438
71468683
71511952
71768901
71714455
69865705
70059776
70581947
70501593
70985352
71799797
71567128
72290701
72241992
72639214
72397110
72869274
72992293
73102770
72582758
72703408
72695435
71892968
72528937
72593749
71231464
71221359
71612728
71645048
72594216
71663852
72886504
72811286
73906058
73351200
73148727
73771391
73370530
72608831
72293922
72881468
72742314
73788716
73816486
73182383
72971032
73461009
73267044
75079542
75451683
75413284
75141408
75246309
75631145
75814916
75286554
75731267
75691167
75819731
75903467
74570975
74577943
74272355
74101381
73214355
73541629
73910541
73984379
75105648
74968243
75105060
74943289
75758532
75860407
75961827
76123916
75930820
76686222
76321337
76242465
75739495
75910677
76388799
76116031
76692369
76244441
75981773
75994865
76214809
76705148
76775952
76556512
75592132
74980833
74243983
75165069
75358707
76359281
77141171
77930848
77885086
78668073
79227834
79077841
79013664
79134322
78360251
77114935
76912232
76217627
76384261
76828596
76751296
76573188
76849777
76969463
76673363
76513099
76039883
75529166
76596912
78518697
78266605
78141107
78114341
77990031
77695881
77651161
77730467
77720420
79011507
79331250
79409001
79828385
80143609
80074281
80484888
80476244
79902645
80969443
80729834
80225933
80342925
79942942
80309871
80187633
80291120
80653012
79969855
79725132
79812121
79666947
78791150
78800655
79568839
79730579
79650219
79932421
80052263
80499008
80668775
80486539
79486322
79831082
79623765
79025312
79454668
80362567
79728330
79668593
79564930
80270327
80210948
80584469
79986469
79943895
79867800
79894469
79137899
79355063
77569968
78254443
78281884
77991756
78058629
77839980
78498154
78525200
78394369
78550309
78566374
79320591
79335067
79470134
79322653
78899364
78867654
78004380
77956779
78536841
80087964
80222684
80724371
81880769
81991385
82620859
83076397
83317962
83242544
83010840
83044732
83486293
83018434
82219808
81569977
81391063
81493219
81570364
80742549
82953957
83411000
84027539
83910821
84093740
84021478
83433530
83845168
82779825
82695229
82972363
83015790
82858074
82906364
81424647
81386298
81364468
81720815
81862320
81376689
81142789
81813828
81029166
81710322
81568020
81684145
81995245
82068461
81913278
81847522
82235973
81642812
81352997
81605973
80618060
80854901
80915966
80911372
80676583
80502848
80619187
80593108
81625275
80517321
81121949
80894229
81777858
81728310
81360626
81295135
80529522
81259229
81258230
81082981
80828323
80260883
81034041
81035780
81094996
82009094
82014306
81098781
80577756
79430506
78686476
77878708
77994527
77230146
77391801
78276583
78265520
78040177
78134371
79000982
80150452
80363072
81563101
81196086
81125134
81323073
81010667
81080071
80949533
81521117
81965025
82392760
81362372
79718601
79827451
79743125
80109424
80107630
80278300
80221217
80152362
80649552
79918958
79731177
81337886
80856411
80294413
80465073
80804636
80859591
81115903
80071691
80097803
80886176
80191546
80232409
80166974
80130318
80140188
79320189
79038974
78226955
78759124
78668939
78668283
79035778
78311300
78172567
78325484
77015421
77029890
77002802
77321177
77618806
77618291
77301657
77155621
77615343
77230889
76622150
77607071
77515809
77308914
77072589
77260010
77206405
77177642
77018332
78145072
78815078
78987809
78908485
78961846
78615011
78620417
78612625
78812546
78131133
77097403
77359414
77734529
76995537
77201823
76259249
76446472
76636346
76166491
77432933
77492748
78335576
78663590
77956623
76720265
76017443
75606173
75919762
75637620
74657883
74838159
75221852
74464180
74811866
75851608
75603762
75911010
75928554
76226176
76058753
74628431
74748802
74613086
72051704
71574467
69970685
70180792
70170762
70357754
70284343
70216197
70238338
70854374
70560858
71072261
71102002
70829367
70501770
70755062
70715859
70250306
72236014
72173452
72166993
72378210
72675562
72053397
72149993
72111866
72601618
72286041
72452380
72268678
72034379
71858364
72359273
71843287
71837176
71596170
71882346
71884521
71761642
71901283
71580182
71407055
70451668
70211258
69450115
69755219
69127329
68960531
68994066
69101573
69308939
68477052
68187395
67921762
68461694
68882949
68138390
68646484
68596867
67531134
67639796
67727284
67723897
69119958
69065804
69416744
69671051
69528009
68769089
68823186
69066855
70679450
71113533
70193663
69261418
69083254
67676065
67506268
67976376
67797204
68448432
68904055
69282927
68766635
68490641
68347522
68727656
69862716
70387857
71661347
71058107
71357330
71204915
71327448
71234307
71056057
71700884
72270207
70728572
71601466
71889414
71789725
71386705
71516489
71267303
71249410
71208378
70393437
70166716
70131481
69781930
69899070
69923255
70034595
70335626
70248860
69728910
69825145
70076481
69435056
69791393
69846767
70489257
71314449
72343703
71445797
71420588
71149032
71367247
71496270
71599957
71669347
71520646
71866587
71102182
71734473
71448277
71101064
72094308
72380105
74100302
74148361
73001412
72707042
72581125
72705349
73301265
72957580
73632102
74077360
73623370
73351735
73343406
72979152
72894629
73364186
73335922
73619852
73119688
72411132
72778516
71501384
71908661
71719027
71516158
71320811
71584413
71564920
71275256
70414959
72280730
72557031
72093065
72420963
72489795
72593824
71850332
71608608
71643218
72110980
71634326
72210077
72857686
73527373
73676831
73851604
73812107
73721232
75028289
74724876
74239097
74505817
73922626
74312348
74364742
74811961
74286982
74147456
74826953
75741655
75289215
75202636
75081052
73248506
73391712
73602235
74913346
74712479
74448273
74242243
74027478
73423412
73214360
73199772
73073121
73045478
72909459
73522060
73533522
73453074
73739897
73164554
72961795
72813196
72671707
73286498
72816657
72820044
72741175
72679885
72656045
73235506
73519386
73379965
73240077
72903835
72960186
73278564
74167327
73876756
73826310
73888107
74227494
74296100
74185156
74854646
74436515
74588563
73788296
74027771
73939593
73597156
73514244
73590400
73192856
73076360
71765016
71643642
72074871
71708348
71933294
72105731
73265902
72943846
73045496
73034817
72367285
72435175
73126679
73086490
72803254
72456087
71201485
70563052
69550885
69600447
69590566
69504900
69401034
69479488
69082820
67924778
67440182
67840334
67458628
66787514
66858602
66689231
67804716
68235811
67890426
68685578
68655681
69083332
69363025
70825492
70557832
70293289
72018713
71831201
71595309
71656147
71407785
71799174
72527165
72737953
72636634
72197042
71436641
70063717
70856786
71902442
73008507
73635363
73657471
74313214
74880735
75205006
75359777
75009393
75168795
75358140
75488131
74172294
74026706
72443072
73515425
73849057
74188870
74030430
74019247
73434703
73810312
73528920
73157885
73000945
72987065
73270165
73518040
73156508
73123847
72828094
72605045
73017360
73124454
73513948
73614170
73611062
73643995
73556647
73524890
72917255
72787952
74027092
74326419
72668569
75062262
75054250
74218263
74410976
74164660
73977437
74028211
73965812
74403683
74435505
74281771
74607591
73549603
73716821
73662374
74137852
74392371
73361146
73498881
73690145
73495837
73418656
72978298
73548975
75646980
76286452
76504105
76203683
75493934
76187131
76286683
76454879
76113862
76199485
75939495
74848577
74802253
74931315
74901315
74754200
74691356
74836864
74765648
74620160
75292079
75518526
75020949
75485579
75576148
75394095
75553463
76272601
75939500
76338546
76108854
76138968
76270144
76312982
76424124
76335052
75636518
75348270
75363272
75685372
75870683
76110492
76217130
76924056
76841481
76474743
76037242
75224124
75474249
75611601
75535543
75881868
75738132
75299959
76966578
76953184
77913789
78270170
78473919
77873075
77871236
77670599
77335124
76865135
77553129
77193245
77568256
76260553
76250109
76615863
75933882
75871781
75621687
74911721
75018617
74991613
75126469
75838818
75723761
75612240
76568063
76268813
76330954
76306834
76564068
77057216
77301404
77123071
77078831
76953617
77209342
77313431
77671010
76453828
78286240
78358054
77780203
77779048
77934447
77743297
76438111
76484427
76780243
74858043
75161656
75977485
76682474
76950815
76453344
76707013
76213015
78603550
78246076
78591311
78937280
77974300
78409579
77258388
77395558
77154546
76736806
76168227
76284372
75916047
76383425
75463843
75450969
75907587
76012932
77357255
77837259
76693132
77275047
76537061
77193451
77122777
76845244
76738267
76273388
76237573
76063383
77160056
77548626
77387165
77349508
76968152
76866988
77610037
78102750
78072071
77308772
76834887
76995081
76340011
76958352
77379374
77986839
78222106
77010993
76455310
77128448
74504381
75081457
75303904
75108947
74768185
74579085
74762035
74752423
73611983
73459954
73240959
73177603
74394296
74624757
74435069
74276100
74520910
75029648
75960929
75791919
75666673
75821563
76300733
74964819
72941876
72313810
72399539
72094355
72052968
71579871
71502903
71610373
72044230
71938027
72336405
72251293
72161050
72274175
72468418
72539894
72684593
72571270
73355454
73369377
73075622
73577036
72943964
72653606
72570361
72623529
73451583
73205666
73450251
73054615
73621309
74297340
75052232
74909876
74902544
74934938
74970821
75251436
75291332
74974035
75014459
74904759
74420848
72867945
73002676
73109320
72899967
73011621
72711597
72684167
72512620
72665571
73031899
72628465
70797561
71672870
71435610
70990632
71401998
71836798
71914651
72145904
72107733
72084919
72341149
72376534
72029678
72149573
72659602
74579029
74908018
76139387
76315116
76898939
76720788
76710856
77812322
77250587
78494745
78447805
77652640
78092708
78142474
78783300
78402571
77883780
77867954
78244409
78120822
78728939
78715148
78444717
78624888
79452835
77204504
77511649
78443052
78737412
78613226
78479465
78381399
78355474
78247091
78220951
78115284
77188318
76644557
77169738
77120405
76845987
77054141
74716245
75182802
74971917
75676250
75622764
73700396
74187870
73184975
73819859
73929817
74071505
73387581
73437893
72783615
73448164
73620946
73764064
73612674
72533510
71975219
72138918
71300517
71448522
70913294
70682306
70800662
71205826
71592186
71941979
71953364
71323291
71776140
72065295
72091450
72618742
73287250
72670516
71740049
71802951
72358836
72449248
73302787
73949002
73691316
73461418
73047178
72583623
73488056
73285561
72605463
73093058
72680423
73245247
73325040
73544101
74075077
74612615
74949111
75221313
75416057
75224462
76091053
75186189
75467234
76233551
76452839
76913984
76323679
74947783
75212348
76097185
76193602
75842808
76460528
75872876
77380444
77193845
77442545
77574473
77606142
78201049
77719043
77264019
76993903
77329314
77655814
77775583
77552462
78561576
78672019
80520929
80627634
79847274
79965171
79546108
78868237
79209436
79319429
79034455
79533241
78784189
78507291
78462051
79175020
79061461
78606149
78126145
78202566
78197189
77983377
77938317
78152353
78414978
78550220
78475168
78512437
78810939
78811776
78608938
79588453
79975484
80772560
80890676
80912838
80560618
80431649
80762568
80981193
80968878
80177207
79550793
79587166
79652688
79328872
79761680
79423618
79465196
79551095
78865066
78819728
78713358
78689220
78503641
76987542
77146427
75911015
76008657
75293527
76548383
76465806
75911404
76033477
75364591
75334166
75101235
76102296
76216009
76593226
76612689
77465502
77510177
77284531
77162911
76289205
76168484
76077149
75518688
76127925
76083365
76036946
75072598
74736142
74431893
74521473
74569120
75336369
75371766
76229397
76316339
76215502
76478234
76494436
76632201
75449958
75450870
75618916
75250521
75245986
74541802
76173976
76111230
76233130
76353023
76964794
76760096
76833761
77132619
77523243
78186105
77631419
77213615
76315199
77032492
76796288
76827538
76627081
76871402
77355460
77267572
77366721
77656979
77582688
77249997
77534478
77647276
77361308
76165920
75998627
76321732
75890337
75841385
75421005
75573429
75576984
74960424
75128448
74209387
73335846
73261657
73057659
72681249
75418513
74552738
74699879
75000942
74846661
74841181
74832783
74757154
74984243
75944228
75195889
75016168
75073828
75232134
75284496
74215220
73857933
73106619
72678666
72160094
71396641
72194260
72689332
72520205
71684846
71428586
71329927
71186129
71418475
70544220
70231401
70069800
70276650
70257871
70256066
70683335
70805601
70871252
70125995
70262387
70079485
70700347
69591326
69471331
67648795
67702737
67548260
67632984
68136263
68219208
67813789
67568743
68034827
67450891
68313153
68193068
67986417
67351756
66782347
66595935
66677536
66683215
67208807
68150392
69019887
68812576
68998879
69751639
69627789
69562566
69287048
69352399
69857290
69512005
69375339
68502425
68580007
69509957
69404475
69431735
68870034
68814514
69042918
69643018
70161370
70635707
70087500
69959038
69569517
69836799
69929161
70728980
70870512
70911114
70815823
70925078
70640251
69914698
70351023
70535980
70430349
70480032
69667239
70061671
70247677
69822640
70174295
69846982
69716577
68188496
68536171
67660598
68482601
67532619
67271721
67488898
67628927
