1105869
970415
1172964
1969046
1293663
1824891
1754031
345117
378265
394605
487149
2854210
641452
436342
376242
3358836
377786
3443259
149221
296577
4172913
293070
4777363
4819027
474685
524460
5114271
556440
5048085
388034
438581
4282716
458997
4169812
468743
472173
449667
4095569
18388
4585429
4843729
5177989
5136462
5540357
5309944
4994665
1852005
5443953
5468574
5325453
5408122
5292490
2063668
5334128
5503263
5536022
5509993
2338931
5308873
5055581
4647820
4333321
4394799
3586539
2945838
3102365
2419823
2362458
2672144
1991907
1143351
935415
2778334
1522496
2910101
839336
2608254
2173548
2229403
1497133
1307681
1198785
713603
877923
1001622
988310
938515
1003983
2184879
1911215
2247651
2635160
1599139
1670231
1412550
837899
859691
203138
637415
275570
678574
2032539
2151189
2075129
3042423
3372359
3519276
3674128
3567967
4066384
3585184
3762253
1705543
2808603
3018240
3219715
3907203
4278250
4754449
5150207
5282480
5937982
6374249
6363832
5909077
5880413
5953482
5874293
6129369
5433258
5477197
5843395
5710491
5200397
4677172
5059062
5566435
5718481
5689797
6181325
6477551
6396564
6804266
6925621
6165363
6815137
6589155
6699192
6298389
5809886
5929472
6341183
6865797
6758266
32993165
6093422
4048147
3952117
33938433
34230793
35012251
5089688
5423856
5495573
5113459
5105209
35588807
4666760
4669839
4692993
35903878
3529429
3712365
4252197
4471128
4447929
3906773
38715777
4523137
4683663
4739942
4818293
5074983
39434609
5369510
40060520
5720720
41348447
41040102
41030501
7300882
40781746
40789322
40932387
40741273
7695855
40366507
40113774
40355532
40132435
8396579
40240106
40323621
40773887
40927699
10255018
41377704
40700649
40655014
10914643
40993513
10649299
40607621
40560638
10704678
40858558
9972972
41335664
41599618
41739935
41203300
41182681
41525384
11343859
41442832
41876276
42696033
42770570
42966634
13722755
43495525
43766614
15137224
15444146
44676773
44339824
44355415
15001463
44018268
43368193
43229072
15977848
43974223
43974030
44123791
17217939
17230643
44275810
44320317
43971823
42183344
18000046
42694356
43519128
19393562
