35738
41245
14973
16419
14791
19076
18678
13842
16931
16036
19029
20251
11475
16187
18684
14669
14113
15072
18838
13674
19284
13432
13671
14565
15165
14856
15733
16595
12754
23276
13917
26481
14033
13840
14068
14977
30406
10878
19607
18333
45486
16392
16254
20175
17150
14701
13092
12644
230392
193377
31574
362943
24061
15627
17419
523921
527862
57923
14773
11919
922041
57308
597399
12050
22043
20273
844623
18779
707609
16096
189214
817328
19263
16708
19989
650080
63825
855284
13905
13398
13734
16298
11681
10903
23297
13667
12264
2204038
68229
133398
14137
11907
15479
20816
12495
15502
13565
1359534
154743
16375
478607
19140
12826
11295
610451
144152
12258
13697
15161
881561
88755
10525
15315
14974
595312
14673
697471
12823
164534
18721
214560
15497
13531
14386
691037
42615
184466
264532
15038
10153
17507
553482
429829
220478
31055
509706
15427
35479
18074
25315
11780
16301
24992
14102
13467
14041
13468
14497
2270300
18516
19770
320315
12700
13738
14109
14674
20450
699869
617624
13497
420246
42230
50212
12523
11448
203907
180020
13540
553849
188015
418710
19784
15044
11862
18769
15008
969479
12973
17391
642209
157703
184055
61107
12854
811503
73880
143442
350415
634702
14850
16007
15919
938933
326020
125160
165027
341504
14276
222244
17460
222103
15179
496653
20619
202696
88812
14909
41235
1078966
63307
15397
13050
446541
198516
624607
20676
903946
18523
12414
599087
396978
143930
185855
253617
110312
479814
14882
210733
13919
379684
13235
769807
171095
21434
685785
553207
81412
443407
175593
69055
182884
62143
13783
693810
17656
85436
55090
14285
18909
20018
677109
258751
12778
192262
59844
128429
14419
120222
213763
106224
69830
25287
184727
15359
219890
17585
260978
157863
87623
278802
297195
20624
15333
1227149
11789
15137
17098
19927
1639213
136774
12860
14368
9344
13418
12357
21706
341286
19534
12553
15102
621962
16910
13458
125568
28514
458638
11306
203681
434344
72291
12268
410876
220685
19032
218568
248474
438641
43829
217187
120182
67938
55065
47332
17620
13853
716055
27423
18408
506352
55967
127545
16397
11817
17852
17027
21402
533549
16275
729995
21692
13888
610022
861402
404245
14501
297231
15784
16542
502639
18118
17303
31940
1356401
66034
16573
448049
15768
56332
138567
108839
15484
15052
680402
20872
760283
17763
11821
18728
11955
1156687
13664
16920
315561
150730
25182
79409
437798
875689
394014
178061
771330
339785
1016495
631468
1085361
720431
256029
496322
641528
835073
542631
1061800
1521715
1351456
1519453
400492
617657
341124
1035255
166813
221763
1308543
1567591
531684
971249
362838
45154
113124
535777
1073305
1037094
215717
597754
647397
719658
171201
347887
238174
1475584
1342182
569198
1024421
284115
40845
119053
1049247
864103
2210156
1491143
749982
499455
434068
211514
264500
212205
1007609
271870
1166246
1152086
723621
194027
261437
43588
928693
617620
394733
208866
1834977
179172
231028
669492
139120
2365048
1475901
479560
312730
971551
955968
658646
114269
643571
667609
803313
224531
657003
119901
1100312
1041510
1207687
882321
340521
74782
213060
101206
637336
126894
838134
419357
227878
56231
914499
356762
849980
507201
242082
929620
907819
842646
984967
711915
164679
43441
117075
887367
31568
272419
322659
85997
3027850
2521402
594814
763382
612360
332936
447888
162263
348802
183109
924190
1100085
628082
779682
1308284
1208965
75359
171098
1289231
111407
726646
600700
305656
921730
390743
802352
761316
41018
267142
1003351
1343920
1191870
622755
1047380
1008081
382258
406641
174145
265430
193099
330136
652612
47886
48135
724078
472888
81424
922298
1016493
1168353
686440
318067
265704
563677
673180
407287
351736
1340674
41105
421294
101923
510829
147574
2097782
2099053
960747
1017329
2014551
1005555
822294
110188
888614
431334
812941
684178
615249
278837
168463
490809
185862
486635
259074
219557
294674
306896
238461
318999
467175
803940
193138
1283390
932876
744795
1500869
131306
271364
1174752
276012
283891
69873
86607
1386046
732629
360417
437702
365293
593283
967529
882884
403091
342545
517428
299997
73701
731955
485999
271397
485119
493948
394708
1274012
939251
102675
275991
897906
454490
202506
284955
731907
742941
592571
903165
1915522
497354
404389
2365692
1114707
391881
762836
1400337
542188
327963
41212
582210
4342902
4232890
863190
806418
1232612
125542
1258471
370969
565007
1073377
1348593
301479
1529647
850254
1870136
477383
81459
70125
176933
1640260
801896
430395
262189
623924
462007
248293
626231
162791
1158735
1108389
518536
1243630
194615
135228
273748
186735
1824384
146746
1443549
580424
557554
337453
370049
471574
262367
375655
600877
2474316
401569
2047134
1820192
213942
363305
1372635
603198
585117
270526
87309
617165
591041
1577865
1015913
563193
1096822
195810
163525
318000
290556
224117
44607
30534
441178
508331
669829
221394
1035404
239191
33800
1055869
719358
668958
231653
1146041
313695
297093
1148673
1245311
256182
219743
302578
2413599
1182774
33682
158201
2781396
1453118
667338
560290
363545
1206236
151543
131435
325613
1103631
993747
354706
631967
43403
118584
681796
584684
383514
530391
560575
654567
412505
839006
595543
66913
115091
1689386
629148
626747
286703
590606
1200186
59348
913008
472719
126034
1406313
735981
980312
119299
191619
818015
1241377
131844
1649497
302987
639181
548011
138136
81034
69066
2626917
1977095
402250
579722
718653
304587
1295906
249364
264323
111916
414056
173085
467519
486975
276876
771163
757270
664584
784074
357460
343661
71274
2899431
2369132
706743
172810
44271
631373
637674
201510
125927
251976
104624
79530
511005
325354
1296962
1337089
108836
519195
916754
1246174
734554
56252
1211857
597414
29480
681279
331051
335206
59788
195614
22859
134768
32046
1933073
1259545
2361057
267093
1078683
338927
752686
523018
580510
429833
502618
827331
1534690
194141
53957
1392533
553850
1049166
876769
1501501
670619
319343
149208
54377
390124
80903
31781
72529
695529
572715
305400
341969
207177
960814
81346
552154
746475
626826
504149
1173140
2401738
1409763
60510
432444
379091
608129
807379
517542
1110576
234278
916273
324928
73686
628882
387600
764242
216620
566709
191172
123944
561871
167433
335187
101958
51814
796539
706387
189110
139403
860375
247600
1063674
457831
1310843
1626504
141308
1988913
383003
85156
77808
2081600
155747
302334
461441
262882
66147
1558747
1342013
278501
573583
1117351
1403936
749267
32250
280167
137605
103752
1617655
803947
174699
185507
238158
396034
577153
967394
37262
1213370
997129
590882
97947
728132
543042
1851631
56906
110640
1753818
242528
335408
226783
214248
360716
441093
381739
429376
512553
253815
379485
566913
547548
522190
233753
141289
1878297
855450
671942
82358
183478
1340911
509563
223314
31987
2055689
1064342
60911
188732
2034101
630375
206695
152525
273725
840931
34806
910342
704316
593254
615449
720572
278507
1145016
312006
390901
1561052
502052
1047236
283407
328948
1215298
245131
1200503
268936
240089
1965016
853986
237862
199160
2075286
770249
331777
186246
241601
101230
2601170
1506431
314557
1607162
1077090
929594
499499
672043
456086
280047
250030
528802
424580
180077
2708233
2228080
753200
631844
294945
511545
101407
278573
1374616
196289
1191213
520791
854636
229822
1089168
334768
930490
71563
2265829
498231
349691
48586
2229037
1018295
572693
379797
783690
1380331
680320
806663
840450
1178624
680343
226738
234638
1240709
766236
1474129
1003427
392558
282129
946129
122833
1910582
743754
242625
2451420
834161
390410
638313
485438
335338
400156
453488
252040
790686
420607
447261
394203
1114536
134552
1888306
1122293
2015693
543547
550683
289589
711002
752282
156880
615821
241975
316327
242597
453596
83002
245293
1082023
556175
1607087
333659
927045
337958
304144
535730
92860
73429
27580
22039
116173
240779
826947
196364
164100
985068
541996
269447
536667
60088
311328
379189
1068592
571572
121696
1440598
1156232
1145691
809567
194526
575410
287185
63547
78500
530975
168302
708564
835608
492517
945250
409172
763568
1117212
350456
1122562
474944
425093
246843
112141
474617
350000
29268
98327
640438
180967
342680
1080074
1673476
1380748
1133955
412696
294469
713028
163167
642941
293233
742540
330982
188878
774831
239081
727729
404344
670423
424940
173531
954142
326062
176796
42765
1118407
1015156
723660
504649
1355304
1145777
580233
44884
53003
120691
405173
226655
1095635
1120133
646202
654098
200031
869275
429137
361387
1119080
757586
110208
553835
701338
461420
364570
1535089
561187
1216580
1163430
356492
1165005
99498
345409
130699
264213
133260
1721044
196955
1736922
347690
483094
30149
54895
899581
128574
31422
112175
64813
316399
29189
38377
1791261
1536677
1035514
390013
105183
316447
488026
391754
191952
1305919
390516
136137
1703515
1489895
1327105
1344398
505803
256224
64150
520658
1453737
1050640
384044
36473
725707
796562
1412348
123577
693765
249295
2231218
343197
90394
180599
210340
2877825
842575
333881
327301
592807
671986
671176
674870
569796
640437
568191
1440194
450924
386253
414265
937342
310344
1064351
498342
468657
882905
223798
1215120
459724
966059
56950
320983
607341
763028
221710
298975
1527405
225047
1141898
264609
250941
473064
393057
877610
1348346
1909373
49828
70867
425173
1315516
969755
430718
762773
746757
884163
1453191
1197955
143509
1775376
401947
649729
169606
105007
1333780
1258759
1122269
235273
526070
844306
284417
69485
878696
251995
1171570
1268002
218443
39539
1626165
517488
813358
279305
381470
99389
228138
205531
61538
276181
385151
499011
1588756
1208674
897158
214899
319185
507414
594521
848357
927690
271566
762944
31733
36059
954205
1056820
629076
393558
864391
750176
554374
619004
969336
453354
53988
1328575
83179
807146
1361814
851724
2271722
264625
74583
2226645
1075934
970241
1252415
806496
227054
283408
1509132
1178426
433713
235238
119376
815746
928848
118597
487339
2294381
1904055
647187
658537
497231
102078
172362
820824
843005
554241
111280
1005720
157126
834123
676228
823969
337134
241251
158587
822814
887536
1115038
42886
775908
619112
138513
1100943
343782
507899
1187694
711553
436273
196131
663011
640375
289815
102787
337289
39705
994062
1712271
462154
252124
171808
120473
34270
148698
2085448
960367
616183
1108444
114237
110660
723148
194685
35614
232688
2261942
234563
2208204
415971
243118
628442
323221
1151066
91200
403763
1940945
517584
84756
107966
2425715
350964
1192381
509682
106181
449761
312969
207160
263069
555250
1575924
227000
1666671
292554
27859
257503
743499
657121
365540
63835
518928
579232
528955
403651
927160
179941
266375
1997131
1959916
344268
980620
248668
232814
313651
252987
547796
568523
782027
42035
295751
433145
384111
400911
1494105
457546
790562
200937
586191
3075294
2939602
225453
319936
212065
413796
227358
247042
101461
107359
51844
59238
812542
73018
1203990
772688
803618
98906
416974
303815
266070
229494
401978
1061867
1901279
1056768
230715
118336
64708
90866
75425
1610688
136687
316212
381958
249737
440937
385746
214941
162358
1017396
188066
532565
236277
661105
317844
498112
780955
675674
43081
634756
362209
392060
480018
717097
189233
601635
275716
96158
677608
547221
84721
130039
157619
1169619
838832
287821
235741
629831
213767
232708
1326564
2297204
1482627
1388860
292871
782977
1004544
1131167
811023
1318629
1465227
973729
54466
74045
311403
515018
950783
587820
268657
603347
779794
829758
1005324
527014
966664
891413
1314197
158976
161991
1728280
2283663
1349586
1394826
2668018
1299776
2597957
365124
2517829
912796
783154
702218
735977
36134
912337
396568
671742
534507
491231
1089825
1554457
1059598
122499
1730157
196068
141088
734886
428203
244177
372592
209457
396165
512591
1121544
746905
1157255
439967
1005435
345522
33956
445431
1058031
228678
340840
1239199
266811
868866
187634
44391
620041
791840
1399142
280816
2463815
1146423
1126064
45600
951557
916158
192895
1242001
98057
1090651
849259
812104
68270
595894
777262
342334
748657
85636
109945
289798
499730
474401
54947
341504
545274
609183
160976
819544
55181
330661
179042
36980
65521
128285
47689
1350202
132684
31422
256639
33656
240310
1958660
561857
408119
1514778
868115
166878
153106
186431
160110
81956
653843
28251
161423
53492
809024
1002776
177654
530801
2243226
374144
110537
1736774
949107
1613839
44109
1758305
1171602
254069
40512
462813
551795
686654
695481
1014396
1103061
437182
109936
1461098
221115
1007109
431880
750770
1051777
452226
194759
1718954
1165544
267914
973194
471002
139121
270550
308850
1341473
1465563
373554
494909
577767
991524
350538
1048752
280174
468963
253743
428057
350808
48972
588254
335668
181659
845065
644804
352537
414325
444282
538145
914094
635692
502095
1403208
134346
1045821
302334
381840
240960
372944
362387
1052623
551238
251238
1533540
270822
34052
349948
122854
2296465
1419995
1894802
390839
879512
522155
1020196
173887
74186
1345442
1790226
1851809
674362
786132
1198541
107486
39513
629476
225758
1117692
1166182
1389213
616287
574135
439374
1037953
1173384
560536
855341
1009331
1201374
200074
65987
1909211
714038
345092
1898701
1270195
988770
620571
350169
418053
141058
514786
88755
1716083
1363184
98005
1629173
572845
814471
672113
530529
269396
109104
277342
401369
753063
443589
1089031
1004857
444091
293663
227542
331748
185651
118612
685783
1093930
738534
67237
65895
693336
348316
148629
83278
763657
994773
706415
145417
38267
1191207
449827
76990
36435
39941
153363
1102979
709303
1094701
960681
652162
1073499
743280
140062
270041
591920
292712
2730660
665217
378545
4077622
958368
1902707
441874
527169
164573
824162
659122
963394
81124
593650
626910
608148
688726
391296
292872
689835
693349
673404
625204
250108
457257
379769
117877
250859
405492
329153
415262
2451846
588393
1474153
294481
1931474
1022157
188178
957616
59234
233596
91286
125360
206197
86398
34595
286907
96006
421365
1676559
1712065
723608
1068299
804314
337477
328487
180517
417162
347936
108283
374352
289707
565801
483898
2505997
380673
30871
2465297
256303
404908
311815
218056
321651
741215
820757
66344
80887
252749
1811709
421462
1322705
187734
577363
877061
709112
1070352
230247
714703
491340
159244
622950
475455
769740
1178190
1127939
552086
781667
434942
113675
889498
324826
110856
778693
409872
530215
38448
227014
150863
1151898
1834396
1712539
1437824
385414
864972
253850
292887
321261
589795
812317
210315
259873
91648
31944
300410
298278
135348
2221046
786513
841072
41422
36565
3304065
176999
1598938
259202
867207
564980
1357381
1421732
104079
282667
150223
196808
216159
2541278
2204350
492312
648249
458719
313020
812389
457475
2299788
2051182
721701
209002
605387
923336
919862
685748
587751
645020
276722
1800586
141564
36842
43100
125043
555090
1108754
959250
475345
348336
2461463
656103
2117853
993295
765434
707079
288053
125374
501047
820732
530420
2796946
28713
756831
727251
360035
608162
28581
311156
350810
1082342
193286
204785
1324773
480191
1506271
1416756
844200
1952538
595740
1447805
205362
37746
1594087
842722
873995
584308
461569
514984
511824
613428
680366
621216
479247
207596
26460
528334
183134
126180
286634
1242702
221259
1531219
601929
887267
871621
379289
495752
396366
463774
163574
531568
270795
421459
464429
1012298
1085559
341966
298955
745954
684640
739137
529911
1376507
164361
1296712
1362177
1564526
78547
1425066
354629
828527
253034
49268
56223
473306
127143
45167
1146585
1060457
331562
193720
584013
341536
851073
1411180
1358756
145027
62996
367534
70264
412864
145659
504558
160943
128136
961677
932757
199327
907312
292735
429514
386089
855698
117386
91894
85996
97462
94775
973739
1690432
1268437
1432896
682550
1360253
935705
821646
226641
262775
139457
109389
160889
265203
722051
686492
868250
190344
383338
1041470
1129706
439455
117765
115717
49939
164029
240104
978559
404375
178480
1247788
934742
617967
682920
306356
217665
403010
439469
539453
34270
724458
520010
536054
600674
189897
612279
169367
173782
450135
802097
1230809
847192
482555
120507
176873
398966
74084
149794
1363330
1397990
730153
72349
399236
262248
141620
71240
280027
32765
324264
1279258
404516
208446
1554065
604996
344517
433109
1951825
1443618
297231
83492
48923
93925
609090
583220
175393
277459
611274
502109
1406760
1487275
1583847
529158
42703
622701
279260
311723
209833
658755
390584
757106
410096
557915
603301
268815
846663
593279
635240
66109
816315
886498
853033
116397
1027469
427760
280490
116783
418637
435083
438847
267686
271480
1070562
886508
228855
453693
1560899
35110
525018
89669
1442200
314469
33155
2102741
717552
1091849
821961
808065
327195
1160710
208445
490999
516765
1606958
297858
38647
2114330
1048931
1504957
112284
531343
1918058
803515
218143
2591738
1147879
417970
994770
30451
332275
106972
495561
110250
993897
487610
1226104
658876
466466
448495
449987
849126
1026083
1406316
864988
1224213
846011
799223
533414
253999
1778526
876959
781999
842975
837524
1261972
199339
537309
323692
726440
236074
925339
681473
54280
184647
501287
157302
78226
121929
2957823
601443
3344477
244651
106308
916504
531961
438201
489126
281503
156783
208465
185208
140514
271309
277748
251315
602576
605313
197757
562836
250397
502290
244889
132992
2796605
120726
201058
44366
119677
2740306
124984
1130190
1098347
470601
278252
717805
819581
2837411
1198834
468463
232589
1547560
611602
209258
440774
338013
417251
492363
591597
530540
185152
150886
1836034
209341
339277
586323
661611
538337
545888
262259
47799
374377
94261
84798
1068216
1031586
731335
1009932
52195
833716
532285
735865
563734
574999
487396
162403
925386
514272
817059
412238
735586
242723
181783
209624
450015
314250
182791
219161
320438
488259
643723
563211
473335
186329
719185
259405
501090
204935
698285
2131248
87713
114441
2015489
409718
419275
360120
250646
413833
610985
159418
32710
792470
96107
220031
327608
1389349
2705829
45045
2054060
495521
528225
949640
586205
201026
913894
112532
48326
531472
798818
872439
105505
87458
44466
202453
1329218
1119224
457180
794526
577150
476642
397492
345388
356534
683491
724845
328826
31320
62621
374012
111506
359330
77660
1858248
203317
130801
1704139
195411
837456
641755
98981
854751
487386
400201
29656
147527
473806
306301
621180
551049
374574
291832
576712
729494
735799
649704
942678
1228177
536345
215641
1348813
629029
344179
930392
604128
428046
285891
264806
171961
1619807
790164
206152
49894
941240
212679
160635
271496
233691
45040
1003255
1242910
1270466
39166
53434
707503
311810
489100
517469
245351
136638
420027
562121
36782
72700
295413
252925
57667
400567
268401
2863490
175479
2507390
132377
140125
136418
286877
855890
1398569
1999463
85739
263906
38123
1344616
743846
374205
444313
1056908
910459
308533
1081409
2684929
103770
266118
141907
219113
47881
214119
2434732
2125378
563681
698215
398474
394365
29422
1176429
970919
1892789
813550
92720
30651
86857
155793
53217
373802
472267
538811
1238158
998618
205481
320594
258038
545955
983425
786064
1304765
100212
170374
1040048
855506
1954312
1104611
1644964
1192905
862387
54368
519646
1237215
972878
1633124
190730
1195807
584789
452018
158711
670169
176204
136519
63077
86404
312801
94015
124913
297165
1396363
1535872
896127
572113
1422012
266131
1282749
475591
834717
355242
79584
80533
67223
100285
42062
47766
212322
409185
43463
306337
72297
41864
1944984
199693
327828
1892558
209552
496376
1205169
271383
123998
194734
365598
1775027
732765
1794226
657890
1196427
475477
752760
494294
611937
937639
748843
540265
391595
217401
515662
130788
91493
276326
204476
584547
727556
563228
411895
1365150
318236
536612
195182
843895
1502451
297311
221484
51201
1513630
607753
1435854
800587
1571837
561706
884802
1084382
1324440
1213461
138040
334878
279526
292829
118474
419168
443078
1129695
551759
81529
1134499
1427505
404783
996169
1601997
244827
64420
1797148
862715
715445
448105
529194
76205
256943
1293644
168266
920999
34997
290497
392516
209938
438530
1446071
1012357
123345
678054
125129
205874
804305
1062342
408262
857746
1206615
2456231
26842
133043
555626
443952
1762088
66829
525140
66477
109560
1991822
869677
821768
1019066
1348950
424932
1242904
1422234
1015978
988020
651886
132573
572504
231506
30986
147006
168864
343490
284624
2264876
2356349
1443041
298032
865331
1183592
961610
146033
1208117
1102543
931548
1341345
724458
238095
251536
87518
26152
343330
127517
487405
331011
141555
695240
1029117
913750
451142
922368
920346
645976
1283829
173765
734733
574796
267134
805105
1107433
110050
72646
1815377
674966
214768
1688058
322743
287056
1373920
948850
707668
93578
570904
609468
1224748
785601
582870
1220533
1622967
859803
373409
273882
163812
309074
908766
658169
427687
723477
408241
629740
1173563
906539
590224
143428
86141
1788132
1197144
463421
195928
754053
520812
204852
454439
689831
652840
43657
50709
734826
671943
1511059
1500755
273763
1131026
413889
319875
1097139
1041992
950298
971296
305354
1226520
538564
564646
901968
759825
950971
789546
300893
1088896
565562
412844
1208091
1442170
1102936
1680405
848922
201243
430934
1311023
930640
219959
649633
997224
261755
223146
196138
1065028
762658
553189
163236
644055
448654
656750
255387
346674
45479
46941
346338
70708
231582
1108205
1465150
489185
491220
1216678
153200
645440
68794
573708
565357
487420
1789033
375235
92656
392984
2730133
1259966
216732
663710
274314
393661
331035
404188
790481
332996
1148251
1301999
1218936
986737
361933
772360
295212
335811
713296
874997
791638
894605
712943
402089
180814
784161
525915
263951
72472
803858
574860
744705
736485
717762
1793823
154159
188916
806208
532222
616392
581829
802261
540073
799644
784598
189745
663444
652936
892844
701787
399000
196373
486263
1447771
164938
625671
1421898
1240359
377590
319675
548216
668440
655800
416036
470384
390337
460959
1778468
1766469
792734
2140738
134830
1362491
453490
796856
194260
292564
533174
554125
80780
206944
103474
1321237
563331
1475450
449411
1225357
82568
47618
1351148
842423
320127
181553
380258
2596455
293163
53815
120373
585200
429619
235997
2815604
1702779
1236155
1149200
1026657
634630
712871
255310
34006
187273
1851004
1519813
518486
1577657
112912
369204
1206505
429854
1446490
1044251
597119
1017966
273967
1028899
1215116
921864
652242
333196
263895
124337
1662980
171439
1803838
648830
458507
277760
410125
1661478
1056011
251304
889844
332993
112394
204959
1435845
1094007
170563
1821082
538288
235771
1230305
776797
354423
168078
156512
55060
43636
860997
738217
175814
49119
525984
338426
406765
50111
2607694
248201
823483
2838799
86658
1482445
939291
807175
802063
2059460
970060
315925
225369
439136
333285
227727
95643
38358
2580619
2231312
577993
555615
1483215
91106
376940
475698
1145028
582500
215726
1329629
202739
972352
839278
486341
1040149
379095
314566
698405
67902
127790
1681353
680810
1839411
499394
361995
256993
505457
110366
703589
346923
1458187
973244
874719
611378
584567
477696
69546
142240
494557
469800
62013
522762
564400
97813
816984
830996
310220
239687
494169
608411
1283372
482651
170064
1624649
293806
154196
875919
424228
120552
520486
66673
721584
483751
249203
1092636
311717
928808
616582
596683
107510
335878
330874
892299
928897
733018
428774
676002
1129757
1092978
613656
63203
222389
707893
751272
620100
224487
394579
162021
412279
58856
277313
650709
101133
300809
1085732
1526337
902595
1016640
173651
242358
876486
1103894
903991
624059
111654
494116
2158652
1716484
208998
1218491
1062660
176957
114761
219593
87626
161997
1418157
621442
246955
289669
117426
798797
928036
981445
1005515
758397
1511122
968176
934207
581453
527928
203079
435946
901382
509587
383425
47424
554335
629819
591651
278573
335186
1112222
204305
1132363
419992
28366
139910
723861
879993
789296
414840
1183478
45232
542450
1341210
1659282
368556
1105778
377473
881510
473683
1236872
506505
411835
267982
614986
534022
346964
413535
444646
751190
815712
1026593
960202
946598
786032
597769
82265
639777
179238
220612
178755
61576
875317
49906
466810
72712
222092
65424
622558
650722
567117
107195
428388
418055
103998
418286
1134153
879643
256848
451589
350433
421417
706460
1790659
125896
907322
146358
2916465
399674
1587173
445094
570396
263115
360005
62404
636192
659738
775832
274606
193994
773718
820730
543970
210456
594695
380435
299326
599080
531999
1192632
615511
673303
1010902
32405
977439
924281
447428
274444
90549
119635
782438
54823
166322
37008
679021
846045
441190
1332982
855945
897000
225970
122076
880059
1739660
340816
1838252
1156306
275494
211181
463080
87664
261208
371489
352114
346981
621583
81167
859933
823921
859138
614510
140694
151606
436418
397461
286156
1133561
1378233
484991
739295
655078
717490
1001898
327414
821816
1481771
431160
202396
39471
1596455
625028
560988
805828
1048136
1174884
673193
1242967
195651
557951
648720
282604
351777
330538
944267
582470
1037196
883248
203588
327096
191022
1953184
2402076
767729
167992
1271510
74773
461606
450718
390898
175932
502044
701183
725238
411076
304715
410814
228184
316380
1333895
34378
103270
1545729
175060
322159
1972547
173243
618765
724001
573761
222648
225653
51412
468669
1698070
77362
237422
1149298
389753
388146
51762
75982
73360
311104
349535
130444
159303
217394
2426750
285021
2025476
761154
573788
57175
244537
974246
874284
608015
220929
715053
390712
67599
353901
356162
1787021
1691444
1390141
1311293
1236656
1335541
1222994
458085
645292
537541
2624787
235460
493267
693388
688142
1215116
900265
164614
1585921
63994
53545
730745
711865
294578
309433
307047
488616
490110
748027
179657
49294
572584
966582
1112184
284837
673429
1284500
895383
428957
206270
120047
1939331
1816614
448839
1661175
151809
664639
609844
219916
1322702
887107
1764603
668748
498295
45752
77534
62628
99561
191718
32666
479487
1492405
4192608
3450455
530940
122285
611812
334445
735480
612573
540895
1151662
1243589
1348188
2143799
45676
448109
1651056
1092259
630265
142328
405609
1612186
1224173
623810
2574557
256812
1435466
105712
126935
163965
532508
196119
998780
1266628
484625
605321
329515
441360
424976
182819
852545
1093530
956750
1219733
500741
1311567
315751
297995
1792690
1524133
631567
883420
1563737
1566158
234789
748254
946964
611200
371465
305276
133447
581223
236416
331494
679495
805310
241344
897541
393117
295838
185715
663520
191606
311547
199148
284684
502724
559861
161662
248747
338647
349555
1460897
1360610
1948505
841575
1550035
475369
503894
511503
410116
115957
102488
1647297
1397488
419735
640378
486612
251020
610386
459628
557366
1139849
1051069
87701
144169
2044595
1779753
630450
239824
150664
255647
461602
1635736
1200362
112988
80163
83627
147857
606904
1089081
1040604
768937
288552
756994
161426
1014325
209879
1931558
1373342
1493055
392910
319547
892147
76944
318072
1706517
1436024
339770
917720
596231
247849
91115
267021
58615
776572
578160
106268
477762
795456
378794
1326776
1508002
1123855
101710
248747
1125330
328945
833298
358029
173689
184974
414962
159556
565129
739546
263496
417648
436372
218435
885718
2038772
85539
421671
1723317
427265
1409511
859224
99319
1347829
957613
1502244
189274
1893527
1338064
1600142
440264
268411
451922
724422
557360
489625
390117
152235
1140307
379855
117769
455497
1686163
954331
332152
171611
250638
470940
497609
930703
82917
521213
89517
326516
360621
334192
280904
296661
438579
150459
110117
560370
182564
833788
358307
1970864
284923
93072
147303
1881496
697712
227206
704106
1821485
1824869
529273
44011
745716
189255
38239
1764045
1553692
1180772
1054766
906049
133393
503545
701731
650967
295037
714762
246152
94974
382809
109040
1415347
519359
1285427
356016
417587
50908
117541
953181
164979
282557
200572
300274
277408
276410
196223
275737
2821980
609372
3355529
964753
438027
42071
2028029
719283
128509
135003
411248
383408
285466
651934
202984
131579
467748
1840157
1964288
716712
142188
1336285
802279
1126329
265258
630867
251593
289972
833514
563568
2096114
2015757
1800725
144471
153281
844215
1020065
574421
929302
857528
797281
282712
766344
306938
80810
932177
377816
335809
1416940
941861
575824
345589
100889
201840
456129
655244
400664
570345
39560
398436
686721
1187454
1366411
973073
921474
393709
513943
169141
513561
32637
843505
974947
307856
240145
738289
359963
500015
343205
371753
380246
461056
393679
313624
447300
280291
309029
1157137
417015
71560
1226342
557924
295594
706893
836043
113118
175970
220780
1225631
1119875
670744
649178
333270
249396
260298
482339
218534
230646
357235
909158
251567
1189808
552982
277459
847545
291702
666270
412700
845188
578240
482231
526755
262633
304725
554093
868798
661573
233564
1181004
297018
427801
302664
410039
354618
694561
143675
279610
731281
212580
336048
143152
85701
1338009
199742
1480444
836682
891872
731434
290970
187724
285035
434281
432817
81190
174585
238084
257473
372369
505575
496097
163548
656216
36213
274980
1111475
1025127
75361
306793
437528
285733
196648
223742
803146
154266
165274
1261085
308148
247175
441626
306577
96893
2497455
360990
1610828
328619
369853
38445
151366
200310
329074
1295473
1778027
899664
1422114
116365
169474
131402
1193670
1674391
489486
2535458
263161
2587065
1105481
1425463
114837
352984
1016812
428871
1354905
653502
1233281
228945
821117
236279
606406
892920
897035
139899
1123687
696718
1740642
1451221
1445298
723445
618446
897786
739263
668593
685593
534630
517040
469726
240000
232585
309509
328159
826751
832510
806173
491772
232264
498139
553325
229491
372859
773483
540527
1417472
926241
1277333
260349
323456
28463
142370
42548
255379
1362241
1777041
720611
607968
255589
2135879
1734780
1234835
518963
464285
1244243
1376060
242243
1840801
948344
417432
366084
172501
639621
491706
260224
2338807
320421
2364224
329588
390575
604109
295271
508372
1076587
179868
1283929
473378
154737
469242
141953
75675
537684
144291
816755
1071639
632685
247516
497520
1216568
1071847
440152
615583
519996
1206571
493826
198811
198148
269544
118327
434331
1280665
494221
2736027
2572216
318184
2800744
1537257
1560062
576837
339526
225228
562500
631553
377557
1074064
849224
414542
327632
721824
225949
584949
74489
917881
404099
205068
66671
1234586
450828
262088
343839
278572
1971008
460979
115314
1845167
80295
218683
948779
678817
653863
734183
531191
1001809
587203
735737
95990
316362
116616
1060096
204808
260090
62567
1283367
264388
565643
507394
625424
241482
886994
203179
50190
224132
665184
893880
833592
957564
701916
325423
77965
249598
139544
345540
689508
846899
489344
418742
516147
331222
1637363
92173
55085
220860
929075
337879
1462053
1438410
370067
645226
521860
867945
453280
637882
244041
80232
457065
521718
295485
866630
331273
855451
404260
153018
866533
470344
379452
194884
347153
116584
609879
611070
223988
357817
577878
947720
49422
157675
299709
29907
41096
858803
169155
2668771
2413999
125771
365782
387791
1200297
1208951
204902
60547
59712
1990729
893059
2569557
1037803
427338
658929
588408
1039781
397536
83233
1541059
663563
629569
537236
608161
609885
422009
550549
474515
376168
120061
227459
223112
716747
968619
544899
1223979
