53286
64478
68554
23462
28559
29623
19508
22385
19534
19676
30079
20931
29686
27469
35208
10563
27434
16256
4528
13481
14029
35585
37852
29593
14381
27565
43709
31178
51532
46256
7373
17549
26411
16427
30260
30776
18591
31096
31280
17690
31295
30350
27212
31757
16986
38033
43690
44486
45830
26901
16719
34806
27906
18517
25819
19538
25359
28157
28655
34431
15779
7654
28928
19312
24813
29079
13936
17550
23699
32371
14735
25687
16126
18953
21119
27831
18277
27352
23632
16303
5033
22038
14674
27619
33166
31348
19401
30554
23334
24930
30942
30676
28187
18269
28026
52514
21131
24367
18447
24212
25914
27030
29810
5174
27225
40387
26137
17574
25970
15697
27537
20682
11335
24677
26621
28289
17528
17183
25672
23919
16768
24312
24788
16575
25103
15436
22689
24386
24936
15651
25213
32162
21320
25283
18398
6859
41767
17837
68864
81026
68546
30833
19118
25676
46424
54031
58126
26539
16254
12774
23131
29444
21929
31740
24704
18935
17618
15788
14432
22932
16039
31555
27667
33935
26598
38148
28691
24344
11915
20143
19504
23073
4437
31196
18905
23989
24206
26615
36818
22479
17437
28669
38645
33074
57181
40122
21365
23230
14485
53809
26587
16514
26175
24667
17559
28556
15796
24457
18925
32346
20768
16717
32582
14296
26225
11016
28808
24548
28930
24867
11881
22424
26019
25337
16327
23610
27662
34252
18104
27894
31888
20567
17246
26561
20020
15805
17017
12014
28285
19908
31569
18963
27474
17575
26545
17329
28220
29685
25777
24686
26339
18428
22065
19352
14460
18796
36836
25423
42976
37134
15902
11901
15054
28121
14548
38408
52643
24155
29317
25778
26605
24242
27904
17148
27419
27165
25513
25094
28549
22923
27576
12516
23783
16318
26902
26865
27701
27601
12243
33589
19682
18692
23845
5963
18483
32909
23197
25078
32843
25072
42388
49092
17662
29117
24837
9097
17455
25060
22444
30290
34318
26041
35405
14100
30658
31800
9801
21818
41370
16273
27971
6092
18365
28782
29479
24061
24566
27309
24064
23456
4392
27013
31798
24094
18312
34862
46744
29146
24136
32380
39751
29319
22055
10367
24136
25120
30727
21947
29566
27798
30908
27700
5759
28814
36630
17716
19260
25939
40827
18409
28253
24793
31583
30178
30132
18650
24132
22215
37253
47633
21871
14789
25609
27085
18719
25310
25128
25224
17095
22224
25639
23760
27702
15834
26072
25458
23535
19987
24674
43113
23082
15746
24647
19284
25107
23552
23505
21309
5234
32169
24821
23910
10856
22674
17185
14448
18552
28490
23770
25794
13487
30848
21133
28117
35150
29357
15926
9129
13501
23119
32191
23977
20442
25017
26609
27508
42565
23578
25700
23802
21426
28339
27895
9605
22948
10190
30502
17177
24125
16415
16682
28432
6362
25898
31933
34776
23322
25906
20676
30411
27811
17636
15099
27043
25792
26395
20615
14138
27894
11877
29832
25055
17922
23987
14075
23243
25084
14201
18673
25566
28562
4965
4801
25060
25813
17349
29568
17814
22160
25324
16154
26186
14562
5699
17338
26851
25640
13748
22895
23539
4631
25402
16040
34680
22359
4644
21678
20749
23027
23965
12759
20743
18204
21342
27490
25449
28738
26150
22707
23452
12539
14990
49431
24711
22975
24538
13595
23596
23745
30534
16280
12718
5673
20279
19976
28601
18219
27039
13133
24398
31220
42335
24148
17360
29888
28703
25495
23352
31304
30774
12430
23202
4586
12473
12385
28981
40478
26685
19560
23967
26286
24549
14777
13659
3798
17598
29151
22181
17061
29168
48312
22104
4982
5287
15948
22732
14474
31440
25115
26586
33121
27254
17091
23349
18359
30933
37618
24386
21351
30981
37541
25688
21314
26001
17770
19215
30088
45253
28030
23972
40265
21526
30087
34219
42889
23834
22463
13591
41075
24615
17464
25369
28840
28400
13576
22456
16757
27042
5734
30206
46097
24797
25099
34752
25274
27088
30969
36677
27083
26905
45045
76273
38940
17020
25566
13355
22646
14374
20154
15549
25274
34850
19398
15007
31406
19057
17732
31089
28345
14638
13744
29213
26344
25838
19264
20657
14234
27255
31148
18323
23358
26411
17196
32551
56168
16033
21609
17008
36292
30297
19677
26464
53519
12675
18516
39663
23362
18298
24190
23641
7466
28807
29505
30173
29523
19855
23510
21271
16861
38685
16843
28395
16163
27248
25777
5183
19750
22666
29080
16061
23900
46041
14012
18850
33519
13642
27443
20134
29557
5462
29186
29693
28351
26361
5041
23088
28297
28054
25924
27498
18319
19872
24561
27201
12649
22405
17765
29358
23226
37614
22509
26382
23499
14335
24724
5736
4771
30504
28347
15800
25150
29122
24959
22957
16754
28943
14879
21220
24594
27608
22593
44567
12518
10779
18544
28636
23634
26675
12494
11870
24023
27464
33736
38960
30853
15059
19996
33006
127649
57787
17997
5188
25834
26783
5250
28787
33092
16417
34540
25692
19931
13049
16113
25571
27978
48100
27033
25329
19424
25376
21034
5359
32599
24455
18774
33099
26220
27845
4628
23019
5302
27110
24472
25553
26957
9799
30713
18503
24030
23641
24261
28302
25838
15314
20516
34516
41362
30802
20884
26163
36977
26603
27329
28368
28408
17485
12314
26405
24959
46132
57238
29526
31602
44922
28366
23308
16318
32831
26022
15616
25203
16007
21425
17012
24827
27151
22548
40845
24012
25107
19850
5148
30171
28185
17163
23098
30207
16451
17414
24340
12090
40723
11734
19779
24154
33194
48637
23646
32403
30598
25908
29767
16007
17527
26619
21151
23768
22947
27654
23631
15252
46208
20393
33961
29410
24219
29554
26482
25313
37126
21552
24111
34092
25400
30477
33790
9565
26503
39694
32862
28468
63581
50928
12735
27217
22567
28361
56419
42866
47686
33578
53592
56523
23099
46679
59861
116597
60325
105484
97791
138266
72727
26140
55837
22429
20445
26706
25102
15964
26780
27292
26174
15010
27493
23981
22659
17837
21845
18211
27782
17053
26318
37768
30890
55254
16799
28736
28301
19338
29425
47446
26414
28208
27598
24172
25781
26772
28030
28366
30267
27658
15667
27520
22090
24068
17631
15300
24479
42552
19309
13566
22803
21105
29270
26247
15242
23180
24271
37026
18904
12330
10193
21791
15304
15007
28472
21123
25190
18056
16954
16725
27728
28999
16776
27435
29051
27217
29183
21259
39558
13012
14799
25949
13847
14532
26844
18154
14844
12909
25374
19656
21793
39649
23720
27995
45127
29429
20591
22752
33534
13048
12957
48941
26969
5545
33277
16507
32839
26910
14919
26658
28332
17590
30119
22348
26848
27611
7403
26373
11123
26251
32194
13130
16644
25170
30198
26090
28091
14860
25847
13766
25557
38670
32071
34640
219750
167043
167727
190447
190938
316864
176396
120657
132892
24143
108144
172949
194000
161406
78206
318278
47721
178096
55584
272473
47729
113260
195729
207085
70840
173814
102599
88333
232853
323227
86977
135434
615129
339808
65820
164444
46578
45777
73730
191404
123377
49540
137098
48275
148096
99652
97686
105601
66597
489889
327706
297323
146058
252327
232315
78215
84321
291558
75271
54014
270390
139240
199660
38225
122155
82229
336373
55913
265812
92119
839514
230810
68484
72546
106091
101131
269186
50586
137205
55879
136690
392212
81577
535786
381509
49764
52139
177429
209128
50135
123401
222985
358417
103024
116256
68581
153268
50749
161738
101767
113141
219495
202829
106171
179021
38637
41366
47614
285231
76654
99424
103004
119000
101048
69072
197404
301556
54186
47019
148948
131928
55062
106069
210973
63362
130235
69535
168104
46096
71353
167870
397477
82666
111311
42699
54396
104890
510956
318432
289927
355429
131105
133050
149572
146094
40390
56971
147377
135776
43049
43332
47683
83033
172588
134774
419919
33042
469558
301308
195844
264135
294305
108178
46775
74757
215471
56954
142497
123145
107783
233049
44254
39343
190059
103537
157640
39535
207901
143659
125942
100943
79305
63832
170670
48463
133186
95394
80741
45259
58839
462024
155627
51601
33922
45965
54056
184337
51911
75894
460276
218873
54516
38467
137651
127892
121522
187764
87239
378949
71567
38745
103051
59013
63299
110072
50589
87497
390801
37820
123000
374027
112939
325960
491769
80593
116948
136124
165291
33307
51922
229808
71381
57572
89707
90601
138802
61180
96798
404370
139393
367173
41114
63994
106539
164933
167959
74663
373998
144598
56269
250035
305908
453638
189348
181611
98631
28193
181128
337046
56853
154175
36832
215636
93952
484765
53012
252913
101625
709358
138520
56695
71673
94662
297252
128304
54278
143976
129982
230485
137844
116468
114766
152814
92249
497581
100490
149666
167652
255970
106537
144268
71734
137499
317478
98932
300808
44539
176751
69147
121778
203528
273810
62972
79498
349171
76711
59340
265174
147639
60582
53396
268036
42443
292836
38581
125989
179693
296594
62166
524945
252119
51976
161117
167980
147828
25770
481700
154079
90357
343058
156621
396171
258418
35362
82010
42297
152507
168438
274801
56208
69200
276340
68541
48429
399972
204436
193293
171767
127858
58947
86439
68758
78888
116190
59460
158272
630735
318233
69722
67604
93946
418707
253353
84691
43578
140302
111215
35110
181579
332549
73422
183738
137692
123173
211830
235218
455669
175510
55457
70514
131773
187911
75591
43513
114696
478304
111453
207803
300741
130484
50426
110277
44209
324210
279931
98056
740641
112942
108902
68247
94000
144803
98359
59392
188621
216970
113018
326642
59447
153269
44875
181996
211308
34291
42930
230798
252278
41605
281367
201987
59043
73900
448609
243118
101234
480282
29548
90546
93156
384038
41209
177950
73590
59671
228631
74307
72246
100133
46394
133620
103250
143178
177658
94299
165325
167356
86454
50294
53548
121545
55680
62333
49657
50033
62370
157215
134912
37878
359702
98435
55288
47592
177403
105909
186782
73952
57388
50858
67597
339793
49049
390682
49649
50117
228980
117342
56283
264717
83909
196400
40384
56739
96853
100447
179739
44385
55604
97307
232922
93053
87389
226731
406214
47251
137820
37833
87755
48454
161734
190807
47487
250840
49236
124969
132636
75920
167240
130099
87810
429259
154529
86217
107509
74984
144109
458581
419871
71448
79610
78797
95759
37558
69510
103975
372522
153506
49379
310915
410661
52586
42381
206269
164015
211817
56359
128079
523151
61085
75544
620621
221797
86842
48225
48011
416625
83804
70045
35578
192348
191069
429304
95046
324910
40927
45372
35997
46669
43075
241788
41351
46466
56640
285989
46274
105348
261471
48053
96751
65001
121314
151619
181074
106397
86085
59006
57503
569422
51235
301189
192347
358832
80557
102901
130494
371600
232621
47269
262598
91331
83426
125869
118967
354316
100644
357234
223061
288722
51008
89924
168024
40608
39652
57870
395316
403892
85999
408551
95963
55246
468432
53698
131935
261041
116487
256413
197054
289871
157323
341666
43557
59890
78541
92413
105327
128010
343008
132427
219008
179796
134212
215914
102842
22610
40769
231801
135839
115273
153712
48394
94394
516598
339334
108577
153402
46938
289063
194281
273959
198497
43619
308357
117618
64838
499422
602815
171784
295043
65660
275498
56002
140404
213947
46462
141794
140264
289551
78553
114978
339811
115960
58082
85594
449575
179150
108080
295610
74255
42329
90269
51504
108660
93874
61775
233247
181209
404773
51663
136261
58716
202410
37303
74047
138778
203878
30533
177896
279674
81362
44777
87701
253758
53851
185043
53566
96247
54326
492684
64451
130490
42796
28243
51341
60063
127348
376298
40794
128377
35836
318043
368877
140843
106377
83803
42573
74750
269530
145623
69023
52329
67856
171486
262640
141311
28449
62975
33036
109972
172579
39961
55120
125791
205336
54082
58645
286419
46098
129180
72174
37304
55905
67457
55835
431995
65245
75327
112716
55553
67070
255038
199779
140515
287517
65122
77647
85291
94742
82914
234925
100751
44977
59410
43260
275451
342358
74020
188852
519823
138294
101490
57944
276148
543631
38931
365205
102460
26441
80677
125557
111337
256412
169203
226783
384680
166429
43471
323493
97697
72196
109148
270457
252447
159789
80963
373530
76649
348203
91414
174522
61447
116984
113926
414315
120194
63741
191959
201535
125489
319407
74218
116621
127647
89878
74938
133043
31432
177799
129823
83642
150731
119030
143417
53381
149597
187978
199566
214490
186400
55102
309086
83383
113750
75930
51753
136578
135310
364723
206770
90169
101881
25824
220341
114215
60383
615223
486903
84207
150494
272168
197929
114376
68262
42252
479719
521694
129613
137887
156357
425489
50157
55095
90542
56634
384655
491440
61386
72000
282211
46762
35839
317859
47972
243229
1061425
1078372
1087415
1061090
214052
751397
586857
221531
186398
258006
140183
501888
94245
351635
145627
69735
160494
55843
117596
36025
221278
227890
363003
79265
324348
94970
149948
109650
253958
23236
80187
54383
101980
85659
85079
301807
59260
421642
78389
42261
130768
181464
240717
79681
110424
62457
46988
177099
101040
164310
36862
210660
225352
158695
147411
64895
122060
107418
270059
138777
215891
150507
259302
102956
89396
131393
148141
199124
246695
296150
61271
49464
55970
797412
129442
83032
98750
130022
84563
234632
609621
53251
126117
121951
119742
89691
176531
186525
57533
413570
28151
187136
97795
85706
198890
67901
299582
196824
64587
50063
288135
128254
48921
117593
75534
183724
152207
51651
65974
68006
134429
55736
228566
239353
195987
61065
111152
212059
47498
68739
190924
67371
153112
161499
127260
230827
69441
151475
93400
55866
146070
346348
94820
382699
195141
131810
77379
147479
99370
130761
57631
129356
149376
117812
296910
196562
185132
353780
160070
77051
56565
320898
269089
263609
393940
336293
319985
289682
53898
74806
99294
399660
159909
59411
80585
152021
184013
103445
371787
100218
178872
52868
69917
230460
136692
291881
278283
126920
202782
181892
174048
57236
139987
126509
41682
135591
38938
199754
53367
80210
77474
379564
272257
583710
258077
60550
148437
56273
78962
146576
150118
285112
114430
114415
80381
80595
122551
118462
67786
635280
269432
303135
501520
57415
84214
68588
106638
105597
266911
211110
219011
486958
54302
150646
663335
302538
89416
283506
258748
221552
167508
383332
246600
271338
175815
673351
252151
64057
336387
68463
91281
184986
622669
35405
287698
83687
93402
72804
61448
370633
489317
842035
49140
64014
244940
79089
125971
149259
189097
188238
69624
95200
86762
40389
56575
229697
188686
143992
167189
54683
39669
72018
114928
124634
217786
58176
84560
312652
301731
148970
39434
167436
271665
42810
50568
371202
142499
159264
524255
308776
125784
106043
26038
363626
106535
52351
314221
454983
311716
258110
254376
227334
158373
129808
285721
176197
80423
46547
209959
195888
86894
60940
109996
236890
42374
96865
74068
217229
391570
190487
188007
268016
173192
106790
81700
162195
259298
334587
153130
260021
205439
180977
122227
71351
81081
120939
182144
135832
544974
79347
133106
110611
46940
50199
432452
56353
124292
179610
66463
49781
131274
74106
49155
72536
196370
129599
288514
440390
74181
61679
78427
167439
72714
137871
70175
99413
97104
69525
281976
78366
313067
55024
110719
68434
96985
310089
44643
36685
66355
74580
53343
273358
341611
445408
181871
236298
325760
54188
290567
114855
84917
69801
77890
76860
102504
236146
48672
301784
59009
123847
351393
67678
161456
47838
72944
52799
74459
91236
304026
158656
80446
163803
197409
228666
49330
77723
66044
55759
134644
268931
64197
160398
61583
186091
179594
83332
62946
29572
74987
153857
289673
286844
34766
169117
47556
73115
150034
41253
56425
469054
43956
241298
36067
133594
87379
67224
51214
102396
43266
123834
347584
153215
82496
229161
225861
126752
156728
466843
43192
108445
45232
41216
38247
205833
514979
195117
48568
114659
83832
1216119
143651
1072716
1064467
1044488
1008521
806808
336448
284435
129295
138108
104955
297052
56157
218285
229030
48552
103456
257961
310573
45407
149186
33341
112522
58736
171360
79682
154364
89316
302207
152418
543712
51892
188495
455959
37330
118399
30378
175444
120859
104367
244650
91351
209588
281700
137494
169930
73714
166707
217313
202444
230669
123666
111810
59301
165332
106568
136347
49434
119597
534130
46711
207763
274122
79115
665125
59222
163592
355148
43949
154365
64396
188860
44690
162111
187225
779429
83096
366105
73560
247863
314509
324209
600874
379168
216445
444641
75669
114354
380368
52246
67513
89940
106120
64118
193337
321665
123178
59875
418394
456089
52581
260151
254926
230930
75521
47524
58985
144564
47084
53930
236330
90008
44417
156491
416184
89564
51226
183960
99672
103571
211098
215310
121880
104194
87926
113085
53329
195531
98296
191865
70883
48393
53265
168203
101983
62046
64828
82440
31722
55780
62382
511925
262095
61946
145272
80514
51932
248701
961831
188163
166019
151197
94652
285858
182081
609848
218967
77136
32166
120949
140699
198063
108398
64642
45002
107146
63271
55485
104446
134438
49479
45995
363483
56621
538166
60885
200234
72006
261980
326916
76408
149640
102373
264211
96906
94781
89834
78839
211116
110960
231859
124295
154549
91340
158637
50393
102711
129616
89546
50942
179418
85262
311501
59523
264050
53186
94062
63327
103976
74634
149552
98401
256716
223982
60678
32402
51713
214366
96493
67309
81049
111524
99477
49133
73902
85445
115464
170585
54796
79858
78724
482635
46989
188072
290387
42579
320668
200605
33149
57264
40047
258439
69453
309862
45234
59189
62438
84133
273857
153312
600162
258714
120068
310612
36210
53123
123347
138067
49837
144428
50041
95969
64427
86089
406415
39811
27758
235286
57740
151865
48422
63162
449588
110295
43605
143642
154523
67963
45457
73068
204586
234587
465554
802797
71544
128054
296331
51452
133516
539255
77875
47792
93525
87627
28948
382277
134701
56544
439427
45774
80413
180520
492227
49252
97749
29128
69074
166189
365265
214650
56428
82342
85036
103124
79457
60056
60118
111650
51503
149994
111534
77842
376097
85363
73431
48764
58917
65035
93051
62213
354115
46877
38774
687236
47507
118943
64167
280630
145657
257809
898595
58205
101259
69247
76412
52279
1015776
83775
55286
121758
36284
251345
231464
141210
145533
44789
261966
129356
41855
333412
56349
52373
77765
57090
252827
174390
207011
50724
66797
189879
92562
93883
280907
51090
92085
301760
455727
47294
58699
63097
118280
62645
46739
34825
186201
300289
104275
222678
58488
400308
137344
300314
45421
186036
491033
324644
299042
111784
136836
136130
78674
49470
116356
44309
96500
197803
309096
394271
92946
131495
165207
136154
84042
73478
48309
120595
94883
356318
137318
116946
71095
204174
221065
40890
98773
104726
99222
484558
181506
358892
42172
77357
46913
250824
226784
183685
85820
73336
376756
63317
187549
256732
136437
86877
174875
44368
60517
65469
119337
87027
156764
325339
47639
122487
90742
76271
44186
49884
231621
73406
54681
125712
204888
67895
165905
69998
399184
180016
359334
366219
238094
178293
82012
283774
345769
130241
228146
99977
363961
61145
141185
83124
383642
52212
33810
156851
113067
54670
78810
131832
62012
369501
155773
662617
50824
340300
419199
289224
36529
247502
52267
43267
45896
71002
94273
155338
144516
90019
82667
74818
189955
99690
520713
246649
255796
221230
200374
60075
180403
191092
221700
208451
41494
35829
264094
271825
271601
118264
50059
371397
54334
259875
161505
443743
269990
225355
437584
133530
292053
74578
452538
37392
250225
76906
44491
31630
113760
275391
352228
441490
174850
203855
63523
44546
323819
269514
385381
276874
87060
770267
66363
374010
154952
268678
153254
270651
174669
31167
282069
119450
216967
228810
180002
59613
75005
110653
114076
34741
264585
65818
50431
71872
109006
95315
99278
210233
115413
72834
36478
227243
88482
29100
49379
152896
87407
170885
52606
307898
117571
126562
203361
72003
76269
148772
91009
81815
40254
65371
197007
47205
68123
309811
71487
172326
79077
69259
257739
42062
97072
51028
42971
106315
267380
82884
47835
170052
222944
268940
35940
201083
451419
25717
47695
104370
82654
225727
94678
99778
88013
61721
44652
106381
327583
156488
117880
246097
133608
124303
285857
324807
571089
59268
105826
116565
174517
45167
109538
313762
35079
181768
123069
103315
67032
390197
454782
75299
55230
150743
226891
56780
78514
381453
166096
46078
306890
336097
104966
82892
244656
49463
486852
139655
256243
103860
140977
293635
483372
113623
222482
61820
175534
166491
545452
325623
125760
68279
47393
91565
120235
234640
206906
422217
241876
237807
166612
107831
70535
118021
207685
355995
112583
123955
177184
52228
123578
35900
162669
89351
180164
136363
163632
39002
248110
557517
179301
46327
111994
110615
399436
56716
44805
78325
105656
54998
333836
110846
143221
144337
291097
177809
319593
99484
187179
107137
183390
150575
183137
86830
69312
727152
34475
219491
203530
125845
108487
185787
111455
503822
173816
139380
251092
50807
43525
183941
50566
392169
234534
93029
100199
266608
99036
59438
74866
67793
49281
111381
92371
204969
140291
136697
51620
60980
396957
150414
398547
368653
87983
65320
168788
108799
377051
84969
150655
99561
262722
135640
536466
91593
334149
39327
42921
47197
231495
302491
259360
55209
103748
111455
437241
371537
223473
44107
57851
155672
32216
318707
61153
470487
350450
446259
407587
284366
541002
153798
80612
162504
38173
366517
59934
353808
222122
120525
108719
98011
106742
423397
233224
118561
99096
284082
58435
178885
44674
351462
183890
76355
163443
192072
57711
206500
52929
213380
132326
351495
100295
205187
51197
50445
172338
50238
170899
479981
155992
108196
352215
58549
85827
57614
89343
90568
128497
191793
53798
257923
71533
236163
289684
122642
453759
172918
71516
209597
140719
249123
39446
223880
208182
47451
270263
102528
126382
165273
241449
50282
645428
367247
348900
154109
190561
173243
281784
148233
149512
166840
173543
73122
76029
197571
61480
429853
309020
226360
228345
158183
709652
74564
259045
76769
142072
48910
63293
94284
265859
77782
100900
338721
152022
246581
42008
207115
203252
99444
101247
91426
105950
81878
225913
515274
130707
459322
266152
91500
266129
214443
66997
116219
55812
114560
56765
52127
70650
218138
156279
300688
68965
288292
190717
44373
185149
46501
49863
172062
42731
197322
54019
213832
44589
297544
61187
123982
89009
185604
226142
380003
150921
52830
192915
89057
58672
152853
66849
68461
186521
40003
256676
177696
82801
149122
125464
197035
59165
226646
50945
97293
136608
228689
109468
262474
73938
220331
205882
396992
33223
54460
104615
232787
42883
229353
86434
126642
72084
60657
46910
90590
245289
61772
120910
317839
226011
131156
353276
74124
101299
212346
206825
317780
228842
54105
177095
536360
58449
42788
423892
56342
355933
73949
71604
171154
102546
192359
154763
168704
244760
183172
262921
346831
157326
262746
273365
293744
85045
322898
144761
53270
162349
50525
48199
81098
91464
157251
72090
218855
145106
123554
92778
119706
303817
312635
245098
105104
133712
37403
190661
195443
40414
152811
167043
153397
68978
68970
225232
120128
450514
201006
45912
57199
138927
37688
312413
48623
320043
58294
117737
143052
62562
205957
46160
183298
49605
134758
37562
376354
281473
108709
290175
236293
68341
182999
145631
48081
95487
40240
180641
46742
161494
44629
149048
1267057
1233260
1237904
1233152
1211902
168408
1117878
1084130
906247
606320
605898
136911
574202
403801
211509
388010
337382
206516
227972
265811
276734
60605
121058
110903
253066
301041
53253
143731
131638
109012
403169
48913
187538
236703
111637
187179
83854
196104
91656
406083
894309
59135
355777
34337
176851
47238
294283
62433
85105
78238
288046
105937
84140
464949
241399
80271
30513
45653
269383
609513
137925
376713
38086
64768
25553
173396
44058
89614
66715
141269
135152
187036
42829
137778
288443
191095
44734
33824
50394
148893
156185
119056
363979
141239
60523
260089
207656
247500
164597
119608
286751
351854
160611
86300
199755
44363
51510
176737
294909
205585
228236
28126
421659
178820
137516
38255
96116
87867
110170
43406
179400
268080
88693
304504
294535
81044
119848
71858
309005
63422
431070
41275
123990
174445
160263
755279
95898
112796
189253
216245
467269
70207
77460
537429
67901
129122
169198
60061
80780
201777
42377
93798
56899
84016
160667
573933
41573
93966
269072
151068
132021
35001
35233
41117
108806
85228
43676
56375
74081
592522
110242
159198
146023
209516
49031
91586
210694
72035
214416
67366
187685
134957
47330
136300
138872
427415
173030
471704
298531
158501
331328
119366
80067
183968
884541
47597
72035
130725
249656
135338
307735
43367
70300
535244
39859
53720
220019
62618
113279
84017
58852
146206
47541
269949
36671
210848
274274
62104
202292
176179
440713
128307
160542
72540
59524
252915
347408
35800
68175
574156
71506
283497
231700
82996
245802
305192
239112
164560
631021
36689
48386
46544
42999
83838
46987
205175
79989
183274
164531
123048
48131
77418
242879
496653
155189
104780
194535
41313
87988
44848
51907
153702
151428
189976
100043
162346
53096
265910
184299
269764
33951
315971
285095
252575
273532
110653
339241
56968
71947
56518
150698
452209
57958
66679
68537
75043
248642
135480
451902
64140
318419
148347
81975
584708
55541
114396
102629
63839
130290
113289
40229
59549
517133
108347
65936
82914
120930
185886
57320
190895
99739
112374
46228
166357
77321
68623
301849
165357
272934
122133
132105
31329
41625
123570
130804
122543
233814
86556
207493
83351
33605
115700
56845
169178
294196
87394
250467
177164
334192
299841
507199
135493
71240
84599
223870
33750
58064
410192
281616
519100
49991
159641
174693
193040
120999
441512
83988
249823
104419
99449
131529
338984
292462
223911
50062
88790
209076
425407
196440
492882
50750
189307
390755
45782
41476
110697
58710
74461
123467
357830
357691
46961
100430
339996
273959
393717
407924
115711
187390
38047
33780
89881
116392
104973
189040
86124
491679
41907
263672
125789
86090
62491
113418
126703
47840
41749
188798
42366
36569
191476
50013
39043
195432
178853
66071
68365
122034
316362
187986
69271
233472
179604
181830
56403
135817
123756
27831
58173
44476
68187
31608
58249
110568
208441
89654
52040
133477
330566
56981
61517
294460
340898
336881
430272
178228
329634
319591
54129
59812
50707
137658
226002
119293
57487
252125
87274
436962
111468
116804
43591
66476
63441
72957
104510
164221
146407
288333
330666
52435
156556
762304
114084
187274
80252
178041
229631
182871
173349
256473
190634
190733
510675
794638
48639
62690
140740
194079
246253
34152
97436
502601
143044
214205
158383
278513
53143
486364
60501
53026
79817
73511
95663
112417
289076
319540
104197
58321
40775
166161
49226
168485
43060
100483
305631
142299
275496
383319
53683
137831
81928
173706
749027
245704
118904
398532
342883
81761
136919
45570
331418
329041
219514
44729
50958
246070
79539
153660
275797
321426
541295
79742
43387
99263
154163
167509
116078
51801
119580
318987
101701
160629
107665
101017
176477
72589
117146
197906
478503
260220
618935
62480
210174
77192
48106
131896
100982
34249
323472
131075
94865
237162
118946
39799
245733
52976
60044
139067
117163
240082
36121
199959
153860
55732
78338
209553
303787
44308
215245
248023
59199
122158
49563
143855
341754
89629
44294
69219
153377
175462
40728
208669
88513
82816
172162
429457
332899
61558
184728
135115
118338
279817
76977
122062
262225
120737
164433
93287
149937
38435
84084
93471
218643
121457
406062
495536
253998
289766
64086
151418
222222
478393
96898
102162
72520
76211
153535
79432
73720
118178
87618
355884
130174
43948
134474
235800
261353
147922
63081
236364
60156
164450
70774
171378
330299
45993
180152
32395
45877
176355
107257
261946
348321
173680
164159
43584
71596
170286
132090
63205
54215
417547
131858
65575
208182
67975
78788
73274
193281
126015
165995
289649
97978
643165
214591
211141
321078
244788
45529
70804
104013
35392
98679
79945
162572
160566
58970
133411
57111
40649
168964
85842
84003
168846
98171
63160
45686
66718
85165
59169
203588
112598
58290
216853
223864
349887
70304
163651
135587
58481
319067
162978
75211
135984
118322
575233
139516
84738
162376
104334
39831
47779
41911
148314
137569
610952
80949
203340
89693
374400
61438
230533
146548
180840
324626
73061
44671
88673
60387
47316
292727
61911
110767
71056
887136
121571
59011
270440
131488
88455
162055
46100
58116
232656
461610
39309
270439
80239
462840
224941
405637
195936
209343
83629
40095
240854
88421
527980
202285
72785
151996
46573
63215
132549
104703
116555
39141
159717
335959
263565
75770
434583
571732
746458
165019
81665
56178
75029
85203
99526
292378
151474
439500
36418
54310
44049
168131
50524
147650
279515
84909
143174
182321
164997
343113
35007
75112
161309
64394
178160
75541
145818
49914
41792
130265
247405
146979
206967
171668
371898
189599
83103
83893
72050
190542
195279
207873
99497
388291
232111
147238
37904
223247
35106
57022
46915
298680
329535
315511
132087
212000
121647
111491
390184
174619
254077
235362
321231
135191
98062
225527
52297
67001
51025
326808
47655
112266
505116
107186
253895
186129
107172
242080
20710
74935
59121
113601
203826
147935
111003
125051
39629
203883
90916
306005
52159
290991
24706
70373
163209
151852
70330
144028
111836
133131
65414
229447
41385
57956
100997
64875
181320
45753
75643
205472
67218
123661
77009
175526
59086
83128
93642
140227
77445
159421
120546
184965
178176
417416
80081
164403
434793
165329
39037
95662
43891
155991
53010
78663
189782
146842
319735
180243
153626
50613
65619
310012
183585
156607
72817
97078
138960
292725
65354
155214
135342
180087
166035
73805
793773
104130
36947
46843
115493
54246
282111
45324
53410
461719
37099
664829
238477
147143
395911
48181
122148
250638
350425
54772
213363
56437
346904
177954
69161
102025
84920
104269
84218
121386
61878
67023
147359
94976
172838
112939
83050
424243
295787
156977
99117
45859
204340
111861
424203
55752
297353
63371
386117
51669
329957
200183
58471
145646
184268
83570
124097
47183
275580
477922
81602
43660
111059
165627
133101
51453
67536
47974
166230
44767
97011
200979
54715
202490
166860
95413
74177
293108
44233
300999
32951
50739
71399
180188
42289
75117
147940
61281
74583
222986
144014
161910
98403
50045
67632
66911
460467
90681
108431
149387
57708
68451
156238
146178
307781
80130
82400
78152
64081
55040
198252
173322
135638
215536
672520
158277
104880
714734
333766
323213
104243
196887
254213
43273
107634
37172
443262
71319
64954
95922
112885
220733
330532
78878
106789
156699
42565
48838
276752
55343
68066
251953
33998
101849
175391
220113
49432
664973
59667
116425
178142
125068
163849
299340
187225
199218
60042
68836
82603
93630
63141
205996
55560
115426
203873
41097
450460
124764
51241
285531
150762
777458
280407
82658
291396
163357
63684
44106
52805
63710
94338
207783
145516
650215
106706
190213
239032
88831
140439
108988
272812
91784
39653
49331
59212
75132
553397
243029
49092
141589
39469
958271
126262
113440
131496
163521
89682
84503
117669
121730
433766
560706
229543
118296
101502
308919
121994
34795
110701
390839
108548
82781
207446
46898
45535
53863
54653
152007
182098
53252
173379
430890
23540
177311
121389
206733
311845
307505
233423
79077
60650
72364
725994
29851
728346
201329
92590
70238
683688
148723
222540
356970
46393
68246
56836
418314
41664
102050
108402
91212
190480
51940
185256
121018
110568
55840
249338
39267
266171
448657
106590
139268
314118
290802
75888
180293
142940
371811
54265
105450
92420
201201
408300
398654
117075
132477
33811
184758
47879
73124
458366
232111
115455
144506
122281
69229
50377
136448
68692
118819
57083
425864
54863
65047
213831
40168
69259
86097
146251
136354
599048
131279
77115
79865
53349
61003
356308
279436
48841
85310
100558
52141
491099
440815
58663
177961
92257
107998
188143
222806
139424
156618
226860
94750
116168
195633
373323
109495
412661
186969
63906
252338
168981
50243
95567
172762
123404
93532
242907
63927
54025
172320
112184
192559
124841
552505
72118
174710
373866
41261
87928
227872
242327
98036
56527
60376
101116
229205
49354
85403
47352
94760
195355
142308
69608
75166
253303
83185
42571
48159
545191
451791
100019
99298
321810
58955
189185
54478
632286
92476
171870
57796
389851
156589
251133
50106
158206
192226
52175
89512
194597
129661
120345
174424
170868
117798
85292
61776
60374
102586
199884
273295
296312
227125
86967
171343
73146
80130
93318
145958
192905
66838
76043
57108
38628
288550
57323
101417
31764
80913
216377
325036
108703
158891
220416
35930
56287
388730
176291
74257
47370
101867
148328
249556
154591
155516
155068
131233
78730
43214
49467
204081
153958
220983
46735
170645
112436
86402
237847
118770
111052
67182
75449
97932
180026
69350
213971
252902
252773
63532
92276
41635
91455
142010
305543
104283
142313
88113
199981
172857
28997
64798
79650
640860
50780
188001
85329
277860
333300
193185
67075
69924
59252
68835
73741
101890
155935
44550
100815
189349
73731
315103
172427
241061
97145
394597
43668
197311
96230
54088
358708
392556
173196
243226
72299
177364
275691
287920
48445
41674
95632
102787
380331
277197
58789
76825
251146
120451
40364
95064
106229
240747
486532
240825
337072
193977
105010
545953
40639
80640
729268
59858
69211
36006
164833
624964
67219
96112
147966
213318
115657
74066
118637
197948
184603
129153
109187
133941
129032
100244
34287
50292
72452
104789
72169
210969
72244
55553
160768
45767
293354
161470
166664
47831
77435
38983
79054
105998
139213
218484
481602
94133
299029
33043
42017
188568
255710
232911
246523
58878
204267
112097
417892
298824
34557
51401
101076
694452
107729
127398
128422
194523
40949
136794
87927
87549
45969
586501
358469
552695
83357
77582
361492
110406
32396
140580
122013
139885
66694
222742
44938
192651
131400
54534
319504
50880
198303
161457
47152
116302
114323
132029
314502
410933
87545
275295
54891
223589
115074
447403
66017
128883
161545
32106
284398
161189
690262
104349
94879
44083
355797
35742
107742
98714
110115
83691
32648
668091
192862
105375
191412
93593
201687
159928
312013
52387
224155
52948
71386
353603
133187
219722
47228
381397
230973
45690
490213
221973
408604
45194
614823
82231
249659
113910
559191
429946
58102
114424
671830
248650
31923
80770
144122
199038
117003
62345
153818
83363
144958
238331
422952
33942
245435
65515
211752
61739
118342
87157
222383
169049
149419
86360
83930
250194
297324
111365
258360
198473
163111
188498
53394
114712
67728
58713
206168
163461
46727
327170
86892
121298
75646
142675
84084
357085
212494
106259
145110
127870
118587
61774
48166
141176
279524
119039
138788
40450
177011
65003
84600
62148
51354
206685
132383
227382
53903
286355
67468
553095
318308
42565
174751
126792
95557
216288
69401
204552
84812
330731
171343
94642
91777
144599
211807
80660
114356
62744
150708
61602
220773
176912
176476
72544
90134
255733
91668
307847
46188
138012
100657
81423
317269
272371
45045
54674
122790
47576
53285
59727
264663
73887
164915
103032
52613
114582
325092
97922
88759
174430
106075
160810
94627
80768
266739
154011
33990
205585
61172
213724
32094
120068
123654
53026
187569
142777
145182
150372
146408
50123
223331
64213
149741
151001
88616
51296
216502
42298
63357
110031
258270
34497
29917
190053
260116
43390
105147
147335
218759
108832
49940
277321
40065
96195
110107
171768
257714
262427
105890
105628
260988
109842
53835
296584
206333
218334
129251
32023
36123
323450
299976
149397
173126
55860
430660
67754
101766
75808
180020
369254
53341
39022
78302
86501
44934
28319
40729
206436
127251
299722
461887
172002
75097
163842
237095
173237
391070
20333
81290
189238
305776
106245
55392
209897
178964
173072
134511
67734
170687
68974
340087
82727
481657
45580
124806
50419
110961
102656
357214
48808
226224
199614
80209
265150
173420
167067
645010
77820
33173
159664
304359
156223
49265
108116
103139
88036
125901
259572
228589
147215
144804
133902
163038
105619
82581
402107
328809
270976
135914
349961
31363
223274
38897
436635
82448
81921
142875
143441
36146
59210
61920
122280
158787
117589
51349
32341
105116
454199
130950
61852
102877
271028
419513
62455
213486
113873
329114
100116
31520
134548
410719
262166
86585
53352
583191
234749
487423
114945
285290
191503
260151
94885
892200
125990
201319
663874
326658
176066
186876
266679
435222
78078
148050
131017
76195
148816
154889
430566
147269
108581
75827
148386
54737
90046
223957
179911
94708
55588
78373
128911
270108
36831
102040
41522
174130
147043
53176
430736
93810
141289
60678
152547
437110
91205
120985
128971
144443
180326
509038
361802
48030
57856
131450
137791
377275
174114
69203
38548
59639
222408
94834
82533
83573
383252
54975
86672
468552
72825
61841
296156
96756
377991
116371
170047
43288
49610
150146
92250
89310
78591
323027
191794
63571
685485
309217
234479
816324
71358
228211
396340
101086
204604
157049
47450
180576
180267
37353
46462
53696
57519
227848
110324
343079
283697
86428
313910
139173
67613
132835
296050
44730
256767
150455
42517
135581
205891
157810
105033
207946
48203
46174
77424
35836
234376
69427
40730
70103
63606
317530
51044
115614
77760
74053
162924
78084
78845
144269
77864
201018
306373
61222
168178
347985
43329
47265
87968
124622
180848
35845
52208
401113
375128
172016
60012
52331
383963
206738
116475
132153
176140
179401
55346
149614
129018
201687
141668
146431
75911
126602
541921
60552
131968
33415
127116
98801
108763
175522
110750
552823
155141
444373
45522
146061
130921
75281
298835
39769
132837
39888
150160
234034
74616
54304
84054
111109
34920
90013
110422
106602
202135
68242
303585
199187
126424
43924
256114
133028
405294
223042
49133
310249
414485
466376
69343
365113
77263
94844
301617
69895
92589
66734
127460
37353
55098
54084
99215
23111
354258
186839
366810
41508
84730
472749
39777
66443
77289
315314
503697
278794
400345
60894
306538
398396
29852
93735
151338
80445
128854
155778
81596
46653
79771
54823
65097
57972
70309
555894
45276
533751
242843
103885
572945
541918
131007
43098
148244
279754
85876
99309
112363
94910
99032
93272
55725
156129
205758
58124
43213
177501
77271
92457
195852
193580
76186
73084
329448
55282
55653
56792
235644
41943
118780
85556
481968
38414
160510
50075
97157
61265
94404
155033
127839
136644
234626
116339
286701
178435
46242
58682
32397
159847
135272
36540
54332
88270
88723
92285
151743
134705
207392
81264
101311
121107
354757
148350
364702
263646
365744
112593
188941
436200
69598
56542
276080
129836
127941
87270
412163
68097
169618
121926
71343
287868
252701
71838
176439
81227
26242
351273
163561
412146
272027
87109
271619
110671
365781
56994
281107
44078
283839
53325
277635
78105
253756
77592
132602
101059
64119
75781
148635
148164
121918
50232
172248
272984
246486
257326
88842
106376
74078
162896
322063
119485
86502
132287
254339
218470
134927
114853
366559
107973
142149
158913
49523
81866
107665
46247
135456
73612
108371
61594
244096
67963
142415
177786
48350
255619
127083
356874
235436
446704
294593
175753
50898
71988
70516
123404
105137
228777
85473
54583
122922
224832
87633
310790
294870
356027
98432
297161
56667
164490
40210
44313
20588
254830
45028
124151
100589
46681
282019
240725
196171
55014
66790
47983
199079
111392
86568
96759
384821
568192
358100
94817
241788
539479
81506
287779
48756
575681
341536
113821
391186
656928
99023
768738
79719
84041
179879
165814
104609
187676
99331
70570
170064
91228
42652
108881
215639
60578
57463
69289
67310
111774
317461
645058
289513
59620
634285
64015
71479
79656
170824
111237
236759
51234
316867
50112
304365
80744
127335
119852
315296
107523
248511
199168
56092
85207
75062
134828
302951
164149
93839
183206
47634
81151
216348
131027
63799
85444
219985
310031
43094
134799
189992
82091
220617
131834
77303
362596
318155
37584
167881
64956
153297
301717
40710
96508
185495
62208
76292
174822
42187
428509
366759
244253
111111
122509
149958
154607
169205
179494
75322
74119
299396
210762
116567
167640
412488
202671
123877
65374
108900
180143
156160
98826
138017
78155
139318
204839
97980
124795
188569
128050
141032
33417
50018
229563
208886
122362
254068
77833
56296
49372
174052
130830
115019
328436
206187
95129
296729
196368
173395
31978
399991
352448
218643
178724
76786
187423
50060
159120
140919
388380
91610
472269
97346
523382
44054
72432
259512
63956
154851
114485
46203
110579
57250
440533
56561
302234
73287
403751
116532
202594
95209
96537
167327
29770
52516
101170
527935
58985
83063
191420
86273
54345
91587
293358
58566
129468
117171
296160
181720
36416
175493
107249
88317
91051
80276
124957
241650
222937
160217
168334
75686
117051
199242
87597
74919
51503
253223
63750
105221
168335
48856
39853
93083
514536
36807
99393
309970
278006
224972
78470
101493
97031
102595
130706
155411
241123
355494
53537
105201
545994
201290
319252
69305
123527
46212
240731
531067
156428
125740
107829
85181
166269
109804
236888
78134
247974
89356
443435
429290
54675
406117
163254
391708
87687
213851
62048
88828
224797
483465
378043
86899
72441
74342
438824
321375
140220
49719
310790
62053
366078
162169
34728
479731
104574
282763
99341
125843
109892
459298
65177
129430
148286
269574
38533
115596
208333
38837
152266
156902
42164
125624
304788
45245
103590
41642
137394
232942
35731
194206
144782
176136
262809
71249
209412
146315
377501
39016
88195
101994
310734
43414
385852
70824
146413
44124
138128
116786
255228
34017
147333
35513
273307
75970
154368
193079
190747
135199
116166
478037
171884
126433
138517
65008
203798
502381
187386
99093
28794
267436
57370
255770
84314
95137
39571
190017
230670
76855
53108
105603
118976
108100
135145
141796
140011
51730
162464
317121
212818
125509
141981
85290
118793
211836
140964
65081
45250
403433
155287
99075
132377
370539
42421
111500
605829
110915
51101
327748
57695
87147
43159
121860
34414
76436
120240
85913
281758
64448
78728
228794
194539
302056
187736
125853
127489
49467
292944
177640
40249
104289
58402
108405
41294
103620
121926
128636
50776
162995
77631
56688
207841
74420
51844
207381
220692
120353
140206
124773
144719
116270
94207
277618
219026
297287
156834
96530
51602
722605
82973
185259
117777
113379
130360
100570
198730
312748
188334
34271
183635
129153
322946
121215
202072
82513
79989
445237
301376
223140
57191
124540
59507
231463
50995
55078
42579
167144
143270
318685
63717
139062
146249
118644
105147
69787
126242
363747
147645
216815
192775
51541
168644
210642
281535
385321
74314
343343
118927
125706
209274
260341
184122
340204
165615
231833
232600
414504
151066
325921
50271
217808
368042
51709
334089
53419
58797
215498
267309
128188
73801
95790
92693
56413
39940
99129
120498
122762
168010
214178
118019
203781
52301
113947
810466
242957
138718
91761
179512
93327
41156
216142
419300
155898
74127
205687
101601
122448
88757
267025
233489
49021
133203
38093
67666
122074
69913
113511
122000
120771
120681
277976
127751
121733
133077
40552
72708
60120
205425
127416
91116
323244
284287
59117
107458
56527
111927
146746
41114
368724
124579
85932
167962
159740
166509
214788
67521
157233
27791
56192
46688
52474
585846
264416
196411
25974
176033
146460
49368
44014
62259
34640
57656
69258
187884
123532
408549
119761
52518
150120
210268
383330
103041
58588
65804
135919
189757
830549
447509
79060
36483
110886
112178
124671
118395
62173
80352
122151
187302
361477
108860
112381
79392
196071
37733
63082
161527
82148
88953
274949
79034
258887
188675
104380
368258
447118
162322
95657
189183
70173
293645
91444
208817
25760
199408
100631
277669
419904
52098
397085
114261
390520
138338
316530
195670
88785
132509
207384
79023
110025
126970
111173
172489
129000
194973
45921
106721
110798
70673
55931
81843
406490
242683
129254
59339
117463
246488
125713
39408
60456
217266
94246
456311
39321
146976
129457
90220
114293
85782
107919
168385
171084
61010
106130
104185
96339
105145
479760
125211
127495
285271
130331
61413
49790
330542
180295
33853
137694
38481
378948
215668
384941
105723
65110
123901
409948
119148
506007
110171
50976
113558
179692
432280
279964
55763
258094
188752
54376
57767
236907
56650
40262
168182
170062
288998
84361
101771
178333
118495
108623
129670
153560
241890
167550
268127
292148
127689
55600
307107
143501
153891
79491
45533
158813
110018
81589
88242
115720
51647
43072
122580
164992
103490
39569
64323
578262
257970
122533
238614
378819
136062
131652
101164
331126
72321
74829
244955
64916
134699
50805
458773
49366
45996
74422
86922
88318
41361
184123
132585
68806
104776
119067
79434
130941
134293
159560
249141
91403
524202
69413
108391
490976
68362
52953
137534
104431
346734
103860
72591
485307
68867
102735
78577
251873
245800
140696
49736
225996
74324
59348
169988
169895
85375
69518
61148
69363
164067
168280
202634
176459
317766
287246
47119
195455
292035
62528
308530
48838
44916
88536
186797
82042
149994
346577
320560
76982
107086
42368
141592
137620
94074
662721
38964
194536
147672
32253
339938
300979
188907
83861
129336
146058
314711
76000
258017
45783
67893
86737
359641
111980
128608
37359
457817
61241
156366
86110
65230
62044
384008
359242
60102
73809
79362
213701
343329
68720
209820
70034
57486
376987
76183
66856
65955
47153
63840
75216
60671
50473
57514
167690
84869
59150
44313
73733
58366
64989
249414
253397
66857
104077
78061
144553
138275
344824
111985
158348
144129
154299
407389
192238
408645
221985
181051
277148
233162
218497
280312
239503
221096
189261
175818
279109
301534
54172
139614
214996
85009
101257
145799
374740
279559
263162
58457
48375
78894
43018
187300
151387
52604
142196
53514
267959
160696
551896
148133
278821
91814
140166
93400
75506
64645
75152
91400
126725
797616
129884
111036
118711
99424
113789
259238
100125
215020
81112
389579
112076
39831
1017713
170634
51843
244663
276549
56008
144563
76799
66392
329476
465672
179537
98869
382783
167095
46741
38147
193637
96417
178012
89308
408614
99745
153365
178869
54162
297951
389962
41704
98785
108610
43700
161090
221505
188927
45963
275527
56500
55622
290353
369556
34260
135688
99579
270799
27795
80786
339872
40922
245434
160385
243911
109567
148193
121780
136171
250362
174846
437682
46334
279825
78078
522295
57286
165325
44776
67614
787192
34299
60306
68767
459192
114157
86277
56800
60813
70860
51971
346390
132151
85819
172981
93474
56390
102971
246951
179519
70731
99502
141317
217670
179229
114639
61191
126563
150744
132098
161906
84982
220908
138010
138129
51866
77945
65256
127406
189185
153129
259166
59674
75841
77293
133776
65769
243511
383750
34959
376053
65774
275262
46089
162556
104411
156606
45105
33370
385646
94907
201047
106490
88584
67411
58251
199345
110885
40956
236281
101009
88665
117549
83647
203645
202314
193665
38215
215492
72628
181228
241334
50516
68173
62988
198917
114085
164558
57319
100803
67510
482511
242289
128713
101195
152593
129048
103155
134379
87292
67594
78440
360647
99241
92273
190884
45975
261311
58326
111211
63747
79877
122122
57968
74359
116817
45705
121884
116591
51682
126450
120809
74635
239433
266912
238687
444808
160408
168086
61529
47511
176820
199587
592004
195880
55249
286582
55301
144145
588847
119180
68505
184832
100238
282507
59223
91013
138479
168724
132192
419760
225424
56140
104653
208525
171864
44231
48968
116743
80740
182674
259383
78027
320134
137839
477359
128000
70154
87514
123654
368824
52654
143155
64760
76975
45337
195886
79917
73727
164983
49945
427575
302548
280328
87310
104005
116388
90878
64440
185722
330254
258305
131872
59566
98249
198428
169796
260471
269177
128595
148575
213741
466622
449610
110492
312653
89858
187067
156972
134654
174757
139292
222776
96069
169143
39779
179526
94977
92636
226963
440389
133172
81572
55503
75221
60387
252125
318506
37285
153099
184204
143423
112320
228032
214962
300592
75850
126512
64133
238471
128693
76500
434824
163472
111293
112315
177840
145071
86545
136551
164483
134961
228442
284414
101118
198557
54495
230882
72140
131777
144936
121069
99474
167197
102583
75887
124380
697454
200089
71272
107035
222981
371880
208531
109776
413124
203794
98962
104257
107269
109234
138040
131478
357142
194554
246427
259294
300989
316992
244681
218651
112637
168975
124481
132057
109600
209110
146947
94822
234101
167532
164258
182602
213698
161209
206200
238566
196858
265305
280630
269144
214743
243448
177891
285289
80019
192673
170971
86584
311229
87619
178457
96314
113576
46985
107643
152673
140394
361738
33576
259374
54588
71830
39339
724079
120727
45381
255864
66551
64451
76068
37034
269210
525117
168224
115248
99216
215075
215847
141102
165021
393649
61473
396948
57408
239381
64344
128724
44941
51918
137354
91345
71501
140896
464510
338672
246129
61645
113842
160385
99135
51369
33342
65100
324749
66457
133695
140670
39308
215911
55907
235669
116974
379068
80371
151202
111439
90967
93760
147021
66251
54924
204111
36485
55150
98345
130738
114504
140045
441387
143773
37027
136853
418942
106827
43678
111658
86323
319675
178561
73269
87264
179498
95206
507092
77698
51335
80589
131460
127123
215983
171956
358370
306579
128250
70413
56105
72471
158531
126043
86639
24359
43500
172383
151054
52908
66897
152418
66594
83676
55199
575292
52773
359753
114396
82041
175912
283012
113906
211634
424144
68486
178727
577854
71169
34308
83844
90081
63751
137939
152135
94710
96441
202109
104375
152262
108857
100317
85640
329428
52048
74707
85399
97441
158921
113248
121941
83149
83945
71734
187622
134202
212943
97723
368873
92465
84614
50828
69420
462186
84970
103272
42928
74665
275282
120896
152897
39689
220866
159203
418575
272479
280177
324311
417430
328418
153356
518274
137556
151477
177293
70294
69590
76124
177036
127907
39808
111828
185461
64114
167695
116983
126533
98880
85321
54580
254807
102892
155716
33046
194080
46412
98748
186997
72304
102081
72166
254344
265622
366909
54696
173006
209175
395818
104197
57360
140346
98534
118480
64860
84328
104953
48299
70179
126715
61426
158937
48088
127488
92203
41718
51795
117389
88204
233502
182970
124415
185812
686092
80984
512825
133588
54239
91105
284766
219399
54605
67406
120642
126529
28799
132667
41007
124354
137602
60408
216738
41126
139213
437310
204692
110661
34543
189989
160971
50925
113826
106680
137707
45314
223462
178261
336749
60421
285383
79752
191792
177611
121962
142400
46383
130132
94232
111562
82713
100477
327562
39243
143899
392276
91141
327277
95282
102942
51070
388950
249683
94558
57250
230439
248198
182441
150011
62884
172800
64111
62799
102488
146185
232852
91537
93481
223238
49075
365967
160934
235171
40343
538377
108614
667510
163488
514357
141744
195364
234505
40998
219184
45703
53490
161459
119653
64428
352169
47480
154104
392182
39968
140218
337231
87211
182695
172914
90541
258240
252238
275470
157075
49108
204228
132826
625420
104972
74019
222662
157536
82260
183480
226548
207125
52437
201403
157495
131300
46060
507828
255329
266096
223909
188101
397171
285211
327392
47942
345424
215054
233154
73852
145084
74400
62251
237767
315736
317441
85061
238143
134526
110921
251289
123486
115884
210568
474526
291792
183550
418171
312439
380790
63327
808344
414678
596375
197527
62268
117930
123562
228511
203664
158906
42798
29895
94823
89645
280173
113837
70628
111081
514581
144574
111371
47930
253032
65888
43451
136173
261546
433381
32302
186920
344854
309584
30101
414752
56717
72587
52082
183677
169172
86309
307225
60211
145034
125058
50746
289574
438070
130914
114178
112618
50975
226397
85960
59894
165649
314302
49986
86519
366976
100339
47161
218356
245257
278625
75589
113274
212911
53482
115613
111339
42021
292583
104645
79043
38666
612354
33081
327822
363959
679161
38978
162555
492016
117551
85843
73426
225036
72545
36327
63688
464105
83437
136278
156865
185637
191488
184192
413225
43172
38580
309679
73359
193819
95598
150469
165476
225383
181984
447830
77089
176125
92284
272349
201693
40093
81755
614132
186066
51912
587381
283269
133106
375180
55257
226246
53284
296773
34502
135562
376284
92821
30737
176640
356998
262896
76447
82637
98738
174668
102680
359627
119905
48534
216127
162832
257262
86176
115084
83425
142519
49980
333023
41005
89400
172820
135106
99399
49637
71496
169966
144648
333655
337739
261222
678705
67600
222596
60381
296511
82696
46785
45924
171789
132642
325477
127347
72592
89151
359802
184684
50647
60786
265639
424444
132897
164031
48596
357140
48014
46693
122786
231388
131187
291807
153802
188436
271548
184903
56143
162313
388109
242876
39176
213460
72963
145216
293240
181359
74572
88840
265648
60386
76819
61680
248756
35604
72324
515610
259325
557343
84982
37667
215347
226182
39351
53514
52571
69600
354908
47866
99843
104846
113014
49756
163573
56345
311135
267951
353942
312557
328885
210989
430161
445741
436732
243645
503319
353428
37736
48558
51298
176518
63336
37065
505782
52855
270744
206931
158472
95821
64387
144217
71852
154696
130583
132812
143616
116654
116956
186050
129488
114350
252154
192236
329176
348360
319437
273324
310687
44874
308939
52950
152687
70341
120437
149497
186528
149837
197730
318208
109024
112206
62604
93813
183846
98600
872801
62912
126335
114973
300608
176493
233345
271696
189880
474186
221326
245835
38429
586364
53073
520169
33958
328431
29562
29323
30415
461590
92225
251442
183042
757579
149503
110897
138400
262905
79659
441207
159045
226751
56598
79461
314095
59032
29781
96987
303168
220620
46482
147246
114278
193392
256681
56504
154505
440501
88390
251088
86264
56032
88527
94093
191864
45402
53422
116153
280794
249790
79141
200795
64398
51520
215003
136293
326348
41442
73926
134702
74317
181986
115533
217955
119170
45539
68664
160584
100864
294848
110458
434608
109780
203057
261709
47611
716605
257491
45643
85504
231471
213179
148140
109337
91707
600977
248098
161092
137099
406111
61891
87844
497781
93052
83223
309484
106423
160302
161612
38971
414877
55780
187192
450443
172185
85043
78460
54271
161562
110462
54559
466147
339373
128395
141297
44771
84561
61814
191445
106500
126279
230626
71440
123546
80890
74148
163152
40619
257662
84132
126035
1211615
150544
179546
181399
73390
461603
160052
328668
70127
108973
120295
164214
277540
263033
49630
457182
81882
116204
119130
258513
95981
209644
272068
63932
95859
91032
104134
41242
61678
259655
50382
261568
53479
174225
270901
388923
64784
60847
75376
50162
186952
228445
248716
124046
166528
448538
98768
61928
143758
64457
276412
35564
186972
40625
368171
89004
347529
151875
271188
120380
390893
153158
85982
105895
143652
93256
125721
207789
134967
99229
235411
61948
336977
100045
136629
75094
47558
126481
130348
96267
310844
151889
55157
74261
74435
179334
304866
241121
248237
35274
103292
243868
56683
110085
121696
129971
143018
46405
159628
63984
151736
121654
256925
298715
152284
275478
244174
522612
46161
299628
153384
718741
38650
60029
59104
165081
192488
45723
238091
70353
124962
308908
143954
111080
159392
59516
41553
81184
56939
58214
217626
90408
406898
359645
212569
159712
224578
62308
93249
135441
263443
59248
469000
72004
253727
125540
58210
92965
59310
164621
109311
216008
134144
129608
261272
221697
201507
73155
282043
160313
466891
118320
124888
179254
128356
195143
122300
67713
71619
272182
129560
326894
175560
146733
170190
331725
84662
107483
308014
602417
538608
224373
191394
152968
111956
88833
238561
385711
138478
87974
187029
88482
198211
154715
794406
39905
111265
56870
47931
64395
234476
76211
199400
222282
340927
55009
44275
238486
173907
43463
147193
76304
323029
48804
42413
54702
103947
162010
50504
164919
228456
452060
54431
459598
168752
231031
88361
167044
86228
122351
54016
734489
93531
51150
276060
184201
437607
356035
202077
119581
92771
390025
215398
118683
57319
364126
236166
334444
110278
86753
123774
40263
1155287
133695
261009
30398
86328
37738
69187
70195
292302
255182
251085
105401
117223
104664
186650
243012
98908
109511
901829
52438
73434
47505
88530
106900
88957
47147
54478
49610
189833
255269
268319
64540
219931
143785
43196
57755
59823
155447
59812
151103
627557
126492
286056
44245
74490
147224
293953
185356
71305
351000
85615
118853
363668
338808
74063
141104
123913
61900
92050
305013
132512
57125
263525
91951
51730
127318
137776
252190
187640
199616
210209
103188
114747
41515
654484
320249
228285
180983
72670
265686
85456
83077
212638
109554
67795
67332
60060
42900
109783
241716
449137
690447
44078
190153
81301
63424
50021
174871
65151
102644
70500
72046
62887
497433
115738
26425
228945
177230
230333
224941
129614
404539
63188
228136
65934
61759
353529
239139
89210
160175
179603
200188
396616
153405
93668
544079
46059
724847
55558
52027
172093
358681
88475
705064
102984
140828
69895
115581
215115
206231
145600
134458
197459
56498
195234
59949
334149
151998
110352
54338
35266
68827
213417
163370
51066
70538
104683
50538
62066
160843
84905
55956
82018
146699
44144
65141
227771
184064
39370
124758
287119
46441
413995
79369
74137
216353
30913
34976
424534
349295
442214
121218
83225
67421
51174
54596
117549
195643
83314
105421
190615
139286
136593
164153
58386
147111
291214
306471
40570
270458
206719
89191
166045
85146
92424
84766
123754
52293
55640
227716
335030
142937
115632
194172
201416
82439
131557
64596
87754
114033
115624
179750
104333
159350
177751
284179
270502
551483
47326
139166
480785
103105
54965
384823
55181
135586
39433
152522
143539
105117
383014
41622
57434
71484
65143
265459
75271
186857
157712
61361
61041
39510
85430
166888
176605
64226
50640
180792
98331
283046
264465
292466
211511
229457
151815
218584
108164
117343
87519
128125
108098
95668
52336
44769
226227
382119
92344
223941
235830
111338
152050
54723
91671
91115
548628
433643
27291
161209
64919
193731
41920
265407
164654
159974
107180
50429
81915
154990
229203
102563
175923
279062
405586
197155
106864
60337
64488
230835
108213
48097
112733
100712
324037
502513
186462
147923
70935
199242
107864
132580
63934
112731
210332
148446
187374
207940
245675
194143
92893
372359
41519
153729
152185
56493
481623
297423
53337
453961
40210
116673
293438
75607
153562
337568
90320
124806
169198
92978
231067
165861
69396
515974
280956
133774
122999
367069
102957
181174
248515
87589
45568
302793
83944
78781
94545
155924
218498
409773
120107
70683
51289
56630
145178
342776
237057
154800
132980
63981
148651
98544
155186
249515
50133
248368
261966
211926
87624
345458
21948
192635
537800
46317
151461
221984
117128
126592
376056
42604
88825
122057
57418
91903
147366
138738
74288
48978
113939
159498
136742
234099
118392
72068
417718
107034
98501
69556
114133
41094
286356
42642
102470
36192
95418
135182
59628
88319
137763
86519
41687
104754
66708
84857
296496
358767
30329
223900
46460
47685
83338
194167
188928
186934
299948
232815
129599
169251
80765
63711
69682
87958
181314
79028
34407
200716
370772
130271
44767
139515
37941
177001
209142
153337
447528
92408
41848
128346
31272
352069
158126
474395
58883
109741
179710
110918
310453
353184
197730
159034
411234
42319
133891
335760
270038
94987
89831
140712
233889
214072
65061
41527
102970
357475
71742
210948
82121
205042
161130
109428
137482
49349
66583
230550
98934
129647
61662
292177
226097
63601
81717
74513
164573
32982
243504
56728
51573
52965
224939
314465
39099
48382
86393
101493
164653
412095
143647
196847
309654
143652
249837
87914
110167
139753
162098
127708
137090
64584
120844
166205
296550
74160
331748
202078
246840
49267
127388
286487
35996
54062
152682
261200
75671
72480
492209
258949
209990
56503
143936
282797
86206
48114
66296
82062
52275
259921
74918
67299
70103
165988
52267
63040
437863
33823
145175
68157
491852
70689
66508
105811
345745
102639
86126
155125
66624
209440
188082
83521
100200
183460
57423
128392
45764
45131
202868
125586
591018
244177
273485
133598
155034
431737
151546
64827
144209
124929
74043
142121
103936
134901
86201
211448
146632
164384
240581
238599
112329
61120
305647
499021
337746
136261
49257
566791
430325
67405
347549
97900
111519
97608
376754
90899
56440
118849
102217
42894
179934
52843
230920
165066
144855
60614
116929
102207
395925
99641
80212
47046
216514
206670
50992
177928
188829
80692
93490
136053
307836
257415
75237
66489
92694
213671
107536
151803
190812
147730
309500
50047
347518
52544
306879
169327
331409
238627
837244
71202
138694
125925
80443
421078
199294
239849
150639
79400
70065
193486
38371
345314
80130
519402
52782
70176
76486
204584
75458
276694
89280
40245
56388
139787
308392
48538
464509
77046
35911
226363
56931
78607
78545
194452
181982
226940
62439
38252
138343
50716
52306
51813
431294
57394
456304
53857
246864
87368
104576
161243
114591
117393
53523
133842
153461
116916
90287
172810
182147
376971
371800
58431
384252
59652
88112
119506
216981
52973
53996
102160
584192
89604
163940
281197
128473
530478
296437
213305
162916
49218
91428
33671
287330
51210
94766
95814
113453
174763
53706
194484
181275
368814
194487
81849
242834
42141
74664
138186
96440
169456
260981
60750
267210
96089
156923
239219
181359
239241
207417
402357
241443
332632
221633
254135
248491
220315
315506
226829
410919
238764
212687
531677
260183
396917
71363
713582
57461
72217
177983
606142
83357
30822
58082
51415
61913
160796
163056
136647
279549
348843
105684
108997
81888
230435
121565
162877
90975
76415
63665
78365
109358
83802
117637
140334
392006
43970
212680
189855
214418
269915
255349
43734
266465
90903
68899
75767
93785
183966
259193
168476
331811
181600
169252
141363
157693
115801
197307
94766
165464
175347
277824
183850
339651
433064
55708
50649
376531
43094
246996
44188
228003
118803
209989
308627
138615
264894
548682
59209
73782
317463
186012
69129
111558
260192
295346
190959
203725
100856
38627
40045
212142
64803
215251
219486
158227
116439
92827
303289
301305
122318
62044
151548
106986
115132
43952
39506
151067
648498
171993
96740
103866
48101
97739
61484
85756
573271
52923
96167
157763
106174
178099
39761
78261
99550
66632
486478
57184
450658
356675
120801
82767
98610
135123
109551
61657
163581
47929
54428
245933
51271
290251
71533
138296
266318
56062
51293
63871
55223
398866
333673
86164
488950
248714
138897
212965
64860
54970
97347
155430
385867
136450
153516
301489
186831
146383
89854
114480
126478
186080
160983
133228
107228
54065
517077
237995
59824
181843
140610
145381
284577
45020
124291
89671
113724
51067
91182
51556
152229
78626
97025
164181
110211
95192
123021
249591
149692
231939
142409
173916
153752
271862
242644
172711
207411
193825
324063
369286
30952
72865
65924
49338
255542
544741
402107
268704
193219
293173
130999
270692
176398
78505
107063
247725
343190
277351
159313
347568
109337
183297
209358
240302
89188
152689
56828
58451
145041
220150
71546
60769
22081
75534
154682
222481
172955
133353
95985
288201
90642
91841
35446
46391
116032
89174
384210
498117
70678
97779
40568
143335
138676
85069
53654
89244
812102
120780
49562
51339
121437
100153
92555
281070
239591
82352
89751
343100
429679
371612
260183
262225
181127
103426
208917
62274
157728
302513
56785
119284
195794
92021
61572
391640
82474
284008
51035
60383
98399
264724
329364
132630
183691
94583
108263
121839
62885
83255
99779
35264
85504
144412
42274
239503
112803
173857
81824
63903
83623
95528
124676
97651
115242
103499
158729
310513
271878
160736
72009
207237
241183
125482
439109
309865
101358
154976
93598
115523
53183
689526
83613
196400
153508
191598
576957
93790
170479
130473
377945
49818
78224
143973
238156
95007
108164
75782
54833
78774
274984
31226
319698
748235
196012
41012
97430
62315
97478
180727
208605
141028
162342
204530
175841
401793
106324
126578
127348
87814
715187
246764
275477
37682
41350
394155
30203
348750
121403
54433
47646
436508
155282
324177
69743
92718
76209
84917
166969
254740
129632
124052
82113
153733
250197
296182
363979
258669
300000
40407
162682
665571
43080
48753
187404
297690
410479
118015
177633
55157
145462
201166
131620
76567
191745
93813
350525
70447
359301
491933
159231
185740
51751
71730
391679
151238
50962
92703
86015
560342
94643
85823
49616
185028
106782
96951
80813
72541
163166
185257
165688
58531
183473
170574
76909
129451
255532
398167
92132
144162
59835
289200
49394
60009
245499
140868
399652
528409
119543
51083
268291
69042
100338
52280
105926
309422
55505
217605
140921
96084
241707
176506
86876
94835
273235
152873
97865
209119
47348
110144
224266
170345
111388
56655
81910
232215
154095
256868
62377
97574
55033
71958
219515
223188
144789
77040
193387
486751
275855
420251
173830
108482
103789
29702
47577
181479
44391
224571
201796
784373
118611
84557
104876
268440
90085
118115
112827
50907
71913
100134
124208
600656
280362
232641
88865
201377
56305
204423
100302
134907
329325
45145
55178
36586
83198
391372
53681
159544
128185
288342
63677
394612
140832
57638
162903
55910
146282
80315
45734
98837
187274
342525
44714
68216
49408
37033
210958
89717
73192
72122
385398
296616
96503
114559
44923
83714
90734
135114
194377
154240
367818
394014
188305
160880
255415
304673
54866
220457
50427
378879
80025
71180
65162
71226
139758
154429
330815
99074
76567
475329
50071
243013
380193
183429
43485
404155
319383
49553
48671
59257
66184
131155
453090
104534
130723
131009
98366
107877
53060
136946
98787
46280
382306
49635
154270
573234
349299
174433
117393
69666
228767
131424
44252
121801
310949
62118
339276
350011
54407
150232
35932
396323
219430
203862
206078
253329
47738
93071
150688
83455
455747
73221
99447
47255
370473
108759
58658
531815
209270
126435
109194
253046
122005
328309
49315
130379
89484
366688
322158
72424
63500
59336
54031
583350
62448
74461
179246
108963
55755
75600
255896
35840
83427
131296
52516
127154
66766
126036
200719
432127
240839
115479
579309
220997
97438
123297
385682
87284
115866
278167
80698
239644
107713
126163
294473
105297
69821
71954
374488
323454
243003
315607
123016
40678
400584
121803
148084
189373
102710
159039
158494
94818
138688
743076
50484
458038
60782
254305
40911
125153
38948
117580
40027
203197
104530
184872
139769
304907
322423
102976
130121
203722
447282
47300
39778
122193
49774
67958
79340
68637
70572
198972
63451
696998
48107
420154
51810
144331
32314
166982
216490
101299
349957
86785
38079
122919
125789
490512
255513
468115
238495
257519
997580
54926
140300
59665
184667
80889
407297
52712
44173
40467
466538
115919
75446
126274
130420
145030
139530
300250
320689
71345
161309
130611
133880
203178
301146
110247
109953
205471
206985
89249
84636
218742
293855
49956
198913
85782
405093
205693
481962
310401
142774
81406
56895
60346
306666
402931
49650
243152
313249
237600
40753
173851
170694
48498
105194
101795
98655
287684
488562
563380
208743
97156
46373
99723
116495
230919
183534
132462
144514
164105
191878
125190
172381
114674
213742
147102
139588
335604
297932
120623
104807
119599
59996
291020
185756
246281
225571
105564
83871
207278
118138
66988
343341
61325
90363
65203
225401
82767
110827
38074
143692
345072
447904
97923
80060
335051
219045
45135
58266
183349
82626
379870
206887
33159
124114
68526
205441
58854
423207
55309
91064
290746
38646
115425
225266
91088
203196
46598
283415
262717
141580
41288
95728
56382
46033
53190
78790
1373036
66746
135796
225791
85003
260912
62167
160388
56270
429603
310499
285544
44349
53097
104898
116174
46299
54285
97126
145288
48314
131210
106209
63441
305233
90483
268440
82190
230816
510689
235558
266484
186306
353172
231253
30478
73202
38443
285055
49713
61684
225475
38748
144027
94451
235940
357155
46118
113863
59456
202435
104114
240351
84705
642635
49553
418738
52938
271351
593354
98560
170335
40921
90946
54024
53651
162960
179307
294424
173425
154622
148163
161147
190914
197906
97232
44373
70509
73618
74857
248982
60791
61394
107269
386426
193006
326323
136041
264940
219847
315322
73794
90543
56386
70837
60528
159526
129626
167784
821423
116636
120647
267856
75276
125859
242102
148522
205947
628246
69847
91748
74538
131230
194585
25930
108183
258706
53471
280131
47632
271777
156485
123053
124254
353663
218793
345344
275549
114846
60080
363083
226525
39239
219303
49941
420258
71401
203208
81003
110131
66275
198620
193262
241441
53208
150390
46329
42319
261555
181815
100382
83046
214267
352631
102322
170521
116610
81466
73053
303021
113530
249226
542459
127819
302356
37863
162342
90071
50891
184464
119420
167492
61845
71690
86232
34456
99643
104096
50134
65184
69855
145783
80195
278553
330762
138143
96476
92122
162632
38300
143840
66528
94430
421804
70280
39429
282846
134224
121384
133578
192299
126180
54450
143344
90597
76157
538539
80161
256242
163798
42421
139782
286739
45553
44161
360514
189745
223080
154421
120417
45694
163632
166808
70213
84793
59580
427475
104046
313637
56012
417692
98203
310457
279263
60983
236221
189374
41944
101003
125657
235393
109587
145352
189737
155499
129317
205499
258537
339467
213693
117888
252398
149661
82365
227298
103603
41175
123053
100992
83416
143623
478143
175235
48582
182060
293740
33766
296005
183680
144093
77061
82414
104485
75501
810552
95762
279477
203557
152525
79751
134981
99265
73152
88377
209301
316128
177017
80595
135937
95842
63863
99679
169799
71684
185298
68493
273978
306858
254719
48941
59632
64251
245711
49987
416228
100375
182907
326351
152317
169464
79349
194718
139824
39455
90347
149791
137262
230245
151860
223605
58663
258542
235192
189439
77723
56916
66763
128293
250066
203686
77643
93607
64966
195376
53721
336182
104371
46204
73691
25744
96109
98924
121154
86337
159263
378565
79695
38819
89295
174456
62650
72626
140746
562170
85708
105868
176270
73017
84927
202990
95951
57018
316384
257514
139341
550847
232611
84659
169145
82140
54900
103166
121863
192935
165640
365955
112916
81835
89674
184021
77920
38750
136009
104974
163575
109381
378911
221566
182571
291634
169380
255224
293313
316634
114636
258008
74914
166763
128625
143246
150268
77788
213175
144839
195952
76494
130357
473446
239534
34096
66293
112919
118709
51359
44367
80092
105623
73037
54695
298346
79394
157203
101509
161826
93271
182847
167965
135842
126605
52523
54779
151659
83427
185441
270059
219872
65902
197647
86616
339193
125561
88004
158013
289897
468254
59748
227352
103518
84913
60162
112857
108770
139384
83568
125264
312266
131531
209454
243212
218360
324230
267779
119118
80726
423244
140979
91210
132479
189939
121166
171994
563294
159016
74688
320561
42746
45030
64540
284942
112002
91305
122420
146434
217807
81608
70027
344194
157863
131799
144387
67167
503767
38508
54466
79236
279691
317570
182126
66243
151409
206519
112624
70967
188911
70351
68846
257819
149961
90443
124190
60937
114732
140276
199542
77341
219179
90917
31629
179801
174616
38263
277698
110943
83931
62604
95127
35821
70047
34653
263873
156223
66286
235326
155081
246423
175751
198984
120086
134024
95741
237900
480938
51697
120368
410640
304108
124567
220224
181685
70067
85806
281491
83622
234605
54247
179991
118605
127110
164585
168588
298136
121064
55679
114081
117456
246079
83647
169049
99366
180074
132506
100044
97039
420877
50009
284593
45546
85670
70890
138085
218844
53433
187070
61730
91523
94681
177821
55317
251752
37275
255082
299515
63869
62725
102230
540024
107663
63060
97289
280284
157868
113310
95854
143398
274425
80285
380631
49498
87781
216761
70183
71327
196646
70968
207573
277161
175943
48200
561188
160239
79379
36121
51073
77255
55357
236000
128941
44834
104676
54567
46300
112984
462263
151449
283851
44604
71778
145413
154487
41774
63036
222262
92179
61302
227664
54347
89761
115575
578868
42756
250166
72559
45237
51975
483272
56501
119821
475608
329683
47102
245613
150266
552069
232977
52624
78936
44808
171082
1080214
76347
87131
250998
42313
49931
165840
33533
268493
337140
146590
81806
87773
343033
133153
54235
154135
231751
66992
239605
168871
176466
205811
776530
151820
78774
85862
176760
158204
175929
157727
102752
515839
37469
231591
49490
203423
140855
65488
63124
52525
265216
625023
44981
334980
82234
124197
51000
59770
163574
40138
113915
93798
66129
178838
84454
101224
160581
180707
154336
221689
213311
144660
316994
87452
289631
344102
168743
256598
305103
248423
219872
355128
421590
177241
195102
798872
175793
107892
186904
211652
57897
395842
108237
86878
115727
222155
240899
103044
187588
226287
60287
43338
466622
211100
82875
258489
247904
82439
54466
50219
32906
258730
47843
627118
236575
256265
57912
142394
57340
219062
192181
66481
133864
40319
47792
227853
123010
47652
37042
34952
316349
31527
64741
85622
65753
85225
127418
514247
115711
90222
45214
250114
75517
106486
192038
105023
171210
146700
235803
41002
465404
82134
174225
108897
141131
56163
195903
33885
102370
192674
435230
65398
207598
79811
346366
140323
57310
175286
117804
88309
98424
217551
96392
120917
154049
180616
317141
106354
108832
129544
155427
45250
127331
91379
181395
225570
238753
356621
128216
520555
433296
200656
174480
56317
94920
143464
199471
40704
52789
216790
109321
44197
56800
99726
63894
167489
40260
63872
93943
576321
135468
250403
190030
71947
415508
242598
133900
221326
103496
328600
39081
163480
116833
1098622
55604
370568
39810
64754
56852
80392
101363
81669
234112
229477
129860
180539
149876
165443
210518
244927
81160
55391
256937
450913
31110
168702
52739
208029
100225
215440
48359
49890
165995
52828
120456
105421
462205
62120
80777
50750
93732
111745
52411
43778
71852
175361
242518
49686
57077
106117
62108
68849
152654
138074
54974
79269
104618
113770
187105
220866
77402
313728
80309
811007
138344
44134
65779
107042
75128
197187
41938
78529
183982
174958
253195
134795
396226
176408
43567
96214
553631
86853
137593
112706
68886
134167
116544
361503
96392
32815
59063
70756
130376
305653
253710
121832
249403
162420
144205
90717
34793
473667
93964
48435
49856
202706
242187
127800
85024
276241
21027
49456
200088
184391
68175
59702
84382
110813
320890
81465
355527
241443
351069
63145
95331
157082
490398
126414
246813
177686
67616
257451
222026
396325
121825
37079
113216
185770
50980
105740
108937
54270
60566
331762
153257
181673
269678
145868
156624
124189
387264
484834
258507
176962
97849
125908
190051
254183
213251
294999
92204
195779
114065
80279
147045
132155
96287
162163
36326
69558
167539
198007
74738
147906
284236
59997
69645
200811
133035
68981
118979
88072
321223
310040
169071
89577
175575
100277
114263
179466
55982
42061
129931
76061
132209
270952
213973
75361
229517
434264
120088
283156
38755
77176
52223
55184
145165
45035
187638
41358
247733
144588
341184
106154
71664
145927
93117
234435
432920
132230
416592
354238
63341
71383
179751
67635
56438
61018
52790
235437
262605
254561
58158
159309
124196
83081
33236
157265
262154
229481
95701
57652
523405
423145
51520
198115
260244
58666
260352
225906
175109
118571
54203
198913
71276
193259
123985
353420
339367
157438
297197
218422
168049
149693
143070
249504
55226
118959
103924
45249
103245
119605
89226
104908
157969
139560
49623
171579
329586
194135
82570
198533
246760
109572
175543
260703
255666
221650
414813
219124
352155
123721
131828
243481
264709
317620
59651
111121
51544
137889
53272
222683
207586
61317
109891
165754
147518
143416
52237
128121
363365
75363
106544
162981
197458
215534
265589
244018
135120
49658
101059
38210
48324
63877
303351
51705
66776
207802
122141
81180
81374
186448
148628
93538
138831
273709
139921
233874
84747
550346
100294
92960
63426
85527
734383
105251
87333
187451
131414
67260
86501
42306
143201
42314
89695
41778
266433
59261
78949
80244
168860
43117
83029
324534
183902
111557
147083
177136
115704
201488
72073
127411
123546
248795
89439
125614
114057
118124
111331
151430
153385
157975
218346
155839
256784
169399
97476
112771
89432
73129
325149
77535
133603
178615
283321
162223
270616
125002
390101
113251
76992
126504
196264
82824
89432
193382
53525
124988
365918
235800
474056
139583
435450
93427
146895
225544
113837
43125
77219
177562
52136
54309
174630
87954
82258
64884
27817
541941
39476
334009
73128
313231
72490
253077
63867
38270
167106
42397
370664
40111
157598
68778
52662
331177
58058
52014
34684
344769
329680
131482
418857
111712
94286
45307
280968
236604
289013
388253
69032
178504
247408
83697
86214
79043
46571
71003
44204
372140
91836
64267
56130
246483
63129
114451
126503
66778
317870
50925
273115
85580
344704
65300
238704
148193
204171
177649
295088
131768
272920
88038
217017
489873
205794
89214
83582
108559
413796
567964
274397
178766
73177
61333
55553
72396
50252
132015
155061
119502
63799
115178
139955
228397
173525
249222
54065
154332
77601
161652
100768
100738
115637
93375
80318
82376
223963
38495
328875
95609
474342
56153
154791
108126
114089
430601
187807
98400
135468
299689
68848
171861
109305
51735
93682
47726
157176
521978
31549
41195
156635
58547
48857
135291
64976
205415
114644
209230
85392
64713
312198
55977
329936
230926
89325
430822
99798
39507
61907
180797
244750
48239
76962
37494
52142
130637
68441
54392
35606
132865
50728
241239
326056
49246
130375
43611
74463
42784
392185
380668
82633
245850
106021
113984
41409
106468
375308
199772
229116
395258
149241
328609
35664
55466
123122
47140
47538
259647
64279
360261
33280
131410
160556
102337
119958
83157
355828
561970
100951
323336
249200
173017
38332
217310
172914
278512
91301
165669
368669
481110
139326
33288
220528
523957
341289
191321
98660
190119
289342
257909
197329
42603
114301
307707
88091
61928
107044
707854
122056
36903
95818
61574
119722
124084
500862
271693
99779
129112
624118
462920
68565
69812
67328
93148
673549
71129
135763
125588
316739
55542
251531
36155
228532
102812
142947
196462
135957
110250
132284
123788
125951
110800
239577
237468
257872
109938
319328
288935
226769
206211
205923
42752
120436
112284
67392
310062
253736
33979
390694
225521
91692
142250
93608
78491
85305
38537
118237
44107
102315
71333
280377
169620
175475
46911
137214
100131
196249
170464
104818
65351
70533
171488
494674
72761
214093
66552
39849
159189
167414
62098
155801
109908
387134
51466
131894
127483
218694
208057
68696
81164
916788
128404
154696
104762
569155
85245
48929
339098
183964
71405
332748
107678
127370
48175
135168
50125
233396
76488
75328
55503
269375
134165
79737
133753
193731
143010
326153
164201
87064
49454
53702
67714
320742
80013
71943
99003
81781
112434
53639
255776
297326
88125
71728
57262
105358
137644
49321
85669
72067
56488
483994
91183
156199
48461
95695
156751
68012
123829
60815
163207
132681
195658
372957
49817
320583
71743
107675
178659
176445
53320
139835
126724
122722
138789
206925
74581
263917
365220
188777
118551
449808
62470
560880
74454
159969
80905
49297
56974
105806
62212
46383
55177
80856
341570
122230
282438
144401
32650
170836
156242
37596
56865
80122
171360
185085
255528
360402
52130
78181
146648
89910
56449
45707
242683
51902
95292
43137
74982
235584
72150
71567
119281
152228
159223
205247
139682
652835
76373
166823
284030
46771
57949
150421
43415
58231
170949
74206
323686
87889
76513
55207
173088
124666
98579
159362
102225
169056
109118
74370
109943
170347
130106
103705
142282
225623
81367
134032
95598
183252
62437
59053
76956
81767
97902
117219
208682
63403
212904
71143
43583
126371
179855
49594
87558
440283
199358
519389
80780
115072
207422
410868
27879
141666
163079
554480
47633
371922
214828
60057
55827
162255
133085
135676
111760
310471
282918
211050
189029
295137
210750
259346
209016
104700
145854
166258
501852
164731
371541
258485
396650
259155
260974
238090
663555
327807
239791
369554
166701
205487
151106
236083
273161
261097
208114
317051
356098
314332
286735
397821
259118
465363
293564
463214
361109
435947
439086
351174
405930
81240
268544
85583
136674
159077
169863
480902
200816
282660
144043
163288
557487
208652
297109
67103
345072
170334
470804
133527
40893
206463
418672
440363
40598
111284
45316
59488
60280
68868
113486
109046
108098
90470
37970
99468
153781
253613
58430
124036
99452
340189
92214
496052
62697
49054
72653
87153
381819
208362
45295
279550
208228
165917
63765
64488
143641
49992
109199
36781
78408
59556
73459
62434
182720
72286
221766
66470
104163
112547
134171
163322
341388
316810
278668
216919
301995
91310
165863
117288
46481
61419
294403
119251
224840
152894
287986
66928
244448
37690
45692
93998
51771
101695
61659
201100
285413
92000
46930
111681
112718
33083
374497
53876
95736
68320
253237
242418
94527
700670
56904
215065
184361
159224
86966
113444
51811
107445
273028
91613
108288
202995
436157
567136
147697
119284
97517
44864
120913
125630
467782
106309
91312
62765
182023
170672
91219
213508
171178
324112
77818
170630
62903
126384
156944
222146
89063
371149
205188
85277
107141
46452
214876
155819
82474
52789
187736
135831
304543
542949
89355
300854
484289
84617
68454
226195
434558
296920
73841
106990
141863
129363
423096
130649
56342
575902
316824
119366
56705
104779
612878
90176
167709
134805
46558
338870
78191
204062
72395
51444
151967
75086
98651
196328
74532
68552
110343
52772
91976
86625
215706
248798
137240
226319
116683
101398
64721
67874
90925
143750
45777
95466
58671
199804
132306
203433
219512
325315
101464
135293
67993
64392
56078
181350
72052
104597
193236
53909
115222
148692
57351
151120
77621
221023
223593
230413
82766
246922
64123
54203
52306
89487
64751
369828
78764
243159
46014
220520
99117
409930
146314
415210
158436
194770
150806
101138
88164
83762
116451
217422
184654
284203
40678
429454
137531
83770
265770
91495
43534
75234
151124
100842
95541
78046
328082
227413
65818
92452
46345
412546
535973
61513
101996
181223
138012
185904
78910
94748
306533
79907
96969
142509
135431
197427
429341
38479
229417
133869
134388
207662
73894
180678
34628
58329
35719
152733
276906
76435
92538
47956
37867
58706
87486
328398
57606
73883
238219
98848
94861
101304
323961
52863
147219
114542
151764
122956
149033
112454
424665
318919
223523
92047
196580
45885
261574
88258
151723
87974
209760
153315
97495
100661
93188
94419
183546
267763
131564
366932
104873
45900
156209
69120
305849
61586
251548
201999
207599
163982
155301
68132
282402
86818
177571
210022
67371
205039
42503
93566
87364
81374
73587
133586
173604
122170
208236
223416
219814
157136
101410
180983
245762
155501
186548
197140
341100
286246
1083848
239024
109571
85145
239910
46188
329018
226316
252996
51246
125756
72746
36477
143919
62327
61294
91435
48893
76591
248959
215158
156879
72872
72494
354036
40171
142124
44850
250231
123445
75720
342150
342468
262058
260416
112737
78600
49885
297252
345028
249707
60533
173061
359461
221671
294509
220949
109892
170770
163730
62328
297398
221245
47159
39160
159538
238733
202791
108070
91887
269760
284224
297655
123415
50270
122418
55232
99899
76205
123924
107352
123363
74314
55907
60846
111462
137663
100434
389365
99309
98466
85481
151431
169337
237810
298186
41316
344576
43944
348813
154893
46431
62035
66295
164003
111444
73791
107969
127452
169236
295964
167296
162501
720094
92784
36906
87817
100856
71402
118269
135943
316926
204103
135550
49670
113377
134418
60315
663073
799977
28385
286652
147523
76150
80742
193039
244495
122258
136910
268547
162071
169620
152646
202492
222724
196943
242067
272381
369378
354035
149330
420004
262439
441135
204540
332245
317537
144239
512513
282811
311178
439443
319967
208821
513983
88649
372613
100309
183730
292133
167297
157634
240733
216024
240687
218727
199428
253349
143756
100573
151704
240857
123270
127085
224083
188342
179966
234296
78936
426669
237485
47421
195081
294805
73529
431841
189565
203930
121814
214583
132500
228487
72907
182534
407044
161808
184815
204070
140245
220867
175858
218213
175223
413933
313156
61899
249154
199150
300410
48537
716291
149670
103677
166948
45920
261379
63072
202417
109259
397252
94235
291694
128964
143249
302510
243146
325578
367661
313467
206247
679641
155698
83549
398662
120547
230950
359063
63687
269168
112285
82090
310481
113271
450569
100538
215494
617151
133144
150521
385506
115913
124031
87435
343638
322622
222012
345608
42861
154620
498176
38701
188001
118889
195889
123020
37811
230450
193583
155528
116354
93031
61099
111347
252317
131169
39102
135472
79736
90484
220959
153633
140765
88337
96990
256548
368484
100394
113794
202351
302651
71808
116844
81883
128691
146584
184814
120786
479973
419628
285218
95883
84723
199657
89014
87327
215315
228050
167116
72987
181678
227564
69336
334056
95543
60770
159868
224381
65837
90789
263964
208742
108474
144339
196570
105280
409774
163589
58962
295068
121975
38459
362833
646987
258322
58673
45149
62217
82747
174235
202642
98257
198661
57889
69460
200441
34548
121325
80099
131336
535225
63931
113857
79829
149150
91807
44536
83430
158392
99464
126247
298866
422648
314816
52660
221404
215855
320694
176388
182219
179923
183707
207582
102632
148943
226500
193070
85266
64941
76862
51218
1430763
1091221
1044502
1014526
827341
261980
695820
615037
580491
194736
354303
398144
407397
327759
305759
232872
281194
280032
212418
175113
175513
717890
430976
251521
345097
64068
393634
118371
213958
72875
161403
127179
98400
80230
200329
37776
193878
47393
229451
400026
281698
132024
182811
212709
337941
43583
248040
301849
200684
234217
71166
42059
304333
379074
158876
593377
243701
474540
282977
153531
1334318
1068634
812940
794048
616261
388306
146235
345262
101875
282700
161729
196479
269819
223674
230848
291226
226777
231051
131710
30848
134005
637338
194865
246813
39996
233793
223030
228088
192256
168342
283837
68147
447125
287549
123959
59952
189637
204652
123181
132038
105595
120701
369897
87989
62373
106868
125609
365024
86300
274430
285098
84549
465727
113360
91835
238594
82256
60307
141519
868609
74103
153254
153968
136669
144159
363439
144088
194380
139528
272250
187982
100852
104582
137851
1226509
1056612
697498
459079
469347
526479
526574
584868
309451
503652
411145
793822
93360
181475
237461
58968
303970
247446
255781
261426
196901
179274
575264
315196
175093
156832
137964
57420
49946
93562
73632
428114
333357
78268
112849
189647
278197
392566
61107
72118
75852
82900
223863
121958
63290
204729
118917
94344
57154
236224
77009
58687
294895
112524
39258
150754
110945
397872
103853
49890
78008
154205
35810
107762
332288
161865
70587
298592
184734
101264
158265
199285
167402
137300
216547
317078
255498
260052
331973
331306
336370
391364
345259
380404
336308
318101
604540
148034
253561
122409
89923
54110
71048
1410171
1326492
94565
1116272
39300
1056288
911412
821283
444974
272401
317937
188040
217982
155397
120170
102908
280800
94606
265589
90078
155251
90153
208351
87102
162824
80794
92031
353322
107937
45358
120275
430049
854349
248875
126774
239712
76761
119359
183118
148571
254998
83494
43586
200320
163741
116731
155824
223382
393956
43663
76786
95090
95496
53788
73087
105243
66694
404582
424192
67666
382370
135637
63666
640944
218759
78164
52951
310019
60522
154638
254584
49458
203364
74158
78977
354604
150831
146430
202331
125803
157587
130138
67907
145540
223952
59350
97246
99422
309584
244485
195634
175626
146808
129919
169558
183004
221679
119002
459151
66658
69536
249326
112718
252984
113750
233712
114725
134283
248292
208469
234793
129053
470174
75944
218652
230510
151033
197636
475277
27330
222702
330735
204252
248069
497949
254435
247068
334950
118020
225375
175873
143928
312147
144879
74344
330630
155250
56838
145444
310522
280226
98298
127305
126338
102003
122961
121491
287181
191696
232673
479783
430919
253497
63729
49659
87817
82350
56260
100690
113416
101340
281660
49820
38541
92799
70272
64492
247608
257681
219035
200661
37872
355622
74366
110927
143290
199875
116194
119174
60899
176845
63691
244091
29807
44344
73594
196067
254330
541215
181006
199781
45280
81844
346073
306813
156796
142424
63380
54763
413260
194637
136570
249174
66837
141166
122578
166471
170926
142862
438865
360281
157003
224073
75190
308078
30326
26897
70137
53115
56413
400640
82527
262916
61296
99501
47011
111915
372861
80136
88107
53667
495796
222637
211854
275898
158815
70207
83525
161615
54078
62808
62107
244386
109616
137487
78513
90981
51916
107665
284404
281543
237031
167814
254448
416643
173199
281632
117338
174383
216173
143094
89999
256498
106574
229121
42690
60066
71788
293887
199835
173838
79696
79883
58106
128530
154646
133188
172946
64543
51954
127971
267333
354472
57139
37288
52460
37867
56376
316795
259232
44690
494059
476071
101324
347848
85401
76987
363936
125795
135765
435244
217759
280702
443101
231177
82324
109927
98872
273561
645437
54757
312589
205559
189344
143375
277374
392214
228697
122026
106335
146926
61500
198437
182063
201153
77341
122739
34314
103869
461866
187852
53663
330187
173935
183362
131869
94815
166377
123907
534379
109822
112790
67379
45798
104626
110545
161541
178843
121908
67092
269080
243618
90903
97585
233508
321108
70995
153819
78586
72984
194023
37833
54979
235507
36109
136489
140215
47292
97877
91775
54308
124690
302628
134290
232837
76754
105514
226508
70690
184256
92051
48724
105450
34753
235977
106004
51281
63913
154573
96621
299614
83790
563814
109473
75175
266140
136937
107418
151943
275604
308979
85740
67725
48561
145701
378153
114839
171550
182791
100223
70628
87318
162935
52636
300917
471220
246062
1059055
1074943
976219
969581
844503
157004
791644
714080
545376
544056
529363
416066
240322
253401
124793
140367
107684
179799
120658
200791
235118
225135
202850
152786
247981
115989
115765
208211
105774
83148
83365
92661
175416
41188
292186
66537
176768
88870
368116
47792
357169
111859
134493
375705
196310
42548
102230
41506
440779
92735
111242
49367
93908
99312
140430
316979
153163
94983
52177
129515
94053
50422
156211
51784
312624
145411
251610
97313
223086
43479
148866
84447
243106
133090
85599
334301
53017
116521
207285
146447
55775
42881
61124
144801
100078
232037
128856
43496
454907
162887
235055
328864
241282
255453
93128
60965
223073
329740
62969
242545
370568
79517
322589
226088
315464
85173
115909
38586
80960
29394
33223
45376
234051
42152
57158
142529
252096
223973
277160
100108
78633
111079
117081
199381
318786
103595
57135
125154
42090
33219
37306
146850
87854
28207
142405
312200
204090
734202
139030
76948
306639
182300
127406
187772
101800
410501
51078
118756
128290
82670
134624
276638
113635
203563
144924
145412
415905
298328
140720
89770
74085
166027
40976
43805
85655
141432
80908
151581
464686
134904
89302
243127
328237
85255
63017
85227
154820
187432
129128
62402
198875
89396
295298
233336
290793
162410
213953
378782
88691
41592
77427
196117
58749
141618
77790
189061
156351
57006
113814
222940
290113
231870
139914
64261
281519
57073
69513
177336
49929
923651
369471
71113
77911
105827
315872
309014
257121
173825
81616
310096
39318
141705
57811
559417
76926
112945
105441
102183
38651
83518
123042
118527
86486
295748
139347
193931
111797
45602
52222
166322
89549
224899
215110
238560
259868
79223
193340
