1486070
1608083
2170430
1536303
2165734
1470722
1852898
1471193
876452
1849138
1883877
2096387
1830625
1044280
963543
1052843
661076
676427
1858617
1341042
3223468
4489353
4593016
4435899
4430958
3863890
4664756
3799897
3588510
3112482
3301656
3460715
5001209
3595364
3448520
3155048
2925596
2810251
5853290
5531517
2960206
3285737
3340777
3423776
4967684
4902981
3630644
3665895
3812579
3850730
3846745
3894959
4219177
3580624
4337230
4400434
4408919
4780330
4665887
4350286
4412362
5409873
5488893
5325292
5943200
5502579
6234766
6443824
6495230
6445357
6733598
6020490
6535431
5390026
5980945
4996869
6262390
5482920
5627566
4838040
5673825
5491031
5590124
6812352
5355224
6148263
5553701
5608890
4786942
4612145
6255842
5503073
5174423
5177863
5056767
4961293
5049520
5062393
4634872
4694863
5226456
5241489
4816911
5343649
5394306
5422475
5512967
5448090
5478500
5440810
5629611
5083671
5003259
4925135
4718226
4548929
4507957
4484440
4660930
4608269
4642911
4508397
4402262
4840917
2644386
4845228
3061125
3635427
5454819
3111977
5184978
4927794
4968496
3844099
3807639
5244183
5146196
3517865
4998237
3271195
4129372
3495498
4509616
3327198
4548082
4843865
3777113
4679284
4271458
4847432
4452145
4717199
4857843
4420810
5702777
5099871
5141315
6221505
5159751
6828756
7388806
7120198
6983991
7092260
6991659
7515475
7007947
6845321
6185889
5925608
5739453
5016155
8085422
4773768
4643606
8782877
9013514
9083309
5655932
9492421
9544378
6822399
6946647
6584576
9971616
9739809
8885238
5896670
9544489
5544219
9577256
5732480
9489724
4646270
9639699
9477486
4826708
9435960
4620978
9487833
5163480
4783323
4707022
10032581
10041126
4994416
5111864
9436293
4385452
9753161
10185373
5024154
5242992
10683114
4051619
10125414
4375187
9913294
4769700
11181876
10771659
4403925
10796220
10683505
2737562
10717503
10716409
3162276
11345896
13378491
14878627
7606816
7733788
7806048
15422462
7975788
7837064
7912878
8022090
8012913
7934748
7942496
7740992
7987829
7733398
16822713
7269589
16992439
7099744
7218265
17024846
6935190
6260207
6328637
6130981
6309846
17192725
5475419
16747527
5170273
17307553
5974317
5699586
5665056
18164736
5570337
5448733
16916747
16827865
16999137
6171796
16924498
6316126
16957363
5685661
16674085
16607427
6256175
6135099
16369680
6152000
16530938
16608131
6655047
6210243
5869304
17224200
5881913
5356649
5248105
5774335
18312886
18077868
18682344
19006484
7338885
17942357
6738616
18124069
6657350
18165225
7274505
18582787
18461341
8061832
17818575
8048414
18034757
8006598
18571163
18851592
8332941
7234617
6872216
6374040
6561069
20132256
6249575
6016999
5786718
21089063
6108797
22182361
6868495
22232683
22412654
22305668
22508222
22568099
22424598
7828940
7876308
8011467
8344884
22664457
22038759
21985642
20498677
9141043
8985328
8640759
21220416
21569737
21479115
21370699
21538417
10093717
23264122
12196859
22869242
40588826
41007026
41561171
41778499
43230870
43036380
43510658
43450241
42806728
41989395
42253110
42369550
40601794
40676661
40824713
40909546
41636290
41303735
41965003
41798902
41950229
41878538
41283039
41112939
40620002
40409587
40548922
40512848
39307065
39116218
38987248
39023161
38841042
39611733
40568774
40949356
41064155
41187887
42081906
41971891
41224233
41240710
41298078
41521070
41035240
41541815
41271085
41392783
42031296
41968399
41935676
42033512
42101043
42531017
42043494
42122206
42618818
42700120
42764210
42599444
42912710
43504764
41158396
41202380
41074936
41336815
40800627
40615350
40461848
40145160
40109144
40133084
40067815
39913896
39920564
39887332
40085075
38932292
39188135
38316592
39340049
39396157
39436584
40101390
38310643
38410039
37852342
37608766
37792685
36786546
36952842
36948414
36792727
36960979
36455712
36309176
35935204
36436926
36488529
36275972
35610831
36109198
34572706
34278262
33947934
34569921
35066137
35387465
35184597
35198048
35182210
35372542
35206059
36277832
36264250
36384595
35844107
35326385
35381068
35416653
36167032
36199087
36369375
36769522
36263501
36721098
36820821
36986991
37063859
37004661
37371290
36776847
35739443
35292735
35219996
35534466
35473357
36595822
36335676
36157978
36189169
35087761
35430656
35601499
35483224
35261493
35229864
35272740
36118398
36190498
36429023
36903773
36500018
36087859
35813940
35697098
35849177
35904054
36262113
35093045
35238936
35335726
35772129
36112310
36030428
36514655
36353143
36402262
36159528
35879504
35911302
36144107
36062819
37304630
37149328
37927954
37599057
37977204
36748920
36713097
37535977
36430745
36788569
36718453
37284693
37159343
38372352
38793710
38373575
38511972
38619373
39753809
39570913
39611979
39615988
38987673
38412612
38974927
40172824
39344922
40021772
40095545
39920963
39212241
38881515
38601380
38309987
38229043
38082431
38275483
38334023
37838897
37970298
38217299
38195605
38972315
38829858
39339044
38864354
39275545
39290263
39561592
39402442
39701927
39869854
39755305
40515360
40756807
40586351
40752263
40798391
41423055
41339134
41487772
41750857
40678454
40560285
40201078
40418725
40414741
39938565
39238326
41425984
41690318
42009135
41981494
41948536
41769946
40875506
39636264
39719272
40003757
40672249
41257137
41542068
41176551
40921045
41356917
41252791
40791365
40240298
39584027
39744480
39410142
39514327
39188743
39152446
39314352
39284946
39080345
39116752
38947384
39217352
38681005
38717687
38323970
38817515
39845191
39804493
39718873
39374661
39329158
38623142
38739572
38168380
36853797
36829246
37512192
37903712
36747344
37699125
37701620
37755796
38886913
39929550
39984942
39729715
39518679
38805941
39720521
39918507
40061750
39973544
40092657
41581987
41858978
42687660
42628412
42826682
42403868
41772121
41287448
41448022
41381866
41366350
41347528
41286455
41212999
41326503
40776845
41334361
42275074
42868365
42889248
42102443
42151359
42985923
42742849
42637836
42232977
42418568
42177617
41895325
42464847
42752832
42796086
43174228
43333296
43501926
43902550
42169724
42288991
41498783
41852861
43425445
43517789
43526986
43777142
43779799
43582037
42754209
42200951
41688801
41803501
41332956
41906111
43405497
43402323
43351021
43294776
43110776
42990342
43346981
43051883
43311790
42663388
43661583
43407564
44172300
43359846
43824250
43540000
43943552
43871945
43406457
42368106
41525737
41417957
41259153
41477452
42033481
42096000
41474936
41759418
42082835
41722565
41791836
42083201
41162026
41436530
41684903
40769517
40689426
40771314
40589045
40803543
40995175
40382961
40177625
39943414
39969310
40193613
38649960
38494014
37710562
37432711
37883758
38990418
39265070
40094491
39894238
39327515
39397468
39158795
38887467
38513927
38577129
38554922
38405200
37273217
36385988
36305486
36624399
36498774
35921447
35849633
35918717
35918703
35828821
35497047
35431836
34797534
34549445
34454675
34203075
34233936
34020666
33841159
33730464
33730450
33862892
34068319
32649342
32981724
32928184
32922264
32959403
33383307
34306248
35564959
35422860
35441128
36166550
35529055
34001951
33911182
34007475
35050055
35086961
35515474
35099742
35287900
36043097
36086642
35446689
35997148
35155149
34903788
35115999
34876203
34900069
35439706
35645154
35632335
36124680
36128749
35998877
36220308
35430868
36637554
36690947
36371860
36260225
36419308
35884552
35444860
35854005
35552949
35576895
36121559
36326641
35818366
35321521
35251964
35504010
35305704
35418857
35723990
36020696
36385681
37214612
37020784
37826898
37719718
37463999
36350913
36820599
36190262
36121988
36056738
36250359
36105293
35945491
36679128
36590829
36408069
35990589
35844727
36629637
37577060
37633252
38637305
38207349
39051857
39182521
39030919
39969144
39914179
39925524
40303130
41146731
41196370
41931689
41915861
42197100
42170002
42047858
41852439
43288439
42932525
42212145
42222487
42318329
42785337
42993137
42478322
42329340
40933791
41073804
40970962
40053086
39936679
40242382
40743716
40655278
40398864
40746886
40309638
41617686
41433137
40640708
40801151
41270594
40950645
41163179
41871928
41067873
42565945
42342711
41957482
41582796
41767835
41784498
41863313
42692902
42348050
42705598
41777025
41957883
42529016
42883158
42212868
42148690
42447293
41995434
43206061
43405830
43989794
43670919
44100400
43899313
44767893
44774348
44714610
44503936
44444983
44063828
43473726
42914743
42963290
42456275
43136017
42700902
42479565
41972313
41991102
42000312
41867697
41522422
41561621
42644560
43737061
43476324
43633028
43819905
43438240
42707987
41976019
41794808
40633197
41876114
41259027
40992976
41419959
41008613
41003514
41408686
41045652
40181355
41519288
40555036
40570147
41454824
41497462
41427723
41344394
39781280
40329970
40380262
41052316
41105773
40424973
40157766
40586637
40464537
40641496
40413214
41733693
41878074
42678493
42590316
42122884
42123072
41632427
41405815
41162383
40381343
41221807
41194435
41170722
40905969
41379292
41210116
40716288
40766652
39460458
39482956
39249443
39320997
39472110
39225133
40027509
39198761
39125362
39613866
40150673
40928825
40585754
40142804
40843097
41007547
41687284
42037776
41321748
41351599
40390996
39549889
38742281
38703597
38681329
39908992
40881676
41590397
42583080
42914068
43777058
43785617
43926128
44512690
43929966
43939209
44389154
43950010
43728252
43891855
44047652
45493893
45505640
44559583
45265703
45689931
47197598
46959752
47063016
47316356
47216757
47750781
47605730
46418120
47068992
46918724
46762370
46311473
47233566
48062677
48807065
48844774
47733461
47647405
47673303
47310199
47964877
47615885
47939602
47887110
47616694
47475859
46319942
46564678
46765281
46852748
46803632
46488784
47061599
47148030
45762823
45869918
45014092
44874775
44832691
44977488
44555522
44455450
44430574
44197445
43604723
43479801
43261624
43709636
43276531
43329062
43834311
44104148
44206748
44051007
44498758
44418484
44072878
44241791
43416094
43659983
43646430
42800814
42319837
42065064
42090970
42042893
41400882
41352445
40383704
40062817
39643623
39111418
38789873
39453176
39972676
40194625
39436826
38254654
37232666
36597945
35336665
35115890
34139267
33858451
33628189
32939630
32841888
34066252
34074341
34700196
35412483
35268414
36025400
35644803
35735769
35678586
33630821
33214248
31621614
31853530
31666817
31354599
31327737
31465918
31505336
31571776
31315947
31818735
32313512
33019959
32091409
31301385
31695802
32049582
32226202
32338657
32426122
31786513
31365351
31513043
31094930
31341598
30736841
30635403
30983619
30688168
30838852
30696291
30287064
30123998
29887575
29942184
29990198
30614947
30346078
30288509
30419746
30415351
30570670
31649812
32170322
32214012
31928148
31964962
31964469
31222793
31247702
31120453
31802965
31573305
31595936
32090588
31981255
32068100
32089444
31745666
33040911
33377789
33673824
33974795
33771304
33524531
33298003
33224321
34205683
34365804
34381948
34878705
35271839
35257399
35557450
34890939
34875808
35389822
35118986
36183992
36205596
37005639
37283817
37577073
38149167
38515614
38777684
40097453
40101864
38799833
38790222
38809924
38283993
38608565
38744007
37924787
38009006
37957592
37970319
37935416
37823507
37828422
37820956
37887253
37845571
37049897
37280476
37133349
36441414
36248200
35408680
34576545
34634160
34441205
33690590
33384699
33143636
33082677
32771862
33044172
32791642
32581162
32493646
32170582
32169206
32744875
32754352
32865722
32916958
33050793
33550497
33896038
34005196
34651540
34768469
34568102
34725337
35019749
35020041
35797149
35730730
35311081
35042014
36044532
36310186
36234315
36392785
36902527
38941058
39223075
38881078
38756324
38658272
38962539
38957873
39413834
39413784
39420897
38226891
37639459
37379783
37098888
36864362
37001732
37965343
38478244
37743769
37771327
38081320
37630728
37483298
38290077
38123620
39043989
38656036
37941748
38071122
36605041
36809813
36077176
36918975
36561764
36042142
35876754
37419873
36043811
36437472
36481241
36762578
36757974
37094445
36896205
36104628
36258721
36208185
36830085
37275010
37326030
39017013
39107342
39250704
39473873
39502313
40176100
41680451
41748018
42465463
42233902
42257684
42229969
42147047
42708771
42286425
42812520
43060208
43011422
43163836
43341167
43847701
44013979
44056075
44032344
44139661
44239653
43980777
43894543
43735981
43895515
43788386
43605728
43255725
43028080
42914203
42827826
43063381
43396885
43357782
42597592
42933812
42452551
42148874
41474478
41018819
41679873
41883015
41137523
38893115
39549917
38508637
38891158
40023334
39504177
39327236
39155792
41828936
42087759
42527552
42411381
42926361
43117947
43077267
42394898
41626924
41448336
41256955
41382962
41494681
41424777
41380825
40635431
40408479
40315832
40522234
41387814
41469722
41805722
41529242
41573417
40424745
41233997
41502900
41436840
40079335
39890003
39573015
39741787
39091849
38836942
38478126
38260716
38466084
38713152
38559479
38120927
37396895
37774182
36284471
36397148
36975671
36720831
37030096
36406475
34765184
35113411
34394951
34573427
35419842
35343783
36029033
35445858
36196227
36511434
36133389
36146136
36481793
36201580
36035552
36294394
36318386
36576177
36438879
36240058
36117065
36094105
36260275
36236752
36390127
36740753
36561016
36135555
36097029
35862472
36815704
36334857
36931604
37040064
37574794
37666349
38054694
37977154
38339520
38832189
39065024
39056781
39069665
38992964
39395395
39133257
37789841
37802558
37640787
37379484
34819682
34491783
34320876
34489560
34494712
34579952
34560031
35310091
35391848
35191644
35748532
35307916
35218207
35826077
36286694
36306283
36367109
35831915
35607769
35109857
35114997
35227021
35502380
36269528
36258853
35693640
35440599
35858804
35961752
36028840
36408021
37021945
37385652
37541025
37646022
37749815
38276898
38101469
38498269
38435151
38203177
38169916
38490248
38843941
38336960
38911179
38801572
39253128
39116883
39843731
39941353
39713389
39034602
39262428
39205748
39395942
39977835
39517961
39935418
40135556
39714633
39735806
39558732
39644811
40275841
39939008
40375198
40286573
40750014
40835722
41837238
41781064
42775164
41981349
42626276
42685513
43564088
43265723
42152240
42636420
42091146
43327347
42169169
42064803
41522460
41123595
41686802
41181001
41191287
42065885
42347188
42463428
42302732
42265434
42197734
42722103
42772912
43073800
43141866
43184108
42982857
43031194
43330842
45039374
45146732
44529387
44741559
44789824
44499220
44626996
44269418
43915897
43491721
43513110
43534544
43290510
43390185
43588785
45614060
45929488
45646480
44983386
45414576
45841146
46090599
45621748
45597850
45846399
45513812
44784344
44520246
44926013
45198553
46828319
46342871
45880640
45663748
45666919
46051671
45843639
45446610
44714447
44839235
44474473
45703996
45112203
46154242
45355969
45291942
45709330
45867990
46393743
46242588
46866100
45701446
45401110
44818664
44554927
44757110
44600436
46192940
45912381
45431667
45617587
45139634
44936174
45162599
45067911
43746713
43748814
42132675
42346117
41808146
42983680
42195782
42985463
43599862
42954330
43212266
43116656
42941315
43141471
43174230
44639806
44000179
44002687
43768973
43154013
42739702
42015903
42886173
42909122
43083773
42425879
42421713
42016984
42954783
42933369
42822897
42736342
41841670
40270330
40339523
40843153
40584272
40480177
41092730
41042760
41443712
41535713
41186795
41681880
41889089
41855739
41672239
41442036
39346938
38691774
38863551
38538636
38852421
38643004
38523937
38425012
39304898
39264924
39125637
39473476
39456458
38629967
38064286
37296679
37241323
37255743
37142102
37055908
36626472
36412680
36513251
36428622
36367015
36228059
34969396
35091600
34557142
34290714
34226265
33802719
33575587
32830270
32638754
32570114
32504747
32320573
32852063
32913819
32847472
33273653
34122797
34019846
35061586
34860287
34997487
34749756
34238083
34201863
34503178
35114696
35355533
35681899
36235149
35568218
35414173
35171833
34787975
35491298
36325598
36224610
37208578
37869759
38339431
36699516
36721691
36573508
36825672
36982640
37878059
37703798
36767340
37103340
37062614
36962340
36994477
37100909
36944450
36978637
36912958
36833040
36940223
36661000
36867695
36548261
36325740
36402439
35640307
35759838
35519145
35396787
35639578
35209633
35406915
35709107
35672818
35408389
35167012
35068578
34876937
35095328
34355123
33888930
34763703
35080159
34021512
34202998
34393656
34362277
34638480
34756990
34862692
33960336
34140682
34753283
34745522
35144829
35971962
35919105
36369622
36549636
36264122
36247686
36134911
37327697
37163825
38102169
38943602
39121663
39299546
40048868
40416149
39985657
40950229
40911301
40725475
41122822
41945770
42382656
39776500
41224828
40387726
40659517
41196286
41233664
41067928
40979074
40823838
40139152
39915575
39417229
39498876
39147854
39350148
38803420
38876841
38247775
37100451
37651748
36363841
35523015
35656633
35610958
35285487
35301423
34746113
34370493
34169418
34421528
34916714
34493426
34472938
34898421
35387134
35248737
34657007
34671980
34751583
35359728
35923643
35786079
35525393
35312299
35254710
35197717
36009322
36690234
36596421
37418681
37354258
37311682
36832089
36616913
37328166
38680375
38746176
38882757
38997681
38989105
39374978
39647568
39028556
38840065
38724654
38306757
38092927
38250935
38345247
38340285
38349049
38275705
38171632
38153088
38179036
37777980
37164198
37298651
37223661
37104162
37179028
37956747
38209956
37165001
37393037
36559201
36541462
36417878
36148853
35511244
34875727
34791990
33902550
34075889
34472221
34106612
33238525
32827175
32829587
32013048
33394553
33167805
32645650
33474132
33464740
34084660
34246705
34618421
35334351
36711478
35996118
35894062
35840541
36817165
36237645
36376853
36461653
35901868
35908575
36372363
36217363
36883445
36880513
37100617
36960776
36887778
36222564
36102354
35509119
35674318
36399668
36094403
36888713
38216497
39088071
40676892
40952213
40377231
39878655
40133547
40457497
40793464
40864590
41425219
40574998
39682679
39971200
39009096
39195790
39527069
39729078
39730124
39515021
38137236
38259621
38572868
38517977
38794226
38304499
38312434
37971227
37893618
38370740
38502286
38905735
38358552
38220718
38311966
39322964
40186315
40302903
40005551
40103303
40778807
40915528
41041316
40780478
40972512
41326321
40759779
40749799
41495019
41394501
42638050
42266858
42243172
42627057
42823881
42886817
42463929
42778591
42778870
42045017
42690253
42608764
42625361
42613816
42050473
41575613
41670774
41817154
41942023
42165208
42036861
42381756
42444920
41747030
40611008
40570077
40543345
42469592
41506527
41576570
41302120
41901177
42667569
42881940
42287910
42777845
42208621
43335495
43231843
44053080
44323647
44303794
45215144
45122932
45030532
44741081
45002357
44019527
43104992
41879201
41208543
41507922
42040170
42124994
42443574
42587019
42410025
42515769
42355135
42398201
42820594
42476249
42614338
42679699
42743248
43221665
43531492
43128563
43604492
43627205
43408570
43046561
43059738
43472283
43191334
43474765
44434249
44078085
43848374
43443555
43631213
43231888
43249821
42649159
42010417
41897955
41674258
41528119
40828808
40658009
41421088
41187316
41451503
41340777
41233379
41109798
40817272
40311585
39073170
40433564
40681796
40315635
41022932
41361061
41809693
42114103
42285199
42407354
42102380
42507140
41996972
42418085
42627757
41630743
41698129
41896265
40888575
41044459
41257836
40762262
40702953
40657200
40363844
40464041
41173690
39740587
40735628
40900960
41076588
40520178
40417796
40808563
42162767
41155559
41207540
40470392
40840586
40731902
40891379
41257238
40069592
40073684
40756957
40282601
40081711
40148659
40815210
41073118
40191960
39663554
39388605
39319032
38808914
38447602
38392880
38213915
38171792
39320154
39267567
39838187
39929414
40060176
40088945
40099890
39495219
39397405
39517449
39794395
39958599
40027874
39874570
40059519
40266434
39919172
39247981
39588236
39882491
40815185
40693331
41061333
40795678
40437110
40155824
39714535
40230587
40841262
41100142
40946578
40160164
41185264
40749164
40824932
40783563
40678069
40283345
41224326
41736811
40451257
40351854
40324617
39495523
39321777
39007650
39098516
39309588
39196337
38943916
38678019
38766836
38457730
39090587
39149054
39238250
38930673
39232050
39216923
39464835
39338386
39465693
39363290
39334850
39150266
38788969
38429514
38244800
38021107
37911369
38082577
37670337
37574335
36580985
36888135
37388662
37858311
37130828
36597316
36736537
36773707
37152085
37272205
36536506
36486902
36258190
35827309
34950206
34557379
34986580
35171502
35644097
35506085
35890848
36058689
36113961
36460477
36636102
35592251
35293429
34764424
34465134
34675072
35351698
35067156
35114838
35106772
35026791
34600770
34907525
35357961
35421358
35608687
35285942
35481522
35535762
34955594
35053898
34456744
35878724
35552907
35560390
35441761
35844975
35717973
35244364
34610279
34596817
