1738849
2017551
2102452
2096842
1783391
2269038
2396223
2480415
2114617
2702795
2927891
2808125
2761621
2191929
2274744
2293825
2584330
2391704
2607100
3621269
2972426
3451598
3395255
3430182
3683633
4925554
3460578
4967628
2098003
5062233
4997419
2348497
1142146
4133333
1297034
1077230
4218070
1025639
3744524
3932753
4291688
1212634
4427109
1040766
4480713
1006469
855800
4488965
775429
4458145
863599
4142087
1059076
4292018
1232451
4416804
1280474
4173447
1365174
1166336
4455768
613594
4543444
792304
4786031
4951428
5067934
5232105
414386
5140316
605019
5004761
643191
4797430
4482687
4643292
3934687
279322
3551358
3220262
340855
584571
3126043
3158315
234240
2656168
2321563
2373513
1743957
308231
292257
380128
252599
677773
499953
557381
483584
472281
455359
724841
750818
944381
147182
1082224
1307622
505159
260021
1554027
634285
149808
181259
261889
228589
238584
437349
360166
872581
385722
738786
104857
833137
976179
223973
1085304
709659
379543
398427
757017
699916
476512
222715
489448
563568
490307
124261
172487
718037
967711
721314
629863
322528
513555
115737
843142
411303
599189
623755
355348
404211
405062
579273
643705
682660
249871
227542
368236
253996
285109
420545
239125
350460
312815
409892
264845
539309
610141
120711
860847
374088
699892
462730
3854764
2912654
4727180
4788790
3273122
3205151
3118679
3168040
5599373
3204756
5531858
5191172
5116762
4811350
4053810
3525525
3564139
3599762
3620076
3777644
3079585
3323887
4215145
3289308
3070715
3132641
3033746
2727621
3175021
2429829
2648333
1356821
1303586
1356600
1256612
1261520
3463778
1253675
2477606
2357990
729123
417392
350477
2250555
2099391
550365
1813491
778476
1821418
607677
1524810
1643686
912549
617149
954375
356230
1156333
275520
1324778
1059635
825731
279434
383209
506455
299053
1640468
1697094
151518
134909
358412
232470
158128
188643
105879
268697
645578
293112
337571
365529
437777
607315
1100173
568634
743435
753361
646080
666024
874592
773382
918874
765560
101031
2856110
2941173
2558431
631608
2846364
1050145
867468
692250
659362
643012
3612561
841612
108422
4015409
4241446
208459
3083345
2958424
2599622
2716691
606336
2493832
2051064
527889
1969722
2106216
2382978
2563857
2620986
1296810
2615387
2465850
2647613
1501093
2635382
2738573
2900773
1578388
2559429
2095183
1650843
618254
2104691
790507
569406
381229
489981
145051
2947969
323384
366157
276560
346330
3316195
1749067
1650438
338572
15054
15136
2299856
2598619
3201416
767405
4669105
2336556
5492577
3600417
5997383
6166051
4771776
4454917
6092198
5036036
5510909
5168064
5189539
5325071
4702466
5881954
5259496
5293669
6034790
6329519
5784365
6540943
6787768
5868643
7204022
6356740
6931641
7425957
7785334
8262650
8123119
8179272
8110682
8579881
8663253
8266782
7944152
7882310
7613144
7487461
7545796
7329860
7463505
7599563
7596374
7634658
7578420
7323364
6477771
5184874
4992773
4787683
4597412
4765654
3611270
3698237
3837750
3841006
3930914
4329700
2444256
1902385
2251339
2241519
16764422
3871246
17683374
5420339
19126423
19694470
19765616
6632691
47663314
47323614
47228304
47228089
33931029
33842170
46825394
34016078
47636293
47238797
46988589
35238933
34706845
34854130
35436924
35728835
48861612
48440044
35198479
48806186
48779103
48796824
48837921
35617352
48875027
35089731
35445312
48396828
35592663
48579004
48970143
49061279
49082055
48204259
36917225
47850686
48050884
36861960
48074138
47526673
47357359
37056069
36044523
47689317
36272194
48246195
37040721
37622042
49350004
37633706
37874254
49203491
48750318
48361762
48413906
48386465
47822761
47043579
38810042
47213763
46543861
38876674
46575702
46754111
39678211
39785364
39347426
39162038
47535267
38498496
47423911
47137633
38226135
47076671
37780513
47182961
37953636
46536025
37929504
37752948
47689732
38907011
48230512
38343039
38332041
38056887
47843355
37648638
37511801
47973367
48396652
48341905
48460618
48523302
48150103
39511204
47821441
47128024
39821947
47764960
41118815
47904562
47652428
47687015
47751919
47830060
47610019
42660604
45542608
45410756
42932888
42553691
41970392
41907562
41458860
45960687
46210901
41865079
40894245
40494102
46589466
40157849
40640471
47330113
40891601
47407587
42078887
41410369
40937601
48262898
39905908
47938878
47674237
47716153
41063537
40675504
40677195
48286978
48515757
47919515
48094447
41377773
41374388
39511385
38939969
48857914
47895173
48086611
38885038
38647738
38593061
47875420
47651310
38917860
47739267
47853371
48099338
48368188
48079360
47814972
48373273
40538400
48625906
41570804
41449047
48874350
48811034
41829974
48843385
41254071
48904920
41404363
41151528
40949261
50264745
50050381
41398252
50195848
40910021
41079217
50869037
41402410
41875512
41470565
41179177
41165746
50281640
50620838
42183313
50187576
50105397
42300065
49553689
42395072
50139050
42904681
50631181
42263082
51097642
50859068
42954412
50630790
49046541
43033978
42652768
42153287
48917777
49350775
41960494
41646779
41290317
48882484
41078163
48610972
40551710
39247898
38794787
48688342
38987913
39072803
49428039
49288728
39417940
49323172
49088906
39317701
38566150
49842578
39041832
38701293
37677787
37728682
36931370
50548667
36667379
36634289
50729714
36695400
36547619
50962087
51372752
37373413
50789959
37381279
37461268
51252283
51380246
49512319
37420055
49592375
49159448
37782097
49294577
49221451
37359198
37359081
37278312
50117400
49812095
37803790
38250494
50238138
49897290
38282241
36273891
35981217
34708405
33207289
32801274
50234047
32627845
50188087
49912022
49856119
32612183
32658698
49802705
32732161
32559130
32597796
50322485
32746742
32859327
50972513
51059308
32758731
32835272
31669798
51924284
31720287
51666999
31828392
51479868
32327811
50927101
31267804
50349905
31768735
31906777
51046719
50947591
31021697
51118202
31134243
31552167
51700547
31400578
30804542
30886217
51988412
52385667
31747480
52231332
31582073
52327098
52752747
52368450
51607207
51461961
51741584
31527042
51999612
51931711
51849925
50617237
30795178
31857014
31621790
31544815
31353295
52180373
51773723
51403012
32116207
50570249
50514994
50395963
32682094
31509763
31503876
31319031
31150440
51553021
51463322
31363094
51708735
31488548
52298733
51847498
51552941
33039204
33130788
32043872
31677872
31851294
31200829
30885471
52397909
52282876
30306039
29998157
30006326
52592035
30168922
29798339
29812964
29831987
29738662
53529075
53417483
30284121
30771090
54344290
54602381
32184366
54507365
54195430
53593741
32225150
32196115
52549440
31409180
30704973
30921385
52656046
51767723
30966509
51203470
30991127
31248863
52010064
31484571
52255358
32432092
32288354
32503522
32487310
52699940
52514564
52487519
52778992
52644462
53042137
34603697
33380315
52741090
52410788
52413353
52407610
52220553
52037744
34145616
52560312
52811513
52769284
52383649
52185463
35195939
34745622
34429461
51967982
51856798
51985326
34510743
51996199
34555362
50447355
50652020
34935417
50547016
50899403
49625005
49120621
49072195
49132317
36198313
49193448
35762165
48667742
48257576
47441639
47407537
36058010
47710049
47963985
47545567
36532807
47197236
36708437
36859497
47682107
47602186
37627595
47259697
47412865
47434201
38930338
47352597
47609460
46715958
39585969
39611247
39663328
39825900
39856409
47360951
39760578
40066013
47884313
40429956
48133341
47783644
47663194
40125912
47801964
40502116
40670940
47836385
48026097
48756912
48651507
42048422
49064617
49265085
42502137
42106878
48951107
42126226
41738625
41753086
49541011
41904486
41795453
41394128
41311056
41579556
41700978
49433066
40905929
49416261
40897754
39895109
39575040
38499831
38290291
49657620
38396771
50064075
38324592
37510553
50330784
50852006
37782283
50912365
37943669
37937337
50481968
49670003
38247707
49649780
38063172
49265984
37878355
49375083
49370825
48880037
48727142
47937788
47917905
47771122
38441139
47333905
37104999
46847701
46575710
46808975
46727124
37783785
37699476
46470390
38011542
37818364
37948575
46952208
46944829
37919027
37864721
38288230
37972587
37783649
37888765
47935228
47732585
47629334
47412402
47410245
47540601
39181647
46188403
46840521
40080124
46899473
40342189
47137998
39924778
46871623
39453042
47132684
38313760
45888662
37785388
45749921
45582876
38129882
45088657
39188565
39206157
45754525
39779216
46285033
45245377
45507045
39972895
45125887
44227919
44287437
40523071
40067636
43478127
39768620
39030893
43600013
42874614
39465764
43056331
43197838
42861968
39830154
40074967
42973773
39437475
43141210
38897475
37928100
43658035
42785519
42155263
36754506
41029020
36717792
36871859
41336543
36172593
36187841
41425501
35603625
33581550
33895045
33483519
41581914
32702261
41120007
41121866
33029386
41231330
33149176
32647337
31730301
31108695
30940342
30876101
30957648
42626573
30578848
30583987
43070371
31064712
44071183
44149853
31014437
30301197
44267140
43576773
43560675
43563387
43561574
30523804
30540111
43798171
29314061
28611369
43472325
28234223
43321921
43022013
42929560
42722059
42577787
42401157
41517396
41505748
41486340
28971325
29198360
42223182
42091204
29656776
29370796
29508373
42677535
29459623
42519787
42575812
29779517
29550822
42913837
42889568
29850817
29843900
29511226
29705852
29642955
43718747
30103056
43951491
30170748
43925283
43790077
30417452
30075710
30182796
43487622
29331268
29139271
43626123
43326856
29502375
29832879
29679106
29155769
28584827
43812332
43866730
44089746
29318738
28556418
43973170
28714652
44274659
42988112
42359194
41879415
29096268
42013756
42445507
30167153
30050707
29924409
30387515
30091502
30104919
43126739
30194864
43131479
30104072
43276107
42638630
29334797
28401832
28257020
43415966
42899085
28938051
28869995
43100128
42489244
42006549
29082530
29332121
29301950
41648297
41867733
40781005
40443547
28992495
40606826
29234391
28459056
27690163
27500421
41684530
41478682
41070706
28785697
41391522
41561218
29499069
41890807
29772712
29617497
29070593
28734788
42769055
28954129
42427252
28957176
42749993
42845963
42914272
29153994
29382990
44005700
30065504
44420758
44466586
44342240
30884517
30519696
30583206
30908948
45348348
31363324
45033147
44995705
31178836
45128789
31621087
44844168
44814821
31862772
32334858
32280447
45251429
32269577
31990604
31845467
45578449
45883339
32575757
32821554
46595364
46550344
46419274
33028869
32899422
33015229
31901682
46077833
31833385
32116530
46028957
45948466
31873504
46275650
46617704
32713099
46644801
32428945
32572030
48471611
48736847
34791674
33950884
49286018
49490131
35164783
34691170
49085822
34705279
48589112
34655709
49047989
35479274
35206346
35469858
35236136
35369325
50454127
50348505
35758475
50631728
50437950
50090100
35524395
49793647
35767594
35406708
50349086
50338456
36096147
50709276
50958438
50263807
49894475
36694786
50029941
50198447
37482226
50742119
38167654
51129427
51387612
51210084
39127374
51182923
51031201
50904349
39609946
39474371
39452262
51962425
51106926
50837115
49986203
42221754
42185174
42193436
51847322
51764587
41996830
51782067
51616313
42173020
51720218
42154548
42732446
41693873
53251920
53618290
42788907
53603331
53635419
53659441
42923077
42685988
42875296
43050119
43321405
55044103
55183413
55665235
55712732
44134324
55836431
43634108
55962894
56190042
55184847
55201018
55013556
44644422
54989981
44460721
44240555
55987971
55723109
55688587
44741907
54853105
44770697
54492479
44808204
55778840
55888824
55515226
46198133
45898628
46048589
45863698
45840857
56306404
56452746
55220854
55152567
45889206
54968674
45672799
44895320
55656018
44958509
55997360
55990896
55845197
55683182
56097401
55474223
54207992
54104558
54201117
54176694
46858339
46948108
53531307
53400461
53011488
47408188
46752880
46462378
46038109
45686114
45173796
53874809
44689382
54149934
45837458
45873057
54461767
45642834
45692802
45444915
55100986
45097156
44810697
44113874
55867716
55866662
56187769
54738358
54789648
54813567
54419873
45622766
45567460
45398096
45465174
44932126
55128502
54417849
46446214
54770143
54656337
46375469
54425088
46455808
54965991
47009300
47251492
55685773
54926908
48417606
55405570
48334135
47832977
55748114
47080114
47098937
47056353
44945125
56220664
44976679
43490813
55346564
55165774
55165043
43576270
54983934
43766943
55128957
43912525
43070820
55301009
53759431
43249855
43320903
43349958
54184835
53741374
43261430
53214795
43257280
42770070
53554835
53696478
43137955
43562094
43011589
42033357
54475418
41298636
54724900
54976851
54078000
41892558
53900137
53843895
41181270
52728014
41463041
41203074
40808902
37998711
53096782
52404276
52236970
38776677
52344368
39459477
38983542
38866073
38823542
53189095
52908334
51244621
51110505
38307981
38345731
51034362
37408999
37232305
51485454
52174221
38004343
37736939
52485059
37849209
37591170
36458828
52108253
51847848
36388100
51723487
35734537
35753467
51650700
35385914
51946557
52073257
35510374
35088476
51991777
35265799
33607546
33256412
52594730
33125433
33162643
52268389
33400431
33060497
31882171
31761085
31192297
29303208
29492306
29057761
52885421
52266801
53122304
30075907
52702334
52754284
30303896
30475068
30410622
30321101
30214108
29088308
53478158
52084985
29310318
51973935
29660624
51750106
51544197
49855316
49933072
30457785
50609183
50573597
30625595
30595204
30604630
50665738
30349168
28571166
49102516
48418996
48007933
48081465
48055656
46670054
46539357
46200422
46148948
29075617
45900602
29392034
29574695
46309102
29447526
46425727
47061019
46953036
46841914
46521209
28885327
28507706
46333075
46398280
29712328
46827052
46694248
46664410
29531919
29857494
46732138
46588352
29282464
46689736
45547064
46056452
30344135
30277575
30183952
30116421
46984003
30245061
30285705
47368227
46942995
30538175
46229226
30749492
30601524
30421190
46345700
30561259
46665861
46833951
31069987
47753201
47482678
47564847
47661337
32357639
32165853
31860233
47677692
32094321
31725668
31644819
47675695
31283786
30931268
47924283
31127495
30956975
48042566
48224930
48405640
47881113
31792722
47361928
30409003
30026181
46619738
46025667
29782030
29830049
29645046
45624126
30092123
45729103
45324602
29916713
29470144
29272933
46149591
29400578
46180541
29558589
29116227
47294449
29432309
29436356
47663091
46581345
29549905
28435599
46530772
28653750
28431124
46017857
46368885
46031370
45332813
44557412
44384068
43493351
29727798
43360221
30068660
43369237
30442727
30241934
43451367
30280901
43538819
43590012
43782584
31164885
44087075
44704142
44781818
31669707
31612346
31170341
44425721
44775826
44866125
44591014
32427721
44814196
43935929
43114268
33227640
43138076
33686631
43837325
34766514
34667663
34618392
45336635
45106575
35306401
35572474
44851020
44541548
36535906
45116077
45005750
36595202
36294146
44028735
43061030
36871251
36763046
36580976
36508307
44558253
36843483
36961811
45039820
36745592
36955616
45648249
45724412
37752248
45628468
37573711
45220079
44964458
44724108
36683931
36485669
36651693
36650692
36583208
45435213
45060027
44888516
36954650
36215252
44921319
44783172
44253365
36459785
36573162
36540961
44163509
44025157
42933823
35579644
35799797
43341657
42508813
42347671
42285929
41811389
35061194
42222569
34788992
34444087
33833915
42536250
33105349
43197591
33624049
43224801
43222082
34171200
43458128
34148405
33969523
33905069
42895364
33898655
33822360
43492103
33841565
33886079
43546465
33550983
33613482
44330340
32340211
32417645
44828455
32590282
44937383
45431743
45473784
33348270
33356763
45932073
33590375
46294024
46327474
34078995
34686176
34741940
35119741
34207554
34196301
34708053
48745606
34660405
34572157
49130153
34682744
48856901
34731740
34486774
49432791
48831818
49033322
48979148
49029084
34619399
48181722
48093505
34646423
47609645
34496911
47464793
47445762
46230119
34840885
34942081
34434282
47269418
47336886
47516677
35252727
36692293
36746651
49120561
36977660
48202032
48003448
37174619
47984878
36267671
48429022
36217641
36471936
36383789
48843893
48565987
48789093
37244848
48291349
48070915
48423459
48186097
48020120
37345522
47875337
36810140
48160814
48122187
37276604
37602425
48327444
48506407
36970400
48514682
36066840
48529142
35592478
34739652
49288613
49879460
50177452
49826436
36866567
49734753
48665799
48972679
38437582
37951297
37830968
37226156
49649808
37104652
37249941
37063407
36477450
36459660
50955846
50935629
37015630
51430465
37427967
51238467
37730352
37767351
37674102
37294834
37133993
36847908
52790265
53028293
37506917
53419376
37874157
37910098
38426119
38511128
38689617
55259457
55225278
55584256
39003652
38645222
55500768
38711016
55469681
38871071
55226137
55521811
55621597
55175677
54517302
39340923
38944243
54125264
38777618
38624433
38337718
54627963
55474579
40216466
39627204
38833075
55675838
38907716
55645275
39185980
56030365
39523452
39215021
39036553
55881613
55422756
55329882
39432834
55476847
55111402
39626439
39515800
38916083
53560846
38889941
38896972
54035588
53648225
53466202
39616395
53732744
38815084
38782788
53935722
39303766
38553381
37801680
54861594
38396077
55161385
54007376
38822058
39049145
39319181
38813484
54332929
38510499
38532372
54197539
53991527
39104426
53933293
53715349
39064773
53928876
54058094
39346441
53727156
53759138
38931137
38814803
39235311
38711864
38367300
38627209
54861687
37757532
54897296
36645943
55282983
55532632
54891588
37060355
55095988
55184325
54792331
37042865
54941348
37137615
37087225
55737121
56003915
55929844
55470997
37488842
54857318
37441254
37855774
55067231
37084114
55291926
56046183
37194729
36592044
55887343
36370667
56037519
36251151
35541017
35469614
35855598
35654519
33355213
56129131
56062246
55289093
54802032
32302547
32418324
55639820
55048735
33027571
55265615
33018138
54973943
32820470
32746564
32480715
32234057
55178473
33110385
56293083
33252115
32505118
31954175
31793580
31722186
31022282
32058463
32546462
32686553
56993221
32178744
32303901
57218372
57124408
56340855
32603335
56309929
56112645
32216669
32343963
31836378
31916871
56983485
31844358
31428944
30834210
57213080
57179980
30878365
31052637
57695950
31109284
57984947
31692663
58275793
58333849
58028320
29638027
57170017
30111868
30131237
30460139
30246008
30000524
58251839
58211665
56075019
55934703
30775495
56403340
31208280
56414667
30714196
30451975
56055287
55030680
54974366
30771088
30801470
30642578
54894159
54840548
31025492
30128620
54995343
29948068
54682710
30062379
29354471
29558401
29539148
28978352
28508681
28384669
56144250
56073353
28689787
56282292
28977866
29208639
29459603
56293137
28644336
56018877
28177644
55611641
27571542
55650410
27946934
55496850
56107867
29392486
29390528
29251533
56503764
29456262
55974800
29367367
29533806
55821479
55750978
55895702
55765921
55541084
53762186
52379389
29781176
52921163
29918038
29440316
52477805
51914173
29896704
29538301
51201695
29292711
51107568
28803481
28402409
28511105
51520960
50055206
28510921
28477454
28667025
51234620
28496619
28761170
28743748
51471944
51126342
50882138
28956679
50944254
51094576
29633224
29927692
51322772
29504707
51789190
29661396
29331176
52323773
52524343
29248892
29208047
51946085
50822120
50457044
50227368
50049358
30574783
30521159
30936140
30829060
30186173
51742715
51728449
52083642
31125641
31121543
51993495
31189827
31589599
31606307
30886216
30665223
53911305
53925952
30871064
53480498
53993255
31600369
54701735
33113117
54925780
55023440
33514610
33557412
55053855
33550714
54727359
54366139
33344855
53607956
53041221
53300151
53224985
34155614
53183913
34715950
34721168
34719269
53974690
34969115
53906415
34730833
34618959
34117422
53862216
53857002
52774094
34317182
34030054
34089509
33835502
53566552
33881860
33766973
33065826
32676189
32744254
53556743
53468895
33002907
54018024
53860436
54307742
54492111
54760939
54207438
54026980
34968967
54082853
54033871
53633669
52807223
35290510
52570410
35899103
35557135
35664291
35586855
36027665
36216768
54381641
36899842
54418289
54252570
37472776
37174956
36974986
37009847
36456564
54323973
36494780
36193867
54490604
36376545
36376246
36461407
36419014
36032341
54925449
55089500
54112457
34955341
54399028
34694566
54369445
34948231
54392597
54034608
52651822
49562263
35421524
35473112
35567068
35078429
50232769
50212585
34841650
50200625
34978223
34529056
34504418
34281064
50934461
51060413
34644706
50526146
34549734
34359491
50424578
32980384
50563663
33224833
32748926
32856774
32687320
50590833
33017522
50550316
32536598
50361617
32241332
50651779
50598471
50725419
49519169
49361663
49995001
33548949
50261761
49592549
49763248
33776848
33314975
49639850
33171936
32950149
50240835
33637451
50689443
50384379
50108649
49933999
49804905
48342193
48374554
48082897
47734593
47851315
47946918
47709114
34122183
34107926
34027116
48329181
47736251
33740450
33615810
32703511
46809176
46684033
46197859
33144179
33388971
46959111
47039205
46851492
46696212
46826610
33894640
33920125
33782422
47570401
33606650
32779402
47251194
32035243
47200482
47586049
30971756
30036951
29915625
29964164
29835775
29277582
28678266
47802543
28827354
28784744
47952651
28484320
47674880
28963418
28990933
47565582
46402812
29269426
28699197
28585810
46237765
28755654
46278954
46232596
28851471
46092714
29199430
46216876
45872061
29784117
46194191
45947439
45879352
45451232
31021363
45744992
31280196
45963464
45956198
45822083
44025128
44122279
43760027
32639390
44142286
32409137
30092619
42043872
41900125
29870666
41991667
29330219
29021519
42117582
41654316
30140303
30031105
29477120
40804356
40305555
29710831
39686702
28979394
28522984
28931336
29291385
29064888
29084564
28962940
29046804
28604075
28925691
29064706
42069701
29220581
42028618
41869817
41907208
41461961
41424147
41973996
41556331
31016938
30693861
30698590
30428586
41981400
41793929
41894892
30043229
42699727
41560287
41334971
41886286
32465502
32077768
31979895
31722265
31742431
31374736
31499212
42927637
43219857
42738967
32146941
32062295
32110589
32060266
43604034
32861780
43907378
43692972
32664647
32650357
43649548
32605594
32507185
43852411
32640250
32939698
44580955
44622041
32637472
44755643
31247228
44935137
42812528
42446072
32163276
32239975
32043771
43166902
32818059
43346285
33196722
43502503
43468023
32064327
32040474
32100043
43948775
32567736
44897126
32662795
44776113
44878214
33040228
32689703
45051717
32512250
31644634
31542390
31251341
31309933
31168987
31165864
30753958
46078141
46394733
31318661
31827429
47126651
31720754
45892322
32084506
46272795
32071312
32031075
31874672
31795892
31713219
31105639
31035893
30823243
31208708
31115795
31124574
30819027
30272943
47520348
29836312
28818198
47275975
28693553
27611799
47818300
27671052
27746270
27782054
27919577
48502667
28628556
48966377
28021874
49177446
28463090
48852360
48780437
48861349
29362588
48777269
48945444
29388805
29229243
49021661
48852599
48851097
48112092
48054696
48366795
48290085
48495916
47789940
30459012
30344625
47695533
29947335
30548710
48689564
30756337
30801998
49052734
30918089
31625423
49720455
50358637
50560239
32184630
31977041
31977514
30249393
51565972
51414771
50964057
31048476
51092704
50918660
31002096
50797660
31164448
30806777
50301248
50292415
28342122
28391666
28698921
28595803
50800875
28834157
28934530
51067768
28879370
51054459
28340939
28369633
28224642
51153110
28602249
27681643
51893198
51840751
28325627
28492474
28375802
52206335
28856411
52902074
28871772
52178525
52023828
51922971
51549166
50500935
29449478
29442616
50823270
50327606
50079041
29904058
28673419
28647535
50649475
28889753
50674709
50438689
28417790
27800210
50988527
27380869
27576923
51545370
51962055
28382849
27487562
27437616
52604563
51881778
27652230
27825575
52216887
52369709
28478384
53238960
29123011
29149963
53101697
29546906
29382323
29405178
53299628
53138957
52995253
30132720
29904402
29134893
29038412
29687958
55121969
55088804
29525538
29280691
29418906
29420707
55818054
29897895
29881854
55480173
30353588
30403459
30317712
30218999
56096131
56368069
30659402
30499108
30727483
56742593
56056577
55733126
31075547
55698222
55918013
55503986
53172633
31504470
31441633
31467347
53681144
31057050
31098135
53950738
31132314
31035500
30879505
30227828
29690939
54474915
54732515
54830631
30116397
54618674
54005776
29669898
29283849
29398597
28250715
54064267
28809946
55092872
29135560
28671684
28571344
55417343
29053607
55328786
55421010
55594843
29364678
55780436
54164704
29908860
54026822
29018536
53982849
53128237
52502034
52701325
29605479
29654300
29573674
28789556
28641653
28744516
53530465
29094251
29207760
53905870
29351252
53271858
29618758
54798899
30513052
54678648
30340853
54729207
30698959
30565997
30597047
54926507
54867657
30671768
54170678
30673019
53302165
53813330
31546997
31695261
53626778
31103849
53492510
52558106
52439991
31895560
31888331
52515963
53078541
32295066
32113664
31219314
31689020
31092179
53379414
53318572
31720341
52574785
32015234
32472076
53660959
53409816
32686617
52106825
32670013
32623704
53181539
33304128
32008238
52785753
32129399
51862888
32330122
51790227
32276227
32110692
51883035
31776962
31187592
52035296
31199221
52168000
52291257
31772099
52221788
52312816
32091513
31998907
52437645
52440629
31593339
31743181
52829122
53010366
53407763
52890248
53366923
33200745
53453255
53461714
53256083
52547415
33888797
33093711
32882583
32962231
33017377
33085025
52997514
32873382
52468063
52149002
33645753
33609779
52826401
51990238
34042285
34200217
34370306
34310634
34659831
34618912
53922134
34374930
33775851
54429371
33989473
34077824
34270697
34453359
34560780
55624044
34923876
35063889
56280461
56249020
35118287
56415164
35497114
34647824
56827952
55845598
55608490
55704585
34914080
34839897
54893802
34792510
54091949
54344076
54124721
35084343
34595457
34445101
34348279
34287294
54393549
33920747
55497156
34275610
33223043
33274986
33068307
56256055
33286278
33153028
33185199
56501786
57151332
57173997
34715614
34644809
57492948
57467238
57497547
56770044
34840323
57299550
35219178
34932481
34391014
33719266
58483153
34507763
58326405
57908335
56670990
34438405
34453893
56800292
56804128
35590928
57116276
36356194
57985565
57862737
37680395
57841551
36547868
57729571
57661969
37340326
37301353
58617531
36872927
56694332
56871599
56145777
55903774
55747355
38098291
37411067
37377617
56168360
55609566
55955983
55926248
38114649
56127849
55966024
37933363
38394740
37736143
56735003
57284995
56827650
56544108
38345163
37760166
56437243
56446760
56323415
56073327
38574592
38514381
38374555
37657425
37706961
37861350
58117663
38227556
57815944
37792431
57212559
56746782
56234370
56624179
38941946
56369104
39025506
56108519
56436810
39510169
39540008
56618391
56620325
39302959
57472548
57458320
57473644
56889180
56504406
56225235
40696513
55098129
55504514
41647495
55246994
41713178
41933469
40728966
40001277
56385167
40432294
56661398
56574392
56852517
56041023
55959290
55439533
55454280
42378713
42377193
42541384
42598120
56800311
56445994
42496598
56051138
42616321
55234382
55062936
42526609
55022157
42562055
42598549
42336497
54675473
42110974
54681484
55263300
53765493
53560346
43128860
54090152
43218484
43239083
53803898
43329793
53739310
53376606
43435354
53391612
43978287
43829031
53666329
43853541
43678782
53871958
53616906
43270188
43389004
43288663
42821287
53817228
54333782
53932701
43565758
42874676
53904847
43021371
53963048
54549039
43980594
54302052
53914444
44002977
54114985
53898682
43969404
43721311
43685049
54115018
53232956
44249104
53310973
53174833
44277739
52536609
43769154
43655353
52861649
50919340
43773764
50721970
43978448
44040666
49984875
43987264
44322774
50442787
43315506
43148715
42585066
50608618
42544700
42623730
50717787
50448955
42652858
50526729
42500511
50446793
41611114
50954111
50893131
51169212
42112724
42710347
41671165
51951799
51898920
50957843
40980897
39961221
50704712
50521120
50151663
49787219
41362742
40516103
40543587
50652153
49780597
40943408
49815904
49894711
49926515
49210876
40132827
40056087
48175540
39910639
47680553
39589419
39382699
48644920
39567376
49345621
40295997
39502241
49397161
39663525
38370639
38054007
38154447
50164595
38110203
49542221
48352441
38428381
38314145
48133457
47985028
47871459
38491348
48042906
38572712
47513161
47218374
47006842
37780344
37623935
37351744
37287416
48161040
47988172
47889246
37819010
36326045
35374102
48239130
48573633
35716792
48605486
35665071
35424169
48895825
48745678
35476644
34980168
48978893
33299431
33208494
48898655
33521217
33653443
49225527
34078399
33296015
49670777
49712442
33382058
49384676
49193412
49132115
49032904
33235837
46854904
46606352
33026742
46210333
46208906
33366860
33287746
46442181
46039368
32108301
46243657
45841586
45900206
32577228
32495738
32580066
45597048
45902951
45197646
45741446
33591191
45629610
46135869
46117722
34039438
46296679
34208648
46128347
33988078
45827750
33973810
45779661
34504688
44410732
34240549
44390054
44360711
34809179
35007882
44485111
44368390
34557713
34562267
34618260
33842441
33523943
45310758
33579942
33765942
46222997
46232755
34441946
33955329
33764740
33315184
33234255
33105219
45508288
45455271
45141069
44592555
33043109
33081478
32975982
32881590
32380691
32406717
45709075
33023378
32622641
32856670
32831055
32838316
47251684
33042825
46542336
32532230
32015495
46703092
32005440
46084625
46372114
46590342
45995508
32350300
31993287
30724484
46447677
46381016
31276155
46665529
46617659
32049826
46527011
31786548
31389786
31421170
46769715
31667896
47039094
31383601
31253325
30766431
47350321
30450415
30362003
47213607
47329974
30310381
47056313
30248600
47358237
31180185
31077308
31211692
30892034
30748513
30124953
29902747
29454257
47992286
29249271
47921389
47838362
29111494
47871207
47953563
29428460
47908368
28691477
48053351
28624183
48438926
49095753
48944209
30281564
30097115
29767209
29671410
29571244
29569803
29272265
29829562
29213382
50539411
50494897
29149077
28591410
50367398
28564168
49672665
28474704
28103226
28679167
28371318
28317495
50065223
50286090
28819297
49848854
28288862
28286196
50191694
50057698
50204652
49587072
49517561
28555178
27053526
25765701
49622272
25876821
26070953
26136566
49322957
26337383
26182047
26179589
26195185
50786217
50942425
26370234
26396617
26222526
50402785
26625679
50398345
26458194
26207044
50484374
26220740
25580222
50533001
25601056
25842959
50534943
26584808
26642719
26576196
50921138
27019756
51668903
26912243
27012551
51929295
26822613
27038683
27303646
26868725
52808292
52962779
52885530
27137994
26884335
26747820
26805642
53258621
26603529
52344316
51748493
26413794
26526953
51183815
50610408
26770802
25889008
25927190
51118305
51118707
26257247
50679530
25748659
50998257
50782892
25547382
50783546
50483787
25101226
25321993
50848307
50816580
25325133
49737988
25581375
50578308
50277975
49256201
26153706
49487140
26291511
49307476
26409943
25957397
49592807
26565490
27044584
50310844
50012409
49397323
27200329
26375220
26313672
26175839
26119209
49228466
26507195
26456242
26605130
49296290
28356632
28216364
51033344
28054316
27910411
51316334
51300524
51565541
28114250
28039424
51814644
51873507
51977163
52431635
52791722
52529761
52623476
52288950
52215327
52200707
52021508
52124928
51811151
51861859
51783309
30364918
29701491
29957372
51740784
30488946
30324831
52348005
30959411
30917865
30320578
30388749
52930045
52616733
30439594
52476650
52576133
52309493
52082802
51956972
51563602
31211660
51446157
31480044
31293306
50971649
31723329
50302323
31253295
31539145
31578267
31025071
31026015
31394311
52194818
51493687
31250280
31211206
31275206
51712645
51661793
51959336
50920511
49216208
48987980
31900676
48799682
31627113
48909809
31805304
49036108
48722912
48863593
48488666
48224035
47993424
32528100
32519464
48451082
48061192
47701789
33479319
33245025
48044476
32962292
47470798
47259792
47134789
33428654
33409640
32960759
32937606
32877738
32772661
32860425
47934776
47338135
33276639
33093814
32414686
47033731
32501683
32478424
31627888
31553440
31438010
31679929
47527774
31488540
31216536
31190179
47854155
30809505
30945862
48338970
48496758
48084314
48078161
31958537
47671140
47125947
47229654
32566087
45123098
32460421
45162237
45175696
32660661
45326550
44332713
44224208
33684343
44538726
33320796
33543219
44378777
33571736
33298592
45252788
45393902
33901433
45585546
46541277
34513458
46407482
45826035
34754139
44553361
44357597
44021774
44096895
35631628
35476593
44120188
34914594
34012780
33754167
43659521
33463965
42626676
42311620
41521828
41201470
34456736
33783410
41092543
33217373
41071028
40961955
40758801
33739107
41139051
41607906
41495560
34753022
34824412
34708845
34980742
42287721
41705135
41727037
41931169
41375732
35907784
35724614
41745576
35852529
41734035
34348679
42180767
34799530
34758614
42078797
34620807
42299655
42264266
41390806
34299325
41603039
41631485
41147893
41165628
34958248
40947006
31804731
40245534
40399256
32135032
40541520
39877309
32104005
31567737
31497496
30839828
39803729
31361652
38468152
31497644
31414127
31503565
38501960
30730024
30454507
38646405
38430061
38306062
38368218
31012596
38416703
38569369
31507242
38416822
31806632
38492667
38465325
38550235
38584627
38223301
38033523
37799920
37849330
32158550
32664928
38188453
33664846
39114034
38389433
33665975
33269227
37926544
33066821
33213260
37469597
37486675
33448674
37590489
37880572
37623631
33218908
38107649
38118599
37999751
38266108
33928185
33656082
37879052
32595309
38015030
36346777
36130856
35943789
33082676
31551131
36169431
35920443
31853087
31674636
35793423
31367046
31348925
36267586
31572610
36584846
36945038
37215153
36761351
33021781
37110383
36969205
33315004
36764057
37139730
37532754
34592016
34889884
38050170
37853362
37708625
37201200
37194635
35544911
35457428
37498873
37657498
36188519
37192585
36059760
36146318
37647230
36743891
36559729
36473529
36130415
35818220
36674896
36435552
35489588
36642780
36729937
36634639
35795850
36992742
37141793
36385754
35633766
35703448
35424846
34481398
34496341
34548495
37935906
34570171
38005810
34489067
33894217
32865240
38548239
32942159
38401711
38852569
38797228
32775860
39333901
39160683
33124723
33121017
39468677
38951104
38777741
33678295
33706499
34291602
33457617
33537596
33707331
39732385
39391662
38559460
38671463
33653961
38612413
37673989
32619639
37678502
33129234
33363373
33310682
32191872
39039136
38798580
32675969
38928421
39197133
38581749
38399043
38705600
39064196
38986403
39049822
39044896
34149873
34025136
38637492
33689647
38740531
38878335
34495812
39421946
35148279
35005131
34184802
39915855
33914442
39587651
33745555
39563053
33986647
34044511
34085777
39189863
39116372
39260181
34638187
34115517
34603932
39867401
40032745
39634328
39534799
35492759
39730567
35527686
39571467
35569873
39638891
35973718
35222864
34991886
40840283
34826824
41270232
34393357
34208765
33227100
41609876
41672468
33244086
41866136
33630173
33569964
42001362
33637366
41750355
41547836
41545475
33746749
41546957
41732676
33704070
33154320
33381549
32977881
32640457
32730860
42262370
32614570
32755075
32789384
32745550
42514549
33045043
31849464
31869534
43411586
43393455
43300567
43239454
30939523
30796510
44059848
44161848
30595077
44055618
31082596
44469072
44226142
30870896
31011487
31386917
44986720
44882597
31283778
31277921
31135944
45280814
31192188
31841552
46238350
31955791
46545227
46426321
46358576
45715349
45096136
45135875
45001221
33064900
32915739
45074522
32718051
45116457
45070055
44846120
32835401
45012786
44939955
45664410
45871187
34662618
46084699
35151065
46687678
46240014
35682593
35578311
46501341
46468304
35615244
46581560
46640289
35777339
46678852
35817722
35635500
35499732
46973497
46531431
46323083
35712923
35217551
45903137
45477459
45468462
45315452
45362020
34799772
45415053
45055192
34947852
35526845
45465073
44346596
35555724
35591771
35024788
45048878
45253842
45249430
45354672
45153330
36515337
45307955
36606826
36594928
36157033
36090104
35376922
35145956
35290328
35377631
46706954
35083183
46809332
46994186
34320886
34338497
47151308
34588051
47658297
34613116
34074372
33808606
33980653
33720498
33482994
33720276
33668655
33706067
33236183
50015599
49515738
47396563
33947554
47369915
33324320
32794228
32500005
32476200
32598407
47727896
47596829
33340702
32792044
48239525
48843527
33672764
48959033
33765513
48982066
48470931
49091496
49154594
48247713
34917246
34803807
48601567
48515721
48159723
34837146
48095558
48187187
48347160
47118120
35338911
47149835
35989108
35862950
47923629
47870408
47969014
48897302
48632911
48273422
48456001
37606039
37049088
36849930
36814792
49128729
49166917
48926381
37617559
49022699
37880530
37814733
37741907
37584985
49790523
49001134
38093577
48394268
38291127
48295531
48671482
38462801
38212417
48456878
38216388
37858635
48718817
48741037
37973161
36933640
47952099
36302056
47942052
47875324
47857803
35948088
47482338
36170707
36762246
36457264
36934202
49720967
37462240
49535255
48402036
37434689
37366794
37524200
36393918
49363047
36138443
48751363
36073514
48758652
49056900
36458807
34826304
48987750
49384144
49385079
35344380
49724824
49503062
34976809
49577335
48645496
47994551
47043397
35706413
47046749
47268951
36057194
35631463
47433712
46893896
46687365
46039848
36231604
36164318
45616600
36404201
46149720
36681232
45739238
37273931
36765386
36314776
46411483
46046439
45354424
36259273
45054148
45156271
36134779
45296251
44898073
36144289
36103888
44823275
45200030
45370362
35321904
45010893
35245393
44984220
34889018
45005169
34977325
34956218
35165942
45646507
35502177
35256748
35031855
45649524
45291811
44626382
35293690
34338974
34391845
34165918
33662379
33611736
33812943
46005557
45521017
44681203
33979198
34337692
45572797
34736673
45574369
45903748
46249889
35203309
35175457
46295439
46249460
35337622
35280505
34573905
46248890
46490313
46582777
35426521
46726192
46844096
47194711
35871152
47303421
47269861
36214977
47209614
36935954
36414190
47972313
47031619
47043107
36053046
46508557
46109139
36205955
46182231
35506264
46483814
46325388
35390772
33995637
34076333
47153664
34536733
33637556
33073208
46557121
46172119
45994761
45436102
34210636
32096262
45795623
33025356
43828940
33187845
44113397
33627877
32893953
44436502
44265045
43540537
33467284
33643349
44053444
33753547
33933351
43205668
42682832
33517520
42388230
33726953
33001441
33166739
43381427
33621967
43787498
33687788
