1132215
1801782
2195571
2167714
2900061
3079956
3018820
1472214
3361758
3629153
1904398
3894739
1721107
3811986
2114078
2569099
2163922
3770718
1681026
4569315
4162565
4778334
2076243
2267770
5020981
2400056
2872239
5406034
3243562
3314674
5349018
3491337
4648794
3813006
3864426
4717103
4036070
4964160
4862763
4644737
4745334
4995274
4618059
5096886
5628040
5857238
6307223
6464498
5895608
6571563
6755447
6952600
7128997
6794466
7609312
6810768
7202466
7816175
8195573
7831357
7388500
8215593
7293007
7824842
7921967
7890341
9773738
9984504
8641231
8210281
6518247
7067075
7260570
6314075
7071198
7128081
7527205
7796923
7523796
7851029
7670189
7786335
8350188
8565087
8479910
9255992
9488120
10234238
10497066
10590107
11079690
10983606
11180279
9227075
9618554
9531929
9629905
9720970
10293448
10658658
11264409
11497879
11461029
11684077
11779548
11320675
10993688
11365450
11586775
12042473
11946454
12388765
13157593
13636571
13930784
13713890
13485020
13876104
38202589
38507852
38825085
37890960
15574778
38311483
38289417
38588876
38054200
38354925
38086118
38110974
38272769
38256512
37433665
37591964
37513231
37440705
19327061
37283574
37022564
36082953
36359302
20003867
36940112
34848086
34736481
21191923
35703840
22781779
35729824
35910042
23205797
36248077
36437531
36080990
24313830
36349845
36503453
25037981
36622835
36631098
36589541
36704810
25178772
36586734
36194030
26025193
26598448
37601958
37631366
27410736
37388079
37406881
27805239
38008677
37417918
37575801
27922926
37246006
37258019
37424716
37550090
37085913
36829684
28538629
36438376
35634755
29052804
35750887
35680231
35071882
34420762
33911623
33979798
29931009
33470718
33594754
33400793
33157923
32809874
31057829
32667013
33614820
33579751
33593266
33819757
34415597
34437557
34985504
35334800
35070109
35717982
35707766
35739572
35977498
36435330
37771956
38075553
65920086
65831271
64699939
62652802
64961614
64837491
62768912
62816653
63021759
62945603
62838834
63098977
63100335
62695853
63212979
62685039
62736408
62767524
62663082
63498456
63852285
63254787
63763912
64532010
64148924
65138728
64143601
64135092
64478335
64502099
66411859
64416950
64146378
66021292
64120037
66401264
64355416
64087991
66353019
65495178
63309510
65690788
65354289
65146633
63579568
65149845
65064002
63939749
64982826
63981487
63975600
65039047
64529436
64276491
64748565
65289952
65081831
64801883
64887453
64608919
64748067
65469110
65197242
66072479
66257877
66097043
66011218
65742640
65638214
65592811
66036039
66526941
66346114
66339810
65829182
65685658
65135580
63266523
62436879
62476198
62219961
63251917
63539647
64515916
68681804
68871056
64515789
64049481
63980998
69544396
64404555
64083514
69503230
63654833
69715772
63729895
62786639
69923620
63072999
62291634
62167227
70464630
62743588
71481127
71837333
72037615
63103726
62593836
71908519
71335169
62811884
72393143
70700204
70849717
64688144
64656716
72135277
72014303
65058757
71928606
65374285
72219711
71125537
71083846
70765184
70660876
66109155
65920217
69999144
65904656
65487780
70124686
65800947
65776622
71794656
71590931
67096741
71140419
71177321
71425934
71402780
71181495
71198328
68406400
71328499
70993096
68453274
68393582
68432845
71798256
71581472
71031882
68432768
70665478
69802484
68560916
68550660
67779125
68993817
68439847
67494901
67708204
68418991
67850546
68476393
66197450
66189118
67977692
66339014
68139271
68060775
66456285
66649095
67828348
68093441
67094050
67229121
66786425
66928469
67130642
66596292
66440005
68941080
66267326
66228796
65844258
65802991
70007142
69891823
65156183
70120588
69234240
65192651
69207042
65962386
70039519
70066684
69426996
66416746
66286187
68931952
68271994
68265241
66920534
67873206
67829850
67840397
68570167
67982104
67988030
67832721
67657046
67897283
67917668
67287749
67361454
69266415
69211214
67399543
69293908
69127303
67991885
69737721
67430612
69062176
69128779
68037722
70197783
69404658
68184716
69193619
69808031
69824101
69766581
69687736
69541518
68446674
68330147
67538505
66918839
66686926
65895473
70724609
66026047
65884532
65254151
70097226
69900069
65570031
65036217
65114178
70607871
65323860
71028215
71693421
71918303
71850450
71689067
67182166
66921649
72352196
72460289
72325918
65407926
64986200
72195343
64607225
71858450
71823387
71593659
72037689
71646748
65515087
65381458
65341816
65077247
70203343
65806490
70771879
70367275
66248306
70771061
70539531
65479406
70704233
70693824
70586266
70152511
68951557
69010138
68881231
66845648
70014537
69353169
67006940
69298512
66923414
67173276
67261493
69604203
67322566
70052494
70824941
68601512
69706469
69653546
68384933
69139431
68936875
69614251
69424953
69530603
69869148
69950778
69321667
68800884
67461126
67486196
66583285
69061225
69057232
69097328
68828216
68640532
66910756
66931765
68701089
68674610
67441565
67833145
67371209
67831559
67729338
67443747
67279354
67330716
67974799
68375062
68046862
68443704
68656709
68034952
67903323
67885083
68544881
68445753
67955128
67556421
67227951
66700386
66399975
68974703
64737303
64460771
69021872
69433248
64697570
64725746
65156161
70526923
70674787
71138850
70700164
66574813
70349383
66667357
70080670
69812127
66650555
66463765
66263837
66504054
66320103
66673211
66111429
66054031
70703829
70467201
66331058
71370744
66409062
66225657
66324932
66424808
66423282
66449471
71962994
71987857
66702929
71773701
71471601
71975243
66891624
66847969
72422784
67346391
67399775
68095805
73088543
68383487
68388323
67587037
66476134
73787605
66218251
73735399
65566633
74087437
74961444
74555534
74359281
66514928
74523527
67055108
67115020
75082755
66944936
67142860
75505166
67144507
67116592
76099626
74732450
67673588
67301995
67307589
74511345
74499018
67754202
66509292
71179823
71048119
66154079
70228710
70353031
66734873
66602957
70606171
70020904
64863969
64792618
69940541
68935128
68433995
64907063
69384755
65527004
64955224
64996968
64897513
69588231
69781387
68752862
65603941
65451209
65459082
69683846
64204670
62900240
62943594
70199546
63400469
68963066
69120966
63353804
62963285
62880142
62265454
69693890
69556812
69653734
62966693
69467619
63072488
63069301
69756203
70063489
69830290
69732210
68225821
63701128
63698625
63706118
63870431
69325350
69267530
69046959
68984615
64583886
64423841
68976720
69006280
69275355
63997196
68847078
63811476
68855607
63449198
68015231
63765569
68389736
68583588
68532260
63771118
64313773
69100770
68952452
69389247
65965651
69727860
69578535
65892235
65674764
69405167
69245898
65526512
65545479
65107898
64905034
64370281
64040540
70308730
64196585
63935123
62398183
71011202
70188403
68662631
67490578
67337792
62096096
67191145
67332319
62417682
67258915
62595974
66945224
67053297
63275644
62683585
67546631
62643228
62947721
67816364
67579826
67706033
62225201
62348898
62155849
61814844
61309581
61637006
61630163
61604205
60637386
60432907
60419108
59783772
59229864
69655423
58777097
69658347
58593483
58429345
58603390
69958144
58103831
57988094
69637840
69670138
69778790
58327429
58217826
69836900
69359119
58328047
69588132
69623878
69383090
69227814
68960348
68998671
59777732
68298511
67384354
65847256
60167310
59745349
66045477
65958064
60272086
59477745
58784740
58960300
58481741
66523279
66488006
66777969
66777054
59437258
67011734
59743107
67493426
59651725
59694756
59694430
67921434
68093881
60323949
60541582
60723845
59540542
68737005
59529911
68252733
66299537
66378444
66059850
59994413
66270637
66359504
60074744
65569573
65527374
65535379
65473102
61101101
60306990
60143627
60124723
59769893
59286303
66217097
59030974
59239626
66696357
59982337
66839961
60260802
60355568
65473120
60417988
64933660
59822178
64840360
64543870
64426113
64392777
60042575
63396286
58444420
59279097
64693260
58746891
58398873
58303068
64421806
64041150
58505089
64180498
58660132
64259454
64000077
64024529
58830571
58806873
64217627
59106725
64726642
64743719
64533274
59460759
64633639
64361035
59941492
64019050
63854984
59987545
63335190
63327872
63346839
62876815
60874673
61018176
63560038
62656769
61295393
61082011
61028630
59816780
63903281
63169847
62944054
62793559
60431053
60103410
60142656
60611251
60676145
62579339
62655431
61937706
60636087
61785582
60304901
61827777
61797381
61864024
61162289
61181018
60359940
61231872
61136778
61024108
61052812
61338204
61089716
61664033
61507773
61256748
61775876
61252760
62721486
62967722
62845238
61256924
62728771
60850645
60178096
59867539
62818785
59997581
58904060
63445676
63723248
60147464
64135149
60492599
60265060
60296943
64381332
59934367
58858573
64160145
64519277
64616393
59738510
59524417
60110231
59671086
59839951
66446857
60377968
60042399
59475754
59336157
67053500
66706407
58838582
65132409
58971179
64772264
59435431
65076290
58454213
65201431
58136200
64976973
65130348
65312421
58992404
64499454
58961216
65147945
65350236
64656228
64958657
59458267
58545509
65262186
64610019
59358391
59274075
58526619
58381478
64872847
58856917
59081261
65568319
65373257
65005379
59369803
64181503
63967811
59245725
59732766
59578717
64761253
59428057
58519420
65094513
65075079
64967333
65430344
65368220
60452765
60433878
60759581
60727652
60738557
66706777
66899249
66314403
61382268
61677702
62354265
67362653
67262488
67089013
62456465
62181890
62386908
67734533
67052755
67016433
63107843
62526786
62537440
67822243
62421135
67435016
61715455
67405512
67653643
67447487
66613691
66530230
66082864
66077813
66632541
63430660
66756012
66392203
65895321
64297235
64368262
64588382
64731303
64665778
64901532
63897368
63130542
63507066
65484285
65343714
63921138
65672121
64189504
65845925
66243749
65376834
66441449
66217290
66161779
65374994
65586597
65842783
65317772
65167882
66643683
64726549
64775546
67112843
65007875
64914048
66719990
65983254
66800057
67541968
67259425
64576803
67020910
64679141
64119852
64115574
67208719
67362445
67158501
64586836
65050134
65146231
68067171
67709014
65458936
65201643
68175578
65754094
65619603
65293191
68795132
65278301
65166844
69246407
69583915
69556251
69582444
66413487
70175465
70091399
67773996
67648239
67202725
67212598
71025100
70896928
66658591
66570492
66625689
71252737
66343779
71182742
66317907
65811385
71470633
65231415
65370561
71566468
64733344
71909060
71789025
65064982
64846248
64827846
70515082
64706355
70145885
70097990
64533547
64543541
64476039
64775130
64792327
70445961
64566274
63179950
62278008
70778676
70986712
62384911
70935770
70957497
70003003
69484970
63008429
62925166
70352014
70347218
70266514
63418476
63458508
63456254
70340972
70181460
70018340
63837567
63637464
70162158
70148232
62731797
62072374
62037108
62001130
69982790
61879948
61909602
70465341
62575136
70041982
62341361
61726668
61842397
61857579
70128134
70368258
70184707
62287663
69827984
62174868
69788639
62292186
70163135
70122199
69746615
69459966
63153916
63144412
63135518
69862204
69958533
69903105
69643901
69075393
68554130
68346833
64338268
64480273
63341981
68706223
63556420
69498036
69159910
69189941
63943489
64073517
64173360
69617797
63993804
69664334
63143660
63040626
63478271
63429941
69949689
69520015
63386257
63552901
63527582
62711672
70360309
70425707
70237389
70252482
69897281
65288304
64466887
69928950
63727808
69672337
63421754
69492369
69006936
69062888
69089876
63960701
68857172
68665938
68449041
64013539
64160035
68981212
67979495
63656089
63226111
68189740
68101384
67059159
64156564
64762592
64394456
64353859
63132865
62528587
62520730
61948276
68366466
67884338
61933366
61998681
61246174
60980613
60390862
60471356
60058374
67703554
67546417
59992686
67721511
60088434
67760074
60349494
60820231
67389442
66773332
60648887
60847811
60570889
60402614
66648657
66319075
60452498
65642010
65623169
59892089
65544763
65444502
63499097
62831781
60454117
59048590
63082358
59147304
63385190
63295890
63138976
59385184
60342562
64314312
60493553
60533093
60659525
60577129
65157543
60370034
66088254
61220269
60519657
60474104
60459819
60399359
59141015
66832081
59025637
66836573
58885427
66348573
66323524
58980768
66384521
66223693
59244128
65453900
65480559
65016339
64393762
58886800
58728755
64596559
64865391
64569698
64848686
64400805
59471710
64243203
63618849
63899234
63357121
60259871
60364494
63939932
63129872
62729111
62754789
60761260
61799936
63075955
61718108
63420470
62328793
62347219
63444559
63396087
63617037
62345863
62545302
62253235
60776371
62843781
59746856
59700206
63459781
63713911
63657254
63818721
60651882
61100791
60884550
64602531
60533831
64555831
60297617
59085884
64687868
64451740
59069943
59235142
59515989
64753815
64776370
64960313
59948872
64909113
64267825
64187175
60243311
64503323
63630791
63930923
60682087
60276475
59973261
59915106
64232601
63832232
63703039
63380170
63557632
63573068
59159147
62324893
61765113
61617411
61585571
60704481
59944935
60259033
60006514
60054249
60113453
59712896
60697669
60529781
60534770
60661697
59943530
59864071
59546217
60656547
59278802
60530422
58520491
58048218
60617346
60883356
60341679
58669169
58581666
58015749
58047268
60678697
60655323
59974385
57287491
60481076
59274968
57990749
58278959
57692517
57701790
57543666
57106027
56717038
56652554
56393240
59194317
56431283
56443674
55698071
55269419
55222212
59897460
55593419
55867274
60595844
60229382
60174436
60065286
60045122
59832428
59825453
56501655
56391652
55420741
55352236
60337666
56256548
55694623
56031490
61421639
56364023
61448264
56241948
61728562
57612815
57013034
62626578
62645052
56117768
56064417
62842518
62957056
56368278
63270676
63445640
56952584
57319824
57306219
64009742
57183686
64090718
64190345
57491244
64783517
57626369
57622745
65771433
65429608
58338592
64619470
58251132
58147438
58119481
58397072
65778629
65415820
65247680
58638439
58828823
66055057
59121257
65651741
58866060
65844823
58169179
65489520
58341473
65904921
58321507
57480246
57421759
66168116
57018679
66389685
66211461
66227580
57516188
66163369
56658348
56703241
56036338
66646239
66782079
56088819
66777258
66781829
55879699
56019109
67122483
56341542
56371992
67341179
56393329
56323975
56533307
56594952
68943377
57953280
67884872
58267615
68433543
68531169
58204180
58135573
58120901
58989690
68715876
68868938
69011904
69231058
59789496
58278769
58196148
67676829
67479468
68454478
68388311
58583449
68761489
68714850
68652556
59406281
69299734
59728822
69204783
69888059
60613099
60142571
60170591
70737648
60154282
60316202
71394502
68929220
69063674
68910116
61234229
61352366
60911713
69137450
60915355
69806478
69309291
69137523
69621549
62834457
69630814
62950039
68881552
67981415
67932319
68013989
68204827
63403284
63448342
69034965
69097899
63441522
69254351
68999202
63550647
69210590
62254319
61247905
69410827
69166033
69146032
69129104
69384854
60653098
59771625
69037742
59583111
59709035
69196402
59714515
59539269
69310875
68879983
68812294
68624388
68527271
68414178
59911426
59943418
59875770
60237136
59960934
68845739
59626514
59270984
68521343
59299917
68082498
68419357
68280611
59702448
67169542
66583507
66600635
66669887
60338520
60743036
60663755
60533657
67476573
61008796
67454997
60573513
60681922
67844233
67191872
61028000
67396069
61740574
62084165
68738690
60819790
68793518
69045822
68805478
61000819
60289837
68842057
68586392
60820651
68659848
68351283
60847709
61070654
68322724
68600925
67360719
66718281
66368683
65683604
64316962
63592019
63800576
63338474
62704622
63635079
62349237
62315518
63907409
63777089
63628861
62499580
63144964
62476237
63001273
62426243
62278952
62573926
62142174
62140815
61078426
61024410
62798366
60897801
60861766
61207505
63675366
63772055
62142593
64044101
62074170
63756103
62254320
63511353
63330461
63602715
63874363
63860314
64305041
63639804
64023791
63661061
63267113
64250702
63019434
61994439
63788984
63111702
64718416
64793612
65286136
65260805
65402474
64073295
63761908
65841753
65799972
65910664
65911305
63837730
66396344
66677779
65132849
66105956
64690759
64648610
66274638
66429427
66446522
65268136
67384355
66039580
66056242
67769455
66834348
68410306
68729921
67047307
68028429
67994482
67090527
67200615
66050210
68291142
65772966
65151947
65171647
65644776
65608046
65642359
65811925
65819725
69855170
65330948
63898874
63946028
63315899
62351114
62297665
62110051
62272448
61957300
71196162
70410699
62205546
61411733
61469642
61211988
70978514
60711549
71277844
60482249
60417064
60377058
59431837
59672521
59828492
59272864
73025514
59291996
73253343
59174983
73599993
59611335
59722978
59448225
59390162
75375822
75695458
60698083
75816601
60781914
76192766
60343696
59565132
59441528
76461088
76594603
59971250
60057580
76785818
76424026
59259110
76117640
75532635
75566006
59149767
58029385
57906417
76481901
57370135
57326749
56575608
56551581
77847750
56403990
56381821
56324461
77554618
77685726
56724554
77638159
56031510
56192573
55697491
55727713
77604926
77587326
55755703
76470345
55380092
76770489
76586627
55431453
55133434
54242870
77449687
53584821
76985307
75942509
75838665
76077098
54050706
76320618
54288030
75807245
75406055
75538881
55262972
55211767
75533852
75353842
75315447
54388293
75109200
74828265
74439372
55293963
75040567
55897625
75108027
55610291
75171198
55664007
75122670
55551282
75270899
55927411
75354741
56058421
75181034
56272628
56145885
75453552
75648721
56422430
75787141
75192541
74731184
56675619
57017370
57303656
57081159
75756163
57044281
57122055
57096319
57237117
76260401
76134595
75969923
57702594
57868543
57583959
57611420
76397102
57787563
76542481
77053261
77069545
58646453
76897034
77082103
58992875
76136112
76078907
59890443
60134793
59790577
76789594
76694574
76949162
60484207
75965656
60447353
74948858
60082972
60188710
75023232
75020073
74851022
61422624
73850595
73373484
60965672
60746308
60630989
72480613
59470409
59376464
72875852
59214206
59091660
58903079
57794357
57835962
57570266
74226156
58311252
58845785
59281588
59619152
59639059
59232470
76646031
58717690
58573565
58480246
58931858
77115235
58824767
76323571
76075417
75997554
75943152
59428331
59517658
75257756
74939498
74306435
60023569
74462695
60314155
74357105
60196697
59763165
74542029
59833923
59765636
74506548
74482695
73962172
59978129
59918256
59689834
59787504
58960731
58753946
75294728
75434352
58624743
75243599
75143119
59075385
58879221
75761619
75137651
75314149
75429161
75086951
75414629
59830241
75736812
59094643
58462005
76127912
76153041
59254379
59680793
76943159
75942136
75775592
60792545
60733214
76470490
76230708
75742948
61181411
60077016
75939904
58325934
58439967
75481965
57944462
75788581
57621760
58091123
57961609
57440823
76317228
76039316
56716738
56930014
76392008
75882716
56280463
75834945
75499224
55897110
75301670
75064890
72720299
56034854
55838061
56337585
72814994
56139643
72814709
71925404
56633610
56891279
56587719
73084775
57072670
73204852
57013133
56858707
73751623
57336443
57331647
57345233
74059826
57270239
75260324
58370220
75639662
75901008
59221927
75942635
59278595
76078117
76235800
59811013
75598533
59908384
75815868
76213292
60862190
74162637
74461512
74519600
60986192
60989134
74777358
74190959
73342184
62649910
75089476
74737311
63348440
74659183
63545119
62760788
74798794
63215156
63607090
63861274
63498526
63557224
63575325
76595079
76760544
63903842
76764987
64388958
77061006
64370069
64110633
77170568
64487870
64322566
63142963
62935950
63083703
77964013
63284679
63258954
78045750
63285608
63230473
63486155
78697241
78398204
63338565
78439956
77575618
76873195
76690519
76782748
76760887
77764961
77509081
76041486
74647373
74591253
65813980
66200281
66076778
66283132
75024781
65715548
65528745
65595639
74934056
65410673
73597135
65889992
73698275
65642591
73475608
71856712
71812953
65820980
65816772
71828753
71581947
71104998
70983306
66251292
66444451
66099179
65844205
65872713
65322743
65306630
65184509
71963310
72509908
72557386
72858362
73007560
72066836
71348232
67154757
71219950
67148121
66330919
71332251
71684261
71832447
67766463
72360286
72064375
71765761
67607584
72014698
67153860
71383437
71281700
71303065
66787431
66572289
71100329
71022199
67070764
67705385
72090412
72036147
72156921
68403644
68328364
72557579
71771635
68484239
71863472
72054806
72254701
69182295
68252651
67905399
67447083
72852154
73014181
72210784
68185717
72230279
71920826
68216050
67894898
72068879
68086631
71757648
71650051
72285197
71929871
71593368
71178570
71328558
69855958
69704547
69186598
72039089
69264108
69242200
69415324
71462943
70741641
69052081
70624340
70690328
69753894
69388119
68888761
68913796
68889478
68861811
69246796
69082917
68128100
68809636
68687735
68778453
68274480
68293979
68542048
68090296
67889461
68514806
68189154
68065230
67995983
66953517
67181518
67183222
68744881
68719753
68069824
68032349
67902656
67277445
67444748
70471383
68116360
70345476
68274213
70356360
70093856
70150656
69669136
69131553
68818377
65716159
64949783
64869570
64896730
69310686
68779951
65519983
65566884
68506497
65027794
64710797
64709773
68444474
67688936
67702270
64381153
64441247
67910567
64494513
68471512
68741411
64991213
68948765
68549311
68976170
68592201
66265166
66410884
68798870
68011826
67665546
67716955
67569723
67488353
67549075
67231929
66545631
67615445
66562640
66459708
67649435
67231791
66575238
67310062
66092059
66035152
68075145
68123235
66974067
66869550
66785382
67765974
67762558
66943759
66728500
66762407
66496299
66745736
65846007
65815193
65298157
64719568
64914922
64852962
64788194
64856555
69077175
64343236
68822287
67923528
67402890
66107295
66245579
66358423
67062244
64856596
64701341
64433647
64358470
67536278
64719388
67980194
68026805
67163221
67424409
67460694
67464500
67129479
68031496
67245758
67235735
67282453
66807929
66557543
66711259
68501681
66205172
69083118
66444592
68992165
68785549
66002832
65616321
69462007
69488802
65236142
64873175
64611334
64477154
64301333
69728025
69198924
64243158
69049882
69218742
64343040
63998437
63635790
69722999
69846056
69869927
69571643
64691253
64316355
64175152
64683896
71076442
71326453
71179655
65926157
70984694
66265659
64393838
70570922
64851550
70878787
70589092
70142720
65421985
65232266
69673716
63398445
63328342
63345918
69307717
69268394
62835426
61931380
60875634
60610116
59637423
59696874
68128045
67621141
67264051
60097242
67452307
60550697
68147601
67473251
61063303
67303655
60824589
61234390
67901927
61305427
60130527
60029569
59711547
59710478
59661910
58539837
68077550
58199561
68184143
67506361
58003753
57894633
57993331
57745129
57660543
57227209
67796273
57396897
67324225
57593747
58023778
67793118
67436993
56904589
56280893
56352488
67784938
67830454
56327871
56854227
68367188
68128609
57385662
57158874
69241029
69419238
69024272
57534615
57618049
56852497
69970817
70266685
70074078
57745016
67602695
67114326
57454223
57416441
67068524
58040683
67526534
57979779
57925667
57856052
67817602
58372221
68602442
59055476
69001554
59342840
69204567
58905872
69487696
69405870
68877520
59032176
68896548
68428048
68273436
68479387
68446347
59985661
59766970
59676691
69303175
69638540
69564314
70408310
60885100
60849604
60639752
68423231
67984751
60738584
68167574
60985048
60719346
60551328
67225405
60678641
66967721
60378514
66689681
66590935
66644456
66159473
61545326
61559277
66022930
64995149
64891149
60975492
65089733
64628827
64498153
65224396
65614033
63338543
63127995
62992855
63367602
65814948
63038379
62502343
63183874
66472017
63103011
62896277
66573117
66956524
65463216
64107965
64485645
66312399
66681030
65616006
66643789
66739980
66334810
65706840
65456215
65356572
65274263
65192055
64659179
64835894
68499935
67847025
65727260
65986907
68273561
68424299
66212008
66203130
68132783
68286476
68598500
65754461
68590505
68526682
65106810
65180716
65151633
68639224
64893055
68734611
68422433
68464065
67779392
67286434
67360621
67351527
67261058
65812028
65920463
67187347
67156258
66444500
66369473
67104608
67081732
66553668
66098091
67224760
66311019
68133631
67599396
67576919
67823390
67582375
67993609
68032163
67869587
67619185
67112641
66859467
66789073
68545802
66787758
66402011
66290571
68822146
66673302
66658954
69519347
67142682
68928929
66814215
66893316
66946104
67028965
68241734
68105549
66726887
66642968
66657973
66777323
67890005
66962392
67251362
67804137
66313989
67941787
67119216
69479078
68001941
69395048
67789501
68956468
68046884
67946655
67708860
69372397
69155036
67639336
69380012
67873865
69065114
67782661
69059955
69014594
68008776
68877130
68558119
68499227
68541315
69876229
69513659
68742565
68977500
70201106
70312442
68540676
69153444
68976337
69811772
69404836
69659043
69028254
69638274
67785565
70058897
70121646
68312203
69491114
69744697
70010661
69622393
69848414
69141974
69806421
68624022
69746348
68686140
70369060
69252379
68775753
70716902
70469181
70410531
69158856
70557409
70811886
69596360
70136501
69632708
70354169
70367188
70038433
70718565
71020833
70281320
69446161
69314937
70971139
70465296
70120700
69607332
70925864
68598978
71173696
69904210
68249050
68229628
70064713
70221032
67979453
67590900
67205325
66876793
70328906
67532134
69609297
67130449
66608607
66621334
69090530
66670045
66657061
69943333
66863052
69702065
67242517
66187231
66472870
66917832
70779870
67165500
71125020
66699347
66708814
72133423
68325357
67331652
67443881
72691013
72578054
72949331
67434950
73429958
73449003
73284560
67864023
73323657
73370465
73101661
72480801
68094809
72114981
73004589
69288067
68858675
69366632
73677799
68247504
68165385
68249533
67430901
74350309
66890509
66993674
74714618
75391535
75735377
68367813
68412746
76588401
76603106
76652498
76517568
68788317
76938474
68587507
68125930
67489373
67084567
78181257
67912039
78510864
78465388
78471226
67243024
67150097
79145272
78937099
68463910
79732876
69454764
80471373
81009098
70992518
81319587
71055377
81565137
81245350
71737670
71680693
81501598
71225709
81190743
81006529
80096234
79790975
80349890
72090037
72331686
71610493
79728155
79466832
79756242
79225098
71738345
79366391
79281319
72213234
79728893
79212471
72344183
71522186
78989452
78787270
72448807
72438920
78239287
77982181
76990771
76920269
76931772
75774150
73708881
74032387
73928466
76501509
76501618
73518260
73533224
75998783
75612562
73817874
76106029
75886441
73772041
73637362
76338643
77152974
76072481
74806721
76427164
76316731
74604424
74253011
74826577
73658030
74827817
75242868
74725055
73690772
74530093
74851498
74826164
75435341
75419720
75403745
75131351
75690666
75135110
75868095
75383657
74923563
75311682
74732357
75196124
74948340
75106660
75111752
75035837
75628113
75256783
75317653
73959667
74029835
73490063
77650177
75569334
74078552
72921376
72712277
75858160
75255181
75040657
73332095
73566806
73683964
75189423
75264878
73354569
72940513
75213032
72210863
75409116
72291623
75461928
72298015
75444369
71852603
72400798
72405663
76654605
71987141
76957148
72144947
77052284
77110136
72181397
71453967
71061701
69855496
69906144
77688444
69628873
69631339
78430257
78395245
70349093
78664986
78112101
77790129
77905985
77597138
77224191
71483283
77843157
77265845
76266321
72657471
76861828
73167184
77194862
72943505
72775142
77426904
72676656
77416273
77224358
72099977
71432854
71266170
77700043
77987053
78059170
77381289
72037429
77599863
72674523
77675805
77939960
72970148
77814420
78175515
73393956
73249668
72025579
78542961
77654966
77006075
72049147
72280636
77358300
71598817
75870199
71719063
76022218
75796837
75081691
71451631
71528375
75995690
71965264
76305648
71773081
76464233
75899659
72670979
72038378
76132385
73155187
72539277
77077309
72089478
77210616
77169485
70625911
77726098
71451323
71483162
77291233
70965547
76101741
75822296
70775608
70776265
76276830
75117339
70846718
75560803
71299821
71092697
71188502
76236185
75977787
71251424
71244894
70877437
75957591
70659062
75185514
75229313
70510066
75403752
75209248
70996346
70395944
75012166
70186218
75011731
70349190
70350220
74916345
70710115
74249425
70123602
69806388
74583288
69998184
69118705
74320918
74284424
74255563
69501630
67490632
67468384
66285145
75508197
66152946
66176780
65751076
75238933
74895888
66110997
66115674
75452561
66085009
66241927
75496292
75567410
66645638
66713363
75275859
75230298
75508730
75552618
67500678
75542023
67464151
66531376
65416232
75609193
64450179
64180238
63917652
76170190
63696475
76262103
76008081
63356374
76396043
76178308
76293238
76132410
64357581
64337047
76125884
64708011
76145784
75451533
64658252
75406869
63545330
63279021
63713664
63692156
62903496
63354370
76957911
62544498
61379210
61291768
76524560
76690137
76813554
76104465
62063825
62117038
76137898
75693340
62600471
74817359
74906719
74628190
74280268
74439943
74311684
74322711
74506567
64253386
64056670
64219328
64319678
75809716
74299125
74562064
64921582
74122100
73691677
64626674
63927020
64312558
63947871
63890980
74607235
74595705
64129631
74548873
64267224
64091572
73996966
64295803
63839989
74054633
63852061
74559116
63738751
63774940
63972721
74075682
73230867
71699779
64434705
64511905
64376095
64101208
72920243
72293247
72299876
64915678
72274639
65446265
65334369
71612166
64996603
71537335
65343788
65051844
64370311
64318274
72543611
64422813
64416622
64365160
63838839
72762900
64298684
72796689
64532849
72513870
64597185
64343564
63942745
63535085
63476852
62457224
62222438
73379893
61689348
72734438
72521329
61657318
71408670
61800665
72105105
62484215
72301168
62546264
62813843
62493878
72813311
72957832
73217287
63388664
63365988
72770610
72740645
63340637
71733808
63417059
63092936
72066291
63236924
71629559
71648283
70902078
64529627
63852148
70337605
63703926
63633675
69583073
69333673
63245857
63390293
69096874
69024109
68949273
68888476
66973122
66839755
66634508
66529656
64523653
64330354
66671623
64284314
66165896
64017906
65881906
65613652
63732573
63704315
63529536
63235104
63287339
63475539
63292283
63267185
63560955
66465252
63251939
66417043
66267176
64793912
63600436
62753141
61758055
65119032
65094175
65029313
64557360
63796225
61102020
60512126
60705869
60597135
64540036
60727962
60842416
65375801
61964116
67003488
67083724
67253107
67750307
67843897
64484296
67819238
67897510
63916041
68239587
67440348
64817994
64371607
63710562
63687328
68204014
67930594
68288166
64382504
64188525
64447702
68940149
68333503
68482421
68436805
65378829
68669177
65664568
65130873
64894070
69130753
69460831
69218448
69204133
65873558
65530824
69454834
65147560
65296808
69555411
64680615
65145404
71328296
65480733
65400228
64280115
64167951
64115504
63929253
63506880
71758644
71208667
63585274
71529683
71530752
71543067
71525161
71270236
64048234
71051753
64510473
71016349
64194985
70636210
70163292
68645355
64109774
68895028
64614233
69092110
68530697
68200530
65217513
65573021
68763773
68696837
66170238
68841006
69230318
66451990
66667801
69428523
68669929
68620988
68349401
68607693
68567742
68260422
67691474
68262745
67942850
68407065
67862262
68768815
68641958
68851199
68872527
69024487
69329638
68630738
69105631
68919822
68557526
68926870
68495464
68659596
68959129
67997834
67683363
67688982
68900742
67088259
68844287
66904529
68593096
67242015
66800957
66958374
67053268
67100466
66552775
70024142
69966701
67006426
66723675
66910199
70665915
70618098
67086844
70717959
66935255
67078330
66599446
70964011
70499390
70685137
69643547
69554979
69517109
69652272
67320659
67202551
70244956
70372872
70063307
67320183
70067469
69481035
68610729
68692883
68353164
68012297
68089265
67942255
67659817
67412811
68243250
67539050
67646167
67385005
66354306
66148096
66055705
68232929
66425564
66171769
66199066
68834342
68846843
65716945
65534679
65419396
68561923
65568588
65834476
65842140
68579003
66115190
68277031
68007027
66082830
65606691
65833463
65512213
65782197
66178013
65540698
66339283
67306065
66379967
65547906
67032053
65651638
65638671
65159921
65375957
67820696
67862840
67473646
67465615
65157742
67594808
67105763
66888691
66647961
65323062
67192791
67344037
67039240
66887426
65827820
67261154
67574843
66905893
66900522
66052009
65714373
65873083
65529065
67857018
65444611
67853013
67190820
65435662
66701533
66006144
66471514
64947630
63934473
63548324
66641166
63584977
62773018
66628538
62676597
66544295
63119962
66720420
62756234
66522853
61705448
66179773
66179800
61699422
61061103
60962712
66347509
60667603
66807720
65886169
60866804
65726104
65606356
61016953
60944893
65987755
65926733
60323235
60196595
65988122
66095172
66145767
66064990
60679856
66021612
61139525
60332874
66650893
60370117
60323596
60311909
60173005
60015881
67044911
60375725
60458753
67415478
60789993
60769059
60860744
60571259
60162831
60150600
60051380
59066318
68137825
67862399
67761970
66556632
66910865
66907564
66545207
60006212
66850168
66753672
60954942
61012575
65684549
60499672
65868010
65934879
60850807
60862694
66248229
60973070
61274233
60596949
59743282
58098739
57996228
57740733
57508135
68159670
57861781
57128648
57054646
56558704
68192045
56612490
55419395
66968193
66930130
55479868
55550534
55275466
55824047
55718617
55265872
69020291
68724497
55310393
54704805
68496888
53956351
68991006
54441277
69635729
69604043
54871573
69599970
69925672
70225227
55360901
54817356
53225173
52923721
70924190
70822010
53047608
70663084
70126034
70167998
69954641
69397187
53143038
53060956
70012800
53335939
69891452
69972487
69714853
53614191
52971687
53039957
52789063
52823572
70171553
69160008
53527438
67658528
67051584
65865461
65934304
66181375
55693225
66584054
55574266
66957708
56280253
56027457
67295780
66760978
56606097
55878831
66420368
56231901
55637601
66663731
55516746
54605171
54735807
67251933
68020040
56054879
55955318
66524962
66417934
55661112
65877523
56073034
66132668
56175227
56054152
65533699
64913915
56263456
64753399
65135297
65568258
65684424
57040824
56825752
55443383
55473146
55334475
55241090
66964775
55300318
55569889
55621630
67516483
55620754
55433491
55652249
68070882
67628718
55560439
66494782
55734780
66263587
66263699
66335474
66018212
56329194
65950967
65496845
64765862
56839119
56966117
57022998
64649197
64393369
63512798
57025993
56906315
56740058
63110603
63588816
62873619
57043841
56983448
62771952
56863717
56870721
62709106
62935770
62830182
62805615
62808733
56784349
56725715
55833719
62286289
62134784
61913677
60438695
55717148
60836440
55609364
54941077
54817694
54953608
55035724
54693756
60201373
60311566
54669092
54550414
60451717
54681931
60249292
55547228
60877713
55628433
60897282
55724588
61193524
55615618
61727295
56031256
55883345
55788024
54899653
54715324
54611852
62972068
53842425
53739092
53899824
53561291
63635297
63137139
63263390
54139098
54408231
63747303
54105167
63846093
54345024
64271023
64149630
53568556
64153528
64428169
64195830
64411586
64391109
53795356
64835607
53364542
65065271
65017348
64274311
53499728
53628482
63682371
53758470
53660639
53215090
64110903
53201845
64167048
63012182
62912788
62959633
53337838
53344797
53495865
53241313
63448391
53367235
63575340
53699959
53348814
54236628
63983378
54246251
53849642
53947090
53905753
53707576
53370980
63301022
62809793
62120763
54223394
63891754
55343723
55362151
55288232
64481088
65076477
65072149
55953005
65150070
65557400
56005974
65777239
65040126
55881238
64835326
65220464
65052025
56406996
65136278
65100464
65456964
57967235
64738903
64761004
64804418
58622649
58724349
59262125
66107895
66295824
59042108
66225954
66307348
59443624
65807051
65622854
65319792
59480267
59343280
65671558
65895230
66038369
59869286
59830537
59930021
60430378
66553970
66182470
66498918
61378331
61523328
60856817
67535323
67398266
66978619
60086719
67113312
66874269
66825056
60574532
60495777
60431189
67549333
60475354
67495013
60294420
67505482
66618570
60161193
60268030
60003448
60155954
66404097
65212656
60276375
60010624
59903814
64733417
64764389
59649888
64810719
60274219
65436725
65771944
65614862
61749238
66673434
62615802
66522331
62944223
63468510
63535086
63259534
67895559
63028412
67799159
67928530
63076111
62657917
62650853
62336246
62698661
68674715
68906815
66855003
63703430
64865010
68817468
64743822
68543199
63622883
68677961
63742701
66604827
67363249
64789886
67641901
67161425
66583557
66578959
65042369
64865001
64721834
67112799
66760510
64892764
64993596
64979214
67365820
66647422
65150851
66970194
67019851
65164206
65318458
67557341
67528826
67524769
67701308
65790638
67285851
65545028
63787776
68120272
64004592
68165081
63217120
63193239
68604688
63007513
68418587
68312361
64067647
67856954
64285518
64121005
68398411
68107597
68095868
67899489
64212391
64801715
68111906
65002307
67230289
64153542
64229792
67986450
64658104
64252389
68266768
64482504
64645372
64409744
63383072
68257080
63501780
63517003
68155403
67445330
63509889
63866104
63950650
63631526
67475476
67344572
63504368
67594038
63870940
68262479
64279127
68489741
68237997
68321762
64905452
64591294
64505748
68537146
64425584
63767453
68428647
63049604
62838656
68255950
68125938
62854647
62826338
62837420
62696576
61762028
67862710
67161181
66598422
61746776
66837774
66553617
66551153
62476299
66848877
66635774
66535879
62713982
62043913
62049139
66388639
66433473
66508823
65996331
66418448
66089798
65452606
63620181
62971613
62806014
65246395
65546599
63655926
65766706
63767411
63919313
64169104
66893712
66565215
64497078
64275093
66721047
66717735
66667665
64627589
64912579
64038575
67081815
64132546
64001891
63954346
67907824
63520101
63277382
68244161
63225876
69076091
68775487
64120472
63995591
64055038
68297875
64141474
63974849
63723359
68444955
68562782
64552758
63913529
68678070
68143334
68291495
64821499
68557058
67962600
66689466
65609849
65259095
65040497
63907428
67162081
67075437
64112239
67795445
64091330
67494528
64503689
67910467
67583677
64570641
64512801
65099121
68519474
68577723
65464683
68502711
68454456
65042767
64970844
68548322
64902049
68912674
68529189
68349465
66048112
69067795
66270699
68865533
