51243
16021
19000
16103
14439
14210
3036024
16683
18610
13706
15294
3501183
3816991
13744
4397595
5159521
14646
14256
5429276
12645
18415
13120
11982
16548
16397
5344366
15973
19068
5203710
5303090
14776
18058
10695
13959
5492164
12019
5911518
5754335
22327
5838682
5678274
15940
5078291
13903
14265
5150158
15111
13289
5399320
5293833
4677765
13408
14218
14508
20381
5127761
16222
5158718
5591765
15761
5740779
17936
12600
5705062
32879
12186
5498465
5181910
14154
5643133
5135031
4948468
5123248
13501
14741
18460
5026141
5260744
4955516
14732
4621759
18496
4387651
219177
57530
16743
22726
4987681
16176
14273
4719206
4438586
14694
11776
12605
5106150
14485
5087118
15113
4365292
4924649
13010
5145031
22478
15008
5364147
5115522
15808
4954262
13012
4713922
14532
14086
12846
12161
16536
6492143
12260
12300
15495
10125
6473136
4383170
16457
13025
16075
16011
11384
12725
12431
19709
16502
12311
13721
13598
14671
11961
18294
15781
14551
13545
18041
34071
21899
14085
12952
12633
13799
16351
14757
29553
18090
14205
16896
12940
16266
13560
15699
14175
15558
12986
14072
15982
19466
25661
21376
15738
16226
15108
14265
12979
20164
11459
15296
14148
14183
18930
16247
10547
13026
14336
19853
21746
17556
14165
13822
14843
14630
14382
14114
15227
224769
31008
14256
13616
14349
14229
15754
17734
20667
15369
13844
17340
11307
14812
14539
13483
15319
15505
32806670
223660
30351
33003337
23123
32261222
18183
13172
15578
16710
21354
16943
33625244
13747
23666
33647680
33595365
19461
16274
33330298
47552
33297963
33284610
24477
33585837
14973
34189686
17402
34674707
34378275
14056
13616
11533
34926594
14475
35091273
35067563
34955044
34246414
17629
19903
34420520
34327180
33524942
16986
26555
33232039
14737
18070
33187069
20469
18016
34173754
33987446
33935764
26929
34523761
34201880
15862
16548
33920988
32903185
13468
17493
19791
34158440
14738
34096382
18182
20858
16778
12733
17978
34935588
14052
34513235
21276
22524
20011
23659
15583
35918401
36460797
35768140
35748364
21211
14232
14531
36044568
16826
35991774
35915607
18346
36759403
12429
16487
14682
37227798
37346286
25076
37642247
12192
21192
38334755
38365178
13924
38462849
38496928
38070309
37991675
12429
15840
15807
13175
23051
17845
15492
10882
24678
39945622
38276569
38445693
20442
38610699
38224952
38297765
37629371
37178751
36660331
21989
36737095
37410018
36889137
218262
189012
37353926
37344903
13590
26275
37320919
37408389
36284745
13953
17253
36140457
35737280
35725226
35495977
15361
14675
35872934
16110
10696
36072671
13423
13340
36912468
24364
25820
37968651
15950
17133
38427355
22387
39201111
39168580
39098878
39768746
39522278
40055290
40087907
21908
39907750
15767
39693968
39361991
223871
270121
36694
17254
14374
21700
12600
41190140
40106086
14074
12053
12079
40337606
17059
40625613
40234535
13818
40826090
23830
17571
41006211
40375071
39718401
40284198
14990
40188360
18367
18969
13320
16529
40170036
39888775
39673533
39559014
17930
21989
22602
40077768
14469
15528
20632
22024
17338
14072
19836
41770407
41699183
17711
15074
42538818
17323
42765918
42329923
19874
14805
15935
11813
17641
12985
22983
14928
42939034
43208547
43252934
14352
42336295
42322338
14496
21418
42804580
30852
42807005
16901
41557425
41609292
40513782
40529041
21401
39093334
13287
20842
39152441
17820
14330
40870146
19803
19626
41125643
21172
26508
41020211
14455
41121128
41112512
23643
40366107
43261
13162
13990
39800432
21187
39696623
39467126
38771321
38872653
38503872
12292
14801
16966
38922626
38701083
39069257
14387
37638510
17997
37441318
37238701
36866621
36877125
36979063
17837
37043637
16516
13978
13890
37660983
14759
37649429
37448059
36680600
36840951
36183066
35675787
17217
15752
36244163
18140
21070
14564
23818
15485
37312761
18455
37547824
15755
21166
228002
16003
38378485
14724
39364703
39319066
39249245
13885
38208653
38117560
37227752
36183853
13782
36173149
12404
19959
17176
26314
35779776
35845649
17191
17034
36065384
13135
13858
12498
14514
36650284
16201
37500075
217467
143959
23922
36975661
14893
37299830
13398
16904
20631
38951782
38910485
14342
39154215
16236
37472189
29079
37772414
37374187
37285745
24733
37397223
20526
15790
36877256
36739263
14986
19170
16148
38085998
14237
17021
14838
33658
39365440
25283
38252506
14409
20024
38498719
14238
20846
37784080
37885857
38113649
23098
17083
38755033
38192543
36114143
36423430
18102
35721560
35875749
35843146
34121654
33928789
20415
34125028
21176
18900
34785623
35045418
34723701
34724711
20127
34768026
34705898
34245067
17758
16172
34258207
14770
33870330
33697864
31976010
13529
16652
32241210
15935
31872425
11252
16750
19349
32576351
13433
33086912
33064165
32775362
14963
14112
13722
33005751
32878032
25679
32948064
15471
33072563
13234
12260
33279671
12053
33108161
21551
12591
33300338
14043
29834
17794
33687221
21828
19553
33147927
33098956
33142864
12631
14819
15721
21375
15230
19502
13134
34900285
34822433
15885
15366
35006508
21085
35717719
15125
18891
36289338
36749296
22394
37027010
37158062
37327499
20259
14577
37747909
19470
38239428
16685
20240
38218027
37042835
36755196
35769525
10625
18487
15000
15925
13002
23573
35525163
35944545
36288914
12523
14017
14953
20121
36237127
36612160
14187
14707
37158796
37159016
16226
37239874
36892941
13410
37657847
1048326
487909
496996
195022
12950
19828
37995072
14512
26808
36979978
17515
26772
36503118
36912651
17663
36854529
18014
15101
35436629
35360382
34874600
15747
34708735
34103019
15548
34398514
34173087
15901
17120
28422
14366
34991525
34787107
20088
21124
35821801
13397
34559233
23577
13839
14425
15928
18899
34098845
18595
34042854
33721595
33489097
18153
14289
33134503
17959
16978
23171
33726499
16786
20481
33917070
11895
34065342
15196
22681
34914799
23067
34782379
15035
35009590
14471
35224968
35428550
20556
21141
35974915
35873157
35862030
15846
35645631
25719
15976
36010861
36043722
36144369
35852435
13123
18052
36396951
36350558
36015837
35865390
13425
35790225
11621
19553
22717
36170812
18273
35840296
35655270
34771216
17162
223830
36505950
36461896
36635375
14607
36353794
36579459
36489319
17790
19538
15411
29953
34155
37590620
37305777
37028070
14349
37552129
24061
37057316
37078780
15289
14821
38125886
16749
37943350
36850128
218301
257103
174221
37904971
13888
37755910
21280
20148
38110592
37093397
16740
17092
37437096
37226197
37083078
37279577
40978
14373
37207463
12403
36994098
15239
36193487
36061923
13070
13749
36457642
25719
37003741
13534
16886
23157
37296058
36825778
216247
36694243
36504232
23949
36927543
18167
16876
14098
37027415
24393
38185632
15439
14219
17790
39019134
39065026
18839
38308272
18815
15156
11514
15113
38473496
38216249
38446827
15815
28509
42639
12805
15961
14199
39950199
39778778
15431
25429
27496
39632702
17232
12542
40205212
40406707
14968
40436821
41053754
14792
14762
15113
13419
42178507
14214
14413
213504
11773
42939686
16607
42197421
42197484
16561
41199848
17041
13484
41602756
40883297
17514
41410490
23917
41893535
14028
42533294
17549
23712
17035
43107139
42477924
13253
14766
23148
22593
20446
43269174
1040081
597370
605392
621457
299214
135757
16912
43779509
18241
11659
16949
43255035
43190142
14902
42830036
16522
42546241
13439
18675
20525
42776503
42032613
16323
14166
20723
43367024
23409
43831361
43386647
42804981
13670
13863
14140
43301662
15217
14545
21093
16457
43885235
43865419
43255061
43407686
18666
43543111
21619
13651
22086
15148
44774848
44639233
44278527
216405
17914
44335203
15841
12654
21220
45492176
12027
45700887
16794
14335
44570264
16700
44630487
14423
44641310
44528624
44284489
14312
44338564
30512
13268
15443
43975996
17303
44503957
21068
44492065
15486
20130
44069189
43404202
12639
43616553
14655
42473285
42537003
42023682
28197
41260005
18367
15272
42483249
13396
16393
17493
41959714
41828908
33086
41216287
16397
41412809
41570810
21654
41415402
21718
41213085
14822
41301224
41425671
12046
41685999
41282472
40735996
16799
13145
40466277
40900771
14666
24079
41246500
41167842
40098672
39360249
38533260
37370868
14057
29384
37892192
13901
37899700
17621
37424123
37973125
13934
13305
19214
12913
11490
16251
17040
38641139
37360788
19926
13142
13515
38340606
37907661
37188020
37038986
37056253
36349167
35114104
16872
19808
34662584
34914949
34797305
34602293
12317
34201915
34089916
33474013
33019701
32588230
31871560
31664478
10287
20138
31026214
23077
30350216
16388
30392227
30630282
30691852
22114
30798776
30470657
11805
14136
31711451
20917
30829405
30366563
30402882
30624930
17613
14096
30082077
29228640
13235
16324
30526125
30604891
31065964
31054859
19397
30006925
29861917
29978093
29879464
17123
15114
28950728
20874
17431
29371679
28541
29420
12571
14547
26647
29669650
16923
29852391
29989415
214034
30232762
15722
15493
31816
31041896
31095861
15748
30613289
17369
29886102
29807285
14456
30167944
30235452
30095386
12188
30272362
13100
28506
30617743
19050
18552
21807
12698
32137007
31833600
30478502
30170027
21977
24594
30431975
21107
14857
31027211
15816
31888130
31861763
26655
32002510
19466
31771405
31439620
13078
18051
16319
32393007
32608360
14905
32705772
32740132
21251
16172
33194093
12086
32897163
32356064
16791
32845785
15629
33067810
16894
33049886
15906
11309
25726
14696
17150
13769
34225770
22323
18251
26215
12300
34509257
34458731
12371
19466
12301
35032633
34629560
34299307
15451
15997
33373322
33199115
12945
14427
32593232
33109330
15767
33220360
33133886
13667
32953317
16877
34184870
34850065
22049
34753169
34343370
13178
15443
35287581
18859
36043718
36122264
36383341
15136
15992
36718003
36907972
36705680
25312
37616319
37688067
37133435
16333
21173
37676617
23091
12840
21744
21074
38048553
18594
38181830
38116654
14683
37891194
12986
38446464
17461
20564
37359475
22767
12240
11791
37967151
37742262
12745
38297302
37913225
14166
37872612
38308723
11187
18141
37324095
37395503
14175
16922
36992359
36856749
28603
36550750
37442505
15435
37727910
37768977
37620692
37070980
35668504
35401655
14307
17561
34323
36094132
35905887
35124922
35629393
35388112
35402386
35316597
25584
34790964
13728
23022
12245
35295901
22286
36233723
36069608
36215293
13993
34831377
34884816
34972036
15785
34897220
17554
17474
18189
34916529
34345842
33350842
33470971
33627650
13932
33680909
17932
33873036
32782271
32512186
18689
14090
32592823
32584033
15925
14282
31939271
18095
26666
14250
14352
16075
32661920
32810666
32569403
13668
11713
17627
33258036
33402876
14533
12383
32595711
32139425
15661
16524
12671
33016440
32707136
17373
21129
33472814
20046
33636931
19978
15704
33603516
33430180
33085171
32696703
32484890
17114
32538431
32563278
31245101
30442662
30257775
14182
20192
22526
12378
31004039
30140627
29609343
11952
17499
29610630
13509
22376
29724801
23486
17027
18805
12981
16682
30906267
30794717
12018
27083
31696397
30946192
31061407
30903682
20878
30943301
30166271
15935
30347761
30416310
30533531
14314
29945667
28169
30246496
29227734
29318210
12639
28853941
28999965
17268
11789
16538
35563
29263222
29001304
28795834
19711
19435
30079472
18127
37019
17112
30905496
15767
18472
32133885
23692
33047290
16211
32304999
18829
32834026
15273
28907
43435
29086
33108533
19065
23571
12940
15950
34232335
34268996
34419835
14533
14948
13556
15243
15699
13446
12882
20641
13722
36937486
20601
37132927
37185707
37233072
13953
36911331
37013847
37068521
13060
15139
18713
19554
37848140
37872100
18024
37581854
16325
37267534
12615
37514371
20465
14234
37852040
15769
16202
38059918
26273
11977
38789740
38844574
38699624
38362803
14259
38188135
17082
38309894
12564
38245030
16124
12799
12726
19203
38353069
38453373
29937
38483930
13857
21649
42548
38896037
39112764
20822
39439004
39722215
39249205
38505614
38795130
19675
15933
38745834
15015
38753638
17016
38895689
38276814
14604
13729
39106752
12711
38019426
14583
14423
37633540
36882520
37068177
13867
16688
36406
36833363
15838
19306
13316
37527100
37749701
37556338
14231
37689466
37729585
38011567
38101325
19155
38306226
38460191
15828
17039
22533
21939
30543
44718
12117
38678771
38615578
38650776
38549977
16931
38688964
37455448
15594
24721
38184211
37267065
37657060
25536
37621463
37689919
14481
14027
25949
38111811
38161206
13139
17313
38060531
38009932
37811941
37770711
37248271
14726
37475892
37602361
19633
38081914
17824
38056129
17977
37764896
37613479
37677923
13503
37067111
36175604
22297
19090
35097412
19475
35316406
16034
13341
20985
35862018
35340837
34994532
17123
33730240
14693
33746720
21370
33979243
14108
31759344
18526
30591925
16341
11759
18653
21116
31506575
31376797
31381724
12443
31239304
31525568
30575770
30386274
12787
30462411
13446
16972
18462
30021070
30038527
29377807
15068
29527727
18184
29151653
29384521
29789902
11291
30283571
15976
30286850
18216
30847984
30680346
18250
31178804
20019
31503789
14847
31501126
17513
31412263
14966
14277
15987
31914756
31802824
24005
31507721
31491599
17864
31477950
31042129
30862571
12765
33301
30657143
15745
30413929
30289006
13658
13870
30311546
30030779
17309
30647324
31168729
13887
16469
32272340
32122379
24013
25565
13664
31583121
31266887
13263
31556700
31275923
31732428
18925
14498
29419
32263964
14333
19115
22720
32887083
29188
19174
16334
15180
33127060
32976279
32233451
32355852
32305916
15912
16048
32451603
13351
20350
32120551
32029289
14121
31549429
31497519
31020307
30901318
14908
30840729
29895671
20807
30133840
29735750
15816
29875705
29886439
29871278
29942228
19728
29806352
16771
30312713
29737825
14339
29838852
29915370
29900542
29644644
16570
19666
29355870
25654
29390051
29288253
29648159
29096385
28900754
12689
29382025
29725266
18894
30509573
17170
23104
30626760
30346534
15570
30841004
16880
29849300
20945
18598
30422391
15043
30397673
30552323
18230
225726
13123
15504
23517
13291
18390
21998
18145
13997
14163
16476
32618726
20082
33165879
33359285
21554
12905
22062
15208
34120655
13156
33533391
33442641
33441530
18097
32691213
32405597
32092676
31529593
31047561
25150
31623777
19721
31202277
31195745
16455
14998
14150
31097557
16091
18970
17201
32164950
31923630
16841
32129578
13867
22733
31465719
15010
18306
15687
31394221
31678171
23518
32406878
32340182
33245558
12309
15358
34667831
19103
34520089
34983204
35295242
222748
225462
31782
35171125
35191418
34570258
17209
34348715
14296
20531
14642
35204558
15042
18745
18507
38463
14620
15720
16604
19277
36641957
25959
36478298
17247
36587716
15871
19064
36640987
23407
26593
36860049
13986
13187
36424552
22674
19938
16683
35947708
29292
23097
35546409
35062078
35677189
14753
40792
30069
22962
14872
36202021
36613888
15586
11802
20392
36559335
36459152
14131
13557
37044313
15717
36913789
11942
36727293
16517
17900
37371311
12523
37917209
37979032
16277
17495
25585
38222781
38610215
38465196
15652
39181370
38965109
20394
22513
39049993
28212
12932
39495704
13328
18900
11289
40151479
40149322
19673
39620786
39687680
39386794
15659
12018
16389
18419
13214
22825
16159
41440918
41439761
25090
41452430
16822
41047039
18682
41193338
28748
41470451
39970277
39757695
20619
15099
14129
40117000
17683
24640
39888982
39596463
38673972
16973
38465534
38607281
17903
13059
13090
38907476
16669
39226421
38654959
31795
39026076
38808841
36424758
13119
36727014
14891
19001
37300386
36681868
36921597
36745904
12493
15257
37462939
37392277
14018
37428180
13117
13913
37748756
37885467
37837577
16004
37274984
15790
37347707
15103
14197
38083587
13007
36132
38003086
36379202
36514243
35997170
35835533
12983
16422
12029
20211
36076505
17475
14138
21280
36218160
35628276
36009080
15940
35134075
15348
17794
17840
34590634
33969372
15064
34217761
18869
15249
34831283
34255433
34318106
34339534
12565
34524438
14857
14523
32733981
31573462
16690
17169
15772
28011
32328975
32260242
18295
24502
32489272
20044
13838
33094980
14291
33241783
32865495
32627164
32755901
32118603
31646814
31268834
31508140
19385
31660481
31295782
31383062
31327280
31223785
31005790
31282832
17549
31922022
31447426
31400669
21011
15862
18660
32237
11513
31328797
19015
31597248
31514712
13899
31217213
30535096
21811
13407
18094
24206
18407
31044931
12259
15063
31254993
31650641
20726
31778477
29466932
29507630
10947
29835401
19094
13700
30013830
29769040
29823971
224415
66183
29942879
29930303
17649
29719499
17363
30103999
30069665
23376
14711
21814
12015
14950
17836
31336038
31114251
18240
33723
31136645
16062
14887
13337
21107
44772
12576
31170143
16292
17063
31386402
15271
19587
35776
32720020
32049343
19147
12414
16333
14079
32494021
32517747
31757087
21054
31051043
31029477
31832011
17007
32267542
18111
24082
31620005
31725417
32455
13826
32040979
15420
31905198
31884082
32181820
32276660
31779714
32706
31614111
15724
18774
30863086
31418727
12852
19049
31601852
31610419
12036
15954
31842502
31148260
28817
30903993
15159
31480011
31018102
31175680
30519337
19639
18204
13642
18475
31687787
17618
28406
31784274
15167
31176883
31467488
20160
15762
31774713
13576
17734
25619
32760165
18520
12246
33202517
32758538
15958
25155
14545
34129545
20479
13398
33917391
34143366
33585098
13121
16802
32977205
17455
14234
36633
33356658
13278
33825118
33865949
17086
34013927
34101327
34499675
14405
34426891
34643548
12591
35263852
25544
35938451
36243710
13478
17547
37185578
17664
36672420
36368210
14516
36163308
35002529
35467601
35579819
13446
34794872
18063
16140
232189
35692849
13646
35732566
15074
42452
25236
35932428
35942795
35336753
22284
17248
17701
23541
36060535
18125
20811
14044
20817
13349
36071482
14427
36484956
36692371
36794410
36719115
36460205
36770955
36462017
36348869
36359014
14660
16082
37324336
23626
14785
37251880
19270
37340289
14875
36402270
36532340
15809
36296975
19038
36041574
14017
35997656
35075805
13928
18766
20442
15158
18493
19656
36003660
35760799
36309103
21923
36379571
36247582
20290
36249581
35429289
35049009
34983566
17197
34953254
34724669
26643
48094
12743
21257
18829
35994645
36030093
19952
35802897
36304906
18615
36448979
36252657
36272407
14693
14275
35884387
13266
17633
36112669
36353762
19321
36295939
17044
14389
36658895
36480398
12731
36045859
36214846
36035819
26726
16674
36572725
35465738
15492
21618
34797047
12990
34898194
34406036
21201
22831
34632681
19768
23176
28813
14248
34105766
33186243
15276
33206154
15871
31621057
31082399
30726693
30732471
30560286
30321730
29931900
29992173
29881225
20311
19478
19149
30546655
29937588
18962
30339126
29732431
21328
13275
29525420
28584503
16030
25201
21064
13312
22657
22053
15388
29779733
24163
20041
29605526
29581645
24840
29760162
17231
14290
16865
29053
15289
20753
225233
30896714
30875345
30414872
14607
14016
14411
33612
13398
31271832
12046
31289005
21828
30475521
30456589
30119648
30101421
14830
12979
14412
32377589
31376677
22336
31697978
31239259
31265094
43221
16544
16001
19126
17179
27492
32148872
32181723
32141323
23739
35335
20037
11978
33084660
13980
33055968
33039045
15011
19901
15196
34071082
19272
15653
32882671
32236226
32226187
222520
28685
32416
32103226
13843
26308
15583
32716143
32738475
32172085
31639071
31251546
30452814
30126278
29545135
30358064
30457714
30184153
13043
18899
25022
38874
30702087
29585
31309118
21148
13220
19318
24748
15280
23463
34205100
15042
34205449
34256303
32811984
14855
33252153
13350
15206
14211
33820713
33403171
33327107
14411
21731
26322
14204
17538
33661771
20423
33980116
33830567
18804
33384395
15578
18307
33868319
33574451
33202499
34023914
15135
33807686
12860
20851
33888336
33988710
33301165
33253564
33509979
17713
33519059
33963864
33362685
12935
33190568
16911
22834
17589
34634807
19979
14965
35332198
35471281
12891
35594546
12884
35682440
35611101
35372763
20087
13314
22614
17005
35152830
25173
24503
14512
35732613
11545
35659831
35632189
35140794
35164513
34781780
16277
34858694
34448646
19774
34545831
12802
33128703
32401110
16207
13773
16707
26802
29518
33009908
17597
32784320
21312
31666888
31764630
16681
12262
32115263
30892126
15058
31074462
30764539
30667711
30841420
31094837
14879
28956874
18073
14116
42398
29273197
28684421
28672330
13863
28492576
27782276
219046
74505
16718
19770
28193926
16289
19241
28763336
12953
23060
22898
24735
27824615
15206
28797
28837049
29119986
12774
28125328
20183
29306302
18460
29512811
29590210
30195911
14699
29406526
15146
29770720
14044
11713
30554078
19511
31182878
31375841
24225
34749
22578
13107
32455618
32422613
32406411
19465
31672251
31580659
31595439
31140136
30498592
28584064
28858100
28571860
23229
29445977
19154
29662498
28989373
11719
33281
24489
31152
49829
20928
29059740
15183
26566
12733
16299
29842520
12511
15037
29399678
28852540
28881592
28794742
29453
28394921
45698
17615
28980066
28977493
27112
28172857
15550
28829253
28862195
28836553
20003
15281
29504251
16336
29900402
16465
14100
30674525
19883
31159054
30666526
13137
31234835
228479
73984
16118
18725
31165818
21542
30617321
14291
30232312
15465
23566
30403872
30353478
30293249
14110
28489
14663
32502085
32601069
21289
18521
33071474
32800468
23368
31848
16400
33465242
33611710
21903
33888793
33857833
47030
33851292
33946503
33900279
33704391
33429183
18540
33303503
32707755
32749055
32845791
32907458
16064
27431
33137674
19594
33484305
33404763
18258
17560
33798017
33860135
33927235
12977
24417
33923787
34112282
18858
33819962
33582488
33544223
33892234
33596413
32998479
32526772
11971
32759581
37666
31866041
31540027
31580902
30306528
30237710
30300959
18293
29765664
29954044
11674
30230409
29342590
15167
14764
15607
29251000
14014
40606
16260
21911
29665684
28775710
28831396
49402
28935298
28719200
18364
17737
28961491
29280695
20279
29477583
29516982
24652
29272914
18948
15617
29820383
30059963
23152
29577274
28764057
28942226
29011612
12169
28374804
22665
14044
29601934
12330
17018
29556184
29479705
13816
21998
20591
18025
30452304
30105248
14630
21295
25683
20324
30435175
14761
18701
16954
30856385
30841010
21453
11409
30752257
30522178
31123655
21506
21891
30733989
31116618
13535
30481526
21969
30168588
15617
22098
30443212
22543
13399
15381
30662181
30361699
29639542
17596
29530221
29597134
20426
29604816
15223
30048947
27995617
27949433
18061
28196096
17061
17813
28214294
27461016
27584813
16970
27203024
218028
180618
149547
16336
16308
28691788
15937
20909
16178
29694300
29594871
14145
29412449
13502
29543885
28023
15102
29694363
29762736
30066623
26118
19580
16456
16279
30782872
19010
25951
31096087
17035
31382266
35986
15238
31004761
24214
31079953
12712
31297686
31302952
31466317
13358
36873
31550473
20163
31271842
31126637
13039
21215
31263377
31502741
15628
31904319
15788
22161
31646877
32039670
21992
32226188
32187187
20997
21966
31981927
17841
31998313
29465
32534900
32475924
32531907
34682
19904
32798862
13216
17303
20460
32961855
17385
33178645
32800603
21736
32151733
32511068
22997
20080
14057
32981392
32748711
32560222
224566
133421
24304
32710095
15004
32812643
32954581
32903806
14590
16414
16593
16850
13141
26651
17634
17307
34072379
33965101
38671
34230664
18827
20367
13100
34130289
33222337
33212535
13168
32986088
220813
16762
34033075
17847
15923
26152
34259905
33786614
18061
14429
34868173
24731
221238
20235
34864559
32076
16044
17175
36214252
36291069
20747
32796
36267633
36277881
19567
35921819
19292
13723
14055
36886824
36925310
22782
36485155
19777
12685
15093
37366322
18398
17736
37152924
37355685
36555042
21328
13690
26336
18780
36935010
36725919
18155
15781
14342
14283
37726311
37221484
37446234
37464723
37197170
36927754
22379
37521441
15521
37224267
24458
18588
26169
18279
38298256
15011
38795133
223044
17904
38458732
38099094
24760
31079
38830220
19059
14207
21078
16449
16501
19612
40243483
18199
32861
41015082
39941284
17063
14184
15161
39225414
13226
39471134
20082
39813012
225741
220614
146100
154426
29097
20184
40169200
16754
16623
11592
14878
41992940
42056223
42151828
41473416
41213581
16966
15560
41643170
32128
41778637
41862339
41734968
14294
41465348
41396667
47619
14694
42767724
43082493
42761497
42533251
16589
42874580
27746
21059
43256930
43104363
12681
19451
43160036
42905811
42833023
16211
42785825
15311
42992843
42309911
42793426
42714709
14703
42390626
22358
17229
43105590
43321193
43578499
43540489
44227766
43237476
43055400
43470997
43120045
16903
43130047
29046
17647
43583559
240396
175184
25741
43670737
42237130
15482
42556834
42550337
41878831
41877214
14093
42270824
42118417
41350681
41063588
43955
41192867
33698
40786670
35781
224995
190751
40149288
38873185
19271
21209
39283693
20795
13302
38835419
15747
17492
26222
17018
20804
14467
40347991
21595
39896970
38732752
18964
29791
22185
14913
39451449
19108
39633463
38860676
38479931
16931
16611
38563738
14555
38803264
40623
38552407
15925
14378
15401
24632
30668
39091829
37867050
26519
37868861
32247
35503
37731889
13642
37619573
13579
37902539
37701988
17177
37395613
16744
37453058
11786
18535
37074994
19580
36758198
20470
16739
36569696
15138
26620
36874824
50441
36496548
34675187
19203
13233
17894
35009454
16581
19123
18862
34850035
34442521
23758
16424
34934801
21727
15046
35073939
34561591
15670
18032
32898020
32786764
32752381
32664854
28478
33176958
14251
26357
40676
30260
32567886
15023
17544
32757076
12822
32368018
32565133
14809
32774688
32853403
31699681
31463328
15363
16373
15671
31835574
32339683
31821064
28319
31139687
16423
17795
17579
28688
12632
15696
32647671
17538
13390
19607
15408
33458134
29607
33637526
22004
33878989
20539
33499211
25412
34052254
11862
34204485
16744
43402
34004265
34189921
28785
13644
34342041
33280241
33017453
32983659
33126852
16501
33481329
24194
30476
34292483
33953613
26686
35088
18737
15853
33880806
33941075
33972089
14257
34284707
34252603
34318959
34306992
34202932
21109
21482
34682844
23869
33075
16457
35508894
25321
21156
35282166
35218838
20424
31990
36268710
18706
36529895
36402858
19791
36063020
31274
36037389
35912982
30252
18752
36600872
13624
16624
38171
35630
37245899
21251
36212165
36328520
16505
17351
37174499
36321907
35948461
13000
36235963
222634
22244
37220556
15722
37020188
11682
16266
16810
37457717
36949917
36774793
16529
21665
36843006
36623493
18267
36720510
14460
16319
37541144
24661
37414109
37383057
36998512
19896
19436
38051080
15278
16367
37394798
37398237
14221
22810
37108738
37010670
36988661
37436428
36258471
35937336
36112311
35285679
20140
13821
35282872
27111
35580820
21341
35196760
35436494
11718
14447
21345
13735
13686
18199
18234
12075
14601
36214003
23177
36291013
35603996
35339355
17674
14851
15850
35395091
35358817
34895819
34627101
34659720
13450
17647
19303
20190
34940292
13073
23079
36206184
14951
37600403
36902737
37445990
37782497
36305631
13930
35750856
35603434
11511
35855089
36076877
14028
16089
19728
15960
36804654
36687457
36529616
15899
14521
19114
36993308
36733966
37267736
37471662
15964
37479672
16897
14527
13994
38906796
38675965
37456639
15056
13191
37770883
22332
16252
38269399
13394
38924119
15594
14181
18156
214855
194165
126111
16442
17767
30141
17828
42038981
41172138
22641
13444
41399866
13413
41387666
41300847
19869
30000
19369
12097
42970020
42502784
42083952
18538
17428
42277473
42394090
41406350
20601
42257521
42815546
19330
42482351
22369
41996076
41851825
40674593
40018784
39684442
30603
16438
39886546
25641
17315
13637
15517
21950
39803126
14516
40626219
17304
23167
41859851
41532447
40614444
230487
237424
40911530
40535768
40659111
17004
26100
40732767
18398
40706486
40769844
40578318
25264
16059
21719
12528
23980
12864
22213
40524954
40483064
15967
14636
22348
41302511
18483
22443
14322
13633
22822
15358
42126372
19114
15604
29904
41200349
21253
22288
41694287
42016057
16904
42171326
42124800
41823222
13360
20031
18751
41948530
23266
14277
42221395
42314532
25071
42413749
42627481
25220
42771864
16903
42693630
21842
43517247
43570978
14442
33958
42638817
43443905
1043217
512880
43735390
43846255
43501792
43559061
43563997
16936
15108
20973
44121830
31048
44229681
43493483
29645
42298286
40740457
40655837
40138238
22026
40435794
40580143
39874158
40018613
16258
39940779
40250855
39195162
215895
16676
16600
18299
14539
40258336
17552
40129532
13706
39653350
39727614
39209456
39211814
19763
39075111
10930
19782
19622
31202
37983691
37415
38094714
17681
38135349
37783886
22877
36872170
15266
17314
36494853
33210262
33277807
23227
33058702
26352
25923
33332025
20361
33078132
16742
13927
31398357
31383478
15765
20940
31475225
30873798
30773060
30438376
13500
29445444
15250
15962
29825828
14338
14547
13489
18385
15124
30536037
28067
12799
31715007
14847
19744
13451
21540
42178
12631
20422
13048
32565327
32538725
32089102
31930295
31849483
31356235
30522121
13457
29939695
29986354
15556
15513
30081568
16931
29542715
29369774
22710
13896
29500002
18305
13481
17659
16858
19487
16382
17910
14831
31056147
18821
28757
35167
31012514
214800
12571
14946
31258561
31223500
228510
14327
14775
23025
14466
16695
32682424
32579446
13544
18490
31787602
19862
31454157
19256
31821690
31107173
13794
30787357
31004292
31115643
13354
15029
21606
17490
31805221
31285809
16152
31002743
30900926
30658923
30458029
29980241
16707
13980
30383476
13938
29723962
29518788
29398070
17147
24413
24281
41045
15784
29243201
29312088
20045
30317898
30032363
30189065
30303313
29892695
23163
30370029
14759
31406355
15562
14359
31604085
31464509
12645
15510
32362285
12565
13743
32947962
24424
33295
16296
32852102
33465557
14988
30313
33567087
33325478
26233
32934305
18563
32798039
18781
11423
32839190
31756784
18398
31782845
32138562
32281370
32417272
20400
21417
14619
22219
20678
28871
33290162
22061
14772
24474
33840555
15292
18705
14294
33875508
33633168
16135
33635637
15359
33874482
33930309
33843365
33970627
16283
34504126
34227130
33906738
27579
14650
34409914
25509
33986046
34394420
17535
13929
17004
34919779
35379723
35472445
26902
14177
35638093
15647
20631
35565334
34936470
34206511
32988147
32176826
17975
21284
32610298
32584674
16238
32659813
32273712
32351938
13163
33154563
32561234
16603
32732441
32793457
23101
16592
33313975
11960
33434917
24943
33274091
19401
17528
16834
20392
31677420
19645
16229
32876239
16310
33257310
33373320
31660420
31997745
25264
32115899
18223
16196
27882
32034024
31380460
31504231
31572494
31231638
13362
31180149
16321
30679373
31026067
16155
31291333
31424108
16452
11942
31759866
31927647
32399155
23556
11695
32093385
31888305
31840916
15241
32044921
31975944
32998
32070430
30008
19116
30389
17738
13809
24445
15488
32172275
32436851
14753
32227490
18283
30132
15398
32621948
17519
15739
21646
14052
34200288
17895
34119835
16484
16288
33687558
33493092
17284
32449
33696804
15184
23621
33207286
13434
32850783
32211040
31377941
19539
14816
15384
31674239
31739672
20754
15228
31737
25460
16024
32215334
22426
15710
32317445
32634667
23884
10966
33001747
32991424
32677426
13870
18015
16246
17759
14323
33852174
28979
33882156
32954404
32492515
31949797
32007366
31708951
31804370
32101787
14748
31964339
16602
14042
32776188
32272516
17317
32649799
17848
33434128
32920018
32932776
32729300
31974074
31465374
32095848
31875713
31950081
31693481
18266
18872
15572
32213292
32230531
18291
32577042
32367049
32344647
32787750
14884
22044
33521924
33293734
14585
15424
33538323
18626
33970882
15611
13804
16098
18702
15038
35179745
35018976
13175
22760
25149
34625130
16626
12493
18872
12947
35255262
13187
35642406
15282
12038
17074
36196723
11667
13126
21357
19418
35956449
35306939
35314559
35161801
15881
15074
17537
35382311
14488
35539213
35348941
35312841
35179004
17298
18388
35556153
22599
35539357
28647
15382
36202798
36184731
19669
35967873
35735748
13366
22576
35949127
35670751
24034
35503469
16417
18365
16584
35318559
13981
35220352
36241814
36339233
36568309
35763
36455026
13934
15884
36250798
35700654
35976495
35908180
22977
35484272
11751
21573
12893
33916589
30366
34002219
33551773
19472
14050
14144
14746
34511558
19551
34587080
17602
35035491
35309376
35244917
17644
36107949
35692427
213463
35871440
18185
12955
36063107
14029
13535
36177964
35608921
19864
35329283
35553159
19190
35768146
34417953
34262015
16734
18335
16413
34706128
17047
34570961
34581990
18057
34841484
34874488
16644
34763636
34758986
34681078
14308
14646
33780466
20602
18877
34119751
33798923
33099896
16543
33083576
25029
12963
33498027
33372882
21445
33494559
15893
39717
18711
33788809
33466079
33902629
18260
16471
24631
34945134
13852
34874013
14734
18275
34524998
34503410
34098659
23372
15842
34930637
16340
21941
14101
15021
35677012
13856
35459674
12975
15605
17888
35568637
35506688
34718413
34489668
33392746
33670295
33543898
19339
32850783
15536
16169
13748
14727
32913443
32773162
30740127
31873163
31772153
17280
17019
21029
32659721
12703
32134165
32382347
15008
32445479
21558
14778
33327389
14410
13243
33540246
32954843
16480
32930838
14426
18302
16619
32357377
32738685
16962
32579190
32619257
17536
16798
33116838
33215395
