99730
105329
37377
35751
26451
30698
38775
36066
31874
43602
29191
30776
23758
27526
38916
21677
49281
28703
35821
27029
33060
27310
19132
43470
27904
57310
70549
73435
23750
19605
25129
19780
33874
38673
47583
32004
24045
30262
18157
31156
27261
43760
49083
20719
25923
48593
30952
36102
37219
55032
56792
21132
73592
33373
49708
25362
22920
22481
27214
30324
33374
45409
19115
28745
27493
25355
29622
19127
27498
34967
30937
31317
30922
20989
48205
32590
22801
31041
34405
24316
35135
33937
52610
42596
30503
54450
28479
28936
26847
30034
40016
32307
44433
30803
235657
239273
174208
136677
32924
29696
22370
21259
26854
29080
26110
49134
29567
16523
38014
31117
27406
32071
27454
23498
28571
32270
26211
24667
19264
26566
27016
32352
28884
22724
22304
31613
22717
31448
22964
18495
27393
26271
28824
31281
20066
27424
17645
24625
27196
24425
43324
20928
65097
27985
72256
17305
28531
19461
30969
36554
25842
31574
24529
26432
24970
15271
26208
13333
31024
17351
18780
23347
24660
24832
24063
30930
17778
32276
32271
24123
29281
31002
27869
29748
28493
38901
18639
34684
28557
28134
37623
20393
25769
17824
25883
27514
22169
23298
16940
27605
16470
18081
26022
29049
25322
27513
21654
23018
27789
27705
29174
20803
17475
19582
27413
21460
28797
29042
30438
1040229
1024758
1024000
884129
847472
818233
811091
781300
700965
604250
378957
23489
219083
184737
23039
33310
18702
25361
29013
18253
24518
19210
32246
19188
28400
25313
21443
26070
18700
18131
29901
19376
41701
14971
21884
24114
17923
31044
27804
32328
13331
17934
19070
27609
27469
13986
25649
17460
26669
19564
26268
29957
20204
28374
25540
21116
26686
29795
234078
257767
26944
28690
25180
19984
32257
53422
54018
38583
25509
17297
26652
25389
30979
15691
22157
36528
23371
25275
26097
27094
38846
28709
16188
15298
25712
12088
26101
26944
18952
35494
27729
17441
15883
27385
30570
44075
48838
32109
20922
31488
19366
46158
41733
28731
21673
27928
16546
30880
19304
19723
28182
26823
36849
19225
20992
26442
24186
21025
20574
14792
22936
17977
22685
25588
18321
21355
22159
14963
27021
17248
29167
29209
16365
16896
26080
28592
30789
30447
19590
27306
24547
27418
31993
23280
25383
14858
18914
28336
20916
30978
41775
26716
27184
25616
44860
22390
17500
25853
25680
27201
16487
27624
30003
25057
19031
30123
35941
25666
20907
23489
26151
26321
27363
19414
18480
60361
56639
31143
24103
16269
37372
35287
56999
57624
23545
29585
26058
18479
15667
23354
37493
39678
27290
21100
24386
46921
21814
22979
17519
24549
16691
18626
15389
23782
22386
16922
17291
25215
28453
27593
10123
28638
19618
22976
27682
28065
27257
26574
24278
21150
23146
25340
27966
29489
25499
16752
24666
35222
19860
28963
26816
37234
36305
24636
22242
26434
18941
27089
17427
26128
19750
25174
27890
16309
26126
15207
27542
28987
22901
19128
28399
30758
32012
29390
28882
27145
48251
39462
26884
50015
27026
27885
28381
18092
15315
30615
24154
27162
21703
20707
20917
29917
17370
24842
30844
43106
24654
18743
35306
20432
28657
24516
26244
15243
26474
34376
44453
26817
17100
24484
27845
27920
20687
21216
16518
26017
14009
14069
16942
30894
16285
26828
41460
57433
17327
30855
37625
28162
19189
24760
13660
36001
14021
25686
14472
17487
15226
31347
52232
21592
24883
24618
23199
17165
17225
20757
22778
24424
14721
28120
23368
21168
25937
27467
20577
28731
20362
30908
14511
26829
24148
28652
28684
35926
43899
22337
23981
17742
30895
17957
223266
28444
108347
24374
28769
17399
25982
25680
31841
32424
23713
14378
22470
13486
26029
20310
27674
35211
40816
15317
28559
29302
35244
18044
39962
29796
13287
19533
27920
27388
16524
30504
17912
29612
28908
38930
18387
26312
26293
19159
27220
17824
25950
30902
15953
39200
33536
24253
29532
23227
25528
46001
25888
16976
23124
29151
26770
40248
30552
20130
23440
18358
35612
21468
23630
15516
25597
29044
18647
24684
24536
30021
17274
30162
15390
28475
24696
32569
17501
24512
46129
18559
28827
20165
16648
24485
19657
16684
21549
24919
29577
18359
28465
18334
33038
18181
26029
32070
33840
31633
31711
32774
31872
17121
18449
20869
24726
16784
18275
32500
28744
35350
30926
27467
27132
31985
30506
40646
21354
31511
26888
16764
36404
31585
25452
14586
25581
20955
16719
20322
29205
53414
14860
24609
38338
16125
17624
29794
45634
29150
21902
24877
18038
27382
25093
28913
25753
17016
23422
43671
32446
20483
26291
19121
20043
26904
24057
26489
27717
27603
20438
17116
26181
29090
46468
23682
16483
24769
18107
26349
27312
24453
29192
22926
16174
20282
29636
24816
18300
24394
40048
32828
27428
29778
17253
30639
15678
26010
32417
26907
25094
26938
34473
9609
16949
23794
26626
45972
28188
17218
31868
19012
25889
13198
26292
16776
31007
40734
52638
26911
14716
17580
24464
15947
23505
38470
27119
26613
16826
17667
16488
31187
24987
26375
21966
27753
21974
22030
27184
28696
15615
47553
25333
29309
30012
27258
29202
33252
26834
23922
17970
29296
46426
21005
32495
25592
27096
43685
24377
20775
17245
37019
23706
35584
37092
15965
24829
17282
22584
27767
13826
15484
32290
17505
17112
17228
37220
13779
15520
21108
18682
33080
27036
18318
18939
17343
26977
14870
15170
19728
18370
16106
18195
13883
23437
15775
36855
17484
26171
15004
17631
26739
22732
19902
18975
25652
18306
15392
13935
26414
20082
23629
18972
33417
33642
12543
20861
32142
26863
17200
15734
34945
15705
20410
29418
20646
23123
18804
26610
30089
18190
16933
18757
29852
15610
15758
16316
11546
22783
27137
16304
24154
21200
17090
30437
19184
29738
16254
15537
13504
15344
17838
23501
21050
15119
21225
25049
32763
23972
18057
16814
26334
17647
32300
18325
17446
19282
27134
18421
11481
26420
16157
26491
29833
17335
13885
17596
25012
17311
29738
17134
23310
27989
24036
24606
21423
15334
17709
15525
25568
25460
15997
18334
30785
20864
26570
36785
28763
20596
9226
14083
20637
28118
15758
25936
15975
26156
30830
17555
20590
19261
23283
18646
17843
19884
33212
34386
17725
32555
20052
26270
29508
19093
24051
16381
26353
18814
16700
35928
14674
26047
15122
13711
16289
16350
16747
16112
17320
13198
22828
21245
34308
14231
15031
15769
29462
35997
19192
25586
27054
25780
16965
21612
43931
45155
19494
24882
19036
20825
26563
18194
14840
21622
18700
17673
27016
17157
16412
24240
31734
21548
21133
26327
35365
16013
29168
26456
20266
19721
16532
19086
24305
35877
16600
27119
17847
19348
15623
26413
17746
17933
28608
15618
25039
14017
16554
28940
25506
18680
17141
16137
18894
24483
28319
23005
30094
30901
31470
15165
17236
21956
23721
18126
15122
22912
17987
19603
18810
17124
31519
25697
37006
19691
26385
17029
21299
16929
24105
24215
21526
16618
20690
23388
15069
22280
20357
18574
11192
30962
41520
52869
42701
14412
16253
24852
16300
21054
22980
26886
16408
22510
14540
32774
17815
17415
25954
24916
15628
23803
16205
15824
24067
8320
15575
25416
15583
15422
26684
15157
29210
10426
24734
15608
23914
20643
23291
16255
21197
20885
17165
14207
16087
17157
22476
14566
16289
14727
29000
20776
15188
29787
17550
16600
16107
15944
18491
18209
17154
14206
27953
16696
30105
13942
15839
18129
28898
14343
17074
27372
16827
27657
17220
14730
24293
16362
14475
23578
16150
24479
38783
39289
15735
26007
18135
24670
18576
33519
16347
24672
15245
24531
37667
16945
38395
17358
22468
16212
23242
36966
35855
14062
15458
27026
24332
26747
16010
25836
15927
16710
19034
32261
19672
28298
24039
14435
18694
31169
21835
40901
15791
26234
22635
23914
15451
37528
43796
29104
16649
16053
26514
18964
20747
16422
15589
30353
12767
19420
17093
18324
56963
17822
14189
20208
33148
52582
48080
21896
21948
18887
26882
15911
24284
15731
20054
18149
31711
14037
16897
22379
17033
18633
25770
17358
25244
22001
18465
21746
23174
21940
13653
22640
26313
16852
10717
28438
19690
24847
16639
17933
25000
16959
26882
17391
11211
19249
29664
26721
18435
23307
31245
23125
16337
13452
14264
13744
26347
16121
27503
17922
15536
16866
17147
19428
16085
26246
10952
14564
24162
16008
15229
23270
46453
57926
27218
23448
16631
16456
24566
17507
27685
27272
38312
7475
25486
15922
17468
28638
22584
18076
26766
13752
15058
23270
20215
21686
19507
16449
33282
20607
18267
12959
30557
11407
12603
15815
16753
18202
15294
14979
21056
1052970
1063415
904407
837844
824774
313806
174902
15859
22696
25603
16050
23301
43386
15581
24767
17656
21318
31739
17018
22361
17507
24361
37236
19403
26904
36792
34200
21492
30154
30487
28657
26939
21592
15667
25701
26756
28019
14265
26860
15188
16821
27087
14658
23944
13958
13443
26277
17155
14586
12156
18191
29068
16844
17279
19559
19431
18666
13754
27667
35237
13213
27017
13673
21011
24232
16683
14257
21475
16751
33251
43391
16114
14500
15375
16551
29214
12682
14476
30156
14143
20077
22914
27623
18275
38291
16194
23434
29338
15510
30990
54920
28026
24770
20595
14864
27308
38122
33965
26662
15562
26512
25421
19411
13717
17559
15848
14795
25581
18107
17495
16019
13199
24329
17205
22049
14423
13677
16078
53790
14286
16717
17414
24735
14226
54988
20638
23954
15898
31376
71779
21205
15856
29491
16055
14577
20907
19853
37037
25629
18116
20030
15838
12340
21494
24020
21889
21601
26627
31932
32314
16690
22607
21386
14774
17976
28881
23236
17166
28708
15166
16406
23993
14048
38516
14937
17704
25154
23284
25818
35435
34344
16159
13989
29541
26637
18951
32087
14992
17371
26944
34741
41746
60142
41951
14873
23282
16227
25067
30302
15251
14908
29374
26687
16950
32310
18039
37135
16484
17723
15811
16351
15087
25134
21782
26154
23631
16521
29780
23144
19738
10632
19834
14318
19121
30227
31511
19776
17506
19080
24465
16506
18099
25515
19379
21612
16908
18055
18686
21464
25665
25256
11632
24985
28356
13191
16051
21331
17230
13520
12134
16192
24368
15127
28566
27951
19876
15612
16202
22656
16793
23590
22329
18454
14898
28747
44343
24607
13431
21415
18646
24548
16192
27475
18912
11683
18148
30162
24793
17145
38425
16414
16093
23902
14735
23975
18632
25189
14991
16016
18915
14236
17244
29268
15631
19737
18346
21549
14742
15457
23000
12489
24849
26014
25344
12659
24777
28670
24550
34834
13743
23211
31240
19051
15290
13330
29159
25628
17029
22684
24180
17276
17192
15217
26131
36511
20467
23562
15534
15415
22058
17367
30486
17066
17669
13499
29703
18582
22115
15069
27537
18733
22966
28291
15253
19883
19828
22060
24866
15678
16479
25536
32573
14626
33678
15562
19090
17349
15622
15987
22228
13035
26395
20195
20195
17757
17735
17654
19642
20119
15981
17554
25215
18243
15935
13933
17446
26159
14914
15599
15100
22478
26834
18680
25395
17251
13282
20458
13579
19790
25142
29975
28148
11522
15036
8954
20795
20446
23905
23982
16346
16521
16304
21727
26112
17712
13645
14310
12657
20540
14545
42709
14475
18298
26943
12624
17934
39892
16475
15630
21400
12049
27834
24263
25078
28620
13511
21672
19178
19016
21297
13745
12943
22479
16067
16704
21647
28956
15326
15188
13379
12937
14106
15905
14557
254637
209229
9736
16797
20033
15489
13191
22183
13247
21665
10249
25607
21794
16438
35241
14406
22460
23678
16331
17586
22171
15542
21697
25509
27552
21740
17664
29103
17752
14550
18218
23663
23606
58857
27049
16332
16513
24373
13671
24531
28150
259729
23513
15299
10391
12688
25856
31216
18264
17928
15485
27128
31218
26807
32198
17971
254137
19873
17359
25821
14241
33092
29141
223634
144799
136940
16501
31667
21341
16915
19157
30244
29378
20854
11697
15420
19655
16838
13569
16252
18140
11876
306598
258640
262423
192051
80793
85051
64699
56675
14039
23993
19590
22806
40926
8542
23236
15148
16587
13078
12374
26698
37636
19781
12707
14530
19213
29092
24475
8633
22802
35282
25807
48904
15557
22360
13766
8693
24386
34210
21530
23020
21184
18815
15929
20470
18855
23023
14982
21419
20422
14736
24224
14812
22938
30474
26473
34778
22420
27215
24544
13903
25023
33623
23464
16646
30353
24151
14850
33707
17657
18120
20777
20183
28262
13903
15159
64144
20990
18330
58938
14046
20104
27502
23125
229410
13894
19503
32902
29250
26035
29807
20865
19844
12433
18557
27701
21761
19993
16301
19758
24586
17315
23129
20881
15259
24689
15576
14365
14577
19193
16758
14388
14249
19414
22181
15143
21143
17629
18717
21222
25426
18443
18919
17300
23806
17271
13790
14169
14948
25254
15353
14266
21644
32304
16454
28906
30449
22828
25065
18588
17655
31456
26090
16219
14375
15300
22977
13385
16283
19751
18510
25772
16294
19236
16466
13232
23992
17930
30604
15019
17002
30761
12695
15006
31437
24121
38499
25598
33015
19093
22966
27973
16956
21618
15120
16755
18998
28479
12380
19895
15308
18737
21753
22107
13913
15252
20521
14455
15129
21525
16229
28067
17008
35542
24681
19889
17396
24276
15752
17077
17182
234042
244445
25089
32644
16673
26661
17682
18945
14866
27173
16139
12168
1262395
929787
486907
276351
28415
171271
48441
10313
65621
71715
17888
36599
25830
17007
13676
26120
19560
34166
17079
10113
13610
26435
14198
12335
21853
18997
65669
16249
27067
13239
40990
13968
14932
25725
20015
27945
31021
30502
28957
42480
37918
14118
17462
26334
24321
13770
10308
15341
14185
23892
17994
32342
13492
14790
27386
9080
17274
25538
16761
26512
15019
22434
34702
19984
19370
20083
15731
19068
15979
30480
12593
21612
20000
19230
13973
27940
18751
17911
15315
17631
14486
15033
19739
31930
19672
24778
16057
24435
15382
18776
23040
21287
16309
23620
14590
16678
31624
39269
17057
12861
14883
23613
17855
15755
18374
18912
17930
27730
29535
25435
14771
16087
25850
17406
13980
22547
15183
21186
28856
16320
20215
13330
16945
19337
17487
38266
49127
28859
27285
19213
18745
23187
14419
14280
25520
38772
14468
26663
15660
25732
18186
14152
16948
13901
18921
38544
11199
44278
11335
17025
14752
28861
11774
12326
46627
29325
10000
36099
15494
24952
32061
16221
16773
18285
19655
34573
13728
31371
14806
16813
30617
25139
16068
15808
14102
37014
17932
17297
15879
23926
15008
19240
13345
10708
15679
24568
14229
26322
22427
28598
32365
20590
15403
15166
27078
44606
24380
20518
27071
22633
22151
16333
15232
13513
20624
15729
17815
15671
24001
30774
22711
19361
11141
15490
16361
18537
24896
13708
22686
17447
25262
13717
16004
25795
40579
41251
18122
17432
15148
14051
26796
12789
19913
14721
21211
15911
14389
27298
24748
34052
37430
10700
19153
17460
22944
25159
34937
24337
14882
11714
25167
14304
32395
25201
29080
15945
10447
15395
13314
14902
19610
26078
12531
15884
27347
13252
29904
12794
17225
16270
23692
14875
17650
25411
10535
21731
20703
20245
16301
16062
23923
11622
19359
17699
15357
12016
14842
9173
13723
16912
29321
15918
17206
18176
13903
29178
16891
23444
25041
26329
29406
29984
15036
28903
14982
17417
24034
13413
11736
12296
24519
14236
19642
13332
11918
17524
12734
19098
15953
15426
22076
18080
22080
15195
16775
16822
32469
31400
14214
18936
25171
9897
12871
34105
23776
14540
18662
28508
16001
14234
17889
22818
32590
49543
16663
17483
19496
12894
12693
18881
15317
17577
12460
13295
14786
28204
16767
17472
14961
27605
18011
13455
13689
15895
18550
16548
21194
11642
14687
15150
32672
28621
15315
22358
26481
13096
31290
25055
22068
15370
14709
13041
15597
17588
21019
12383
16712
27847
18355
13361
17444
24259
14892
14366
18213
23552
16167
15378
13932
21315
29952
15646
24910
23457
18494
16966
24552
13322
23926
19675
38871
13010
24694
21611
18230
20534
12528
28051
38215
18533
23154
14176
19322
18205
23008
15075
24042
24970
13698
12390
30973
26320
19830
13362
22878
24653
21344
15251
26115
21264
18503
19277
19505
22275
13538
21405
15826
12634
18254
22162
14528
28034
13455
12171
12436
27611
21714
26765
16606
19361
15990
14912
17883
13602
13973
26920
25259
20163
41563
20273
15016
30093
15298
25205
19142
26137
10791
13340
17202
18264
15569
26149
19445
22074
18104
10575
14498
22811
22912
35000
37040
18062
13068
25927
26103
19531
23930
37205
20303
27670
15965
22662
27038
16492
20217
34608
16925
20644
15865
18136
31554
47756
17033
24402
22767
13479
35845
27657
17738
17605
17093
34280
16968
14618
14177
16470
13513
19211
15175
25463
24822
16368
11267
15723
19317
31637
39733
37712
54091
25609
19718
23852
34208
16124
9734
22522
11538
22430
43627
13254
17434
9532
11851
244304
209270
176847
13701
14606
17007
23586
20422
17850
31674
17048
10852
10987
16781
12798
10625
13690
10011
16874
22881
18819
21461
21916
36297
15569
25072
13818
12105
17709
16163
15054
14202
19894
20202
24386
18715
32871
19737
12876
16119
13362
14834
15619
26738
16426
18927
23563
15623
11056
20682
21110
19110
14900
12421
21250
17092
26567
17082
11520
16791
24934
16565
18635
27468
32391
21237
15604
15598
17214
42294
43105
17858
53443
14724
21411
25141
26587
17238
27301
20620
26999
11231
19493
24029
27128
23493
46547
13070
23532
26682
19808
17438
18787
28164
30561
19103
17165
11971
18733
13504
22974
14860
243268
121725
55287
29777
18483
13370
25158
16196
15340
9020
14735
11335
1044690
942017
909339
913811
893707
875766
590282
599307
396726
309544
21040
20893
13652
17743
15922
9568
23949
22436
28739
33519
13698
23358
19073
18072
12118
13597
18723
35732
48919
14931
16594
24263
26401
12928
16725
24572
9354
17728
22115
26184
21581
16761
14535
20332
37650
15474
15786
17396
17858
17074
16409
19439
13542
17474
14890
31632
16459
23580
20786
26815
11362
10181
22232
14821
18339
12061
23430
17701
7060
24708
16875
16739
23058
22292
30553
11158
18470
35322
25681
17567
25926
28951
31099
11504
21414
18766
20234
43678
15630
12144
15500
19036
32333
11245
232513
216728
26496
227209
14524
19859
22360
13454
25651
28662
15502
25264
19486
22971
11486
28009
16952
21137
9638
14054
28036
19815
30401
18956
33349
16493
31890
31826
17642
26164
17781
19445
25369
19118
20678
19187
14005
16445
24716
14594
23000
14378
27544
40497
22906
11001
9475
13026
16025
16177
20281
24795
16588
17966
14600
22316
23381
16830
11850
22547
11816
12956
14407
17532
234101
60748
11416
21928
18261
16706
13527
13516
25411
9126
18638
10827
18752
35139
11911
44809
17636
15824
19650
25345
16397
18814
19345
26343
16654
13459
235739
53856
25325
24169
16046
26482
29381
11525
13197
10396
18951
16165
14739
12182
20562
16704
15994
18240
14936
17574
29020
12845
27568
21304
14818
16863
17682
22526
21975
16950
14519
14933
12722
18775
18007
16022
25736
13266
13151
16651
15053
16512
23557
17573
13994
39251
17480
13651
13165
17332
29225
14612
14330
20498
14432
14768
17268
16275
26191
37902
13155
19946
25328
10371
31430
16416
16753
22896
25400
20666
23849
17625
30091
25137
18115
17246
12495
28064
20426
25351
13706
20853
9215
16002
14520
28134
15873
13758
27772
9134
14826
17700
19867
21101
21170
14825
24255
20368
15660
23121
14240
17941
14046
18213
16252
8730
25559
13079
17231
23993
25108
19143
12221
221178
16854
25825
25756
16481
9333
26264
34224
38337
32589
28012
33105
16897
13836
30024
19217
18333
18603
18826
13393
14895
17996
13874
16801
16072
12772
11563
20309
18905
23222
17374
13312
15606
12368
18808
242836
66815
50826
27723
14123
19832
25239
17241
12969
28125
16845
21584
24292
25302
14213
26055
15928
28281
14053
16453
22425
35267
21448
12878
17523
15598
29999
28338
41275
42094
16850
26022
14659
13237
15167
9341
32033
12588
13094
23301
17659
24058
14156
21726
20006
49465
17045
21721
13682
26227
14714
27925
15224
19825
28037
15458
19087
21656
14692
14050
12643
18662
15412
12041
25092
20495
14284
21386
19053
24298
19985
26024
20103
17908
16510
29607
79039
10848
233800
78677
86166
83121
15718
13977
30426
27668
17017
16160
15410
15305
20124
19120
16332
27058
41200
15300
17611
18629
25581
19486
22519
19642
12657
19088
15509
22985
20253
25647
14106
12938
22417
32943
18687
26417
12295
14845
20154
21838
28126
14902
14456
27294
16640
17186
17121
19529
29266
23375
8166
15600
12427
11730
13562
17350
25043
11078
15057
14083
14519
13754
44079
18296
18787
13772
12828
16386
14582
22503
30285
19405
21255
30112
16390
21157
15570
14265
29104
17132
15273
31239
13948
24293
34016
13846
15390
15809
33942
17229
17946
40516
16367
227778
28990
33718
23131
11255
17161
16971
15659
15296
19323
12056
13157
14813
14527
22770
10512
16263
14911
24996
21787
22676
15266
18320
11272
27242
23995
14252
30313
19789
14257
43674
21965
27801
12946
15102
26472
17208
16043
17739
17413
24184
13226
17284
23794
11839
19554
17495
17023
15916
28847
16207
17575
17097
25025
28712
18479
24491
24824
23164
14835
14015
14706
40551
9955
18546
16238
20522
13359
13595
18304
21309
15818
17329
15870
14694
15438
16929
22061
13152
18861
14167
15901
26528
15043
11052
17536
16637
16998
10178
21144
235914
199310
201431
12351
166953
100138
91607
31629
17279
38053
19916
16817
16016
233601
123571
16374
19850
22484
53803
22514
20387
33018
32886
17786
26699
11532
20277
14676
13405
23237
14174
18974
35446
38978
13145
15258
13289
22261
14618
14664
22260
16117
13452
31354
12497
15911
25278
8125
15296
12708
12870
16912
22231
15363
38713
12295
17827
20285
14854
24347
16681
16276
13543
22210
11968
12803
26770
28860
14645
18161
11530
11511
13332
23594
27354
20053
15963
28669
13552
18927
16407
23763
19680
14214
21248
16200
20537
18999
16581
15377
19951
23122
12931
16341
26157
25279
16426
16264
45126
54150
33940
32883
13983
20314
19531
13023
21673
16891
23186
31974
15380
12413
19079
17901
16397
26276
18204
15243
18179
21831
31186
16211
14428
30927
31762
11626
33973
12373
18177
24307
34294
11101
29463
17571
12853
20427
14700
19631
12517
23513
15751
26589
21935
18383
27583
29425
29019
14494
17838
21309
22259
30793
16008
18331
21403
24125
26064
1047385
793362
668266
18278
559748
480441
254156
48161
17961
17710
14743
31435
15833
20824
19457
16205
22573
15406
12134
16282
30331
16984
36551
19418
22851
30183
15801
21952
29036
18248
20504
16771
10744
18377
15639
16938
31374
13808
15853
240522
132128
132152
137763
15779
24392
15499
17747
15270
17395
25514
16941
37518
15208
23769
26705
22501
229863
167405
163179
20487
18665
12456
19318
11522
21725
21152
15121
35620
48955
19615
16758
15414
35569
11532
16405
13620
15775
14306
18429
26979
14572
15502
15725
32997
46662
57960
13952
14563
12670
29703
19505
17586
14935
11836
15683
34455
14669
18996
12458
13952
12747
21025
15938
14682
17910
22627
11004
20150
10734
14083
20430
15533
13314
16466
21169
13081
12191
23762
17441
27244
15492
16222
17934
18483
14470
15814
21955
255732
246352
120135
118748
17867
13602
15263
31004
14091
44676
27879
17908
19818
21983
24433
14637
11275
23162
11796
19477
28558
16561
16073
33997
19619
27860
16105
14105
27550
13335
17156
21339
15830
14790
30767
26841
22179
11094
14420
16560
26406
34243
24768
10416
26024
19426
14313
14262
17247
37036
40152
244115
13878
16568
16128
24571
15785
24233
31986
23544
21071
15544
22190
13218
21560
21193
14988
14742
14034
13350
14351
22045
17269
21962
17359
18619
17756
21131
15359
15853
19806
21491
17673
13137
30141
26007
23750
15169
14908
28448
14977
27192
34830
23520
17036
14577
16642
14421
27710
20544
30353
29118
17194
32673
15524
16116
20488
11234
16584
19577
13997
23869
24399
9529
15087
18564
27638
15936
29677
16431
18118
20376
17560
36020
13783
14502
34467
14059
13004
19550
16739
13208
14756
17414
12263
25653
16398
21380
23686
15143
22669
24480
14326
16125
20696
27803
24977
18360
18363
24593
20812
16178
26376
12327
16516
14895
16536
19897
15301
16363
27431
16647
15752
17138
16324
19455
14213
12439
237402
45850
21320
19218
19237
16332
18520
17729
29439
20178
15794
26236
20984
32072
16100
16925
43020
14679
11644
14591
22459
13687
17356
26690
17547
43249
18131
13150
15368
15979
16653
28151
17789
9971
17074
14156
15756
18158
19754
22909
12512
28004
13652
16849
12362
21629
25498
18900
14456
15117
15654
14060
20600
12323
24274
19938
11771
15682
16270
11774
21818
12490
20154
15862
21920
19959
14266
11201
13186
16588
15840
13960
19446
10865
12380
24732
21328
27318
14919
24965
16066
16428
21469
26059
12308
12942
20676
19058
22251
12558
26599
17504
16198
16159
17185
16500
30790
17170
16355
25281
17762
25099
16559
18417
25744
16979
15496
12417
23262
9911
21756
26476
19660
13618
15058
12681
35800
32479
14028
44958
15197
15134
15301
28161
15084
12689
22220
13807
15055
29224
18925
31073
27515
12859
14096
17290
28384
17337
24430
13904
41852
20416
19224
24611
24744
13104
20271
23020
24852
18694
16973
18595
34135
28798
29684
46566
13163
15435
22293
11250
11324
13078
20668
17427
17333
12203
14827
16217
10790
25161
16857
15848
12564
15069
13785
20207
15643
15988
16910
30699
17370
20854
14967
14967
14345
27972
16893
12046
12403
17035
20478
17445
16962
27423
24219
17982
24379
26232
13450
21078
19583
20304
23486
14883
16024
25204
17152
20867
20628
19484
16649
22453
19558
17062
25216
13423
14140
17154
20905
22184
15310
23207
26592
23891
19541
14151
12244
29039
32274
38907
15755
14455
14574
20984
33134
20875
27192
12701
15448
22767
13214
30423
14151
11701
25020
15131
19547
18538
25305
13246
19840
28095
10244
26338
17933
26794
14088
19909
20614
20881
14565
23521
19566
10345
22229
14509
13940
13476
16450
14795
23814
14542
25182
26551
18849
15008
16966
24268
22577
15916
14409
24223
12944
15466
18059
13148
15468
21858
13124
16127
13600
15293
13618
16882
27924
22549
12600
17374
16438
15289
16393
12506
17913
16418
11960
14257
15782
20259
18458
24079
19486
18665
15381
18886
15646
14925
15379
19400
16920
24045
14756
14657
18537
28810
22401
16403
19985
23305
11136
21140
14103
32916
25434
23512
14449
22797
23388
14523
17349
15162
11741
19010
22313
18124
16483
19956
20281
33133
25528
30081
18213
12624
13428
16997
14810
24196
21723
28419
28250
18233
17057
11737
9393
27212
17592
14652
11803
21157
17005
28401
14523
19967
12056
19377
10516
16243
16373
11320
12503
18967
18390
12675
16390
29215
24472
15399
21086
33157
10792
17768
22342
24543
25514
17830
13583
17385
16048
20495
11853
20499
15090
18136
15342
24161
15160
15649
13140
8857
22988
22277
26681
16363
16686
18838
19872
25739
13226
23948
11955
24136
33120
15929
14550
12936
17219
14097
25368
21340
15758
15417
11828
16881
1066044
937058
885944
18544
832906
766185
709836
685664
543294
484756
439151
86029
32155
17653
12876
14262
16275
22947
23842
17843
14021
27169
14562
17564
21141
15336
19771
15547
16283
18672
23799
11695
14325
16552
21482
10606
15312
23326
18414
18030
17069
15117
17931
17461
19977
16363
27240
33136
13105
16758
9961
25036
18943
17838
26456
15372
29039
10474
19061
26050
15249
13252
23679
12767
8521
15264
19677
18051
18673
29526
14961
13035
21631
16982
20642
32296
27556
13888
17928
15534
16563
14014
14143
7923
16221
22522
15140
17898
21869
24626
16198
13542
15934
17672
12733
16706
23202
13477
28112
14659
29177
19400
12127
22723
13058
21587
22516
26360
27913
12737
17889
12172
23330
22812
16776
23815
24023
22395
13528
16025
28576
20712
12603
11873
20269
15140
18455
22766
14424
29183
12037
23303
40769
33299
21961
21090
22156
13206
14003
17225
18666
21658
9858
15463
16524
15385
16231
16737
14725
24119
28200
14336
14438
16264
34648
41839
14465
14624
16070
15783
17351
24076
25135
15313
16600
19886
14848
12404
29853
27197
12672
16806
28398
10872
23963
15793
24208
17228
13385
15002
19160
12619
20452
16722
14632
20386
15310
19179
12275
24278
21364
23100
12834
16384
27464
12372
16419
19257
17543
20227
28069
24024
23299
16596
15888
16104
17111
18351
23421
18367
21208
29762
14339
15934
17075
12421
18462
16024
17532
21051
16117
21707
32273
15314
17818
18885
17795
16234
29806
15867
24788
20042
15117
14979
16605
16706
30936
11118
10453
27079
14900
13936
15866
20549
20957
35209
13932
31808
12222
18001
21306
18354
12197
21633
16455
13793
16879
25437
16331
19633
16514
25643
33253
10654
25232
27709
19214
14905
20337
37280
15252
15999
13811
17006
27739
30738
41408
19678
12992
27034
14846
21531
14052
22029
17528
21677
27414
33408
11849
21597
20522
13269
22522
16080
20396
15982
13424
10148
24026
13975
17477
16373
9581
16190
24318
16735
16429
14397
18876
17420
26946
13720
16773
23396
13849
24140
17485
22954
13844
18930
14503
24672
21903
25878
20227
25632
12233
15745
19054
26188
14994
11098
19227
12197
25623
26262
14703
32745
10984
14251
22976
19466
14053
20562
12844
16377
24386
27745
20148
8666
34797
62515
24595
13630
19281
19797
16022
27346
16223
23377
19458
28217
19309
23940
18207
23903
23959
13441
21458
11525
14812
15030
14297
27727
20611
17755
32074
19298
18415
14021
26833
33356
17834
16784
13562
16231
15363
19712
19240
25220
27083
13073
21792
14245
20810
16342
16433
26395
20396
17830
18016
22133
10032
17288
15784
21510
17357
25776
11043
14875
21249
13607
27845
18166
21497
41545
22190
30205
17413
19007
21158
29496
24152
15234
15375
14596
8811
18417
13509
20886
13580
13156
18220
22282
26157
16489
12566
24713
13673
13155
11709
15885
17040
28173
14987
14304
24833
18699
15491
26859
15948
28884
16906
30197
61079
46198
18568
40916
8931
13649
15030
23551
43004
47100
36732
16219
22743
15491
15092
28950
33857
17429
17054
10506
14115
14975
19434
23722
23599
15608
19228
34005
14801
17003
14346
27888
15348
23499
16696
14687
18003
23802
28607
15321
26630
11436
14859
16838
9580
23285
12887
12248
16597
24443
16470
23790
15963
18705
26147
12550
12275
10292
18771
17542
45334
38645
23399
19392
20837
15977
12979
20757
18008
12568
22566
21024
20398
29535
12203
27812
16681
26286
23663
14098
14980
20303
18333
23771
15523
27228
17792
14090
15312
23664
14273
27303
18482
13339
22848
13015
11296
17889
18348
18495
20169
16314
17740
15590
16555
11536
16522
16884
20498
24732
19578
16467
33696
16222
27087
14362
22949
11847
26217
18635
19275
33078
42981
15814
13635
25943
14411
14042
17680
19443
17757
23896
12596
22221
16434
16633
12791
14557
17564
16494
18604
14875
22043
13247
227566
239160
116203
103662
15391
22595
18285
19003
20960
14995
15533
18312
15158
25334
9331
18334
16400
17439
22734
34012
16911
10084
17062
19291
25174
16623
17318
26360
14954
14825
26494
15776
15037
13049
12656
11346
14174
15890
24487
17421
25742
23067
13156
14229
28079
12008
16174
15208
43078
45894
15155
23937
16104
21955
22943
16564
19572
13853
12967
11998
15095
25119
21942
15938
18214
21543
23881
18951
28279
34034
17742
24944
16475
14335
13159
29212
15040
18600
25176
16456
25179
14003
31928
25818
14815
17950
16728
18469
24551
16372
24865
18826
16822
24691
17712
14223
10276
14736
10916
11182
15592
24507
12632
24283
15044
15360
19916
16031
15194
26280
21586
16828
15862
14389
16032
9385
16571
23180
37807
18908
15294
16925
28650
24778
14705
13560
12258
16885
13307
17596
13223
48126
39444
15188
20592
15583
17783
13976
14767
16980
24971
14239
25733
13693
10463
22238
33974
20737
36823
14706
10964
9152
17069
12807
12569
23872
15835
15426
16361
19267
14003
16148
14343
16499
14705
18144
13697
18596
18536
17115
14994
20044
16190
14916
24645
17859
14818
25050
17836
15862
15111
21383
20823
12804
25559
19768
32059
15753
16521
25290
26124
16518
26856
20035
16077
21229
23400
14483
27661
15444
15750
41709
13218
24662
12837
13439
15467
12238
15946
21946
35546
17142
29657
11533
15478
17965
11120
12108
12647
19216
15609
21807
21789
14539
18763
20128
24932
14049
11303
17660
14147
15978
27968
13300
19857
23462
18004
13969
11591
11590
22130
14495
19109
24537
21194
21184
12529
26428
39236
12204
25474
19513
25291
11967
22199
17068
15371
26145
15350
13262
12726
24886
13990
24410
22652
31844
21880
20143
18343
12853
15887
13093
21605
15959
15547
18605
12295
16816
14068
37830
21742
25393
13909
15861
23232
10399
14856
21855
17937
14699
30159
16461
16897
20802
15624
14793
26183
15041
17432
9732
15534
16684
23487
15047
20465
42000
17464
16239
18258
32193
14455
25447
13893
13126
20787
20964
23881
14830
13288
28666
11858
13673
15332
23196
10276
14351
30758
18739
14676
28801
17547
15115
28422
16538
14423
27063
16489
11281
224582
14767
13430
14487
11801
10260
18866
14642
26122
16215
15418
1046890
1004751
771819
777079
585480
18834
599334
314177
179804
122240
22719
13733
17788
17220
27269
20223
14474
14997
24109
25866
18971
14283
13083
18277
15894
15730
19249
21102
19731
16534
18609
19901
22966
28986
12617
28344
39061
12168
15925
27510
21119
16175
19589
14036
14222
16994
25002
26137
15654
17752
15814
22206
30190
30869
28647
15813
26466
17105
15894
15687
20843
15978
24400
13626
18281
25071
30867
19031
31922
34692
14244
17603
11505
21487
42113
14577
26751
28479
42103
24883
11813
24556
19839
16046
14338
14037
20669
29466
21840
19761
28222
32058
13480
35894
15603
16067
17772
28047
23184
17879
16537
18448
14257
25484
19690
16073
17732
15885
14092
14741
15124
22843
36697
13324
15104
12232
14744
17442
19219
14614
18415
31608
22994
18875
20959
22363
14175
16133
11905
21864
13102
17691
13935
28512
27394
17304
18398
22920
16525
16392
33598
16263
14635
14027
25017
25755
30219
14538
15250
19942
20067
19225
16061
22979
16510
25045
13203
15175
20527
18668
25649
18202
12893
24322
19008
24422
38692
37457
11974
45495
15750
16138
24110
28160
16007
15952
32279
13078
18216
23173
16420
30142
16704
24901
14883
23849
22672
18485
28618
20803
15301
15317
15434
13107
15464
26332
16961
16002
16680
12407
15157
27199
36198
15809
15254
25265
23730
23230
14553
10747
21138
11942
15928
15791
23620
15863
19201
20991
17320
16889
22473
14233
17488
24604
18700
45390
12669
18148
28818
11302
38642
19861
21853
14909
28578
15478
18046
11492
14343
238150
243698
166729
148812
83006
31120
25934
12008
11839
16120
34760
16931
17730
18017
25067
19017
26416
37638
12464
14643
10942
17227
16591
13337
21165
14068
23014
16457
31757
13977
15080
20608
15700
16109
20387
13176
17276
14740
19811
12287
22856
35107
15867
16562
14096
24348
17368
58295
86704
18873
12907
14784
14093
36985
48395
14740
18499
17023
15054
17991
24962
9676
13491
21248
15204
13891
32137
21351
16316
18801
12855
25344
27387
39693
16437
21634
16064
22111
26646
25825
13126
17985
20286
14844
19504
20669
25144
10770
26287
15621
13091
16099
12962
24791
33779
22428
13210
21834
15721
22364
14960
14323
23572
12640
15610
19895
18738
15737
15328
18406
13932
31172
15617
15154
15873
17527
16422
234811
230320
233828
57196
23669
22147
15160
23254
16541
16137
32863
14002
19568
29555
17489
14020
22723
36636
15847
16722
11894
16681
23246
15029
23643
11845
27218
19912
14771
15986
8394
12847
31533
45327
26297
11780
15923
20463
17371
18969
27861
17393
34091
17836
24037
11711
20761
15190
26685
17320
13564
17621
14469
28449
13066
20861
18371
16691
16626
20486
29511
27789
15544
16907
22713
26900
25480
5293
24298
17349
20250
14058
27856
16278
15388
13327
11790
23322
16583
15088
28150
14961
15343
28957
15687
23918
19380
25412
16982
14064
21778
19757
35219
19908
16786
17870
29882
20688
30998
18003
18589
14510
18278
24167
16250
14845
11095
17137
21496
29869
29234
14871
30998
14593
26204
12984
15716
25044
25120
14814
15621
14238
23170
14653
12343
8146
16739
8925
19467
23029
16962
19076
32092
13874
16497
12772
18779
16765
22249
32756
24093
18320
16702
15145
27761
15977
17766
30168
16943
26500
16838
13129
25682
13372
16590
12095
12441
14711
29539
23817
22868
24927
23521
16472
18405
13227
12457
19613
16078
24064
32814
16729
13557
18083
32982
34865
34297
35636
17987
27560
25068
16464
13043
14218
22108
27403
15494
13736
13304
15058
24932
36891
10830
15898
18427
14835
14806
20195
20472
22682
14740
16493
22723
10626
19246
18783
22577
15165
24814
17105
19315
32211
31542
14755
20253
13183
15080
22312
15772
21819
16935
17377
30690
12797
21755
19260
20908
26804
22589
11394
19650
24354
13590
20211
19596
20264
18378
15004
14394
15123
15789
17284
10206
25773
17823
30359
18067
15639
12227
22304
16669
15021
25929
17365
12594
20614
18034
13843
13233
14800
22695
18805
16690
18938
14365
17407
13459
12909
21122
11000
23386
13998
13959
13709
19354
25494
35597
19525
21780
12552
13857
31900
31924
15107
15947
27077
30353
18034
28575
15180
19055
22986
18481
16807
14526
26951
16803
16284
14167
16290
17018
29313
16246
16713
25461
33934
21861
16917
16674
28244
37564
21074
25899
14984
7651
13654
12512
24304
16396
30536
26365
23356
14239
13015
14238
21747
16987
22353
18314
20257
19084
14593
24911
12738
30926
31704
13108
14756
14413
23442
16642
13708
22135
12947
11651
14927
12517
17653
27403
14060
22428
14765
26024
13579
28243
37472
17597
20933
12722
15096
14700
13386
12199
46506
15434
14659
17098
15792
26068
16415
13286
15581
23340
18696
23361
31906
14895
21280
13202
11308
12753
16578
15464
17230
18570
15006
18961
34357
26471
14267
15401
12872
18799
22620
19204
17628
13859
15002
27331
35592
14947
13587
19449
23559
9428
25882
28547
15602
15938
16729
14730
15029
14744
24118
9997
17886
18460
23934
17388
16882
20470
21583
15185
24859
10785
16488
22239
26819
20707
23886
21372
27031
25609
13722
16858
17156
13189
12271
26649
24823
12137
13380
18031
26117
19749
23315
16202
15352
14334
229131
28635
15345
22590
26055
16706
19998
18639
15626
15462
39630
19923
13799
18621
23697
31762
43625
17709
25721
13830
19287
21564
20167
14816
22928
11916
22297
15051
15024
20788
18782
19489
22115
13738
15804
17771
18756
29543
23945
16373
8794
18246
25624
22363
10590
15646
31046
13426
16147
14279
25190
15051
22040
24110
30976
31887
21064
34102
13443
30152
15031
22790
17245
13182
22119
11065
11247
14814
19107
18150
19084
14749
19603
22506
16401
15505
27527
16257
15611
32550
19578
13635
21982
14925
13684
14006
14111
17123
16254
15755
15266
15427
10506
28668
17911
14940
25603
16193
24005
16130
16290
26424
15863
27034
24218
12470
10502
15385
18181
17699
18862
13356
18644
17638
19796
12236
17272
16366
15704
22402
34937
15103
20839
14967
18409
10815
32057
17159
18768
15311
15571
12233
19550
25000
19338
30004
21696
14853
15716
18195
15092
23689
11592
24566
12765
17093
15436
14363
13345
17110
20316
12122
16175
29264
18272
23454
15281
22532
19194
42796
18380
15448
29152
19786
13569
17275
15266
9185
13570
20909
26785
11885
19169
23856
16672
20810
14048
19160
14384
11737
17793
14307
16590
23267
14011
16202
34213
18631
13293
19355
23503
15268
13608
26340
24725
19706
15635
24121
17385
18146
15618
13729
20557
40679
15668
28852
21697
12744
13545
26396
12212
18905
14455
24827
18921
23861
16474
26263
9090
24482
28059
21361
31206
38882
17273
10140
16070
13450
28096
20840
31047
23246
33405
14370
26387
46159
37012
8757
20110
15440
26362
33789
16061
16450
15785
20867
16176
14242
14528
16496
14401
36528
10969
20612
43829
17696
16334
13096
18193
21367
13523
26029
14845
15207
17395
15488
14813
17118
21832
18119
10371
10383
13024
25116
18285
14232
11456
27094
14852
12116
23142
11331
18930
15254
17149
19204
18482
17288
19315
22484
14447
29996
19447
14391
19425
14825
22808
20730
14056
15553
10034
13136
14896
22303
20464
16619
13657
19435
19592
12597
16076
21431
14276
13793
12560
23810
30128
32584
9380
15529
14994
18083
24727
11049
15672
11708
24129
17780
17743
20508
14722
20464
25790
26037
38114
23461
15377
27703
17082
17080
13456
15426
26297
13778
14113
21290
13725
15048
30978
15740
18725
33381
18574
27211
15158
17878
12957
14923
14974
30014
30573
30160
14170
18183
27366
24305
32402
21456
15059
26747
22798
18932
17339
39796
14480
43380
29367
18219
25951
31304
29010
18002
20126
13937
29999
30476
16326
23833
19917
16056
16791
16863
14912
14472
14221
16764
12452
26489
11068
25332
12196
25167
12038
13838
23973
20943
8111
11704
18275
26704
17680
25404
16085
16407
14519
26649
11225
12284
36047
22021
11182
23619
15739
24908
11332
22100
24968
18698
20125
12179
16637
18794
13733
17300
19536
9494
25876
17195
26610
16275
14911
13022
22824
16415
23578
30010
33398
26945
17165
18245
21820
53387
11943
21666
16140
16679
24653
13197
17246
36979
13969
25688
14292
21440
28284
35028
15241
33430
21304
14956
31464
41035
15308
13249
32710
13744
15908
14561
29091
18692
12916
24818
13747
13918
13808
22589
17555
16316
10431
21538
21432
27116
40007
12861
27632
15564
19350
17364
34471
11041
16324
16179
25309
15686
16282
11401
13388
18798
11431
18195
19159
17400
16401
12007
19679
14702
9056
23669
17264
15111
27611
15686
13946
18586
12438
16560
28714
22143
15486
10370
15488
27358
14925
16742
15538
16971
19566
11195
22561
13314
16573
13920
23042
14026
19847
13394
16353
23861
15218
26431
16321
17042
13997
21991
27514
37138
15682
40698
14722
14788
16078
14483
26492
14803
23645
15208
16028
22439
16201
22499
11398
11746
24856
22214
17608
22809
17527
30030
14874
13906
16506
11760
19747
26248
15755
22166
28942
16467
23139
16602
18180
21953
24421
40795
17266
13862
20122
26277
12650
13894
13376
19893
18781
17897
15371
13296
22421
16552
15165
15729
16661
16208
14022
17312
28104
11543
13044
21747
20977
13714
15468
15408
16183
18717
27137
21603
33098
12614
38690
18502
16444
15414
12713
21067
16966
19893
17570
25899
15885
12665
24676
24157
15787
22035
15139
11676
14167
17602
31566
17708
17479
12224
20051
13241
19252
14672
28296
16411
13940
10967
19010
24306
15611
16737
14660
28302
12661
11312
22278
23161
13251
11684
24692
17712
19256
17857
16612
19060
27194
15357
15136
14428
16665
23929
14887
12169
24849
11766
18627
17062
12777
17071
25965
22837
13595
26294
14389
25625
12830
12838
27802
28644
14056
30216
12901
17715
14157
12175
12267
237281
165795
14911
13466
147925
22000
16626
17348
21981
8746
22665
24551
13131
15648
23638
14271
13877
39252
25181
18234
16499
15592
23803
28247
10160
41866
13829
41785
24455
24698
17229
13696
16932
13305
23060
17412
14263
19082
22563
11221
14559
13575
14551
18087
20769
20145
14621
42762
12504
17442
13526
15734
21897
16291
11486
20238
15220
16357
22292
14707
23544
14073
16426
19876
15981
26548
25000
16896
27116
43256
9694
16482
19590
18663
12412
31307
13300
15696
20485
14633
11200
14289
16799
243769
188767
18799
17549
14723
16221
16534
16454
23310
27693
12956
16207
30898
19661
12549
16122
27298
13700
26278
40880
14229
19829
18730
13336
26528
13928
32837
25916
16557
20478
11392
17764
20888
25036
13746
15882
18469
21060
32723
31699
47914
19384
19314
31990
43616
14124
18309
15465
38703
21305
18297
19510
16059
17280
13522
31151
14144
19195
24540
19961
15681
16744
13074
11562
28942
11099
20670
17611
24030
21716
12662
23967
20418
25701
15618
15577
22439
16457
16075
13920
32035
18564
15122
25713
40136
23918
14710
27976
25160
30217
23053
13833
14933
23550
14223
23728
14481
17982
36924
11094
20144
13004
25253
31574
47783
23978
14006
13085
15862
31544
26234
10127
20444
17518
15680
15688
19552
15008
17569
14061
19819
29215
22402
22423
16757
15539
32416
19561
17092
12931
22195
19241
14894
25374
14009
20520
15252
26581
14333
22194
17966
16898
16020
22421
15205
21786
21401
24580
20350
15173
16672
23872
16275
13482
26103
16140
11313
16638
16642
14022
16035
15248
36655
14544
16567
20170
9817
18660
17485
15399
9710
20030
13670
23261
21773
28251
17868
19396
28419
18205
34206
13954
22524
20981
12765
36194
12139
16221
13266
32975
17541
27477
28849
32289
19616
18133
15617
29912
18459
14537
27740
18684
20905
25679
15604
13622
23359
36556
15263
20007
31249
16711
15376
12983
18240
15856
26954
25271
12721
16296
13930
24731
22025
14364
11678
17552
25682
24709
23810
10527
22699
10780
17937
14667
21052
18049
18192
18105
15432
19248
16602
15455
30268
18083
24462
13284
15472
26982
13471
16444
15952
21998
21850
13085
21239
16183
60825
15709
22347
11239
15328
27795
23010
15632
15974
31149
23869
11423
21115
26420
9872
13234
13253
17306
14519
18140
21760
14312
17482
11918
20534
18180
13342
21817
15237
16292
24754
18628
17485
16486
14734
24686
14734
19274
25245
16228
18064
35392
15492
13790
24136
16618
18844
16638
38282
13455
19730
27572
14451
14244
22246
22705
14457
25805
14106
26513
34691
14873
16264
28685
21196
17315
16522
15543
31488
24325
13044
12832
11045
20396
20482
22791
34263
17194
12016
19228
11272
11257
22229
17004
15018
15856
17537
17346
22090
10144
22088
18273
12340
13811
19707
13733
11484
12732
24504
14446
13853
13592
17141
13689
13143
18776
17256
12818
13488
26645
25497
12493
17433
17706
26822
17839
38161
15483
19590
23799
16366
43538
13935
15526
15456
15481
16218
14522
13645
25901
15965
25386
15466
11054
23176
25103
14903
15471
14485
16071
21599
15098
30144
11025
17440
16277
22165
24130
13416
16280
11959
18260
14134
15595
17224
21857
13720
15505
43917
31167
25633
15670
15263
26744
29809
18116
29107
12934
17127
25612
15196
13061
14048
20679
14926
14647
12027
20515
18160
20367
16182
19408
23414
21901
11406
13588
11275
30924
24913
30555
19672
23324
13750
15678
15722
235617
229186
129531
135157
118948
90955
28157
18321
22224
29167
13676
14340
28898
24736
16387
21492
14899
20474
20499
12975
13924
13894
18185
13603
21010
18345
19127
13401
19210
29194
22305
18960
16398
23523
19274
24427
25398
16449
28410
43243
18597
19322
21858
14737
22941
15097
24940
19563
17088
17203
15813
20833
15340
16690
14608
25734
15205
17145
25647
13958
12210
18878
31015
39424
30534
20402
16810
15369
14105
13822
25562
29274
13024
16787
15644
32170
15219
14657
11900
13653
11728
20163
14563
14807
19823
10783
18284
21840
17760
24838
25300
17042
17652
19543
13258
20918
23153
19251
16509
29179
19831
15345
12663
27578
32020
33503
14295
37228
22265
17279
23569
32010
16763
13125
13543
33275
21290
15861
23800
26326
16212
14108
11832
26007
24957
16071
15363
21404
19940
20573
19867
15413
16365
29971
15123
13520
28990
25271
15358
21797
24922
16461
19065
16123
15739
24503
20831
24428
17375
14777
14890
16544
19375
21060
13102
24332
17255
19588
23420
38137
44774
30985
14240
9306
16336
16388
17269
26386
15362
19233
18181
14280
10530
28028
17554
15299
15827
15296
24611
22632
33494
27734
15463
18719
12657
23701
8978
16251
26893
19225
16939
14397
15779
27674
13921
24568
22014
25327
53774
19557
21144
34210
25435
18392
14454
9434
18533
21915
15190
24090
19326
14902
9844
26580
14690
26945
16874
20676
28411
16578
23435
24169
17462
17220
14302
17308
40029
13274
21655
13061
230444
228594
18734
13479
21892
26487
23216
16965
21139
12750
15236
27728
25500
14622
15302
11799
14683
18852
29140
15129
17359
13446
15736
28709
15458
21924
13711
21412
8794
18418
14560
16917
23736
14467
15433
17329
14299
13697
24850
12436
15617
22286
13890
13945
22246
14439
22833
17193
16457
13918
29951
15747
14442
21820
16705
34760
15882
19829
33893
26727
25886
15681
25138
14726
23433
15975
11510
13571
17217
26938
13508
31940
12406
60864
28139
9204
15876
14774
21999
17171
23973
14218
21330
15998
17329
15917
12567
16293
20826
11579
16539
17295
13975
17146
13811
26141
14175
14096
22502
15837
13251
16494
17560
20581
15119
20175
17713
16102
25887
12941
15684
15082
15605
30144
27182
20938
20961
14993
15805
24339
18537
24919
23453
16679
14195
18016
15161
12874
22943
10571
30187
22912
12904
14806
26260
23834
44160
16293
27540
14206
27425
15965
29559
22532
17500
15033
43821
18624
22188
17827
13793
20268
27011
17466
15227
15209
16186
11567
39742
16490
14363
21988
14221
11902
32603
22219
14511
10544
22539
13465
8306
20246
12724
33984
13493
14792
12994
16971
22913
18400
15133
16712
23374
16274
13956
16100
17184
26329
15601
42814
24712
11077
17197
24272
14815
29403
21411
33253
13216
15930
13996
25905
14777
18144
17533
14516
21290
18142
17890
17959
15867
15949
10531
19182
16735
1052337
606930
374701
22400
307622
15397
26718
21029
17819
16185
16412
22416
13530
13104
13998
16866
15414
25248
18766
11169
28485
14775
18841
16684
18734
17502
21905
18775
13312
12654
17811
17579
26654
12116
14344
19202
16048
16857
19227
15086
27158
16312
19902
22363
15168
28893
15595
15499
22444
13832
20375
24480
14726
17446
25553
31013
17264
15694
23066
21081
17251
24670
13688
28146
22230
18019
19022
20225
13860
19543
16506
19581
25164
16772
25365
15815
24495
19228
18524
17544
16813
30047
15805
11520
15819
15365
24440
13365
234162
143855
95061
20049
24789
24293
13758
18681
21235
22961
29370
21669
15448
19020
12542
14955
15502
20678
15138
23059
16159
25410
22956
12495
34018
15942
19788
27061
32489
21148
12846
14846
25987
19231
12977
15786
16651
36591
14475
23897
25047
15000
16011
20615
15494
14152
18203
25104
19135
26690
17508
17180
16821
21772
17652
27777
28028
12968
16519
25210
29335
20909
29864
30265
19012
14208
13760
33493
16978
20642
13417
16721
17053
28136
15767
26416
11751
21311
26812
27478
40832
29114
13169
15501
25268
24810
22586
21506
27409
16457
18818
38015
24294
39737
18330
30635
17312
44924
229050
16398
20439
236268
17138
16044
10204
12236
31091
15453
26296
17007
14175
13628
16738
17031
15488
20087
28138
14984
18184
25480
11792
27333
30201
21895
21988
24523
13813
25284
17643
28543
22830
13484
16307
17442
12112
16745
23771
16137
14715
25600
18823
15635
39441
13768
13488
24333
14940
13899
20046
16265
20525
19366
26595
13272
15000
25331
16797
22053
14298
25480
16682
21184
16677
15744
13997
24766
17981
27670
18918
15920
31021
16004
15485
21058
21035
239516
23814
16445
25633
14308
18090
23499
19310
12773
11654
19475
27767
23765
22606
13125
17387
16114
14828
24966
15020
11093
24500
30708
19151
10149
14978
27806
14074
10138
13155
14921
20734
16150
16384
15673
33333
24926
19664
12549
21881
13975
21153
13966
24389
13997
17811
20551
13011
18022
28156
21913
19731
16068
22615
14332
21911
14393
21222
13400
35626
225344
208213
199183
198266
14735
13299
14687
22968
15706
27726
16664
22113
19897
9729
27791
44242
43937
15347
24014
16185
31330
10843
17231
19642
18806
30404
16040
222926
116893
106447
38470
15813
22227
13754
47722
22108
13993
24531
18764
32661
12685
9235
25778
34587
16503
13611
19119
22067
19971
13930
13786
15256
14295
13163
25573
17212
16871
13837
20913
25036
13065
25364
14395
24083
14062
26791
15231
24305
12246
20068
19489
24150
33778
21011
12904
18007
22530
19269
17282
22008
18069
14496
19455
42334
20229
228333
235244
22728
12526
208908
164228
62237
16536
14652
20061
15520
13436
16827
17975
20438
21949
17706
20857
30452
17338
12377
20612
14846
22137
13529
15993
20992
18975
19459
20467
23155
13151
23316
20609
235225
14501
21724
17081
20093
10536
19074
22958
19210
12488
13899
29625
17248
16704
13041
233590
127997
132317
57380
22835
21209
16693
13499
26368
14156
33242
25946
17305
19454
15067
21844
16811
12637
22538
16420
13305
15022
15842
16852
24014
35921
22842
13461
13640
18370
15363
16476
15025
26846
28997
20932
23649
25303
10377
23910
13489
16314
11535
15135
14502
30658
18048
11835
15432
30116
26620
14126
22078
15572
15314
26776
14358
12578
30981
14834
29246
22926
13228
28478
28900
19608
14373
19040
19485
12376
20440
15851
25784
24806
14671
34840
18135
16481
14000
11247
31942
12964
18031
21387
15818
14085
11192
14028
14148
15595
12947
22733
28840
30598
43605
12884
10324
15987
19493
23518
12872
11543
20358
13762
27277
13862
26408
19915
25212
13504
13977
24424
16332
24975
17826
15379
21221
47014
25731
15879
25368
20067
26118
14987
21190
16451
13288
12051
17446
17635
12167
12804
13704
34617
17478
14837
15467
33506
17415
27007
18064
24435
21327
13416
17109
15649
18076
16087
24713
22798
19504
19747
22579
36471
16336
29240
9846
17412
19846
10640
15272
11364
23451
17838
27729
13891
17832
21704
16116
26642
19974
14422
13727
12788
11819
15568
13959
29022
16458
11519
30766
14212
14377
21627
15161
20448
13715
13856
11733
13655
16392
15913
19051
13976
15933
19621
15428
16750
12251
16410
19918
18217
12012
11485
28440
15633
17051
16904
15887
15398
22375
13452
22775
18803
33154
39802
17091
25656
45172
17051
15424
12207
28519
25385
15955
12717
16102
25097
14088
12528
19915
12266
23754
12100
24830
20665
13704
16286
14485
16958
24451
10886
31377
13644
17090
21465
20342
17773
23722
24196
25446
12767
16739
17610
20360
16768
23196
14550
14913
18373
16289
15330
15408
15526
14722
18698
15650
27334
12573
17115
26661
13810
15893
14366
23567
15615
21242
13771
28896
16019
29069
19167
11448
23818
48932
17738
12869
24016
30973
16326
16568
28726
22173
23937
15410
21554
15359
24229
29100
11987
22076
13990
22523
10933
16967
22305
13201
18700
11760
23329
16271
16841
15973
13751
10036
16136
16646
13455
13651
18239
13268
23420
15818
15870
15281
16050
38243
15447
19092
12103
17415
18197
14182
14168
26513
15537
14398
28457
28994
13970
12970
27774
23743
13404
20381
16922
25352
16348
20819
14005
14658
24704
25887
20555
14294
13978
23932
18738
14192
14494
26608
23844
20022
16168
13533
18263
11919
14836
25209
14717
14574
12265
16726
18171
16680
13264
23103
24398
19270
13458
14448
12790
22172
13516
19733
14721
14128
15516
22296
16930
14377
14540
1032588
1012161
756662
639150
460106
433840
21508
217026
21881
10487
13833
15845
17670
17038
12403
20669
15713
12647
27737
18252
28596
17857
14267
23554
14708
17949
14922
13872
16094
15009
16130
35093
31457
17202
10694
16565
12653
18025
17494
16849
28384
25917
14598
26059
16142
17309
22860
26277
18236
19121
32170
18075
31142
14437
35291
27994
38267
27309
16502
31294
27570
18894
10049
17894
25442
22340
15598
13822
27704
21548
18035
22044
14947
19777
30840
15324
13272
24466
19914
15794
17202
238618
250181
228743
15878
15937
252984
250805
127039
67400
53169
15513
12895
17126
29216
232400
15499
24731
17239
16640
13443
25700
12872
13817
28605
25481
16847
23868
14019
18826
31097
40733
18019
17174
20928
26771
17489
29382
18428
21288
23501
26790
17669
13198
9452
31885
26322
16830
17481
29906
28842
17126
14125
13965
26287
21203
30003
39298
20820
21482
16651
32880
24956
21402
17183
19968
15263
33575
20199
23322
23690
11572
31905
29131
16262
38128
19028
14617
28566
29457
16373
20729
21938
15970
17514
25918
27932
17255
26667
15222
16832
15625
18652
21174
14264
24168
12328
23106
28172
12412
15812
23625
27672
12467
23590
17593
15435
12861
26346
16595
16629
14247
17837
18565
16521
17097
27796
29623
24580
15896
16833
11306
16121
11776
24230
14091
13435
18421
10359
10287
12637
25789
14986
14582
14269
13743
29303
31396
20641
12868
28642
22390
19513
15295
45691
31071
17276
14025
272279
219996
224197
175579
22479
21940
26049
24333
24542
28693
48227
27920
14381
19088
20911
20709
13670
24679
15462
19350
37536
14864
23345
19777
34827
23300
13304
14379
26923
17940
19706
14307
17751
16862
17388
15596
34006
21420
11042
18302
20659
16236
18541
22424
23903
16489
14814
16788
25317
20459
18703
19659
14366
22483
16940
16578
16753
19368
14207
26484
14589
19928
41557
16047
16355
20923
18522
42859
23178
13489
10303
15107
15561
19734
19252
25204
1052167
983790
914234
932717
915727
857445
626075
633149
603275
473874
482791
478645
474506
59607
62952
30324
15619
16304
19556
22010
22913
26929
23513
13494
20670
17323
29069
11621
14551
22265
16199
27251
15804
46903
15995
13601
21959
17911
12281
22797
16534
22690
15255
9671
19366
15665
17885
40235
14013
12147
20419
13815
14832
19866
16408
16595
17042
13400
21905
28808
15345
33393
25771
18570
29062
17399
43184
15068
18302
18524
30924
12674
23262
22048
11371
16796
14163
14314
19341
249271
242541
248994
223665
91282
95562
12042
14913
23577
17004
26267
12281
18882
17722
13704
17518
27695
12602
13626
20828
18225
30714
21759
14849
16425
15629
25405
15231
16657
22110
30200
18320
17260
20613
14909
19997
15408
27003
13006
31090
13388
18205
15745
16811
16800
15604
19497
14117
25417
13999
15662
28691
18206
23723
15992
13331
14420
37349
16058
12607
23525
14169
17705
14833
16310
25947
33590
15475
15960
19099
11917
18285
31776
43648
22407
16694
16956
22970
17972
16745
13708
15010
38480
14221
9316
24471
14183
18509
14131
14825
18576
24982
16246
29157
16278
17608
15685
21710
23693
14535
11561
11704
26325
15954
16638
17261
28342
15785
32414
15985
16954
37139
19042
18222
9836
22232
17539
15758
14730
14334
15807
16530
20221
23160
10917
20520
22585
25906
22296
10876
12635
25114
39384
18502
22317
31798
17134
25039
20506
27460
17046
19594
29513
10586
15464
27279
13984
12761
14187
15248
26002
14960
28720
16764
16358
26433
15369
13975
24147
15813
13194
18108
27866
15135
12918
24638
33361
43820
15402
28123
13236
25511
15461
15481
23878
14137
19445
13283
27187
15472
18441
15512
19953
12882
27478
17392
14886
16684
15477
15125
32696
18290
16060
16112
14344
15331
27391
36927
26390
13479
11320
23652
18029
13860
16989
26500
10997
13246
17371
29136
31519
15633
16238
24190
14799
27469
15221
27770
12242
39455
17149
18168
19412
24497
12915
15514
23040
16913
26952
29184
24639
32997
17666
14747
23494
24061
14524
18065
24680
16654
21315
17491
23283
29359
14392
14419
15448
21125
32846
18675
29409
24703
17064
30737
15374
24124
27616
10018
13323
25490
16717
17365
15723
16872
27537
13362
15624
29002
13080
16276
28041
15226
19533
18149
15152
26094
12910
20742
16501
16123
25597
17786
26146
16901
15483
25013
18849
18269
14082
25563
13047
11032
13902
18247
28504
19766
22796
23170
28918
22740
11511
24501
23458
15755
14031
15844
15954
26358
14902
22396
14925
25400
19515
14708
22049
15715
17410
29348
23343
17683
24096
17852
27022
27966
10920
16356
22061
25830
12813
43128
28277
21762
37384
17201
14348
51709
16698
19475
20460
228198
191998
122752
14333
23407
17291
14428
19000
20160
13867
36358
18207
12803
23162
23528
18803
34639
14973
9224
11547
17596
45998
15592
17777
26941
15848
31162
31883
17113
22573
14584
17871
18351
15059
14157
22838
28748
39932
50948
12484
12445
24933
22664
14135
16507
28620
16319
17390
26590
18399
13050
13166
15460
21197
14990
22120
14532
15469
27181
19643
41108
31079
19435
19957
35260
23598
15531
21176
15151
14036
19001
19845
35114
22141
19742
12219
29365
25196
16313
17552
20148
27153
13178
14846
20517
25247
18400
13988
24030
16124
19170
17503
12350
16793
16473
29551
23503
19344
12456
18401
14359
23917
16603
20256
16922
31671
26992
15046
16974
30505
15976
9468
11677
14701
9651
17202
25745
18651
15597
25316
14666
16746
14071
14652
12308
23911
24631
27511
9379
17608
30058
23353
14132
15757
12602
16141
24868
14960
25941
36340
13592
16909
25317
15461
21131
21589
13549
25759
10927
14078
22551
15487
20532
26532
14398
19132
20079
30762
16170
14512
21594
31547
11561
15930
13189
12562
33287
20186
17780
25353
29305
13735
28443
26224
15692
30435
12551
33373
32818
15582
19706
26361
28774
16401
15750
14780
10588
20588
20513
13402
253840
198294
193512
136191
21148
29128
14758
9614
22081
15723
16876
37404
16393
31143
18447
73402
13186
22940
20984
22770
241360
216681
216765
20237
23804
33230
19133
38058
39198
14297
16481
17634
32695
16456
15231
20318
28509
28811
22727
15732
16544
18545
17155
17838
15653
30083
10282
21621
23848
15036
14698
32035
19912
21724
19664
37157
30570
15063
17867
21351
15389
19570
24372
34020
36362
25231
17553
19868
23690
12590
14781
33722
34308
16437
30135
28292
10625
18634
34370
31593
38834
24818
23286
26189
16186
13941
24905
16017
20688
28304
15158
23682
29358
17050
15565
12744
16602
30866
15248
20573
18959
23318
16849
17351
16814
16604
16611
21128
16915
11995
20594
17527
14334
14834
24456
14427
14801
21522
17753
17297
16992
24208
43609
24191
19239
13804
19279
28778
18529
41677
21888
23811
21306
13873
15394
26343
21331
11080
31122
19084
17800
15645
16842
25859
12464
17732
14417
12756
15171
19057
22814
15236
12598
12856
15757
18021
15278
21528
29721
45066
24701
16035
28646
25526
21450
16669
22786
14806
17871
27411
18103
15479
19025
10976
34547
29935
37072
32401
45224
50972
19576
15097
17703
17824
22254
21267
15670
23293
16400
22802
17444
41074
16407
17418
14419
22504
16877
18326
13653
18062
21441
15650
25767
21108
13167
24007
23634
13966
21766
19179
14762
21395
16155
18389
25602
22938
27798
32966
17791
28767
15195
15962
25921
17671
16872
11140
11146
23699
22344
28829
24155
19114
40033
20922
23539
20987
37679
21322
23529
14184
15846
16251
15029
25826
16704
15626
15596
21567
19617
17070
20008
12925
17192
11566
16538
25914
31694
20936
19375
14365
18046
26101
15041
14189
18186
22465
24493
18661
18109
21671
15265
22447
38688
61616
15258
24270
24459
27758
17426
16971
28050
10344
16316
26235
34544
28154
12684
23662
23270
25912
41056
61847
80256
25346
15491
24520
22152
15305
14642
16751
16370
14711
22811
23455
14565
12968
12333
19939
18555
9679
18104
16002
23772
22902
22528
15886
19945
19924
27550
22119
12544
9126
12294
29150
21023
18532
12960
15504
28560
21129
15340
21612
25625
14664
15646
42898
14178
18519
12570
20425
14103
11961
15856
15457
19276
16296
23682
12164
27175
15410
16911
23474
31384
37185
12484
20978
13779
24337
19524
16807
19238
228314
27400
24026
16806
13120
14117
232813
187066
170220
163152
19648
240783
79096
68049
16228
21101
17139
25299
15479
25312
9891
12446
22938
10554
22717
21220
17533
23143
16265
13924
30252
19541
26319
23907
20010
24633
46639
29462
46804
18733
36230
22262
25220
13401
17108
29202
13517
17435
21866
20420
19230
22899
13151
14602
22475
22752
18692
18021
22632
31768
17935
19288
22992
19830
13065
23169
19036
10826
18563
15698
17908
17060
33055
21367
26627
16479
23574
30042
10616
13952
18128
19534
20428
14466
11252
14078
26946
13213
23058
15258
12245
19321
18466
14067
25998
9899
16808
16279
30338
34565
34651
26531
14371
16911
21925
19335
21415
24569
18816
9941
12400
16797
16741
39723
15685
12658
12218
20830
24406
32558
14326
15683
28933
17759
21077
13374
25120
26215
15288
17929
16978
34443
19522
14408
19616
24273
14823
27430
9663
17102
13459
26635
16141
19213
38978
19743
23092
24030
14516
25479
16109
33180
15242
12129
15880
16984
15720
29964
18496
13884
17374
26395
17954
20884
21279
31356
19245
18118
18975
11639
14877
25538
19184
22372
16590
25434
38359
17447
15213
17740
14379
18337
13470
23241
23451
9701
10012
25136
17160
15334
25002
10659
18041
23607
12600
17883
13562
17372
19529
14059
15426
28530
15925
14608
19173
23541
9777
10023
15129
16968
24935
15505
14486
14457
13739
18058
14080
16701
15906
18465
20645
21319
14545
14023
23544
15753
27568
15512
22035
25010
22786
10506
17418
18929
18085
11668
14581
20839
13889
26552
12533
14104
16712
12237
16288
20234
16646
25305
37480
24237
24788
15312
16096
25510
16404
17041
17304
16313
18536
12926
13898
16985
16710
27269
15142
28100
17134
18367
22137
15337
19351
21901
17739
24533
17589
23080
14196
16664
15308
21020
22731
27112
13255
23512
19020
16224
14484
33044
22799
12240
15724
15922
22726
13209
15290
22363
17818
16940
24449
18290
29529
12956
21755
29877
17765
21935
28721
20225
27449
14289
37779
22100
15204
12174
18194
31252
26866
36074
20383
23813
27414
23738
19121
18754
11469
17628
11694
27418
23674
11219
19998
25715
19646
14860
16700
39214
18276
14767
23966
35022
22951
15100
11378
20140
26102
17484
13002
14593
19497
14548
26947
17800
17039
32189
17516
17260
19852
15921
20347
25673
21853
20558
18506
14087
15245
14371
26108
17467
20540
20234
16464
33284
17143
30016
19650
16104
11498
15579
17777
22126
17300
36687
17770
25104
16601
15442
36281
38012
18424
11671
22300
35473
14464
19762
15654
21022
16435
21620
16605
18681
30860
39821
17507
19869
20437
15083
19490
18827
13489
12892
22735
14176
14278
14659
21413
16385
25114
25813
14200
16606
40714
12160
15920
25073
15264
16427
17478
14935
22263
12738
7925
23680
16724
20635
23815
15337
17206
16957
27367
13560
15465
12884
16499
15084
19380
26020
22032
16928
22178
13277
15212
29263
22538
20621
31627
17572
12953
15489
15088
19881
14487
25994
32288
17218
22250
18191
12476
16295
15965
15369
12930
21814
20397
23916
27721
11376
17484
16207
14576
17080
23999
16294
14165
23972
14382
22493
16368
13006
33189
16070
12710
16319
11207
18642
14140
21698
21295
14464
11216
27178
15445
14632
18295
19792
14631
22597
23266
18165
15422
11237
18089
10980
14954
15625
17461
14564
27441
30024
9512
15638
15655
13176
21319
11600
12893
13267
11909
18271
25732
12321
15393
29451
12704
21355
26291
15269
13078
27773
25073
18379
21847
18108
15447
18332
12255
12326
8706
16911
25362
36200
36948
17859
18716
24484
20251
23205
21246
15000
14227
14778
13831
14680
16034
25255
18064
19422
23708
27588
24038
234961
207513
208065
189452
78894
24540
14301
23366
17844
19801
18945
14685
14901
27184
14194
17449
19382
10784
16961
22063
11777
26336
32138
11544
14924
12267
13892
17460
15756
19354
25181
15829
17787
19128
26933
13674
14514
18169
28427
21364
32115
14854
25037
24174
13384
38513
17172
14319
20176
18249
13735
24244
13060
12439
19006
19619
17284
20602
21528
37998
14238
12731
15303
18360
42444
36281
30770
19823
15658
16738
13497
18291
25539
14595
17531
24978
229045
177225
30539
7787
17529
12853
12229
10452
22747
22977
14628
18870
9613
16220
21853
13479
14126
12925
15487
13503
19986
17821
11091
16824
19326
15760
24940
16479
18288
32421
16920
15181
41886
14713
21796
16039
14140
16310
18066
15010
31077
17587
17224
23120
11835
11639
12735
14099
21528
22911
14311
13282
13343
22380
13332
25223
12278
17058
15608
12798
12205
15642
13300
15017
221754
10187
1058920
1062554
996701
15656
828906
771626
777631
546255
500454
474552
441031
13889
434999
428766
423392
344214
354485
135948
18922
19447
24017
12404
18808
17281
8749
14751
13748
16205
22813
19649
17604
23147
15089
14179
14219
15562
28551
16751
16737
21015
19308
21289
16807
24041
25096
14210
16673
17310
19810
17914
25466
19570
21231
21974
14860
21814
25652
23059
14760
22437
16633
21075
15616
19418
28617
16238
22081
30804
23902
22799
17481
13813
27693
9458
11372
14781
31200
28569
17284
21414
14560
24303
14247
15616
31995
72851
120842
51413
57743
61463
43704
15770
37426
20215
19600
14910
10782
19393
17310
15792
24448
27927
23905
22858
16731
12806
17750
12233
10810
16480
22698
15878
12847
29604
14173
21130
19797
15819
14878
13822
28018
15203
13492
30889
18313
33283
16130
19969
21367
15315
26715
19576
17438
16534
11408
25623
14002
17826
11704
10109
18382
23182
32094
18955
28208
17817
15425
15457
13708
17518
15520
16466
22606
16251
15626
14703
22244
16205
11365
13799
12175
36549
31374
16215
29941
15869
14223
19227
19398
23766
14470
16935
16576
13685
17396
24200
14761
19354
230475
239872
65522
58753
11508
24502
17441
24467
19374
23322
12230
14722
14075
39904
31549
11726
18680
16709
20981
45826
46523
41642
43472
12716
17242
14159
21146
20340
26805
15589
21748
14421
15974
13463
18346
24393
16861
11922
25284
15983
13674
17177
18264
18360
13276
15204
27438
13517
12741
12524
22317
13628
14525
11508
19161
23175
46535
15726
14835
16382
22121
27106
14894
16091
20459
21871
16059
28217
19434
21216
27105
16372
38307
26301
13716
36209
29366
18290
21716
36059
37153
15396
30491
33003
46571
16752
17717
13374
19929
16965
16422
26292
13996
16019
14182
27429
14894
28614
18325
15198
25160
13407
15906
10471
11617
22808
18459
17047
14663
21890
29010
17871
25107
13186
24169
29278
17017
21538
23778
15668
16083
13562
15731
19063
11086
19009
25745
24996
27212
16765
17697
20726
17469
30020
1031177
907729
871933
402145
340502
120547
65006
12834
32363
21209
17155
9435
21070
15038
13703
25596
14889
15016
27245
12585
17964
20712
25845
13782
18240
13386
16986
33210
18482
14608
20837
26876
10654
11686
12428
16938
15617
21232
14869
32984
12264
15064
20368
23643
13556
18684
15060
17953
17431
21963
24512
12396
21253
14250
17499
14418
14630
26279
14729
18335
17027
24871
15814
34823
38514
36275
21613
16033
13243
15909
229124
16158
19512
20010
21225
21593
14986
22662
32618
33589
23035
15293
24402
13961
14757
36660
22505
16317
12650
23851
15491
30845
8649
54398
13833
25358
14632
14442
22397
17266
18706
25223
30269
12245
12244
20668
26357
8498
21400
13091
19070
21953
18551
25344
13210
24548
13459
14446
20088
14687
9776
14125
8982
18364
20000
15378
19981
13325
14777
12420
19048
11091
15028
23715
31915
47013
16689
14032
22013
10888
15548
20793
16287
23258
14950
25866
36828
16928
20738
13443
21826
22413
19861
18462
20783
21435
21840
14841
22518
22771
35321
24174
15761
19546
19311
30302
12989
32328
14559
18593
15514
26898
18396
13899
22029
21858
18158
30225
14406
14846
28702
20984
15245
10404
24868
16596
42732
22369
21015
31172
46525
17462
20844
22221
28800
14443
18755
18813
19263
10429
16473
20274
15698
22987
18309
15812
17258
21677
16908
26469
14746
15530
27214
18133
23519
15517
33422
21415
27169
49402
16163
14930
18655
18991
16596
12969
14962
26894
16791
27378
27462
15453
14128
12448
14182
11908
22630
11520
13025
24166
15722
13386
22026
32048
35987
50861
14789
14904
20365
12189
15931
26945
30595
19463
19325
14195
26012
12618
15705
14250
28376
13886
15491
32746
17612
24864
16429
11193
23546
17089
15621
14726
25976
18354
22342
13747
26604
13852
16940
12885
25889
18958
13800
15009
16714
10972
16555
21218
14971
15001
15562
14065
15967
16102
13985
14945
15612
13455
22514
14503
27060
16123
23396
17432
23231
22055
16412
12148
24915
14400
24168
16544
15764
26234
14380
13473
14268
17101
20045
15588
17796
13995
12937
16775
25970
15773
25520
16753
18652
15895
13103
26842
10339
38139
29409
11811
27301
9870
18565
20003
13273
15366
24112
15239
13995
12941
28441
38623
27519
19093
27019
25609
20959
23270
26550
16916
19154
20600
13273
13485
15328
12188
11821
11939
20709
17779
22093
29204
15113
12222
17848
22344
17938
20703
34053
14789
27063
16075
14496
18741
26187
23581
13232
12920
19633
26886
14688
17757
16907
14136
47071
31952
22598
15071
28717
14808
30230
14894
16339
19866
18757
18714
22563
17471
23203
21439
24843
16620
16546
27381
12099
13649
18780
15129
23670
27949
17987
21803
23333
24628
16009
25621
12917
12574
19705
17102
16201
24206
18491
19492
29464
10543
18614
17545
13360
10148
24025
16299
18590
11213
15243
18296
23639
14683
16441
13484
9784
26837
14068
18502
13793
22546
17576
13847
12738
14718
20489
17066
27241
28317
13655
19985
12810
17061
25895
15588
10567
18631
14571
15732
21540
24979
39157
18529
20915
15098
18353
33177
15588
30165
21092
15811
15245
34395
14473
22046
28498
17448
31555
21114
34151
18992
16166
26271
16295
11817
14964
18746
26608
15463
23558
17026
13399
19570
56803
25973
15136
14496
14267
25959
17994
18489
14771
19977
17504
22874
22426
31286
22759
17706
14866
21294
17239
25607
25312
15329
15195
13795
23569
17062
15209
11009
34785
15827
16833
15633
18383
15740
28534
232247
148976
10947
17124
18687
19093
15120
16922
32223
24535
13329
13492
16700
16637
18834
15236
16595
17045
16371
17976
32601
17730
13943
16445
18772
18940
16082
28515
22244
32325
16430
27367
9511
27716
16562
19247
24404
12377
18128
15452
19639
14397
18180
18692
13793
25598
16185
13351
25672
49080
25354
16216
16662
27863
9861
18374
14411
17322
12630
24185
16923
11315
14696
18135
15759
19366
11597
12383
17154
23356
17735
11653
28359
15392
16961
15877
25422
14320
47560
12529
18568
13842
19883
17760
16961
18588
16244
28226
14697
25585
14634
14773
19384
26607
24956
12176
11897
22720
21915
14338
15352
15201
32211
14093
14835
16158
25855
16715
17253
21232
16044
24763
17526
14290
29967
23322
17764
19152
19680
14157
13240
16660
16959
16950
20055
25707
21331
20029
18108
14203
25716
22244
15012
21373
17715
18642
14612
11261
16263
32508
16437
17194
34739
16831
16694
14818
21540
14154
10846
15454
16185
25190
28361
18609
18755
18669
16768
17603
22612
43451
22929
25564
24866
14786
13844
15629
21568
18030
18325
15487
24933
14394
17351
21231
23743
15786
18394
15740
18504
19992
30694
20480
13251
11792
32389
19760
13601
14237
14598
22752
15920
31058
22659
15867
19963
23397
19057
15604
24997
13768
18757
23211
14591
14036
37446
14452
15472
28354
28043
12020
21233
24148
19922
15661
23912
18127
19357
26406
14548
15607
11159
26384
41186
12486
18195
15654
14216
24612
13468
11665
22733
18114
28988
16127
16097
12810
22871
17850
14172
12021
18166
13543
14954
21471
16691
14793
257037
186403
32116
29177
15309
22509
50748
16862
15330
20208
14469
17816
11246
27454
15577
14805
22878
14988
31162
15312
22110
16371
15177
34903
21563
13547
26795
17164
18212
20040
14591
15459
24288
18682
30730
29175
12873
16529
16073
23236
12819
22130
13999
16640
15823
16076
20403
13770
23821
20926
11526
28624
14747
22836
34884
17067
33206
14300
30920
24072
28142
19487
12566
25690
23478
14617
21103
34939
17118
16326
15061
16837
13846
10971
11508
17612
26206
13114
13790
31223
40597
16302
15265
16976
20843
15543
14684
24008
25732
17777
21097
17757
19349
14401
22906
22926
13096
13456
19989
18718
12181
17701
17892
26205
31308
23109
32931
30440
14100
26306
16746
13431
16240
25002
17914
21622
15938
19109
11485
24867
17177
17652
20169
33924
19227
27970
12194
15925
13591
13180
26790
22692
31521
32212
35275
14911
17742
15071
21001
16913
16709
16376
8610
14673
14573
17806
16409
15157
26636
21706
19330
14002
13029
17361
11260
25387
15425
18193
14246
13306
37950
16748
15956
13415
36332
12068
27659
37198
26205
18706
23360
31887
15443
17525
25991
15442
25826
35321
14247
24462
26901
17910
12864
19691
21888
26836
16410
20542
14531
28078
17031
20557
19381
14383
14378
17600
15481
13551
16087
20701
13404
20668
18284
18043
18393
19274
40640
19175
22050
20165
15313
21363
17791
15906
15827
16495
16687
15591
16314
17093
10696
23732
16942
24334
26506
9638
20564
19679
29835
8313
19178
17431
22655
13001
16217
22949
23480
15788
24481
11040
14612
24449
18123
17172
22784
17306
22232
23741
18659
29335
36212
16364
15340
24609
12811
22017
20526
13662
32414
37185
42953
41519
14054
14809
34395
13204
18702
24990
15233
15689
16641
17977
16679
14076
14166
11708
15103
17001
12280
16952
16999
21682
1028021
772326
694700
584903
366157
375253
386108
370061
111568
63953
73658
15935
27798
13871
13402
15784
24992
18862
14178
26083
13216
13879
15619
11151
12395
24537
15968
24511
18199
16671
20643
11324
15116
21423
16180
15212
14354
18629
15602
17225
19293
17054
17542
13531
22989
13819
14839
31939
15663
16084
38311
45514
32669
31616
13187
25935
12084
11521
16611
14819
14069
10128
11615
21091
15801
13384
25141
19513
16441
17914
16355
19294
12590
15605
27137
10334
20054
20536
27839
17575
46007
13759
28314
23581
14991
15852
25873
12217
17049
16588
11909
21735
16010
14949
16436
12460
22897
24412
25856
13893
22074
22554
31243
23481
20770
12885
29033
25924
17260
14212
26676
24677
9975
16283
31146
18374
17610
16693
16467
15395
14244
22023
16721
16989
16013
12617
18600
18131
31440
18603
17116
19768
17655
17966
27346
13631
15077
14032
16830
22482
16749
28451
17455
15584
13553
16874
18647
18178
11122
22309
18175
14661
17778
30289
15767
30239
11001
26230
23636
13209
15039
17928
14039
11801
20395
17931
11582
14635
25354
15286
24342
15256
19755
19955
18026
18402
15206
18397
14630
18151
11703
25212
15470
16681
11845
22624
17626
14746
13042
16432
19997
18860
22840
14852
39900
51232
16971
25001
35724
22284
13140
17484
21932
17720
34376
14139
16894
15995
18768
15012
28924
13041
24665
22234
18728
17776
10435
17086
20630
14730
13110
10234
12399
12608
25309
18992
15492
27411
10445
13759
16110
25738
14895
19123
38497
48931
48793
13470
21636
13609
14759
26188
16154
22683
27932
15695
18797
19552
16732
18160
11149
18013
16742
15196
21074
30761
11155
18986
22849
30279
30588
19312
28232
37887
15479
25390
18402
26362
13870
13717
14224
24425
12652
16376
21796
15326
16763
17423
13399
29652
29289
23147
11941
16082
16624
15146
23033
14892
9483
31291
8911
21896
13404
29725
16225
26491
27202
15576
16918
10782
24297
36137
42816
13511
13446
13206
27051
13631
14347
14847
8963
16692
22229
17069
15251
40612
16508
14272
21081
16167
15602
26935
17024
29321
13372
17372
19068
36615
18149
22702
13670
12752
13937
21395
13626
23374
16586
9584
38509
15136
15665
31359
18019
12031
21564
17337
25873
16379
12244
38734
16644
19894
14634
15781
12696
30023
16254
16254
18465
18101
16175
16638
23835
26440
24729
15861
23890
16330
16739
12904
19977
18270
30454
13634
21179
36512
16697
14401
26791
13554
29543
33142
16468
17985
10577
14857
12726
23739
14856
22028
15571
14009
17141
15151
24668
10839
16684
16175
19534
13271
12773
23016
14171
14968
25570
12534
19542
16675
16526
28338
25027
12251
19426
16266
30876
23166
15116
15420
27304
15252
28664
17372
15934
14512
26243
17130
24039
17127
14350
13649
18726
18048
13633
19683
30288
23153
15604
16174
33128
34149
22584
12893
17234
10573
16951
13310
16195
15029
18785
22765
21690
19207
16439
17267
11837
19915
19888
26869
14214
25119
22343
13771
11452
25348
20195
14126
14625
33046
35140
28754
19221
16647
16323
16948
26511
10098
14127
17340
23581
33300
24329
18037
13214
18934
13498
13344
13134
15734
22489
34526
25607
37100
16011
17818
16543
16960
9731
13727
14559
20978
15589
23626
23419
14215
9935
16064
23934
14719
19857
12409
11067
21539
13111
15369
14852
15835
21556
12832
18022
28278
12998
13804
15926
16375
15451
23412
15237
14347
21711
15392
12812
24814
21748
35707
21620
12272
15288
29382
19987
16865
24904
18955
14540
14634
21273
16686
18008
12035
22502
13559
14090
11508
14704
11856
16212
17720
10015
14020
18437
14030
18785
12958
29645
15385
18681
13336
17129
17212
16795
12768
27660
65819
15041
24290
17167
25408
16992
25408
25070
22574
15617
15050
15308
20967
24348
36053
16968
24318
17839
15055
16000
15262
17847
15044
14104
20348
26698
13971
15157
24537
14687
37586
15118
15931
17941
49246
14826
15822
15440
21097
19926
16154
12930
24694
13787
30144
19825
16277
15446
21956
16373
15327
15038
27600
13110
14243
13404
25142
17687
16018
34352
19620
25471
32152
13570
11818
25060
15839
15091
32420
11883
18802
13769
20362
24630
39381
15217
16635
20752
13611
19260
18952
14221
15919
21136
14008
12927
12751
16272
17789
16981
15982
14490
13814
17261
15005
14093
25991
14225
23451
20071
10998
20772
15880
12484
19630
14855
12591
15861
16364
21940
14967
25875
15476
15020
14422
26899
18580
14874
13303
21357
10609
15753
33271
23094
14018
14372
13353
14637
22865
32118
13762
18013
16506
17837
13182
21307
14353
22393
29937
14774
16506
12914
20255
29848
13357
17481
28144
14602
19455
13921
16763
16715
28308
17854
19451
12513
16437
19991
22861
15674
15100
20657
18725
11781
25922
27109
22694
13826
26793
23649
14287
18962
13115
17335
15301
12766
12761
23213
14623
17826
14744
21146
17489
11534
22444
15723
24057
15893
13790
19773
16369
10243
15448
22104
20843
13518
21601
11895
27401
18502
22152
18430
14128
16342
16433
9805
26544
10957
14222
20179
15101
10809
37681
15682
25606
15396
16979
18284
26975
17573
9749
14015
15833
25015
18000
13227
24425
13889
26991
29290
16449
13506
14393
26636
15921
19377
21764
22372
13663
14602
11986
14829
16151
23144
14064
14659
16487
14136
13293
24499
16747
14876
12368
25238
21771
12963
17057
19294
23305
15872
13496
14303
20899
32672
16256
30063
28012
15628
17984
20495
28062
24702
14037
28840
22594
32952
11200
16446
25724
22118
17912
14096
25035
13735
18168
18605
20153
16800
23650
19916
17443
17219
15152
14388
27266
18337
14158
27967
18201
14703
31754
13221
14658
45294
15338
18313
16901
261737
273399
285195
288484
302075
16602
290079
224959
13917
22950
18611
10322
14093
20899
13731
16601
24377
29399
14581
14362
25937
15412
16196
17091
14756
24923
17404
18317
15954
22850
27579
13732
16233
14114
14969
21446
21762
15455
12083
12760
15595
26327
19747
30358
16550
18361
25087
9852
22596
64281
18179
15978
11769
18967
14797
25313
31693
13419
21497
13312
16204
16097
22133
12714
16061
22189
12568
12260
23134
14349
14018
15566
241593
75926
16487
22185
17658
15488
15793
15665
17545
14000
13455
10599
13488
16995
18909
12932
17864
15383
18969
27790
18244
22513
15297
16889
16471
14867
14468
18782
17029
13979
21430
14863
23560
17310
18086
30544
16622
8956
16680
45976
21073
13103
10943
27522
17722
15646
18132
22399
14916
11166
15724
27763
14780
24478
22099
13160
11539
16537
19976
15231
21304
44285
12874
17787
18745
23883
29517
21039
13078
14170
15743
25597
19807
17590
28611
18685
44547
30892
28111
24696
19442
12626
23098
36958
16488
23829
21798
15531
17607
27016
16881
19971
32032
20391
25242
238485
77473
74740
31067
16570
18051
26732
13828
21028
16847
37477
13131
23698
11169
13785
23176
17326
12817
23045
12472
20235
29325
15369
17604
26908
16592
17863
23595
20309
24127
16553
12763
18023
13103
15816
12711
12811
25443
24517
15359
13541
19748
14430
23835
15034
14100
13858
21732
15495
23400
16649
18000
35952
37507
20158
1047566
1050557
834236
476688
222130
34160
11949
15900
23370
16380
17191
19485
16730
17902
14622
17355
26751
19302
14531
26333
18695
19967
14627
16101
14849
19766
15623
19139
18622
17321
22031
33359
13759
14116
21480
14390
21045
15717
13743
13745
24843
18914
15437
20466
13280
14957
23000
14246
23264
16067
22542
30990
22116
40618
26115
12105
14538
18569
18027
15835
42697
14509
19619
26649
12910
19590
17123
24411
13246
17668
17070
14890
23003
16329
16438
21594
17579
16184
15942
15854
21212
15711
22769
12675
17724
15149
18641
24404
13567
16918
21911
17290
13833
16455
25591
13986
13439
13171
21255
21984
23270
28571
30540
14607
16525
11930
41250
15158
22552
22585
15132
25721
17964
20492
16491
22979
17319
21530
12222
24388
14216
14535
21383
17297
18861
11065
15236
22187
15715
18527
43371
13835
15826
19311
21165
14389
13622
12755
11486
13541
20493
13648
26932
16182
16483
24198
26719
18204
30024
32310
14550
13654
18533
250723
239885
22890
11907
28741
16392
16566
16018
14523
28411
16568
26518
13779
10090
16658
15574
26505
16893
19380
21998
13351
16942
11830
27489
18295
15779
18030
13792
14079
12947
15453
17883
17635
13999
12507
12572
14536
17345
14569
18070
17066
12788
12903
22754
19762
13148
20403
17923
18302
15434
14227
17537
12782
22779
1035892
979650
938354
582735
504044
417302
419466
377575
309356
197301
201320
179370
15562
180232
70238
17946
21942
14168
16172
11718
13357
32783
40062
20053
23922
15600
18293
14880
15158
26552
14077
19388
20942
17145
15622
25773
19035
15433
29127
39159
14635
23641
26881
23566
14323
13314
20510
22140
15683
13183
12408
22902
14345
17581
15981
15243
21341
23230
16101
26865
14120
14431
22089
15415
16263
13578
8987
19737
13600
13691
17206
15599
14544
12212
14867
21119
14390
14648
17987
23507
16651
16526
18500
23053
19461
11570
13438
24837
15421
19477
234054
18920
15599
15309
20620
20831
23303
21272
25435
18031
20324
23983
16009
10409
25198
31544
43376
28888
16584
23067
19763
27153
14029
25992
16274
31335
12529
15005
18070
25749
22327
13730
20694
21970
17152
14836
17716
22973
12886
28918
18972
38498
15527
22046
13014
21067
15614
23256
15825
21181
17059
10808
21880
12727
16742
13802
27477
10639
24224
15649
12201
21803
22600
17639
12471
12066
13083
16000
9885
14126
11732
11906
19410
15084
22651
19473
14784
15473
27692
12156
12011
16761
24250
14547
14429
21440
16134
13854
14339
27335
29812
39326
40030
9549
18311
27518
11668
24883
16315
12371
19300
25601
25383
13938
15047
9013
21193
27114
12105
26704
15062
19907
16950
28801
10615
20063
15396
17259
35510
16477
15536
26520
17842
17256
22588
15187
21114
20248
14053
15963
12905
22130
15383
19568
15306
19479
24638
23654
13858
20147
14772
34635
14351
17380
22209
