73583
1430
15815
9158
18558
30576
31788
34149
14996
10449
17857
17485
22714
16438
14414
13315
14137
35316
19675
32076
19345
15700
21551
22375
31602
22166
29541
19193
16082
33082
14999
41098
55092
28168
22956
18150
29409
16335
19160
18460
16391
16021
17124
16792
24488
27136
12324
225640
16447
188737
145535
139320
58822
17604
28787
26510
28982
23048
28541
32457
41741
28500
23947
24827
8498
29224
20352
25648
24630
16961
45313
25638
21837
28663
22207
28900
28005
33807
66022
21794
40730
29653
26377
20299
14928
18518
33099
22286
25776
10677
17347
12749
26391
34396
49575
7401
6309
19673
27196
19519
25128
30029
30906
16432
9622
21441
37428
22776
21905
18673
32742
14572
19296
24981
39329
46290
16237
20849
19164
31685
19080
16202
20656
29500
126424
111346
127613
114182
289871
215597
160874
174351
302371
337052
180632
194520
162971
29693
38762
51393
312273
187923
773620
192713
135986
183174
115107
260053
110917
223025
169342
53634
303435
65183
80953
126271
91347
85339
206536
80228
321578
181376
164780
195943
334688
81086
98860
44604
240667
60971
84325
209347
61199
291986
43928
70279
133771
227836
720442
179155
55162
338079
118971
64163
79725
138437
413684
92169
94231
98345
155856
176854
106394
93764
48605
216226
124867
384865
47959
214837
42648
159488
87997
236196
457889
173323
321093
149645
213762
143890
59780
76518
94659
49177
182875
593617
84523
105300
142861
165423
264196
71085
491830
243692
196200
32311
161101
70786
33472
73172
31272
719425
243376
109964
44385
25902
80429
150600
52063
247228
92752
106220
53880
74271
116677
83661
79121
87585
93922
92894
51688
123199
104340
53056
38996
70353
181352
97466
113295
161760
148023
84240
52801
108569
281832
108780
112981
57323
146542
410263
284192
70074
85086
29313
408392
556832
60737
138851
210385
108791
219677
46255
24529
245113
163710
99903
76170
110625
141406
36547
145938
238825
74994
76206
81071
90182
110631
93627
156971
27812
87661
54220
34833
255621
555110
55938
76700
39762
186789
30233
164193
56602
122033
65105
190009
252540
258648
247312
217264
268918
84768
301656
142863
108423
385675
184220
241920
113574
77721
62846
467231
32918
176593
54854
155354
61598
30543
75399
54278
47518
189308
239725
269869
427152
47528
68133
403086
415174
110485
48856
59085
103233
89997
32509
217956
161580
102564
155501
70660
175652
132516
192264
220669
199415
73137
34965
178431
204563
100414
104001
379240
422763
45879
527627
118745
109336
29971
364310
66750
92536
435568
117283
92291
333303
59598
40575
67200
193836
329851
47765
56600
220065
190290
259391
80764
141812
331133
96448
150716
69410
361363
108325
48268
56462
304758
313209
453706
73484
268660
123722
54892
46782
81663
50201
360842
104598
388990
30960
255074
83318
101407
44531
316042
220069
148412
338542
123098
103749
305562
69531
89392
488271
35568
334791
324759
35370
187388
45423
218861
34469
186549
81621
56281
88550
214337
54340
32038
185260
254004
248768
152727
76662
178659
329062
141553
145766
191663
76520
84435
121512
130804
206571
217375
52488
117739
122253
43190
238011
186316
32725
186726
421934
74311
34844
58856
813631
83591
243012
168133
105871
79287
51300
102695
68174
193725
123162
79767
210146
105071
233634
148978
47058
37398
38877
103873
419598
47634
77488
248044
47491
280713
48461
329357
175610
154855
58472
93576
413395
539359
82451
218984
120413
89122
140141
90089
232630
48639
67788
375425
47267
28948
112403
335094
186256
254710
202837
38634
186848
37725
87637
448792
28158
118396
162970
48462
198442
183005
75409
244492
66715
34289
244014
26890
69098
24326
190807
675578
46855
205927
307446
121466
205626
38237
253802
104662
153098
75563
74662
123113
127233
197117
78268
549950
286749
49661
517678
70278
102002
295928
107510
101649
47235
206154
49715
143253
208921
29308
83369
193449
353404
123074
78491
41079
241804
92287
77680
107937
95125
94480
110491
320174
70298
86537
457826
53293
97490
254971
206228
666428
62527
223629
326292
79529
55254
37088
196943
169082
149098
171782
280437
275720
173334
198022
77576
117170
61988
84671
484839
130847
198765
91795
59115
38517
120308
37941
162495
205203
232574
310065
279998
409863
64801
137417
277226
53503
59069
42904
47523
139672
31185
470231
159035
39034
118359
91787
165404
310157
181325
59116
304273
82719
100092
113073
51757
171063
58460
99809
123616
100252
65441
226540
57149
438461
426447
261050
83888
64103
108306
187044
82438
61923
82776
103144
227052
115065
44054
124530
67248
63358
348323
111223
144332
132717
86451
56957
112336
47450
94779
589432
51070
56149
407169
119069
167565
139711
105144
47925
134277
62691
58575
140358
199232
40962
72900
106917
108868
32630
347787
46131
38126
40976
88189
330143
121874
122136
149414
276283
222264
117029
180113
94145
39924
132866
486047
323014
116198
419180
151322
95366
80468
85135
162820
122907
49058
52467
179793
124682
408968
33963
51415
177936
46962
219857
100501
401927
61014
57478
119319
320331
221723
29217
197181
51356
71260
53350
184659
166077
51062
79214
160163
133330
573227
234011
112464
415326
37335
433892
66273
169257
66814
49492
104436
260133
45948
76783
613248
41512
424357
53222
146330
115955
310363
223109
192814
55238
27343
30812
458123
190513
447194
137375
67487
144593
89113
97411
230890
271083
206624
223481
317942
81172
274137
75390
45502
144045
127573
29874
255412
201238
250269
67213
28361
132492
79739
123986
92619
48734
59233
286331
226847
74340
275160
38043
317986
199574
54519
256749
31515
203141
28641
341478
120286
118305
36026
275338
83164
39920
54773
141635
50930
160306
195925
428413
128291
99545
122871
222889
141361
52709
204985
93408
87164
180473
131382
55484
294649
76152
30739
353704
55777
273475
209595
425601
64293
60319
157503
45550
71468
70239
118718
95491
431836
142664
160431
161919
204853
241227
301516
318607
381525
249258
417665
361383
389458
274909
173914
196908
246891
363214
139820
264696
44500
82926
54706
110658
119650
194394
278882
233580
69000
183667
116875
322806
42347
130206
106868
288146
216113
97295
61579
31048
65738
173466
333976
145036
434353
36735
269605
106301
86349
556746
42135
72521
188940
573236
136430
778824
52715
112084
358627
72462
126011
60899
267610
34985
51270
44778
154916
451477
102174
262370
133025
100697
296427
263357
66560
586900
71397
76406
21775
125603
38983
127838
418299
80403
106680
57591
131625
252480
89668
139815
79950
39152
63174
373076
88590
271949
209943
425819
120650
509196
348617
80204
67588
212820
45877
147907
89682
74690
108481
227238
131255
228480
31433
74901
244657
326302
202477
236157
333031
22843
92089
48149
429615
64196
67647
185557
382659
243834
297181
148327
109870
62161
55314
58304
33201
92802
893382
507884
643817
390987
108644
314921
293624
308600
336084
192213
370700
328225
201466
167329
176776
223334
161705
508928
459406
66930
123906
192116
119265
900692
743911
132200
164714
84336
54184
232867
191032
335707
465868
400608
373756
182751
361627
815716
725157
174802
68932
758940
85775
140820
142461
158471
754455
347152
225606
120430
167043
133192
204200
154950
268124
233926
363529
284840
429575
399226
363356
422104
498540
315334
83396
501451
330849
201482
348993
275460
136722
137438
128976
173966
641871
190770
49603
121726
194495
130721
821761
102360
87087
401763
157114
188747
175906
92975
128473
141279
148699
168430
102524
254649
182330
169629
180008
144758
491077
638675
704571
264216
107076
696365
200949
252148
415944
273301
90269
82038
120843
612574
329897
56401
96833
377037
166453
561851
309192
116118
107055
552366
548881
292399
99157
124395
342819
187162
117718
132775
530980
361488
504193
502008
410778
472324
278674
447495
203434
169014
127284
46053
176805
81739
260598
297558
166562
363761
155189
572030
399305
375446
387641
173179
259625
97045
179447
172798
160541
141784
45461
98752
235583
177125
382448
567377
580864
401789
146970
110702
703616
291597
223167
151740
268114
214992
173074
123799
283197
251195
195836
233852
353293
249443
48783
334182
104925
229170
152808
390374
136421
359996
187541
129660
114312
70544
473100
391128
469277
479368
394448
394298
243478
295043
459344
482292
49847
106442
395776
289188
70235
212725
461587
264373
385010
125180
87268
96498
86003
137331
165112
152211
110834
136887
91233
419560
444277
457209
145395
538638
164587
155064
158214
139025
150947
124105
341891
414589
176434
239151
176934
36861
321087
305112
419515
613749
534838
154735
116255
373193
309072
158774
136168
174515
159357
448137
210345
240191
575704
72644
278774
294967
517008
457813
199962
203971
171710
181421
106705
113737
75302
502529
364084
169827
260664
273985
410239
297953
58996
109945
422377
353649
120500
757785
331302
971092
322951
122020
217302
244059
662172
449141
238705
97759
208124
226478
265727
201656
265144
83275
58619
157392
160640
333127
366066
264265
367584
89144
183230
177841
419585
368588
423385
334176
202315
214412
280059
232346
516664
387521
99483
430860
323480
172903
166893
123966
119474
161763
302394
471383
613964
452196
329293
262637
808318
259391
513127
293271
134074
36556
498398
240628
349925
625980
227026
262910
303644
468599
429434
95661
402851
296278
306299
92738
577819
334650
52610
157736
300447
437624
281974
553112
269510
289137
143107
285594
99262
95309
63121
112110
148404
177259
499759
472851
427960
320544
207037
87023
192216
98973
130352
306103
283739
317151
99368
367553
288681
199110
340278
110074
115351
359635
143000
264205
313820
291290
358174
326700
447222
606901
273615
426981
135383
774090
763839
821523
766801
382190
424550
541842
604267
96465
512133
70902
408255
148070
303199
392583
399003
220414
145095
214829
786337
239304
58634
659834
244946
192058
64485
268476
71579
77721
486178
345949
452998
288298
285996
118333
58796
279381
901750
513533
66413
307523
78596
195590
210601
266278
121271
118223
380292
159240
119996
113537
205920
397569
242348
196477
227665
230295
230909
206608
111379
120327
104338
74815
441591
409129
109755
56380
491297
179267
734982
335126
225047
491261
352578
225246
310613
126049
224008
234201
776112
210475
751075
183960
143780
64453
71783
134450
125574
178482
540929
514548
657199
819675
479033
401318
184874
54497
521457
238955
256487
206319
215367
534826
610673
118893
89756
213731
150320
541425
482018
200566
433702
494736
371500
372586
156726
302942
477712
422043
413945
390549
305023
345780
287011
512615
696861
649237
803750
284105
126477
77964
418066
324445
83862
181506
202142
558018
479705
489629
120510
82772
67767
65340
80700
535782
261229
46302
32226
311519
320969
130343
260702
265456
183026
80049
153145
225112
267705
270662
182095
111249
50717
679698
588187
313054
489567
217527
382485
405052
188186
165067
226984
192216
168008
271804
346331
227374
266846
103324
153735
294978
185657
307160
222588
164387
126973
241680
221261
211118
64580
97108
403959
309488
149303
97654
311877
295494
451074
778715
475343
117396
697191
767544
199783
270134
343297
320408
293678
379185
511168
354767
58126
69406
126806
184203
599062
220241
589156
223500
163371
201758
277287
182896
134446
101811
298467
79312
70847
151003
332613
246969
315922
232680
165048
126596
258001
617578
257979
172879
126548
209972
770028
182906
459062
470349
518796
802327
430901
120786
104168
872823
209610
851302
310218
382881
246698
501823
282423
309975
143358
232593
190757
178401
512320
530478
734881
407097
583797
114211
116587
256976
149343
90000
178521
78814
139363
313154
315252
429342
387801
412645
347072
276162
152987
161983
370431
228945
198616
420208
204059
300887
84061
44309
307586
491979
310086
473276
78197
140494
149372
91768
71763
91908
140672
827897
391345
234358
139412
326955
374881
422242
441558
155393
100946
101353
377964
289684
181569
55797
46164
288541
275555
270384
142819
277545
64936
130077
173325
168546
34425
208434
217129
242050
78407
396253
300466
133843
168791
74850
36904
70324
58671
66611
474553
74995
79283
184793
170468
673182
131250
165850
519214
300733
65778
56862
66502
70021
52049
427278
372092
125878
143151
283151
226842
317886
752361
564282
417621
320410
240091
334000
583416
553594
407169
161774
193049
241719
747298
497617
150935
344453
144728
158569
156969
178229
492035
352031
230908
172556
151237
144996
243914
346831
383854
584215
395626
743306
434721
615247
114138
160919
180489
57089
665987
126210
197213
148010
425571
106544
216280
85415
62519
166624
148955
388144
382712
201590
90679
292690
208440
231924
218584
123244
105751
161867
250508
314539
393502
389933
476620
350536
129510
86188
384948
339420
143749
357256
330061
521865
444661
292216
342854
769611
414991
642014
261681
304837
348126
311958
343628
408706
597159
625993
617319
330659
229088
237051
268684
217719
82354
456111
520481
381778
392786
82863
339073
305593
225399
405273
176527
533555
362551
591825
469112
86441
838806
624795
266229
357460
227958
331732
448533
344351
468437
307356
171011
131159
66445
221084
526291
342148
62276
576455
179231
229532
770410
159840
155096
472506
400800
489283
291240
508984
255919
169592
97453
279133
200106
103647
139883
66079
282054
272668
47742
165918
169212
140734
165541
77600
223190
347804
264744
191713
286732
68812
148659
202035
169339
182965
59165
50856
59282
297877
288788
337794
239759
213714
588704
302152
603484
429212
292683
137402
502770
287275
317087
95974
76903
279280
154611
192171
314091
165249
169739
348068
156869
286269
449126
334991
220852
496077
171574
231731
273833
236993
475683
423937
228147
111855
333507
224939
373709
562455
365526
247273
200001
66051
915651
216690
375561
1010240
211268
102896
297653
299858
320587
423215
345296
103035
112385
68408
345009
92920
82495
41036
272512
51598
119807
114046
177214
272080
391566
173500
507504
467862
186102
375075
938350
603605
857639
213909
833649
137570
282909
118623
276739
264718
284335
375985
285204
620015
447203
201145
345336
301384
246109
256244
194473
74945
799086
181039
705391
407309
383980
415228
312529
266612
305516
383804
255892
301216
159600
76751
148310
394317
636001
494102
302050
891656
104899
116967
218282
1323921
627076
152892
203521
753072
647035
224869
107589
150424
167206
83454
70614
85159
208599
202315
189886
259629
133581
244491
324101
328776
111857
99423
104096
503692
473581
350840
310110
59818
264084
124869
135979
275566
320299
269280
324153
149299
123748
189365
208704
296065
262443
443114
260053
380133
239143
116651
241307
365508
245183
125638
543613
208305
622684
293304
204109
74003
58548
313748
225493
272815
188992
296333
202010
126258
96375
54269
44394
36756
210387
193675
303729
182445
154797
226276
507616
474167
353552
275127
373787
191429
338143
234402
188756
66263
203309
276251
171386
52612
227322
359941
177424
53391
1153320
956024
322463
382354
215951
101199
228517
114410
147937
222732
221346
182084
136321
289712
249097
108712
231956
124916
439021
439744
130075
51516
43176
60627
811844
838179
427837
532508
460838
285384
77229
270855
194424
197823
190192
81015
234878
77489
222996
99046
232046
215457
430881
358541
432717
269011
62268
588499
366136
100411
84729
60194
402023
307115
643080
412398
335928
222765
155624
226110
180181
391942
320917
316195
462428
330405
290416
280247
149074
156111
524160
275788
395414
274686
199033
102288
211268
358703
537367
454775
140157
334360
239997
202692
113633
82447
483237
384719
399160
259197
362331
114802
212193
503040
311233
417467
133034
57387
94201
76127
133167
184585
221589
687462
251472
247287
229905
129857
240704
334258
287074
1522940
553680
428119
70062
1318368
341243
129439
80260
51703
350182
395471
139523
92091
80731
345156
436939
156238
263257
245685
376897
330436
316638
235388
282020
112238
83846
231920
77588
117881
154967
251750
182116
210088
217418
77236
553229
539095
150725
132063
95815
419834
297146
258825
273500
152512
157017
99420
164218
454273
256189
473430
138010
276753
212135
438979
528124
558739
523125
217895
659760
483422
485811
329267
69158
209760
200907
186758
62839
95669
228017
168706
299542
474624
531581
214650
98812
739345
577817
220783
262986
272833
140497
230233
66860
103903
176173
160898
87201
58674
207209
99636
223072
265021
282415
338641
126264
299752
350557
152166
429516
142307
151544
469468
91829
338297
333953
273492
80651
428014
158898
597264
488790
617063
615757
256115
266808
205005
163506
173522
265754
348943
328305
392960
332455
389773
541645
293398
256352
265360
690065
356428
225531
151552
131591
645643
755068
670003
870673
387576
166129
145040
114542
266278
338361
413138
227912
149656
156460
898485
825937
290900
294942
303515
268470
419727
299487
532653
284180
207972
105761
166228
177039
678622
189323
126773
557912
267608
311688
185592
549659
381796
250553
104819
383183
535349
245142
76038
224120
224307
78131
69457
1005905
245501
1165821
290333
110674
314816
161953
181592
179236
102395
215813
70336
73689
113571
108017
136058
172913
214136
286352
267978
247148
272574
246971
254092
129965
938989
80676
107864
84678
58015
934366
81388
392657
367416
172044
96842
247573
291659
985213
409007
1102603
234075
534820
231398
84888
166621
119724
358447
158443
437061
365708
517008
278140
92155
441204
122688
207678
133120
70880
297078
66586
125121
536219
544396
604747
574713
111798
621291
428919
306447
310820
248153
199839
219891
175092
462557
345547
107964
48936
294758
305058
208942
256943
389064
159658
397753
59905
120705
126315
175468
81440
280538
299052
117457
171414
155859
723381
636170
126102
310777
232434
159943
436900
165039
211127
190618
56273
127408
98939
31666
49541
128109
295281
363471
255709
204225
211511
115694
135867
467908
350288
310228
423805
157615
138179
220338
207101
126001
108004
110131
194089
262614
153943
301033
275255
433902
221849
76226
172141
645203
367003
896777
385890
328532
113139
496685
494010
506300
420138
53818
221324
293523
359001
442575
198940
78983
455797
174367
170131
178046
64352
34517
375914
335815
222293
185186
261008
359661
805813
847038
327974
159343
64583
162288
186648
348252
109642
325427
101385
74827
173834
270324
331716
90323
109843
483244
458170
134325
349782
418992
247509
106929
501584
190509
534087
73449
364927
420453
98132
61083
40222
967148
857070
375979
79043
68265
404620
76612
86752
56687
26487
33831
116569
59268
71770
305462
347426
377755
66308
474501
466780
288038
256671
124202
511056
372385
335781
117797
376091
1237520
1031241
825951
152680
139040
721864
205186
238701
410442
450830
353797
139259
651470
304382
48548
276982
146989
435646
239798
96911
420697
343250
114398
197817
315907
278457
33778
30491
332886
240398
290980
400385
675786
663964
669276
259268
553376
378974
417516
508101
414515
331499
287679
147821
545876
411118
232785
200910
225544
410915
221249
253665
245103
40546
41587
476671
522129
467566
462306
480469
134191
439781
304687
286195
414097
260421
75291
149701
671553
638438
423196
362549
102463
98779
428001
216259
347906
227323
105312
103367
632513
247189
610609
316688
187899
80347
408371
51371
77023
271805
179641
216780
345936
318456
270296
185830
138836
96941
59614
245070
97553
82238
339034
199158
253364
193813
156433
490377
170913
740054
506884
413780
97946
573189
276839
242487
322553
474330
384443
457984
465844
363480
146213
558903
200668
475153
223000
485065
560796
222694
809742
1042490
582364
620091
109082
614286
253847
45133
34221
39152
71870
266854
137594
147139
123441
421293
216374
131076
115190
147886
198169
152787
220212
256961
441648
462188
239975
237656
143082
317116
275980
65638
164471
482162
273736
406002
298386
242096
317330
230885
453854
437262
320254
535467
474428
79088
287330
333576
564035
470268
68976
102547
63974
60991
383409
543704
301245
460788
508588
171421
123899
212773
90836
330072
318257
402713
81247
218127
617087
322171
465744
414731
139988
428458
108035
104045
494092
202276
216399
194861
384728
209180
81390
142272
407201
192197
274393
210789
214391
150538
343928
245335
161361
61075
51791
391092
449946
389596
311462
502793
228787
114514
73310
306997
316461
223159
346004
252616
203317
478242
313804
273699
200184
94718
63184
223459
204939
89441
112582
615479
293587
572811
267660
86956
125842
79876
137034
439636
157105
305208
203090
272757
413744
275106
506019
363919
111884
202222
145961
157115
136814
102916
411755
301338
136080
218037
103502
64089
234255
83375
115338
231478
235412
250693
217101
423680
382594
662087
537723
590566
410772
308925
265287
192761
77367
241128
556309
253879
448063
315157
513847
495870
466865
285664
57579
212478
198547
194840
172042
389599
380176
106437
158526
169941
114776
330296
142231
190912
432939
136903
190953
102192
130952
316235
260608
282994
526919
502213
366808
409124
481437
521266
493783
266766
273850
128370
129174
742225
263688
645299
172236
323109
277303
430233
356013
417609
364068
265781
412445
304566
277091
644089
200788
361355
224613
149035
277131
179596
374141
290758
166989
39833
263874
171147
231135
328699
243461
248779
402372
207028
223958
127599
105702
214602
283801
296389
66139
55965
436505
260323
461051
317893
103475
56252
242136
275785
265948
433942
111582
416215
250408
189485
190853
252275
785241
463065
414850
79592
865780
172731
160885
261114
325802
101665
672859
324116
723848
260795
371472
152094
193702
157883
345712
199299
261496
218021
104313
102113
75443
107900
264082
132084
297383
104846
125868
123530
154102
177186
464083
353300
400911
773742
239055
279547
216880
102241
132090
733519
146417
132818
477783
406624
374374
601564
604805
449416
357891
62487
67012
270617
299898
441293
264081
109019
179886
724304
443158
649275
242304
59375
505562
167609
313242
331439
459852
394306
879471
750894
494940
264618
948309
574208
448348
304803
397480
359791
337649
218666
549608
261345
80409
81381
290845
620783
507375
179783
472859
291667
175248
193455
413362
185019
192211
489727
353019
210836
323726
488719
282844
88729
350188
414430
202391
286114
186505
144587
562575
613855
229489
158592
95063
148796
797615
766905
362006
124015
304519
314017
229456
128235
278432
488642
256507
562615
174914
253462
164987
296688
334818
374160
288530
387123
203690
89128
189746
382419
279479
448387
142842
185906
141924
399218
269209
139343
250962
389127
366355
497588
432318
257632
79643
415627
194763
215644
397910
128396
150220
277922
136050
76805
75800
213429
113243
68579
139704
180866
195040
207718
143261
287168
125158
142255
149252
267778
386001
301107
74054
252332
321866
993380
167740
969432
227093
318049
255464
196915
499606
264639
182140
481910
318002
426468
441394
246754
116842
197843
185994
94152
107431
753624
112457
65607
661815
174799
226408
199240
350917
365377
407832
212877
307290
716272
390740
430137
831289
317723
675497
325625
121178
135579
160793
173817
125090
1150216
467921
1192542
228787
84692
644063
66410
161917
388161
344360
475393
346775
56342
96653
191262
674415
229075
166777
637306
259743
284635
351423
422292
393854
347804
77969
393115
297318
402026
151108
62406
493690
356431
196766
223454
104651
71189
329147
531078
370171
577160
187555
132773
94753
199151
127572
174128
216838
149711
424353
443060
111555
178589
478732
404006
282642
123025
277128
235750
356900
467559
273393
354597
153339
129083
75291
159976
131462
260923
137241
56631
87244
257061
172748
56553
72538
138266
269377
233365
192489
89818
301602
174079
192071
172800
323151
489169
360536
164011
203674
207823
623304
164099
206869
592209
258759
397202
87702
70218
306869
66804
276196
205980
213615
50230
228783
232326
221464
39667
324220
319364
138042
80126
140991
324541
302603
231580
356074
312598
177100
68085
396184
185630
424183
219389
146083
109447
56814
74127
235383
202246
259713
137517
219532
264999
560024
598929
382317
168054
841062
287653
131294
414111
158158
335208
193746
182184
182626
137475
277472
177953
51894
295324
241868
286181
259765
95151
364640
308944
300426
299264
102904
109534
72469
163929
249172
219372
117708
336407
321018
157205
238759
199053
311349
165644
283627
261266
258014
485883
305109
226957
477431
262863
73334
743177
377820
521577
525858
273938
280297
63778
92600
176174
213508
142468
470654
410971
408948
163006
244918
341390
1023481
692486
336344
267567
183634
152931
459610
247313
147417
433485
164593
304690
433262
469785
272634
589871
143253
245280
211566
346687
385069
263088
505753
355140
492914
397543
431171
224537
107738
815426
285334
574594
266279
678322
482653
402568
354055
70187
161709
207624
186434
308878
528293
503226
362305
533766
192965
184978
399634
324595
279205
486487
300645
445565
146934
146933
140944
288296
306989
389143
250092
388188
124797
63680
552116
473375
445138
55747
104075
503887
170633
174299
164325
156741
171954
227791
310933
213835
68398
82541
82645
632664
596067
137706
108631
271487
217850
186244
134859
256131
146397
46540
47316
127717
178702
114596
62483
101277
481207
166464
443816
77963
41773
295922
232383
101085
246334
290221
68821
52343
86393
283782
264755
187475
163604
316380
141399
239460
735395
591437
1037659
622296
247278
389977
220721
1349923
307793
301023
1115395
226270
279654
755096
542251
35469
115409
533453
461667
170625
170344
351660
276500
220958
331758
378603
100922
517677
252041
426026
295503
226755
148867
248254
519537
661147
612301
369700
141784
156139
138195
132658
81980
229998
180040
241539
147839
451056
594018
659732
623282
68318
117253
333144
337587
1405970
1151646
197686
239713
211793
1346398
1323860
198459
859344
733525
322073
170415
275411
289865
381256
247416
34318
269790
79323
156500
203852
441599
494083
422388
204004
604908
236843
279516
220467
114888
47289
52773
208404
250084
363858
443664
235125
202397
129432
167571
150709
61124
81536
447662
159404
206750
125216
53853
604375
149177
166065
230611
190907
88161
756537
226722
490683
112889
258144
220327
312687
310507
375748
235275
485957
339883
308909
161463
104717
611994
504957
308231
350707
423664
314198
384780
308614
331805
600649
402475
373811
599661
340311
119715
98131
222141
257233
182414
110855
1017510
63475
102635
133067
686336
249591
346472
293569
312875
179782
82265
338864
262901
310517
245583
555682
353094
526836
217593
53663
236297
540616
393273
85743
266211
294367
660755
503347
154775
148452
209242
193618
233136
137960
356828
442559
454369
504252
664040
324436
127532
688315
514720
548844
199571
84107
150275
733214
319942
247311
234033
140687
328946
318391
423189
107832
403863
118376
151671
142161
59388
130614
123550
190977
222625
85238
75478
298646
386459
206554
358208
211669
66242
96336
501754
407635
213373
107946
170984
122783
195816
170993
79821
72493
265036
113791
187753
406842
656010
742254
714595
176114
269696
751777
425035
319255
726183
325175
49931
44975
145466
361294
391255
254307
158282
285225
315775
487739
162858
150656
129255
630401
223579
340826
225429
144165
143631
152977
202352
271799
266205
907603
815922
334317
198170
227992
130606
175714
151698
108623
104558
201175
694165
793431
808983
77376
632221
227299
420370
262801
98809
636979
633515
279250
319330
395634
291748
73782
614522
59826
33809
39649
25666
525758
280419
371137
336004
359080
137872
84564
170807
189311
177234
190293
311540
97969
404419
354469
502318
408754
152388
162684
148632
331861
1014474
849667
598206
433699
400378
500922
143915
294361
252165
331581
151915
213929
544281
252946
203840
72119
469520
548580
549325
353199
513745
71683
46548
32952
194747
185731
206008
84033
248988
116571
120137
130810
246294
302316
228244
608272
541962
167318
210039
138681
68547
514836
147587
330392
221286
702180
65554
84994
182569
448313
220289
277563
128656
210141
203848
125637
156033
205170
348473
337679
305141
246837
64030
320575
281800
253348
483398
156480
175933
353435
156296
102512
143747
225807
145620
257745
208588
137962
246053
410081
479111
552121
455195
318247
200883
262391
266963
334474
106621
100753
133860
554005
178509
151010
146785
575667
141233
122765
413511
318584
399300
169087
418634
259090
201434
219157
102600
98039
241866
153706
200440
398069
378654
224398
132162
72772
482599
104385
101463
156201
174756
130330
617363
279582
363360
710973
242558
555840
131279
81015
314861
261342
367268
440119
485850
348912
631944
455671
247558
448211
298008
227712
348189
332487
335374
201676
64601
175568
140602
355308
481123
408060
462169
162501
65493
256839
233021
100705
579723
438090
103511
99742
239407
78719
91771
413170
321123
104942
158215
442512
180679
222250
251968
125953
135676
846743
550686
119815
239276
133945
64763
116108
176760
450907
580787
276029
557149
145869
468823
69361
77402
101543
302358
579767
686499
236563
871626
889381
386316
564324
513274
154716
344682
265885
461846
364362
289185
433014
256228
66039
154797
279565
267675
223424
580295
437362
414018
217858
858883
447376
368416
95059
93915
121179
781320
85879
500140
286886
308985
119214
308607
68087
107690
108841
124920
190593
193391
167278
285325
269039
127748
91938
105316
178457
177198
152783
73430
304062
266932
475027
317270
739066
459635
818667
589871
527460
360059
217349
715263
296134
586542
317714
153385
59891
168621
82401
86482
218839
252695
426101
158099
553281
301095
431591
449921
150908
399373
379417
112427
161051
790776
796386
121087
128350
355086
324294
116450
368575
219277
429827
168241
59471
58005
494472
280721
355230
546967
275711
213931
406754
349862
153452
192254
184069
551871
170882
157623
242536
839188
609004
496269
427909
248455
395271
301523
318050
1110105
435526
240638
71185
70987
1128974
329688
503929
386089
501960
296345
178856
466614
487271
329222
466575
415501
352618
204379
505322
223300
185004
262874
198359
76239
320320
323678
100414
114144
288285
350728
413700
483687
257415
54701
428515
276680
150145
231801
148886
103964
278831
147195
113481
205131
125716
116189
266876
255680
316588
342896
156994
66030
98940
100693
144980
137599
119618
228132
370223
173997
98972
395469
147050
94349
215852
196556
106320
135208
199576
189232
115937
593590
583331
54956
220191
292806
346735
329632
417092
217637
307677
597273
447875
338581
87841
188061
100522
185137
183346
258320
298485
213683
283912
244799
197388
300152
162403
70183
182071
256428
167386
212603
208813
126352
131682
193023
394535
337131
72429
158521
134232
61264
307998
340919
899789
802977
47695
135421
133293
466973
807129
460065
93221
65967
673470
326868
867995
347693
146121
519523
402569
358788
342940
175504
527306
221700
245939
188085
202104
399237
142106
191369
134351
357970
203206
87270
129230
242825
336523
187655
482491
578081
680490
560033
438272
771969
202062
68814
86942
395395
416387
357692
242714
382329
375837
521617
439518
104176
643185
242814
542363
214652
162621
99821
110487
576085
218085
210876
503934
190305
239351
399219
364631
321036
480205
52943
87735
258755
123946
161678
116895
85019
103264
250025
199868
256407
239709
111265
61254
562724
76846
44973
433892
109812
171180
357973
420478
347723
242421
648379
300179
885082
769362
789397
286173
782621
103938
67072
57745
225653
234995
410071
414250
251303
52565
490793
195948
222179
416061
258023
108985
111904
66263
108441
445282
157920
468838
210091
314408
296873
344044
547522
279758
43322
629361
292422
140251
140993
194747
657124
676102
316531
130643
306342
157715
374548
490799
240174
85075
66937
115579
111676
587540
53679
74676
678243
217725
233481
206187
494875
651243
344528
172744
766041
214771
250091
1020915
211749
902686
739919
675295
821085
253036
247141
312877
164343
324062
278039
38305
49098
168205
200763
60860
45228
128170
217149
549557
374587
759218
240217
547770
143998
149404
137955
229691
144102
54365
38306
688596
456094
84669
80889
267831
556186
652255
541555
191478
571849
441763
555736
222118
53454
692575
74259
479798
77837
74581
60440
171060
383018
274239
451133
441038
75824
88125
62006
96450
213866
237302
214430
68583
487232
268088
379608
506619
277651
110543
285126
107769
433569
696487
437894
91265
772688
147756
120617
109784
890953
174970
270955
129293
260541
614313
796100
483181
163868
814757
278221
245182
254237
113403
414135
438620
445640
369846
560570
345317
411921
600359
627491
369181
561926
49415
171551
78167
120431
344126
468553
501456
490571
299781
237915
232561
533114
541988
208175
476911
164549
94105
474514
154699
192603
168871
151614
142961
272832
87833
418931
263747
83865
64399
68188
86994
198668
171776
68101
655102
662482
249406
222623
58355
404906
381189
360682
475233
251109
135211
506733
292171
632134
236266
514469
273496
489488
270833
413410
314613
269173
360494
236240
454093
239580
439785
260908
218627
192927
545224
172807
93928
624335
311542
291459
82086
791594
568848
576629
212828
965337
406887
237642
260356
289956
299275
116895
59681
91104
434243
105296
81424
109296
93001
405082
199395
179435
106491
421153
318543
94788
61810
586555
470372
609182
149919
375069
324672
197180
204938
1055855
720053
248165
210663
414089
524512
165980
292875
392691
200720
190969
92617
323475
190033
295734
255722
270722
236284
123081
51971
245439
162105
189441
339573
455353
470184
255010
74396
429423
55877
67996
290332
224542
241198
116914
88969
72932
396648
294144
117874
109395
65780
243148
345738
392795
367227
351125
226467
40678
457164
193173
430985
88164
72696
63937
99805
411993
207929
389229
216054
165811
110510
67019
332845
152588
395335
282538
239942
263713
176132
234566
157726
112205
51246
45526
333981
147964
190986
309805
288743
451459
279999
326428
110428
110389
204561
324505
373944
248528
207471
269069
362479
197311
84760
117422
722855
674382
240424
258957
306783
433521
407876
368435
226179
85720
71769
67652
193863
147307
118407
212600
201869
251309
200497
381612
360979
288711
676853
398860
249634
106607
223940
473301
405723
515694
615999
290463
337601
327956
442757
307137
304749
125356
178338
401191
345583
311419
138257
612518
193355
158687
88241
157326
323841
717009
699418
536538
501199
275506
764595
561795
75428
794351
745611
88805
80465
669605
174567
213294
685559
204304
254471
219280
253488
199296
224982
260601
279607
243971
225167
210903
236408
179140
153319
231031
150294
203146
149974
100997
185627
332428
421368
169941
62047
385418
124387
431217
319440
244000
173586
74186
538942
162938
542977
190630
102961
60493
250655
173458
410406
420704
539392
286422
528094
460835
785033
687870
788883
399847
161248
260379
248935
211172
160434
685108
428892
925460
582955
693163
466455
650022
440735
240785
179489
225396
277723
390486
139982
504821
219254
286573
306492
232832
112712
217646
226196
283172
514632
239034
453873
494845
356953
495089
279063
347895
415979
471319
164782
1107905
111214
761347
118189
263751
341527
377343
354790
182929
68418
691212
47506
831803
368334
500926
501343
335097
171235
169016
230227
231694
37317
308067
133005
366329
231955
319423
226195
288870
420632
231938
485332
245211
362062
233617
98673
188830
211106
1072834
662965
283911
293036
291877
202209
331535
307104
449763
522549
459005
135315
544951
345343
328817
288366
194637
174347
221483
152431
392917
114262
355466
351822
308231
483570
440054
188113
227456
352650
152926
415192
127613
139834
380187
358124
691215
270065
693461
149419
341079
200655
78879
96832
289276
452911
341187
420760
497598
243823
303470
323129
246302
73740
104640
435651
185418
210916
643165
287451
297738
276796
190510
166421
48904
79004
54082
241653
296817
432369
500809
131223
650108
268826
281573
84327
683082
262310
206384
288553
230176
593868
209739
617819
187368
66554
136939
227631
199701
239236
129391
168386
205081
335152
178895
167782
465661
262059
311301
381136
239869
161876
99650
156989
318948
343262
286339
385539
136353
80741
240363
232318
409342
321232
474358
246267
604571
265834
237408
334684
257012
73839
455888
246788
308667
162609
213476
403978
131294
172082
56804
109226
447386
623079
568184
618722
329395
340215
102869
80010
570295
438847
120057
199577
125335
150931
199112
161764
98683
69257
479758
50593
56370
366474
164194
375444
432885
474408
510458
1056033
763780
67913
715554
266324
437043
90322
123268
378268
230586
184808
316625
67091
119333
110585
319167
64310
48623
172741
142238
291598
333194
403746
462297
224931
492923
491396
276778
260887
381426
206944
82136
136710
256316
446340
375136
141988
415019
188841
332410
132083
255640
170697
138352
306513
297368
131401
112202
518995
168755
289283
797594
356666
443154
196378
244037
431551
222850
314385
390118
290761
567724
209629
76586
523222
88098
152117
278861
158404
220501
221048
55177
58740
394159
628111
1171450
1157146
1085991
920578
814827
367361
556112
445793
404866
268947
232836
188315
180023
191997
182396
548662
505254
321630
196981
140177
34360
42108
501415
229761
172838
111619
104995
262054
130031
45771
114596
210197
430087
204263
464328
179330
165013
77784
64491
64089
346163
57270
459710
290286
296161
525586
497545
417228
56015
521003
383394
363220
348993
344180
71768
228870
81307
55657
47730
59224
86229
82120
70219
230724
298181
235068
121481
191837
456314
372472
408711
299695
226034
128854
471765
71043
105517
136493
428138
132385
224952
291063
238209
261733
903030
523048
957360
294550
178242
540792
170623
111772
403626
157703
292473
269762
257318
244126
469177
194870
402011
211588
146596
183000
112014
121727
113024
422234
294422
347388
345213
166176
121079
81773
443388
106315
88513
485269
118198
189405
149688
213412
128301
105501
216817
193958
193274
38200
196981
220524
198072
261326
284638
209734
139088
219881
439522
431158
174462
52801
472903
207714
504319
258212
226674
119979
193262
250761
321491
338994
304802
190880
154543
248275
238465
329796
443601
482134
343441
209497
103417
101890
133416
708452
193693
489022
307910
258108
605113
648847
171561
133176
176157
112845
816611
873295
226436
238996
97618
47736
78131
65476
45987
289181
291856
228262
177653
290124
395826
211106
213142
66532
231270
77280
88538
255943
257596
346789
237452
626532
426766
366699
291503
109821
119098
183365
74494
159887
200509
369334
254279
432783
208641
89429
90887
379849
224172
84904
95414
254640
271523
319482
339228
393126
181189
211786
107557
53987
205023
886197
574553
79825
67917
47585
525045
370616
66224
202447
197545
87084
498113
612015
404332
508840
186357
320903
65147
307332
197144
210547
327465
258833
291563
205432
453311
238873
361535
326217
260095
203086
160656
230483
157154
600604
160439
173341
711239
223159
344599
242307
59164
66877
197745
381251
391759
523660
508951
61659
230577
318263
303277
213863
955394
144078
139618
980997
139401
205123
69041
270121
329240
399812
265383
417574
72050
91585
95974
209785
206339
142469
323977
389198
239675
447074
503445
314545
192114
54994
121890
135532
337414
176012
184373
387452
410406
281671
364729
73575
96880
223756
319932
327955
269344
1083262
287124
407389
1083481
346318
263697
71377
139236
107370
207936
173166
83053
51457
101412
323614
345322
312823
77643
52966
50581
525335
319493
162372
127617
375429
329327
345912
708918
373136
167979
103496
120276
141607
155955
191123
196452
153470
101233
1319719
174432
335991
247067
999856
157260
515382
338074
407005
314257
79052
335723
255946
179683
110780
210781
130886
125401
67807
121044
298476
369456
343082
506509
259082
356125
500572
286491
457493
288068
357131
199949
346367
344720
444457
419158
186474
467209
388887
130986
61998
110627
261585
257435
290917
585360
292919
488111
382907
476614
389773
679919
402268
455047
352141
80713
98333
98314
66314
97640
111287
115602
450632
452392
153447
127763
421165
415750
264966
292805
313184
351413
216879
242060
95856
273442
222677
402507
385436
373435
92642
639693
349385
363787
294429
610387
656985
106055
123192
287279
185381
316464
165005
249256
169513
122637
293436
176590
188461
271781
393594
500073
305578
88936
623552
413050
173431
249287
242049
306690
220761
215645
354691
97451
176565
191451
99570
106700
73686
78042
584861
68116
80680
473892
168696
123840
104300
389132
425572
242245
278233
245110
198904
211867
197176
227682
317703
564033
505567
446009
498274
307066
88537
155759
155886
551689
97903
67673
188492
746217
223862
371640
222253
276341
285945
485674
321817
290572
175390
78345
157069
167700
54475
52448
21884
235519
250650
323651
439620
212947
482599
106693
88387
491313
126124
170030
412443
371503
204783
248149
617379
400372
369235
1068344
586764
388377
345804
317678
769680
607421
355085
425235
396122
272493
281001
523840
758647
719313
475210
219315
343614
325012
230496
247302
139271
129988
267620
96647
231496
83311
130577
86414
135424
143006
94125
129738
222422
234483
698094
481571
657256
912235
312999
302568
58536
154110
77829
136122
275907
256828
262863
326908
339688
370309
162691
509752
148206
404309
165170
294476
258748
311056
220348
134293
108765
178553
222565
265855
296089
217265
259319
180137
262486
165303
338998
475623
227286
305128
189681
227974
188217
390434
393369
196792
115592
297602
372296
314944
417827
290624
299882
387345
87668
250716
122510
122254
248970
198591
453557
220099
427945
244231
651101
316555
130700
238738
195349
90893
647199
465116
505128
150486
795693
310098
173591
201688
240907
198084
452659
163642
206947
311985
445230
1053293
698250
388552
358591
462109
465332
260377
108184
67445
582677
106940
163128
185787
214265
665473
277427
599969
397099
384580
355956
239606
180497
116434
535711
450042
416318
470006
180700
587796
243067
525149
250197
78047
114023
159774
198606
262141
166389
229661
122505
134118
133320
144925
589677
430934
613743
177166
579430
187454
405382
517161
722150
571908
254971
738277
331727
453850
105990
280888
205224
277169
112003
192051
294125
192684
337121
306777
359150
355202
199362
166654
338767
262688
134745
94529
347083
304260
129356
278215
237328
194050
56998
87852
511431
309559
354295
231654
301894
453412
237231
207274
101545
208960
173913
270185
306055
479253
385068
132410
759646
722203
384880
354430
173115
140005
252428
705601
379241
621485
155620
246931
185682
225333
305044
131409
441519
310981
484865
488160
450177
824947
539244
422347
333732
451968
91272
227772
230129
513793
575360
422400
139306
114819
909603
347903
414138
127172
709512
562809
362624
491042
166029
535644
564213
282041
342581
133073
126923
547242
566121
280606
172106
123054
242630
428093
323610
1015384
80436
1048051
142672
129503
304392
274126
277137
105789
136284
428895
79420
124706
121659
122147
607542
437731
372322
386820
441135
435659
186632
236422
709511
356762
427333
1008279
348520
314592
235703
709983
260819
444825
239213
159109
210947
636653
335912
589530
120105
425416
288894
248875
118481
319353
109398
170238
182311
50369
291189
238977
81038
143825
143843
220069
233682
140791
276860
324463
338336
291631
421324
182284
222484
226997
293016
175137
93918
495968
160539
467968
286494
432142
386934
132811
714496
679170
142333
418977
74614
86804
116184
428499
141100
99369
171922
188269
296748
326123
280046
112459
237473
497680
340408
407820
216222
137390
439727
178107
202914
363302
148234
119878
131093
122480
137365
189087
153404
264045
229361
114909
70307
240416
86201
393727
215932
259172
297683
127912
152463
123047
122360
153048
135465
67451
231071
360412
407130
174549
498382
231492
423181
285845
223352
112243
217907
267059
175574
479261
435010
240448
238227
389429
96306
71102
92140
118012
470718
143472
291910
171069
216971
213457
349765
291769
113128
526255
163629
162753
621397
228309
125994
288700
129191
538437
308317
305552
59280
343530
149037
158544
90565
110617
337782
174279
192741
537544
178480
265281
194708
244175
480960
375054
50538
45585
544348
76523
514715
273247
250729
255986
188022
328895
431078
518526
517652
337523
336168
373519
395588
511498
86336
359823
247570
285046
316855
295454
187103
133180
109861
74047
166742
194037
360478
498209
279498
920225
531585
472938
890495
80068
77081
173780
326126
486790
588734
278965
750878
168770
507886
175319
268875
264157
313677
234746
131670
52520
65673
219436
227267
320073
230203
380521
226307
114739
196554
122223
178668
158004
141039
468031
297394
291980
380668
112420
105191
222087
153630
376674
136659
197092
499845
230391
303786
360012
343470
164498
65254
196343
709871
227322
759455
214671
144322
175150
463301
467502
127410
177110
120907
437537
421494
198176
222116
170786
233259
340773
289217
142452
127566
571843
183907
443294
286514
292685
328615
149988
84437
613832
295023
520287
197125
393206
172709
175219
192495
218672
395688
237452
437500
293041
154917
130305
204925
182612
213142
222932
115307
139966
306910
316554
428487
424650
789784
498930
538568
230282
427520
349906
414086
254249
495683
588920
431402
737542
401068
772090
497373
346441
242216
182573
64190
143349
163455
305078
244835
202915
298221
304244
257223
214357
237181
387214
477405
493733
152710
143573
630735
214653
137695
48763
245344
277346
780181
472930
222023
255313
265521
188125
69834
195319
163041
195423
171816
329725
608730
457249
717844
374844
182068
86424
638170
534552
192119
196991
154198
152987
164190
186011
409135
438287
665614
741302
473212
511098
214435
501801
138399
302055
54108
72117
150163
221398
265335
256328
167033
421099
299156
293080
217508
210264
67269
435277
245886
70948
200864
313323
316659
237694
159065
451199
197972
142813
72907
362263
231540
213455
119979
110001
79719
66859
461726
120774
101253
51979
145991
169640
543141
442340
202132
87080
114068
185251
125860
495101
522781
231259
247429
113612
65389
581714
299471
339460
307970
926059
484823
205451
185449
546053
342446
148579
267830
268477
158013
139526
44708
476519
478354
81755
73204
126738
104453
221711
148801
220445
160985
222589
371585
283579
449649
374036
661993
563444
162806
138088
638878
138773
532742
129279
222806
297510
175215
115790
84809
591658
516810
262903
276040
352939
159657
440887
82069
87486
344951
185158
212161
88748
70613
97061
293600
301399
268188
320468
493874
440270
308317
472791
295730
326651
470885
331499
50338
63830
212774
116584
293016
394442
440190
378399
167179
125801
137140
247347
203758
969930
664138
245882
152048
150791
498310
315500
451237
166966
406287
257727
303062
337317
367400
250226
36524
86240
357288
396551
223183
164080
517996
493126
176735
93010
186102
88129
385686
383709
44006
390147
426411
262100
355290
368415
221791
239602
75111
551500
67093
390644
80595
55174
64894
65905
83438
100907
77592
170958
201523
119426
108571
103225
96637
56986
278549
224439
257778
111073
88407
58671
111327
114396
546794
139606
113894
71553
667378
396533
365932
358308
168639
84605
158474
174272
214639
242919
139964
330990
254210
305642
310500
304357
149854
452628
281492
161959
218408
479787
406285
310383
618108
282854
103686
82298
192548
142773
150624
125971
169019
275847
266613
148475
714711
262053
164710
280541
289008
382178
1324987
859030
558913
246939
129383
105518
236983
319963
145801
51651
278725
298741
1084391
266666
285541
1224316
124275
95201
332624
249349
395460
562797
331738
270941
610280
261488
298754
241431
173934
293217
65676
156011
176246
229254
113260
91470
404044
535018
454738
462239
522564
461874
111632
382331
311043
233991
192931
223711
78993
388672
200556
237610
325154
387394
249221
397354
193140
280386
289170
87244
331795
302150
140929
130109
313362
115114
265064
103634
126409
212605
150643
528594
690847
691005
450042
233164
898527
541449
386265
171807
47290
213410
253858
140043
848112
801331
58850
166690
94651
153392
73932
345915
329460
337539
94778
446074
184736
67036
170181
194968
207299
367237
294054
141327
169646
256682
198056
183876
131492
965601
82456
173510
1103900
260990
54382
70899
88920
339404
272650
156020
254671
130467
274104
150847
127057
167531
396004
392127
453387
268214
395261
356620
140404
155904
363102
405842
726806
652566
65725
400225
284118
134303
148358
148886
247317
149400
250723
56845
81097
205289
191566
98870
49594
37184
247749
61288
220261
83260
52025
76849
93550
86416
215179
189737
241854
330873
177321
146380
122178
690757
240801
274751
139892
185198
181436
368413
467013
1539472
263419
137642
111358
1128038
280574
220345
231412
73297
209030
219544
334101
281582
107968
55481
131786
174048
229125
211553
77976
589061
209195
630490
375078
371381
210363
685829
499068
316744
308299
147267
297166
228863
136924
377684
182591
178994
285912
224201
152333
353399
65271
156085
165648
47132
78999
95796
489005
438867
120514
342512
372600
248216
192767
58689
114030
231596
410126
227323
357842
675352
400365
223165
174473
568752
242848
128449
64421
162016
245297
171232
352956
190833
253120
133524
536227
217398
177596
573864
372468
285567
92936
169827
439930
162530
345204
192238
203831
190927
124734
412662
422689
243748
298770
100728
299132
116715
158322
347495
297753
318785
476438
306709
484283
108330
148828
93216
77850
77499
49480
90143
271818
244056
324828
340868
359693
141041
508405
163241
308690
608601
340563
182659
434031
116520
196657
181628
418205
370817
185086
95474
40689
56960
54447
893108
328514
884850
345910
208405
139672
162508
152649
254139
218103
333630
416534
521335
851497
362344
113806
732815
64820
100149
79172
125068
414614
381457
435544
598823
241343
427873
404609
185230
181946
133000
388179
160305
63481
343975
65634
168704
152605
245909
155464
184645
366846
195824
353998
299716
362353
355247
114529
439586
226840
133057
136296
279455
307332
335716
183146
192548
390500
182254
157282
206160
72214
158033
82460
158494
165527
180799
324582
251396
333064
137770
63188
156915
139498
168670
691437
196449
137908
602164
227101
135598
290851
229634
76830
60222
172019
179788
61468
356620
363721
145244
192436
293908
446215
221247
374920
137612
116965
207433
202878
97948
149168
120271
195271
372638
344187
486501
380238
257655
261238
279670
93545
81198
502328
258828
288621
91906
507864
95047
112695
503205
299071
55213
300352
155950
407461
242862
184281
177373
346151
310542
286281
275630
396738
528424
415041
540926
160999
149710
670748
380146
81914
80264
456892
559450
371756
245822
418865
329266
222596
45186
176035
440994
373937
228364
269794
314717
422151
462193
242915
35644
41951
327393
255044
224526
218065
195416
449962
121948
141045
553466
194323
207644
324964
200802
522647
680483
638454
222251
700339
235061
346039
782418
536031
100788
261521
680041
513148
324525
555506
451708
135592
97674
158688
678336
392731
273356
122889
163010
121585
124712
127606
333197
725684
597567
335043
114603
228352
368941
361585
607972
500950
512869
460127
269119
314351
202830
230906
84666
49655
137152
383066
220459
235761
489282
203488
190200
336955
191557
143465
89454
80997
118602
178051
444050
119176
63504
61726
58086
178223
232539
596832
357396
373801
377059
527324
722212
462314
554815
268947
648356
336449
346032
376240
98869
82055
297675
162442
184163
327587
266143
396609
315706
287398
402056
274499
70978
452929
122809
230129
143350
190783
114824
195773
151151
86000
97357
337956
258592
209212
105962
122837
127251
550718
131985
475496
237309
140614
143487
392807
375334
351927
721765
235462
495067
230240
346238
188909
265203
165118
120094
142504
188766
364799
307434
598269
397525
159182
171921
216657
367808
897809
206404
68168
712754
77263
94086
133188
121825
86431
153647
259676
282141
315584
415422
227397
141240
126198
419949
140737
287336
247224
250734
443719
509492
316040
115563
148705
156398
98372
421202
272996
224868
157817
252029
186716
399129
425454
345145
209748
449577
267442
274870
195113
355519
195764
288104
392039
327411
155519
742245
442024
387128
154296
809709
115606
102172
94097
486227
486838
348665
247901
438637
199996
355993
75153
69708
54083
71130
365801
194126
219840
333982
433041
437277
361685
41998
70054
90135
235723
890930
607439
820060
792346
570395
614003
325172
353589
386295
223334
280492
34287
183218
250041
163788
358962
370297
162293
436941
417856
156926
144139
444063
93706
120503
452166
126309
211188
299526
367309
166597
573533
597975
206651
144101
60643
299986
187663
209848
301691
198332
230634
354406
280013
359178
254300
366967
308092
341432
328353
87319
252944
131698
150583
204693
417278
418003
571971
709303
339743
523825
256127
263228
323793
182902
87748
262543
311541
536968
382907
517338
321343
167682
306325
168905
347113
310981
334989
381575
329971
599260
692753
651861
409445
930925
1155677
614754
584067
653551
259700
178220
266673
298329
318971
228999
67370
208226
90768
357440
366019
114884
113872
567295
216596
228753
132677
76489
748044
283168
153947
344412
455664
446310
177973
566090
640566
332749
570119
429745
80389
70885
222859
332834
231499
302304
319342
198359
150299
130528
293873
557964
399563
532170
214090
321902
126890
281620
117767
149870
336540
307852
35500
516323
452169
121536
221466
424107
302466
336074
170678
127435
419913
137061
306788
126370
356099
358221
162993
104588
615052
608923
334620
657262
691034
696094
166370
829082
241589
547809
144522
274330
259303
76400
52958
509237
444414
50967
58827
78645
58373
69404
410754
422513
48918
309140
326436
141654
157891
59775
59301
201180
331923
479853
444368
304366
208181
252221
437257
208522
70250
646420
780150
217082
626095
306116
402306
910037
398315
347602
261201
340230
303627
126925
418891
202968
111161
528850
330831
200521
375521
397182
133160
81579
136788
133822
139084
118173
229079
216584
216023
268535
451876
345209
366841
217091
292523
378207
334736
385020
243774
79132
129839
130559
179312
154048
163322
180296
101359
359824
249234
396507
173286
495124
322550
312819
582747
206890
285873
184091
136545
276918
246067
61887
340669
279275
44378
336112
421485
157879
354681
127990
370403
151230
260436
208282
86746
304807
517488
539291
262068
185152
571096
58950
41174
139675
535264
318566
386235
256688
454762
400552
356531
223481
187855
629957
370267
262496
570972
259254
202447
303636
284220
214385
512412
284569
51700
346183
338237
180697
506221
506262
758222
495343
437455
252372
387431
486702
555250
549529
230984
409868
77080
43391
47175
154420
161428
160659
297363
294883
303903
251789
297504
214305
782106
442102
453584
327925
980245
510909
446331
165079
277203
233039
104361
266339
268227
416616
442168
215657
162957
330998
388692
137901
190965
400691
234824
137636
132278
685957
474677
688542
404773
618103
177884
134459
117443
488833
221174
248849
115979
446949
283387
126418
327380
341368
338401
251583
602814
480684
408181
558505
304366
282142
299079
303677
543678
552732
579276
407887
111601
468648
514558
362158
249113
332102
588467
261168
407133
140091
221227
396643
451972
345045
79746
645293
264372
103624
440813
461039
356726
178121
423476
294592
481070
629925
599201
372981
499315
157010
261413
216578
602651
293313
619374
154381
80937
459790
214667
165101
336955
348864
80541
472407
436931
228208
244732
315476
294811
113041
689447
200046
610937
184345
95912
94991
256349
237637
447347
344783
478752
372613
114659
91015
66491
362215
265490
253425
215690
298349
140760
43200
82428
95183
218975
233021
75380
122078
845276
259131
198221
820113
232676
160879
232258
118110
316916
306939
64049
169835
95284
294450
193538
113890
115378
366066
79046
417842
177032
280704
139556
323820
129830
104505
144796
104492
341176
428016
478426
281760
199389
87465
587037
204584
300445
262013
495648
619613
270512
527013
510913
1380264
1374082
321533
225392
484516
501584
142631
373392
343105
104507
244187
562760
683272
584536
297392
197942
557689
156665
102682
223192
196296
274067
402374
270523
359087
80586
128320
187319
331178
279354
274071
192138
284342
152656
56091
440124
312950
95517
337716
328706
279321
160166
299727
274181
356400
529645
541415
657558
332036
512773
376661
203270
217659
236427
194340
161207
159003
59541
554623
571275
579299
187404
702128
327394
294081
205723
86394
306979
131788
124838
310126
253958
186303
66600
398575
254638
159760
314173
176650
335190
198979
104025
237913
367549
388854
538994
272476
436065
102709
234856
179054
114887
230097
238072
158422
269194
195406
167822
127650
376352
373769
434064
496494
368586
761853
530048
271173
266283
905778
188093
837436
372593
515463
349521
270550
116154
168311
239095
219716
134615
370495
68905
301172
324233
454798
503750
555009
260620
173288
361364
238088
272634
159507
104590
142483
152284
258775
454694
455015
119265
121682
490936
97847
93397
436648
208597
221254
160492
432389
278018
183187
108773
121693
411516
193359
73514
77879
205211
223495
270944
223439
79726
106292
31636
126519
238351
249023
228786
189865
226816
370785
361291
269230
386808
469998
328772
469101
232643
162803
601259
675878
813513
798469
682331
223063
328465
141486
242896
371516
403542
106068
182449
224836
230834
308758
219513
983112
817039
123127
68487
92272
239626
285015
233871
389806
391022
374569
66405
423147
185894
194273
167724
517500
205282
332190
100109
55137
102435
183748
195712
234552
267380
590049
470144
636825
186655
354696
285833
226168
224344
184003
144709
1147113
795158
97881
310973
418507
468183
487014
630473
306573
199477
696351
304685
460441
117254
568778
588448
553719
386616
136411
179686
140817
1165655
1252709
292437
189732
284340
95553
67755
123006
116710
121357
264381
285644
110174
64553
148453
359120
292480
174823
117551
44522
944101
54047
938481
115891
113460
130629
74174
59266
243122
246511
426178
308865
439737
321244
145311
62673
59508
149456
163791
170020
678957
647753
63886
396004
322096
213308
219234
177894
203534
306919
179627
472004
396803
230486
391223
380440
433033
469357
220068
327941
132488
133015
314224
473158
385389
69637
336356
248608
252030
222015
303508
160815
180597
366863
251122
387032
350011
251499
270372
160688
118269
351404
253074
275745
66755
120574
156164
159563
638251
522791
170095
64052
35295
317472
353546
782316
115844
708825
101982
89963
109935
66860
246099
483930
572977
143045
184176
961578
773341
76966
171553
552821
445943
254208
343148
256873
386205
410654
188085
173586
249631
155923
191756
95277
252805
231256
137695
301520
631955
455950
568552
564090
344666
444535
192770
288712
691478
762393
143323
530766
354713
243470
332868
255310
450119
453031
202322
450407
417316
347388
303921
312194
285921
124730
78683
238231
212557
121170
135881
298903
293854
333897
539504
402416
307608
501979
281488
251005
229200
40652
442569
741620
452526
443081
491333
101259
164571
76269
131087
240625
159504
148774
354597
197081
232932
328810
159393
266905
313398
438411
321019
527716
200172
267116
398743
142821
219824
147146
177814
111849
78278
246077
401722
324474
410684
294230
287094
255736
288035
116222
115721
210529
201247
115183
31198
105034
290396
393158
385195
275706
121118
636413
555303
199016
206249
138956
176516
480084
382890
418756
374675
167993
144386
257534
211918
203127
332148
290469
541851
186342
472971
193642
70378
150343
171135
171426
206688
64220
305391
248243
67070
175198
83249
240358
141835
212598
230108
173223
184031
139313
178807
166712
172094
110692
54709
491746
241102
279781
590325
272836
266945
196854
169239
97981
142423
739293
696043
510858
463764
61857
338359
207516
315686
165138
229611
399498
121617
233160
225180
244208
306819
298199
356335
548936
434563
498267
139834
106860
384263
164574
282480
137834
161468
396606
525856
491404
620889
190409
356359
156133
264637
124724
69870
55293
246573
55164
195379
199453
307462
188036
389024
646706
515977
534837
312721
737481
293934
377430
255000
298705
484875
201746
258327
169727
83646
239700
147858
118809
180242
213214
163036
289655
135525
262452
200187
49100
39590
140110
263583
282863
196471
86066
220823
390398
485613
458480
357752
210304
388550
343697
308754
140918
75386
164186
821596
344144
767246
337787
262443
164275
127261
314581
253150
273087
301543
956012
898693
583275
555270
327775
420770
241656
204648
106027
311285
224034
136817
255355
127909
239569
485524
190290
89106
100058
358545
118228
99112
163472
170953
81479
44504
92141
137617
128459
440403
152926
142331
111292
157742
661593
300359
51435
86940
107670
99260
139223
424928
140809
86278
433123
143551
94691
87133
156732
246413
416895
366350
38720
301358
40975
149922
34073
97011
175921
187180
270057
431609
446851
434732
361231
314074
229592
101880
229401
153791
208774
228307
216919
312233
143644
187258
185949
390959
357538
347652
384421
215323
100043
279478
367857
491533
270084
930073
477694
519381
1112056
371918
333280
273335
339118
269156
39848
375105
332871
238964
173764
276524
450177
233584
80314
337295
120256
155153
288332
270211
356157
215306
468763
361643
312088
131035
397218
285735
85357
73708
203645
211065
256083
260479
485317
252039
662194
236037
75951
70970
75486
530780
175231
133063
437198
336111
301863
382915
448269
204574
148161
262353
129639
168953
204317
207690
486447
474716
386880
247966
557206
233011
140838
439029
237268
250890
149450
383549
279045
70049
431371
269752
502414
769508
338594
99897
75274
107459
80719
64674
76578
668814
268094
110453
104677
199443
130263
203505
75245
298187
288455
158802
69549
43921
162228
160004
44832
519543
530090
100711
201613
152108
143915
115910
306540
171298
275695
278888
376292
206305
148009
163302
65179
515933
201737
460306
300314
322475
235374
110363
348902
180475
474032
665376
379037
486331
81700
122481
166328
116382
239139
256047
262858
205436
231665
475815
289981
133514
118943
66163
390948
262550
372836
700429
398234
541833
440991
1035545
222107
123317
878133
406127
158217
165227
523145
484314
96973
117956
95668
289757
254184
221995
557941
598734
533053
446726
81956
214818
208929
212357
339828
230651
204623
514717
343223
632580
258649
73415
50945
48958
78512
328309
198262
44103
142630
333034
322516
340198
324322
187704
101375
54259
319079
192022
441190
481408
512799
392687
76690
551912
248942
294097
176814
371150
230476
174661
346397
247194
367639
283981
321760
313575
197209
313458
330695
394891
598801
102030
383898
134527
119910
118851
133039
294188
401574
222508
437662
517572
324483
372859
242352
235404
272295
82411
118138
467434
275689
64086
279471
236682
142977
125669
66986
68653
57017
417107
456154
483262
88566
142611
814453
179329
202667
540370
170865
210128
251311
276341
322456
544254
343967
539738
420686
339237
509325
235952
118989
156325
607549
238296
286300
267127
1004140
600998
433141
339317
250015
915549
867491
153027
354076
349543
328219
319467
351439
258413
138913
199899
204765
185410
216487
297444
303149
260189
92547
287459
127305
123130
69026
99972
162601
187955
89139
438756
453534
345798
209862
160098
129741
468799
306210
286781
256296
730042
849817
320597
864285
709755
63816
436221
210778
249113
512312
112578
76892
84011
66291
217389
176035
158701
122267
48685
44549
44393
446865
523470
296559
563124
156444
724111
202218
440374
411650
336804
195228
586835
289990
53299
411566
131107
497601
271567
332349
86223
287502
108924
79479
109567
173652
242056
180809
318388
151925
108195
162851
58684
167934
176758
89394
64454
214524
79457
241644
154476
242907
303916
359056
319192
605427
390957
178003
112365
41115
131044
217947
185517
333926
501418
425280
435349
175088
74688
375272
258789
570281
366380
305240
446634
1112094
366723
1096373
382678
316707
365860
242010
288935
354660
363352
331568
195159
521940
243707
404386
209882
155782
141148
57318
95206
166247
336715
523703
276121
707490
639298
328121
192732
263430
198401
55486
78493
571537
129035
324484
67949
71378
223764
234501
67733
110692
485133
516645
223236
202229
199449
320107
136824
88390
266434
263718
498344
163274
569858
500964
494456
349342
110135
44782
328060
847606
418576
602066
341229
271980
69078
502719
515416
345096
343024
313638
206971
260567
207508
339451
269421
625558
240804
215082
564388
214000
241080
305812
322141
461237
316832
319965
134640
365136
129323
97582
121039
77647
116520
269813
746777
353220
524079
75028
108507
406246
240028
194810
68159
45471
362091
102256
133146
247344
98527
64160
114185
259117
470318
383153
122162
341189
91981
127018
187161
142542
407224
104914
629206
497172
595082
625765
358415
305196
181918
141289
264330
179022
240679
222078
181564
150536
213496
401090
292700
635596
405746
262175
327542
189166
868182
172189
199847
123142
850437
255555
541926
480118
488043
351844
201470
103225
54925
234545
210921
177274
394717
354227
444221
454794
1170605
839595
77582
128725
163388
714072
533434
152892
299249
289049
147036
356581
355337
482196
537655
453167
650176
126413
98454
92441
401037
234255
234773
229553
199487
183905
345721
291905
90313
432027
459452
489378
110558
439765
375531
418651
476394
242913
580470
129745
295520
125594
100250
230573
315963
457918
395115
165921
88472
98879
99153
101159
79015
149914
321771
379372
330630
442217
539209
449099
406731
327739
752261
780433
745731
1035218
240065
310513
655153
302418
448477
309997
527544
380069
71223
411576
189358
285381
233783
170205
248102
234756
199087
327765
286210
238119
313687
431457
394987
106072
477310
80688
200279
61809
99274
117974
57316
148882
255266
343251
492663
469965
295404
195335
131426
205831
183738
151291
301313
695454
642311
54336
615557
406561
283190
278771
296489
425910
497057
558884
203522
625557
209825
94333
47524
56582
70310
78126
109590
122949
407454
330318
512606
290457
216214
587860
171769
123553
204033
416258
283721
1010742
668567
64279
232149
281663
122724
417174
315452
488621
131104
481586
205199
326726
315534
529585
290877
117084
57871
48425
289010
294481
811720
204997
242354
138492
161352
101056
73567
66457
859294
518897
208149
298869
123878
378675
156685
197277
166380
201844
153515
275850
236803
122329
251084
348850
231969
659180
426701
953351
485781
651582
306729
65593
166489
712284
518974
725186
237637
127859
44298
625775
341137
126515
116178
291498
305923
189940
50121
252648
165677
167195
357475
227506
127179
418377
97973
102902
212663
205318
350325
292361
439336
598990
421250
357323
182663
199452
132698
116293
40541
325041
192496
368835
264614
137464
125527
220220
436293
501945
582565
486625
186073
117916
62959
437104
66876
116367
131375
491959
193619
190111
189165
258616
304744
420683
361267
191837
184033
459522
120174
333461
119503
166099
181457
198918
202400
149582
122594
102361
139748
177645
217229
168111
354282
319871
441094
405740
267504
157286
337705
546753
441382
531373
436155
138893
385013
329732
186068
152172
746297
153625
168683
817909
108426
282859
266513
296993
372556
575701
646135
469368
129503
49007
595246
65749
102558
56080
67217
135952
232622
279790
498676
304204
527081
437957
332898
621788
467378
102279
228517
230447
84099
96806
245252
231488
124755
195242
284645
400196
243708
391503
168895
75079
130295
425314
528758
544478
205660
323849
348073
74773
78058
97417
143857
200452
184369
1237432
185249
172531
165897
125775
979326
282499
56980
363732
608194
713501
706044
418272
94364
372102
347211
167912
127797
124953
371093
355003
40992
344389
483578
528752
700077
183386
576102
427809
422236
267198
110691
545273
175691
276826
98219
196783
137453
164768
126057
147622
150797
152218
391171
537326
457200
631258
203720
368490
332960
351923
419671
200469
220766
469879
313850
313223
661049
375152
264993
109416
81977
63629
189050
341121
302919
271028
123845
71172
155123
171245
205504
120100
61570
311881
279781
183240
218579
192966
270606
337607
712240
717029
214574
105344
451859
417967
121037
332396
225263
318876
266962
209967
363529
352232
113346
82625
477302
331964
587523
618106
399645
149731
592578
126611
212862
534647
216034
317898
299532
237327
209214
798993
758987
562155
500216
276797
274132
167057
125640
115764
126593
205377
100975
260411
115956
172767
325951
306146
176058
298666
587634
454315
228606
123414
148311
67011
74812
80722
65877
199235
196146
729239
716452
431363
435959
140960
149356
142603
330113
361165
312500
428928
103727
117661
226552
577204
356839
685464
680601
476010
1447246
1012722
142503
154956
419865
206639
159335
197738
172068
136522
192081
490110
216564
539400
97598
341249
317105
307747
265380
300409
238624
247270
327583
68100
359190
255081
269807
211474
154182
443055
407738
365803
688896
385506
608479
592058
285749
514423
365501
827241
586454
351916
521664
466645
456403
531792
132686
394900
213064
419053
515375
690576
395182
800060
78784
631444
168844
173061
176370
124603
186281
167919
201023
111237
338076
116053
140202
87529
293088
149101
90256
61906
107361
249434
326984
318730
254950
75468
134318
128846
181534
473347
442942
97057
66651
384730
246868
166878
247455
181619
355404
333975
83512
83970
39563
105971
127100
413345
394256
118912
154419
206182
425640
440417
99138
325193
251839
240335
427021
357257
125465
191201
402781
296625
461886
757324
419138
88035
493442
231586
93547
117520
116162
354999
599198
358923
82349
188889
205017
62983
59984
87335
172997
1410855
1454533
200715
230191
214361
798682
695090
299372
182961
358803
457976
321830
500987
418563
814495
508022
536532
167213
216384
234482
114905
396109
411349
315108
103013
314326
566207
432197
195450
53018
62470
80379
88770
607529
304396
98222
234163
234127
191255
221133
284643
352680
357272
320111
150802
190712
251313
220815
397631
302790
311489
409199
389920
479378
429028
341353
236635
415485
430922
184201
182848
327845
323066
907751
296473
978383
307256
253012
98032
572238
284937
279442
374718
237534
349931
399774
150155
81190
410304
162590
170205
113718
234591
112871
271525
237368
225499
452750
641730
270868
61028
88711
261582
759713
574748
229971
147111
141903
51094
278807
258134
75269
243864
128360
318064
205259
177939
279850
503860
464284
66820
81751
607680
192092
672485
375099
431652
358406
218370
229608
221198
574143
283577
170832
622294
221922
120668
223564
102445
48873
52460
332211
154401
262633
412505
299469
113750
423036
314326
90761
80576
346104
117621
457494
283073
244345
228841
66574
81940
69661
133738
180184
321720
509895
416745
263189
437502
214686
173881
281730
115691
89220
64204
95499
759091
496339
498770
640023
429821
260406
218085
281686
98910
282154
186114
214965
145658
112901
261037
819335
707575
96817
103262
106906
99502
129043
741224
642309
288129
347395
518741
664852
381735
399610
887930
510598
480256
192694
222919
260117
258953
375387
251632
543207
238005
245526
217777
196467
243680
477716
618446
775005
994454
584732
733166
163248
165256
523255
244770
308229
260093
381777
350194
254487
266963
251857
364291
371981
527340
452612
315402
545827
245842
218016
439810
152553
101102
312794
178430
154825
176217
272146
493526
516820
193598
444640
303031
448726
444128
273159
176016
143336
171447
186512
810618
869717
332040
273631
421028
194267
295603
121755
159649
84489
262962
324288
359161
365735
126332
97031
180539
168832
509757
402546
308480
254094
268231
356235
481955
259847
37929
37223
266819
279617
719190
508479
244956
308233
223787
390226
170230
256571
167240
135349
309810
85692
272979
298662
363920
418227
220329
337691
227300
234561
125220
293559
661973
564236
203167
539900
290712
391851
88921
103427
286048
175988
170735
312206
180824
71890
106799
218006
175848
134019
62445
239019
399878
220069
689593
138662
157161
60160
53260
690746
169465
90341
105133
303776
311614
368449
120105
151662
162085
88332
68997
495916
234934
185974
258832
281816
334254
131743
129012
388455
396788
410118
410113
325412
123510
187914
388499
225791
322696
99313
201701
77693
161623
139141
199289
225313
188777
158143
197004
365864
360420
411448
124425
201394
168926
446141
236825
106533
56369
39574
169359
176764
246707
214414
200884
128797
580304
341778
241754
548339
118006
318723
196773
77124
390114
362714
145038
454449
237651
278232
591397
264741
317271
203787
265693
313407
308025
361348
356253
134133
380806
458425
463984
461308
151326
409268
318702
480571
344995
294613
129273
244042
139113
130202
62826
37784
258750
91575
192818
50172
130773
72012
120981
108534
238494
151567
547205
492352
407893
68259
81128
171297
909179
513833
405642
74185
74992
699849
172935
349580
301593
379442
325303
163500
218459
401488
495819
416903
239654
230349
628382
166249
394032
111636
76425
112709
132000
297869
438589
343596
347726
317611
153759
322719
241651
128621
319931
370259
188982
205523
103798
293008
111456
297618
277611
100163
589768
454264
268152
162981
320875
123432
139666
107614
81934
84218
461047
402133
152246
77823
153271
118722
192826
256154
349868
417235
336746
196048
204553
330223
646080
578290
634512
402564
491502
118369
488492
173250
213406
126298
451199
328060
310176
277056
59459
46412
234308
320434
303295
258318
150456
518310
120944
585065
190531
166001
234261
181104
57107
71457
143258
210716
263815
179207
72163
561255
431734
311155
301840
67994
87133
149910
283203
224595
246977
147301
350043
292787
404228
331971
584962
794593
417451
668352
265585
359445
305839
262398
230792
183050
187144
152895
94387
196131
298417
239745
277281
152601
157153
98753
176605
185497
151327
157470
139959
224149
590560
579119
294756
226237
702696
75411
77240
983161
479105
506399
150618
591175
278186
307960
269374
290971
183829
135350
63501
145165
409337
448888
143255
605105
602424
141658
85420
73744
202387
262248
323941
101259
46656
572275
518720
474004
242505
235630
657583
210412
260011
199782
89492
38354
201488
210010
89358
106470
103218
243158
245851
124012
87511
84848
1285371
1131534
219666
220645
344593
410277
353632
526659
383589
77745
328328
583772
356843
605946
262976
267672
168736
165915
433495
665415
477863
691043
241869
365917
256114
122300
262086
207194
233538
138915
614798
461008
444398
717845
415706
278870
143644
76621
222357
174898
301866
341954
269482
254067
358761
248965
109447
118059
266699
1247728
1259809
499246
283371
213935
107719
159862
157409
590041
543818
76246
72663
97446
213951
233216
82614
795497
762051
234095
238525
72387
75581
258191
334576
229766
244860
306817
520988
617766
454836
43411
107514
711825
177529
524469
466882
134131
131446
862850
134219
136762
95305
99523
857046
285285
249526
274222
430391
272486
578538
301197
157375
104213
127196
520965
64794
333521
63214
118434
93093
54667
170539
142733
362886
495537
384829
365931
116871
195724
173575
284522
345539
353080
262464
228279
186287
279472
257827
157561
582492
430125
423188
551716
182290
193961
332689
165404
166205
148538
363055
204231
40642
274179
202807
239969
314022
189992
582500
195555
598495
97997
88676
77152
70320
98811
105787
341693
283828
153101
150879
224302
446044
396647
215550
83773
556968
196103
173717
164057
313070
385459
285427
125094
52865
93772
138555
214385
179228
52387
92623
824769
574440
57075
258145
237298
133638
130238
159063
274393
169448
216984
140066
132285
111509
114365
197834
396325
238735
117230
247083
248761
87916
109032
734244
267506
224640
153179
229766
183746
133450
103260
110660
1029865
249616
777036
253672
76005
381672
204490
431039
301949
138511
147957
196695
574677
262423
426209
222588
52171
161894
173054
130143
400889
177686
396294
146174
126434
158895
109779
248038
381224
270115
54741
347680
66001
126405
155452
147540
196222
73209
145577
86434
183942
96919
225655
190595
51564
234593
274529
264437
347263
410449
217734
354919
193722
172994
141995
143066
82430
179524
539851
324601
651799
286115
321018
289837
165992
105017
283499
658029
304884
647443
172607
154504
171870
207347
168425
455344
377913
116933
81853
156703
350195
347455
336904
467380
354836
297829
210217
103585
563793
95631
106420
44070
642995
255085
335813
448950
197385
289887
45142
244989
205414
190179
79245
226896
167733
370157
377671
442695
282918
653741
347039
101747
211645
703854
589492
367494
274317
216059
453087
457109
288466
447608
425716
175827
196169
198821
74165
95578
113364
65612
360781
278485
114786
128056
76295
91633
283242
628705
476233
614386
626980
237188
365065
291167
305722
425652
440785
344434
362599
169842
171446
298074
150585
264940
178807
156831
112129
156781
198810
209795
187103
434962
280935
52646
317590
120445
275304
143335
111169
369541
358091
421623
378813
217036
149156
271990
176385
267198
209843
183529
222638
213253
265020
305552
537810
397975
52823
615258
499117
145547
103520
259871
214198
183715
695995
339400
389699
564875
182231
213169
244192
247800
308668
351295
311785
189762
193952
129462
614756
124686
154798
567584
225624
97901
248515
233200
84900
75090
140651
274665
374710
376635
200883
85739
256665
667491
675903
357025
738712
276273
242737
682571
323502
422766
421351
608281
265609
340842
141033
74862
137067
317714
333030
464246
591341
439507
378666
751088
340318
132307
68242
92902
71637
146935
867178
424973
113755
148817
161440
435588
334646
82189
85292
139722
148205
79310
193082
159030
221914
382997
238492
440217
341522
446323
554989
365409
401718
315456
147815
327083
478849
294587
467249
238281
278257
201935
85952
265009
154824
123355
103931
127863
104822
122680
225741
165239
310540
265493
393706
400674
293014
121004
519009
306665
216126
51088
136363
160831
222244
549729
225001
196206
670548
343967
532945
482308
275360
288427
241380
771655
581438
326606
169439
98263
69443
57199
265170
229026
315673
119901
237600
86286
147414
159509
251073
232607
115321
109757
60590
193356
189931
113233
234138
484958
298065
651192
204589
46679
330214
150450
235073
83594
90550
90741
79683
130104
155472
90490
259881
517470
311191
97769
116991
1059274
138935
1097222
188275
90813
150021
341652
280209
86038
219402
438153
350568
204594
467408
142909
268643
471922
374042
92033
585942
44231
597828
211070
231217
426633
264091
126245
499861
104326
221923
302084
218637
116352
124841
85368
455013
299176
79209
330866
179694
379891
180042
133138
196735
297118
312246
92856
161159
180524
391016
321939
156763
200538
97269
346618
408551
376421
404693
433859
752723
209753
180271
104380
683210
241547
484444
316517
656505
536751
276482
295667
138384
134183
81418
78343
82866
528508
444149
128831
77373
238483
231832
100602
197102
157930
334931
342661
160200
329778
354418
170159
526178
539526
380152
250510
324116
371483
529762
548804
667510
520006
208610
456484
638982
292366
100993
95611
76066
605148
556250
152359
198876
247802
175576
233132
219044
385671
269524
348877
233876
69591
119906
182662
118426
39457
197430
363249
259454
378371
443906
253996
498489
105478
105183
506314
140830
115308
54038
220406
230526
218543
251675
200408
168281
472309
644939
351597
555245
532241
61148
77395
170023
154044
485785
213250
253919
125334
372545
895093
670911
527524
295096
159591
125433
65033
208897
221030
134998
230888
147914
925280
256746
346519
160274
78399
82781
1047667
254927
163865
272819
142993
390522
438382
156124
192283
135706
341176
120455
393017
88725
41479
279663
293446
394167
451191
719570
673302
622495
312475
509706
186653
154865
251394
360057
201339
145652
114620
580441
67300
558197
86371
273220
257954
267087
66645
181709
648015
348963
551795
351258
230263
462421
447883
545272
292298
561155
308637
158024
179175
114388
76293
199007
403218
383342
515019
122542
410088
200576
146432
360556
447099
217484
487336
139340
616726
203070
45729
49502
392737
99433
136261
369738
117971
99968
75001
87526
64312
155728
397674
304529
85588
60388
533627
216226
209406
95188
95059
754032
151191
352136
196000
282733
228305
127372
101410
143631
748171
942865
318615
856848
769245
106528
226644
228037
199116
166238
142454
150532
141768
230414
420820
381880
272871
530795
252039
64100
372295
477890
444749
300973
501366
140455
206319
148714
188670
218705
112544
281372
264588
234805
370739
318142
189550
88162
585777
261067
59813
283715
313671
424574
187668
443167
207327
216936
179196
170957
112969
184489
247492
666740
291422
538800
125362
358631
229356
307396
98318
306303
242123
237883
247778
496068
607109
176821
165951
156902
998173
1020331
257233
221099
590396
403845
486742
222875
175119
135348
131197
135631
1231001
878842
271745
221396
59135
49307
104183
375276
299472
360567
301401
435428
213476
104326
50992
88159
94429
439405
107962
391297
119420
133929
108374
308435
274885
297901
96657
95033
110948
201065
147133
69365
111949
94060
707697
549695
174755
121900
141895
267882
182259
69063
205992
83239
181759
173467
435402
404926
423772
111922
395127
206162
244247
182970
242531
132390
58893
136586
204775
144362
249042
547443
421501
435190
612519
470812
614048
554444
175256
90387
91413
60739
110300
135765
74053
49338
459439
249894
439966
242994
141814
150238
154679
36045
40148
605410
397128
173149
235532
326671
401348
262530
151363
76462
294696
348494
279817
329716
94641
122843
96758
105395
41996
46892
55306
107751
82172
66109
174603
235216
240386
69846
273950
200533
325623
290789
158585
311252
386483
288277
44959
479895
486179
124352
312950
166227
370620
112885
156112
191930
181644
156433
487580
86174
85753
485616
135941
111113
127766
147906
109310
187388
222532
66457
91284
504166
492554
262032
258902
84780
168553
199071
301344
432535
495297
598159
445400
247071
568355
424973
288157
150884
372904
198647
281628
178211
493202
471429
556333
231828
564919
146448
146736
76974
102730
88142
85134
65311
254447
157653
206671
322828
186418
125674
115852
96905
303480
232180
168871
217683
316894
250590
445249
397275
357406
500841
373850
76618
75735
242420
146744
261186
204555
335322
178706
64511
483551
261846
74343
54175
57548
104218
82097
158951
204488
184138
210092
100267
92169
192780
127023
218043
284579
252605
100329
441145
318423
64496
51262
250093
104359
359587
255948
247701
179418
337556
230814
192394
68876
75842
79448
111088
117200
61125
725988
283760
337894
122787
725397
230727
513097
442738
313337
497514
166122
240588
345655
426973
428073
614735
451100
53305
81111
152527
179825
108126
255379
281138
143233
836813
801238
373990
305078
585150
530427
85184
92741
293098
116909
447922
195500
260943
50116
228390
80418
80621
222898
307522
148165
86328
387205
413371
195963
182158
211207
183777
99351
71427
86086
116400
144512
138654
249113
349112
372012
275418
436216
244832
130240
52421
57249
26271
46005
355092
360524
128254
121769
155182
233572
358631
372273
255999
30405
50380
343283
228588
183086
316242
183006
345993
90175
243632
109529
168594
203224
134250
105657
285261
114320
219485
100402
178085
275035
234847
201018
109146
60264
454643
294690
231430
272076
425356
341834
284798
144726
247317
139205
120780
225258
280109
569400
513541
584236
523957
322325
349591
180551
180837
155101
62033
80688
731553
746611
490027
313465
310806
772578
288957
423307
133147
82426
84491
506234
427350
162847
121143
167860
640286
208553
87630
724584
160488
49697
49915
157024
174933
103512
182623
129688
538969
548495
249757
364317
322295
354754
112855
513822
416615
149408
166415
484809
477162
182809
155760
244757
146877
133529
148889
61357
94775
91231
511919
197839
510312
127493
618163
658876
948051
1002899
242113
411924
391029
186670
179935
339700
308366
292926
177589
263783
125456
238564
239019
305804
139590
71580
404759
277759
302827
122816
84982
441646
229182
280867
340385
272590
359781
339323
228815
336510
171262
99417
206872
82597
291835
209079
206391
277524
131677
120559
103744
92115
166622
170996
227585
611908
427356
276342
72705
656923
68740
104835
104763
272962
246985
472176
500913
233199
418701
308159
518263
302770
152456
269526
130599
189819
268264
203735
340937
275048
476221
403091
621337
382390
553669
168505
265797
109445
96167
39984
145350
36615
242494
169754
85771
331371
374775
221403
241942
123752
91890
204308
221663
248668
408836
299766
131240
547036
219549
403917
281903
60878
152083
529396
342721
267713
300921
312886
348683
74814
127885
334328
225027
161894
280095
173390
416655
320802
132785
109395
53557
34066
42003
568354
244866
627224
311655
181753
158270
444106
239716
166493
120287
170160
133405
190269
187216
522744
368990
615466
372717
243792
213543
75947
445889
138778
121857
438056
114693
110100
285658
85734
327684
432124
354536
185841
450827
116771
233889
144066
137253
186913
127378
118043
263173
179085
421968
314007
335517
197539
447266
334860
257485
247805
228974
65409
84258
534344
188483
209801
177745
151847
572865
90664
49534
320347
153641
171427
72539
225262
98297
301318
346927
399591
306042
513720
411935
678014
535660
717590
176461
105819
171646
550970
260046
160316
180129
124669
407861
117536
55824
344807
211415
322817
180347
100395
77197
499827
601339
264351
320064
204093
151449
522009
250846
152394
465512
269335
172096
105680
342906
413871
203305
148115
346667
147360
295660
317318
678283
161229
634001
379626
490949
243735
170981
746442
251885
326828
75833
158285
428287
319954
271601
154980
487752
109319
393545
312445
308733
221024
380520
220658
226530
213559
210386
139747
136907
87957
172712
70515
42539
152765
226039
161855
59290
239918
109382
141058
334108
267665
341820
316910
344004
222430
63021
75272
179031
379275
499202
247331
174347
540541
453191
818476
750286
64970
350957
426137
1160703
1158895
237707
135269
824826
785635
817829
838151
148813
160384
44754
124318
63987
54317
174615
110560
216524
275684
338289
263201
343941
90634
210681
199952
218153
189349
198511
504273
411226
249261
198651
554745
281163
278723
615998
348220
156077
224136
460488
616033
700251
476244
386456
680469
205557
71124
200643
56749
58120
37249
168793
86831
77961
109837
137801
153595
116776
321328
210960
208036
195236
430983
219033
194472
89454
99911
205387
326016
229617
390752
261516
552370
269937
308482
339509
587033
430908
243134
270882
113637
214544
203859
211318
191225
552004
405980
77364
322506
200873
204593
185612
327139
293859
532881
434926
331226
631834
431177
492059
331145
746391
167872
210934
242626
941773
261985
187900
225567
232596
346816
423056
316013
346294
249174
188488
73281
145003
311917
419611
257533
751637
809453
169024
469059
393475
250584
396885
397012
486639
126207
157407
559219
351040
509524
519382
286862
680927
733441
560024
275475
451194
169512
88322
469946
314773
544810
619655
337361
138422
699677
518938
304031
262681
196279
290877
140945
325949
190253
354424
286400
215635
133711
145714
335875
203320
130717
320901
122056
67468
169433
243454
199051
181289
139142
300413
332402
319481
110653
218548
619895
236077
91443
340766
48599
51655
181136
265255
521381
520812
751416
360381
161220
597451
150376
264903
281377
298062
339287
202989
385829
364477
242616
355289
117074
346880
201466
251706
196498
258322
212219
212706
160881
286923
264145
286115
408281
533417
183634
378624
154041
125983
350972
910584
552660
673412
84286
61056
75833
366788
220729
266097
346749
111343
232222
227928
218867
136956
155229
524340
166602
545158
185373
131776
202436
124026
189555
143739
146700
147263
137996
110824
182232
535520
449492
390937
289875
239435
180810
360967
203395
101707
105998
106120
222780
567694
174893
452308
60068
171335
136216
145287
133018
316325
290156
389059
268205
132331
376406
123755
112630
251685
220468
226651
222898
152735
128652
349011
364994
274479
330402
337718
298155
302332
373152
384663
269796
232804
62957
192195
307716
433610
267417
475858
165719
153597
140126
109916
220192
220382
74794
416009
489014
431907
465948
507109
589654
339476
449838
136043
440035
254163
360083
402935
477055
460143
531828
489619
281745
128705
862152
816135
660989
673006
689615
677787
354694
633255
260385
171189
688371
143231
111985
99059
180018
225499
222558
273637
362830
334752
151463
471975
114437
466646
98532
79411
102142
283580
216004
209710
170323
400571
309864
562953
327920
511516
130956
443890
227471
305521
223931
184469
192550
537996
400563
68133
119803
365926
202110
344755
162764
133979
336469
315548
117190
86007
310415
409972
177200
92633
901282
865166
143956
327996
222475
471630
227046
79480
315680
612445
725491
671328
276097
43354
65823
77374
811782
145126
136025
255523
194820
437678
433074
265619
246055
44848
792220
803013
147582
70596
350737
369300
144148
43110
610631
345117
709310
452484
266934
162917
53011
182984
95155
123351
120281
157759
123324
364825
338499
458545
403998
470962
828548
581292
289857
112238
124797
124779
124835
172460
246711
287061
241858
348075
122746
180612
247290
482092
176347
426470
145713
203521
174166
116646
327176
194420
146655
427534
116822
193890
97913
181252
230198
224887
226638
349077
160490
186402
86923
91391
101238
54723
44286
163787
58886
175475
204767
89014
445729
494040
159842
597280
411660
717127
491061
178817
132389
80454
381864
162022
346199
222791
169648
118969
237104
109666
173546
99424
117456
266754
198337
322748
453801
373479
273875
513671
296571
207415
194970
186437
166958
273264
184217
144198
261880
370396
249558
54033
110476
158489
113213
164320
915382
428589
408204
1057179
257986
176708
381195
106299
291285
309055
380212
291512
378443
113154
91203
256588
372514
280530
393002
150700
123050
453516
166062
264840
418596
376588
190789
79034
74126
128145
418901
1032197
446023
163805
240913
941823
342319
274879
210438
216428
205890
131866
359832
242134
184745
66842
184678
58508
61347
166665
243404
217515
348094
418203
323827
229199
63188
240279
65549
259164
399937
332061
352615
210728
108224
60939
183886
235429
295129
222304
316862
116358
116529
56499
232090
181682
216108
244183
264067
254996
146044
531939
494884
181295
490051
230821
111058
476714
77177
139508
227755
245357
260274
374859
223603
389011
103157
286640
392233
358333
500200
243448
163962
286029
125095
229348
189338
105966
198354
90650
417831
333113
335468
361064
105160
284662
283493
65474
270863
92550
104349
414388
169441
184349
128625
54196
94889
111601
276619
341667
509327
281060
95721
628406
456244
52906
214513
192784
67943
118451
264428
166718
294158
57484
147835
116674
87519
246969
297159
440300
396870
586275
271503
440504
227920
239270
143157
547365
218953
505548
451042
327607
54847
557348
681868
440055
192858
94434
368557
433858
990157
249960
624070
140492
65942
134319
115781
54234
202382
263026
228990
111959
235727
122495
206929
347492
382684
138453
497299
280521
216119
50239
661357
323860
50496
77828
303690
84234
66558
349169
175404
279921
275714
248012
329324
269929
153507
97773
416475
434506
153306
178330
97950
230117
111187
45561
207135
126694
459095
333435
313968
305742
124254
121248
91168
69819
901167
889918
205645
267285
435129
396603
277622
584155
414537
532447
975522
434808
176513
135489
154062
793061
303886
164883
846730
808536
217696
1132360
329913
282694
184927
64066
108258
1402650
267647
602604
382192
301103
473087
455244
351377
366447
458644
448515
417126
357054
145600
88948
110322
490967
157499
134350
426241
226333
298700
518653
396588
614396
256324
194671
128948
138420
205312
159096
364457
151312
427783
161220
218030
142237
137833
190126
127004
123771
151609
106723
121145
283575
238136
376182
213609
272646
528911
248226
735712
471008
173273
200646
753981
245772
735114
82557
207060
130894
494598
431731
525875
662105
248266
72467
300020
288877
186242
192006
328921
168524
44125
218482
211959
212399
272521
209264
106979
330170
183475
259784
234155
116095
394944
365127
213803
577559
359704
348461
785815
332330
316091
573110
125583
543454
235237
340412
336936
114937
71251
109606
150128
591211
451758
476479
810492
325204
208244
132074
171803
91357
179310
161940
144732
231528
165063
55911
241025
233468
477533
171600
688393
393615
447566
306529
170934
170285
267963
216354
180790
319241
228297
193040
176670
111848
52914
810584
685625
75570
202332
302463
325661
404754
357896
398742
376313
262127
388846
544637
214474
112664
124572
764318
122512
164725
721051
181256
162472
155406
197887
174590
224290
191746
256357
150580
114020
161500
168274
419226
285573
262227
314114
204815
394401
192636
478500
391626
521674
326346
838335
569414
1014229
741891
580467
360412
544127
298408
309273
129002
355237
256051
259970
582485
398638
486990
44590
402488
82592
269821
354795
334017
373183
157543
163700
102080
81874
33203
59308
230450
162368
276417
440158
252027
80448
52216
48756
602513
204309
239672
768575
156123
142539
50908
37594
525183
599713
737576
581992
367020
87889
990696
173202
378536
274306
262970
503381
418372
103753
259136
125429
258827
166299
137081
142836
153855
312109
428225
533273
201124
135847
81630
568532
90306
479483
147990
198089
113863
202402
170888
119488
206832
99475
261104
186593
318592
434854
303004
350945
168676
236703
137758
391283
320661
81775
114183
303654
227968
158871
155282
474443
172114
318679
316539
255598
119217
99959
505087
493283
181766
186823
212643
287028
172141
317522
201232
210221
293169
376392
205299
135472
306230
324924
113652
525410
245509
209430
580666
223896
369811
376683
81968
399278
203824
535228
376338
370937
354562
403067
435583
1205163
751797
757301
255995
160873
1395006
564128
272930
427840
164894
104993
418491
183843
140273
153182
159554
68763
387114
577163
