41495
72268
17536
14478
17680
26343
19478
17162
14625
13992
11666
11945
14094
16653
16284
15490
12235
21194
18454
14080
20511
26480
16225
15473
13297
14080
16073
17080
12046
12592
19433
15380
16053
17176
19698
13425
13366
16008
16379
15002
15631
15157
16699
12572
15733
20573
16836
14572
11552
14657
17501
13851
13307
16304
15177
16916
21023
13716
16489
15422
14207
27095
17268
17912
19409
15985
18655
13777
15978
13861
68496
809775
328044
124877
651901
59550
853378
1197368
47635
225531
707512
57096
102923
437845
167062
289905
2211870
68473
134925
494378
93899
70084
35074
133938
737224
203726
1351390
161475
455990
604693
197878
187265
32480
611780
155692
523715
223403
452288
879981
101263
218412
193133
306599
596194
490123
694564
370293
158578
176218
192906
435693
205292
137664
689108
45477
192835
266750
653551
67203
165140
555593
421316
225150
897338
515561
459973
33390
90957
683884
169562
118043
38581
46750
73984
652722
233580
76519
2264269
301180
78802
318694
295215
142994
215409
87185
142643
704266
615633
710604
422814
48006
56579
470638
84934
208651
185684
453117
555775
187576
426263
1063464
357270
185863
300539
63204
978306
279070
356353
641068
143723
192702
61701
463424
817346
73534
146574
337647
638242
2101308
493276
108860
938722
335003
119007
160713
341432
1198866
227736
233980
223871
423951
494064
269811
207604
87547
598601
313938
1076591
65865
608126
94800
439264
200249
619429
1343967
900213
478111
394438
597663
404594
142513
186997
251600
100277
480025
1705901
218392
197927
379680
419119
769908
166930
1385580
690787
553164
76288
446264
178786
77589
184286
68455
2079248
685409
289424
103574
52585
172775
384618
42168
43659
690671
255147
39264
103032
249195
181050
224574
66523
129096
193567
117903
106500
212530
105891
316095
69525
77427
183498
223663
367340
261187
159386
89010
278530
777514
301524
285292
96026
398470
1229672
786842
145713
231008
31868
1149041
1635631
134645
348283
631533
312622
618004
119577
26000
690120
452875
244127
205630
307979
420871
73318
639803
407601
186255
221670
171343
222233
247301
246360
438702
44995
221343
122482
67504
1603205
719703
35547
193950
64942
504085
56088
416905
130632
311324
147410
531703
696134
729941
714174
609541
751080
214926
865997
387916
297712
1077680
505180
676958
272797
182891
156766
1355504
61727
460444
120048
105466
442675
57397
172262
124438
99482
501511
681152
758033
1188927
64973
40887
1151138
1167016
45739
313286
144216
230594
197234
613974
273767
497966
1650557
539568
121225
557407
178219
81872
570034
280595
1662433
265508
444670
1390471
396808
580452
337277
2697439
597827
91653
1308362
1567583
532807
789813
363058
855594
150821
1072798
954060
1036790
216866
642879
1872155
1268615
1463232
780216
1339619
569824
1261880
975176
1047495
639638
849896
699957
800248
2186192
1493535
506797
424177
211515
262599
207454
1159059
1150328
2572567
2479717
752554
931016
765950
494313
123677
110036
228610
414365
1831278
492378
1025349
869518
2355539
1483315
759497
1235056
972815
949973
704756
451494
520750
645778
673168
423721
349538
247275
170346
654276
1100385
1523968
1201021
872770
1831979
639153
838561
1307867
904270
844375
1994484
926613
903968
1567246
970177
1303531
905221
271336
891832
768186
702636
727346
3027802
452382
2517387
826882
593288
617800
786380
441723
407006
486008
509393
789967
2385405
2576691
1812223
1277328
227935
925366
281099
764141
369515
1025880
913974
1292653
636750
1213929
370666
100443
1441084
1346808
1404076
1795406
978454
1161740
1012458
680091
75072
1441525
435666
107347
734803
958449
1589373
2015167
1370176
2814429
2188004
419249
510179
602888
967781
631474
1322977
446077
2128856
1841051
2109430
392951
313116
275913
2872825
732089
1554017
897802
946910
422450
591646
335886
554850
446083
582218
727263
772541
1021632
645775
1136217
1319392
1675374
1617872
389129
523324
515829
301369
127867
433355
2366758
2063303
1315823
939870
842681
241948
214725
1447849
760888
336695
569436
324961
610114
451680
328938
374229
375022
1522811
1348794
900090
899315
351269
986836
938090
1287880
1497154
864052
368000
197332
136743
249778
1457799
270505
1359529
891990
817384
874825
145467
115070
72039
255790
292282
772201
1137472
924590
2141199
2224069
1818524
1927017
848367
347914
579316
1485328
1398223
1948527
1041383
138303
1620555
567966
896369
649713
305725
265239
676969
526342
908422
581115
1706805
552967
1624413
1129156
1687692
1303126
511950
107877
230487
590743
2196668
1036159
670920
487086
527417
851613
753667
1367865
2424201
1428980
317479
2441776
380249
442368
315275
978130
945799
1191933
831175
274590
395047
509986
545364
2581302
2842367
1590470
1741675
2737961
1510713
535869
2910491
687972
2104251
843446
847144
774499
518551
251718
56737
981958
807807
678521
177934
864711
405206
434243
250781
590288
598168
368765
301593
415841
1147207
402882
1427507
1159888
1198075
1521940
686703
1484819
578391
453661
621813
504096
523897
220184
569011
767712
1465579
1189556
124175
756732
476879
611144
845880
1313132
1327683
260205
432500
1176808
937062
665153
1461595
126278
694974
259187
638939
550861
544676
272103
576962
706115
938757
2186286
915751
2859157
1237140
1521246
1345863
515681
284634
581680
357872
844451
830973
286068
1995389
1825333
1419387
352293
1354040
413835
1163901
924554
1157657
662109
168524
86614
2167904
1859784
1339240
877565
504393
1680385
356879
551946
854283
932084
1194814
1392101
1396277
1033125
1400075
364743
215957
1121883
684802
394234
706445
1233038
755839
864806
199030
891890
213524
652121
405392
310520
159285
961625
582764
608407
1437520
811589
1017676
600762
639653
1640060
763568
1004771
621662
609833
343051
655841
381839
1654824
243773
217758
1003492
133313
146806
707039
963160
1262582
885824
1511078
584788
953752
949088
414997
887968
286770
411775
1065781
517495
356640
1308909
1015573
239525
1000178
1117056
844753
1401415
1383054
1349233
805595
607133
540246
196810
141821
185746
1015133
264950
1013504
161182
106434
339676
281445
271688
166372
317184
396528
1032957
838202
1053081
1743815
882246
1152192
1221298
901932
1190481
304820
1117966
616237
672229
1151875
1043355
785971
1575206
1013509
1042604
858635
290608
913981
928551
1068917
722889
1335112
1083088
719305
431185
1720402
1328990
775146
715132
192153
272351
856948
540029
1046557
484336
298476
768794
214011
648155
341829
108503
1138879
1337939
272492
1804294
2043605
569383
1394501
1403382
1618437
808677
1922440
167675
975617
231791
405340
344161
570816
586849
1201838
996472
1294302
1837278
1844837
1729227
337342
227189
1854960
356076
442866
1136399
434995
795017
516613
234167
381241
573971
550261
512450
1599277
235441
147741
1425903
301744
388008
864648
862951
1345630
1248086
1764762
2046211
1125386
2033743
633724
200262
145238
773695
907750
278461
806232
762867
908370
269922
551200
1535748
951836
750258
1567585
854558
777080
140622
1893363
1332436
224182
1237181
609305
1767411
656360
1135401
339570
1067626
677090
390645
248177
1220951
265917
177346
243398
1960149
1038374
1099832
1080788
370930
394079
319991
295589
1105937
998622
291848
894488
258425
976443
506716
582622
664821
450243
468360
1212042
457359
1228644
398438
450300
1414734
1247894
85650
327449
1292322
976419
513285
282594
388125
574486
458783
172138
609372
161853
174102
533219
621319
756946
309333
936100
1074179
812587
855956
792653
2412766
1820149
1228903
2151577
462948
169899
398820
331108
201695
396530
354767
437371
597909
1143205
458492
510100
389764
1869698
895875
181848
130215
198407
1017243
449109
552580
1259074
430610
1014158
714577
785476
1441223
936403
965355
218687
1199601
574219
608736
264273
1004749
752481
339789
386522
308524
483306
512224
72153
362261
543828
336223
281789
192287
384522
2652345
2593570
488474
342030
401758
710297
435007
261673
818703
297149
201113
426570
440137
281877
227869
389367
367412
535849
392482
503697
968553
755134
159179
1878076
47996
169214
2011898
542222
613947
517118
713607
749550
153837
246164
317216
1068617
1240116
326998
534575
1081171
703575
1606746
832412
858866
337234
317426
1375491
1064515
827573
979704
535614
266470
1068631
315113
930873
462290
485131
380861
1030588
540201
427204
1450520
593689
492543
55143
1157955
455084
810693
564957
519466
702909
829044
1924375
435288
407175
2445033
1119649
1303118
1123406
474580
709071
240887
460905
473939
442967
362747
112547
641481
269385
499706
1080918
1674368
1698446
1132923
411472
287838
2079388
860377
646132
430306
740119
603675
496651
340129
774331
730481
546044
664448
1026343
734153
109219
953342
279153
662106
1106494
436220
394003
1015785
538728
373829
317531
173789
1354144
1155210
1360014
1352636
1093624
1119790
654202
851094
1364662
1428555
115815
316809
1115424
759729
112585
550237
702900
1354359
1207191
207340
463047
179632
364601
392583
311358
232384
1216548
1159598
360172
1232233
1322092
1195376
1721391
1768206
1878372
816414
494862
56305
169833
142040
108421
128123
1456916
581154
347807
331814
52269
599992
581035
1066060
1123331
776354
528271
1234651
819599
773102
356320
567213
559940
604263
490869
639679
1430098
1374764
1810556
1892314
709320
745483
305403
569375
679655
913687
305034
892964
402824
928840
1449653
1430411
1519295
1245683
734889
815852
930813
502677
567253
420029
247882
1002649
371596
628520
135972
61408
521514
332285
532234
523811
979746
724017
674170
2091110
1192611
1174522
1806539
786409
707177
1681345
1534327
1201906
1089580
651064
454811
993761
304702
1097168
275768
98525
632765
1050111
871728
353773
968446
443714
460494
1103719
811683
821660
795576
134579
364614
2142302
1927164
46386
433915
828497
1830129
1965013
1292110
856839
829129
475145
2058189
1310138
524882
1051041
573839
250556
1406111
1133295
746890
1203768
452160
1627991
894328
792214
341660
1240096
954691
277031
1224798
1369008
223525
691586
528666
1000344
794872
357727
2243643
1660896
2078764
1095499
3043177
1570853
658738
326810
1356496
780131
59560
507158
621107
991172
1002101
814829
946344
1157399
1654087
1059153
489276
116578
1625741
763041
683803
288062
327658
1435650
512731
835618
2198644
904079
406847
1115870
307142
1025117
1750385
1013961
2213920
491882
2354279
243205
259240
699281
652342
337138
767308
1131100
846861
1032055
1034415
630522
418593
600141
632298
691313
147053
1105166
759957
725130
1427360
1333790
648353
270747
1288853
820528
903629
2659216
1418923
38437
95534
1333811
1117290
542340
607474
297337
632098
308773
764036
391127
298987
472611
286653
611645
800952
552747
888848
612647
633370
588364
253415
469441
379317
242051
117728
236240
266345
533906
721074
362773
1014037
247169
308171
146512
1437383
695695
521390
420308
279693
135681
142788
1431419
990715
1235161
1208344
212591
649663
903115
351160
819194
900654
215327
639400
679689
238417
451628
603450
517612
158852
361563
860377
449986
398405
811422
1765933
1224569
979046
409142
218483
227733
462581
891885
577948
726015
167954
970382
438472
441748
765147
734535
488812
449408
1352255
1390312
355966
803616
761698
502722
304614
266098
602406
408935
1513468
1512862
367743
569585
449781
270490
139935
374447
614472
1445071
1096166
432750
1540980
1286556
201612
1236007
1197469
567613
609826
1005761
819673
1677705
1704711
317152
1515072
1923228
1317353
1347453
1232825
342619
969866
223516
555604
753977
785856
421196
419644
459792
1435970
330628
184294
138800
94968
118411
1584725
753646
111400
62734
864364
888917
351843
767353
767864
493108
199709
446619
609852
777248
788889
557264
313080
134020
1996564
1725349
917882
1441421
1127285
1190670
403115
567937
1632512
979369
700132
1832430
748708
894194
449045
1750228
359675
1204575
627176
613893
187000
784778
253464
423729
1016272
512529
90775
58800
876471
810597
432569
1137910
1301346
1692040
1503175
1350591
363874
2580461
1078666
1524595
2423899
1155668
2265723
1348045
1184812
1599097
1239693
1149859
846563
314805
46952
1490653
360086
750205
454773
287389
1806479
1444897
300715
1183035
1074650
374607
607102
519405
1544970
2817317
2346468
1247494
325186
248873
3953590
375773
311927
1633222
551373
676447
346420
1111946
1493373
746985
1076187
397980
1259510
588885
1453084
1187260
1154723
2128446
1167368
1026551
298296
318653
500026
1439989
884378
1511826
955379
339823
1250657
273184
231039
1174353
440630
497456
766435
359035
450304
856062
655042
978115
530915
625217
567253
753734
870217
896836
1407544
1143350
1054036
1015163
377598
227063
639672
661848
1399139
1147668
940569
1187895
1094075
270435
1346768
526236
891598
864622
1025756
1236285
471808
806837
110020
805244
160269
391895
366579
695577
602855
1146249
860850
1264545
369770
1357982
450970
484012
184552
83438
187290
153667
161966
154611
378673
516498
271080
270971
223878
521597
502825
390083
756777
476877
935175
1025462
666699
144696
1241741
1049567
173856
333098
402357
651840
1041541
1160076
913908
685696
877755
451092
1226609
929674
657072
761692
562984
1699385
1621832
271735
274474
1462120
1173913
713940
703947
737246
203026
99379
60265
334796
1777573
540188
1523687
521234
300184
858277
879002
561815
366381
950705
340304
1183649
628671
1141798
1084167
460868
1154613
1424251
575776
372347
1394676
559085
788912
1957290
1026809
1254305
629360
204459
879833
191872
606189
500908
562043
572691
388776
834141
558909
373016
493268
539553
1185833
1085546
908222
697787
433897
538987
487233
406309
120785
256610
1440756
1357263
816144
956706
389412
1236480
924390
1530964
421399
168454
1295144
818023
938296
979636
1171566
378297
43210
64349
229871
277595
1165275
730017
573789
1031920
1006139
886788
943702
478853
180832
609589
1190209
1241640
1797289
948150
1371336
646513
984643
898386
1308814
1069540
839549
1545611
416215
629730
82724
204656
197401
52070
473588
898370
647930
816118
894478
146552
450537
912907
1047038
975837
803383
1251290
2506594
1828611
650797
931466
2012048
1649629
1007054
577290
507090
851190
365412
184463
420510
378171
689895
1515407
1695094
2277315
1648525
1253217
577843
1406908
345333
428144
1182334
402952
505624
852410
465561
742849
504881
272017
838048
1090638
817424
782365
103184
694943
384671
476479
209850
764986
977524
773876
834981
154889
1191790
473093
543850
121552
68367
146155
1099771
838377
1075278
958129
657802
1753271
1772283
857143
383255
839296
827088
2716744
904329
1024198
4078618
1317104
1900882
434866
1461417
668059
801462
783564
962414
692846
594547
618363
668709
684885
974193
667149
691297
676001
669582
636530
242418
456844
371556
113061
255200
402884
261963
413963
2711730
3015435
1473036
867431
1937751
1020038
181552
1220599
1000231
274320
300623
174230
246007
220061
101603
245710
301955
463918
1670455
1706557
720721
1437299
802358
335764
1376084
491443
423284
520987
447604
466867
639757
830178
1031270
2511579
853308
394271
2468494
248040
411724
300311
373479
455449
729902
1130947
869071
137085
320126
1813168
652888
1319667
590957
577661
878953
710640
1205400
1247835
709494
492174
152365
835039
471956
1375549
1174287
1121205
1306541
785534
957978
539664
892954
420745
394056
752302
410425
605719
550476
239187
363713
1166828
1834863
1856102
1439370
2079052
853799
252208
281848
674932
596010
1106226
991612
454230
331250
96426
301204
576556
415190
2227458
891493
1590562
854246
45160
3299839
195136
1589826
421168
859149
807768
1357457
1968964
1503741
368210
419898
323010
398990
2528058
646613
2159253
653482
880115
758793
1084365
1230074
2295593
2074878
1146479
882788
609873
853249
910974
656443
547414
583809
266634
1968644
135318
1812183
45332
118213
563371
1095210
1499847
1408245
834106
2457553
969016
2119557
994372
769714
793169
410725
564757
805165
397181
3425786
2824496
956012
1122117
612855
625847
276015
315165
378295
640385
653159
520179
373486
787709
688695
258738
655700
351525
1342701
1240095
376656
125041
70504
123210
2400986
2519221
1248494
1541814
1366170
812601
211609
738104
514729
576382
549541
215663
676640
205958
626089
280130
674220
591253
1013007
1264760
1234334
695313
50855
1740272
1088267
294552
439439
253853
1157443
893848
1892479
1216508
989694
649130
428348
659299
524769
1146226
944370
924725
1355095
949606
837454
829317
382481
439571
1575539
757243
1143357
787270
564531
288386
621890
1051642
1544270
1305075
397288
989758
681429
535191
195633
181432
1437011
1131301
758991
1398115
1361458
141932
65141
404410
510264
1488625
1220092
383359
155006
262285
208513
923352
934552
194967
378576
290613
518323
424979
387697
623049
742279
975982
722090
664319
381940
1671767
692876
979162
1390920
840285
1358678
928082
235318
261306
106786
163829
1623528
1222687
186372
724322
692264
1031058
1162747
1041592
403075
1140533
254022
225388
765986
984948
708327
1246704
444238
674779
290646
935684
347315
684290
307991
215338
694741
423516
933955
558926
724565
517134
562574
605556
702724
611238
166511
348005
436782
963197
1228002
840058
1271637
586260
271955
553322
457596
201037
1337474
1383340
823074
705334
399646
229291
361384
192769
334854
295800
333578
1289705
723605
617636
1555957
802011
934059
763380
1954087
1441917
706822
338246
101258
109039
620412
593371
175141
625115
273523
467335
1406126
2032100
1596786
1996046
554857
624377
284707
335777
498556
630685
580426
763800
391579
492108
602538
269047
1236298
599551
1462914
664319
812026
887378
897077
955740
1029724
425778
386252
381073
414575
450415
535525
263745
692882
970283
780134
221083
460731
1811844
1575664
542745
593118
1441934
376642
318464
2110809
717090
1065918
826157
1502959
1114735
1169310
474365
638692
981764
1595025
770519
312553
2040630
1041937
1529960
1587751
616228
1916453
1302556
991094
2587925
1150859
411758
1195697
1008401
323469
110080
590968
587436
1007518
572953
1221880
664076
924274
453357
452211
849883
1473421
1399869
1884072
1243223
843580
798823
522132
253023
2623320
878613
783955
840983
837422
3023147
1426128
536938
493871
724660
542277
1155128
1582111
723894
194006
633724
637086
211012
176192
2967666
704438
3322667
829162
334515
909655
533198
528322
492534
283759
624749
153650
182569
321331
271143
386052
495834
602653
839152
787852
747088
794955
725925
722782
344059
2778957
217337
318458
232055
2740312
153615
222727
1129531
1091053
471337
252861
729355
816760
2931885
1197299
3285646
683912
1546753
613136
203890
443342
299048
418704
2037504
1501257
2122748
1287928
830657
770394
856902
264195
1078334
453101
167011
866781
1083318
1049208
1589847
564693
1835024
1248000
1431038
706188
1632722
899874
366003
1339114
361913
1008591
245869
87612
797307
1066855
606747
1121635
1143978
111528
421606
330526
735850
672171
895261
776506
193843
535601
2138512
1882206
648038
339306
646806
391254
820215
738781
180822
117730
439078
299240
510718
522530
855558
1085569
610166
1702538
1420797
526336
1353585
1222802
454582
398459
1395147
311298
1012625
142333
304082
281050
536631
381263
905637
966453
172806
106974
214245
744620
1243454
547700
174492
973158
478989
1178217
1035692
1102205
1034801
1115243
349377
75679
415193
460716
450118
416628
1428970
263207
304032
294714
1434571
625158
811990
719514
849618
491120
424496
139484
1040929
542112
158972
401999
639849
458371
934729
1051142
944600
1211387
640790
528127
714285
1070346
1975999
1672111
945842
412107
110601
438202
533828
282922
269074
171863
1886293
788343
1741766
230883
933988
221406
196187
268187
365475
231425
1030165
1240658
1281669
1284505
45137
705236
301863
516302
505625
702727
353166
541500
968322
585410
98473
311214
458719
233534
400564
644837
2861316
433852
2490415
128968
137753
130091
298948
851477
1393275
2156458
2059375
338201
291154
1346219
739362
347674
413603
1063651
922320
306516
1079830
3076090
2774617
341923
380076
329064
229575
240371
2425012
2122149
560975
897292
1076516
774035
409119
1174464
1012895
1897375
821957
1079623
133232
85119
159948
184081
386436
507103
996693
1236782
1000622
723247
434477
321894
544774
984155
786465
1543432
1393410
239460
1040614
995652
1954494
1944063
1636330
1192630
1946426
902385
553970
1233754
1465460
1627460
1149072
1170408
590276
642084
555070
659103
270953
290904
148082
58435
343823
384734
199529
401744
1402290
1528808
1187684
1449504
1430685
812727
1279296
735891
837839
807756
369808
66104
85115
127887
112344
53345
211771
570788
430888
312487
341507
97697
1948945
215382
517620
1893244
532051
683867
1206085
728421
372886
297228
537928
1767389
1071775
1787805
1381016
1192805
1106563
758911
495938
612935
1394671
750782
543736
392176
227252
1442707
132894
575663
255426
176961
581402
726194
565322
412002
1421233
1678194
494310
464899
789448
1494575
918200
480767
253869
1300610
621160
635935
1058368
1404122
1349794
1675302
995742
214226
423226
1632289
1384378
1136460
1095194
379620
203390
248321
364328
1382984
715160
587391
1613763
611644
472711
564800
282518
298747
572707
650488
632359
1666425
454882
1829399
283301
797158
896054
190290
750837
1219653
566687
591739
314664
412904
1008204
187334
1601974
1323245
1379362
1404832
232004
882319
761216
146835
458673
754307
849463
912791
664213
2649025
2469287
143477
669720
952115
425725
1557403
1395888
193113
525186
572708
161767
796764
942532
1446189
1089695
1750209
1577415
825063
488413
1435517
573079
259420
1577815
787981
243240
138526
242148
959105
900282
187045
399256
560992
592291
1368008
1204577
408168
1702368
264348
206588
1723534
552053
580501
559915
1237695
603340
1079703
178483
378883
772044
591128
412896
1458023
1560886
688233
317963
98293
133774
414207
323052
107373
1000998
890976
496100
292441
668680
361647
913802
450165
230536
282367
270065
182581
929597
917984
650207
993534
730706
572820
1361638
588533
294281
401265
791588
1079586
1813526
1331470
654959
351784
1693233
942239
1304571
1374572
1413057
1496883
1061013
296830
1911272
1319818
71323
409917
280386
433853
424716
350771
257786
380349
598987
650717
166640
1123719
662708
1585913
1243840
979034
1927213
1574130
1896717
1729840
482904
830165
1215967
900283
1591011
304319
435536
1316312
912160
1275195
1336806
795384
1445110
125407
919358
625079
115633
1101777
1048368
545485
1301013
967454
1225826
504860
904802
760640
2251273
1770692
779211
604641
1067791
1195959
1615622
1669062
397680
1437367
547808
848736
2171448
1313239
934115
1883991
216384
461754
527161
793048
940335
718035
1218420
584972
659375
1001575
252243
767916
867556
1067390
808205
552346
1459664
478692
601152
341248
463891
648073
522287
835139
758328
444047
683721
1789268
1153325
511642
286277
556702
2735516
1258200
203439
276703
396002
330061
1249705
415305
1329528
719736
1141620
1296778
1240181
1169875
984050
774999
706300
874903
884638
712645
2300078
390858
162761
2564059
495431
804858
578044
749601
737918
1980934
707403
788701
2124912
715484
458022
545243
609101
527156
993346
560805
206848
257965
781826
785586
283577
183529
178486
296192
482825
642971
890945
694136
403233
196715
1343978
488228
2285645
1399351
1242894
323996
548129
663504
2154374
422103
388683
1404629
1110244
1074535
1768465
1767732
1319590
988437
125416
107617
787540
872341
1291805
718570
295219
525213
2129979
1317987
1882815
627227
51639
1482033
447841
910011
993750
1342281
1119049
2594049
2208327
2002626
2820672
1222412
1701145
853528
459839
1146337
1025188
1010945
627740
1303410
631065
330942
218836
821093
1825238
1505599
515810
1360907
780553
477701
547428
1212634
521642
534699
1454588
619032
571724
1034209
602425
646787
928902
1029144
1223272
881052
578734
139359
539249
541039
523666
1653266
1819034
652052
1401172
1015464
459063
275287
243771
336490
415332
679165
570306
1043193
668993
1309135
635233
321052
1474840
790955
1120258
699998
679093
481209
705171
468944
914831
978322
1091824
767524
1131358
557185
238897
549533
1134701
818525
1273901
388990
546729
395363
1165513
759014
252270
693940
1128695
1067360
630973
1463866
1222082
1170333
797225
2093475
613558
319161
179319
2304601
503945
564811
620203
835559
401240
733675
443301
548104
312499
112410
775078
1138949
875745
181298
1482988
1549160
729902
547570
944277
481955
1035445
777849
402045
931576
726280
567756
797223
1225771
547467
1335977
901003
993654
751251
184500
1284976
713735
297306
780207
573811
1017284
559377
255164
296983
312997
162249
861609
592250
462592
431612
585460
1148790
1095929
1285527
511352
486064
469090
50187
2137009
827546
831172
246530
2476276
1284416
2001016
1625679
938507
339189
871807
365442
411252
113026
466455
495733
361830
732133
1091926
926997
613342
1347900
321297
1908806
870639
928628
1137501
425768
671238
1404450
1015194
138059
1096673
595914
53885
275829
532359
683688
649201
752707
475264
391080
412233
274639
824771
1029113
1083033
1027884
1527574
1156541
909493
870242
1472501
1043613
1107162
1550166
1697326
2090904
358058
1698362
208667
260876
1069807
1253989
1306340
1414424
307375
610585
290564
514593
818587
747917
922663
836392
1015720
1389468
1050198
447353
1516923
960666
760676
396636
150459
572714
241755
520033
204750
386267
432991
511560
777277
576750
235647
547160
628323
559879
1109342
1133437
1434980
732903
1841459
872484
794645
412498
1768706
1178922
249006
182409
156154
1335296
602792
670597
1658057
365348
686548
626669
100437
889182
391099
1234629
497502
950872
871733
619966
532076
596839
409700
430616
1077889
788734
1003700
1695849
921580
782736
1537587
657502
653848
251800
297999
286724
204945
886077
104772
101235
464214
268957
236824
611846
660926
555758
631572
428003
512234
510206
500458
1130520
879390
254671
849295
775371
569164
869050
841709
1799071
1075743
904566
287768
317510
185574
2920038
1581950
556820
352914
977774
938223
636522
450415
763570
574385
767557
811767
814434
576341
358263
306440
1420757
893925
602884
534409
647204
759318
211533
612499
294660
977547
928984
403804
273868
99429
1885777
121848
1566309
510509
676935
602461
856492
422834
442951
857631
1200717
887832
223518
114784
1208014
471343
870481
713424
984581
982741
1834691
1172053
267714
214963
260544
358869
1360854
614883
1278283
444384
830106
861399
633882
143296
155042
1389826
1750017
403170
1124904
1370875
621681
486202
1138625
654090
764062
994020
1449434
1485638
1591904
628834
2427541
549114
1699727
1047319
791043
1172789
672276
1181282
555796
1050810
210395
656264
346258
533037
943489
1037051
1560722
1529434
1168487
1956722
936115
830346
2386802
743668
78114
858317
411293
412219
427953
124040
401493
693927
731200
303568
1142564
421315
1138380
280999
349333
128386
1299591
1546223
1508442
482175
1977146
448259
618668
482023
459381
343421
662457
529366
570266
131181
835913
615488
170435
408837
222542
240135
870826
396476
597778
800240
537914
384445
897108
819492
621146
828451
1424508
1291296
177197
47516
757449
570259
178682
718054
845672
168110
151759
825184
769216
239182
193699
405443
347862
304211
916259
663611
1253775
898428
127752
2188398
1056906
1248672
363948
376059
518873
3089840
1833417
601973
539701
743909
748978
593810
201314
1133341
651773
322864
351546
392043
422985
888021
882653
736333
562228
232630
655994
825854
846449
813741
848250
1586703
1367742
916849
523272
497428
486311
831556
1116220
786676
635733
1033151
1876700
809078
1700577
565607
264859
1014524
1672522
1017856
163799
1756239
1784338
902550
749637
816064
1445650
1086015
1543677
2466969
1144704
501403
64051
97622
139286
274084
210864
2268270
573939
498183
539297
729769
401532
260996
827177
1931302
1040914
1983088
680973
580126
465997
255715
92862
366054
421229
827330
659340
695797
528279
1260285
1211750
842017
786857
1344867
827178
1445928
1653485
1060256
1602302
961007
155863
258026
510677
416284
1584336
102478
196984
234453
767370
1029522
2574157
1407470
993236
1270403
594481
2053523
324594
1958035
441312
394640
476609
153888
337193
444213
606823
304460
124568
1091789
385083
1211514
454140
502701
660979
498966
235901
643378
577663
311015
1796096
1521820
911141
1093281
691745
1586689
1599500
1003613
246362
902206
451406
267025
748719
626748
355193
298095
114399
236134
328942
899601
1032267
805431
896106
424941
1124555
294442
179974
198248
310325
181659
1768583
510081
562290
145561
245665
1182983
337467
345497
1084286
1313440
1348739
908870
589653
319458
1947015
854017
128641
664245
280969
378437
994234
517752
744016
425450
866441
555732
822356
922425
855804
1630953
1284150
1279798
1556288
615393
592639
215437
689684
1171503
1256189
411908
476115
574470
226433
1960271
1502007
612209
712066
542414
901714
290305
295430
260886
341809
200395
132009
1301209
912525
1088791
325640
334986
1964674
718723
1060211
2028123
848157
1614783
555425
222545
427371
1366254
707760
1415442
321056
679079
388066
389658
522781
956491
658003
926562
300036
439537
414515
751550
137473
831252
537122
604907
368938
626012
59960
247502
221042
459294
525307
213415
593596
426617
1040895
609101
758942
176105
266734
751916
479484
645099
500772
454102
385651
356410
487554
213503
182557
702777
316385
1057682
951244
1188980
756648
472956
374993
331354
371107
1933659
1033108
1049786
2210472
572855
528439
317269
217666
91014
107304
287955
339337
2153406
959361
133165
98378
419875
736112
451613
1242829
827801
908783
2050780
1023492
455420
262120
452202
363101
674278
515347
655274
273137
647835
544405
647178
580610
92393
376844
643191
2700136
775848
498153
74092
98505
2417702
383463
421462
656014
472453
230277
634570
919971
1063205
1070896
470530
2323114
2386080
396170
451068
213343
307234
653263
752329
1221588
729461
1090664
270466
811393
930889
1818787
1387777
338206
366678
1114653
836858
390240
186467
135060
89807
97524
50753
751639
726173
802638
598172
1044338
390706
224960
819868
457942
460003
462559
236801
889812
1170241
1017544
1498139
1213200
442889
472509
415412
2996425
978437
2470007
1788184
1250422
1151780
1487087
405324
844579
688830
965933
417333
587349
1594483
728721
573335
183704
1393541
1628546
1604980
1477272
1039022
191269
116119
91579
543323
527263
593344
184457
746152
321750
326107
368657
711286
874022
652478
1763816
1602069
456956
598781
371975
116318
1531853
419034
915067
615359
2091163
175895
202436
499540
1321953
626479
787379
353529
570768
614305
353300
427876
577585
1009234
887291
682323
159215
1780196
1215116
492071
811840
690768
437447
976207
975104
402551
1299758
1465994
774573
1137297
1150365
446259
272410
162665
419376
496697
570350
251772
134623
820525
884859
579222
536747
510858
139188
114242
430176
1640674
1334633
1042338
1699513
485274
682089
1223485
931656
1041308
483722
1003081
751582
605494
636587
301738
274782
450843
938989
572499
1446069
2022201
1833246
2245195
963135
520255
1013863
2109830
878746
1635821
359657
214984
685392
485836
217620
453389
533392
1093467
541089
348198
1298456
679644
1026142
1010682
539421
1346875
566610
748661
609023
681727
1040868
984457
963022
535337
133284
508697
376670
1022502
1431962
1199055
1373326
465855
162611
561460
781068
451666
170084
1682848
1564768
609700
509483
629776
269481
378467
665094
485493
747405
1227395
1030400
2376374
806829
2467301
1451597
922495
1291733
856054
319358
295641
405023
178732
571842
685872
518523
759679
400971
136871
564513
493727
230962
500956
547872
433220
124676
44902
234265
354476
773782
409931
436116
1111200
1175578
1141492
1125767
1013553
728459
390592
962817
1244376
579770
492552
653624
1739342
678939
1860698
625416
696325
315208
145969
112487
409715
760434
2137128
597833
2328895
752691
1251959
1186703
799639
551075
1115024
1331965
1078022
178216
253135
335478
207372
895801
848909
271435
318322
3102261
2877464
363424
833967
326081
793784
501375
505241
213077
765140
1591480
1382118
1380559
923826
1351579
1952067
1350599
1130349
1726360
721969
248455
674999
877148
775850
2127564
1743070
907652
379660
105706
482989
191373
334260
311703
512612
1240001
1637033
886135
1673154
2917349
2332578
2118367
2352973
582151
330474
389000
382887
1067666
1509900
1253173
458702
155216
141059
1664814
473142
422351
809795
1012684
758425
883763
914703
1188077
1001540
606326
431803
557027
639689
627508
516461
485109
148988
338320
858729
708718
1245765
990712
1458908
933487
1263879
679207
335232
714570
641723
1143449
876127
1571546
919947
1474609
455694
1284439
702013
176219
195079
877347
989040
1699962
1132483
1457255
826279
481092
1355611
1441771
930237
1359399
1214760
980168
575989
1479327
599566
398850
187156
936802
939786
315451
1483584
1703580
1034108
764693
788120
1418573
719117
414184
149957
418195
665462
684431
819335
602795
360363
976840
710181
916239
927835
806784
1005782
187166
416992
392168
333497
861682
648060
508310
271612
1506070
625068
571268
285168
365084
592035
537627
335656
620676
852905
3491912
963728
1761275
1302485
4414222
409650
426228
64120
2050561
757151
945073
1787830
1294155
2082043
1930495
1262492
964663
504874
1201917
713782
806321
1937682
913112
619355
1456677
747560
498726
1028919
814081
1027730
156599
1215604
428252
682726
906117
1447594
1360207
1386923
1161355
1368537
1429790
661430
785763
993743
773698
1496266
1098187
1295599
1213232
431932
406722
905499
586156
1175670
806830
839240
661943
365106
441282
789512
998118
1053865
1075263
250561
