91779
103659
63195
62147
30168
25669
11459
85249
107700
85813
16884
27244
33356
21225
46375
29071
29371
17964
25518
5045
29464
14725
42145
28730
30530
24853
29246
17679
26687
48429
59797
50596
27379
33014
17361
15264
19361
34129
41370
23052
19867
24491
32975
29486
23683
38606
29550
19812
21894
29650
18936
12436
45807
39956
16311
21487
21343
28830
43610
24809
14995
21869
14315
19159
28102
28716
28023
14019
17168
16215
17552
30159
41898
28540
21014
25588
24441
20523
25854
25265
30940
33333
28247
22830
29274
30604
29588
28656
7776
7004
17534
26062
16482
8277
20439
21716
39268
10234
28139
20083
28307
15961
19050
21642
24566
33231
47757
24202
14011
31193
14904
19520
14806
24274
19349
28740
26648
16628
37183
25699
19335
16869
27810
26886
22753
23522
25930
15884
28064
18494
18568
17008
21699
28159
27030
23503
25242
27553
19731
26767
39669
21152
31198
19174
26459
35448
56079
54635
25211
31512
26348
25195
25030
21239
8328
17323
17729
26378
20883
28141
17528
29699
26214
26582
5324
54614
52957
47926
20623
14230
29288
28908
15047
14258
27320
17563
18864
20694
27362
38837
20510
20482
30243
17089
4396
13933
28057
25896
20163
15360
5513
14800
22685
26644
17802
13174
27151
19203
22171
26689
20680
14821
10316
28332
19504
24690
21876
14556
33662
24038
18665
16196
139898
83302
52180
52143
173977
241977
185682
80126
25259
62416
50129
79356
146823
22984
126172
33250
15329
271460
53588
82225
102613
28997
39977
21022
179753
87613
146160
275004
69598
25442
15823
5936
258237
25093
194176
24153
44820
161527
79422
11349
49061
85620
44420
25623
240091
30147
31408
31594
15466
26241
250301
99166
75045
33364
41983
98737
49670
82479
132848
90189
6930
82917
78473
20782
84249
46286
97988
64235
43452
122835
133964
13107
25403
413568
30052
13910
25744
21874
555600
79079
24704
33430
49291
50384
48053
115264
22369
13791
29120
23235
218671
13910
26383
51290
31965
168937
24727
89519
151763
38349
28617
149315
97741
15890
73760
94936
166065
38971
85931
54906
25407
34110
31201
26807
25732
13670
248622
38913
173555
40776
52137
29218
39639
32261
24001
25618
200296
15156
253187
25682
31541
213046
297701
145870
22435
109283
27703
43200
180671
27603
19747
45616
467069
43934
24243
159450
24102
40134
52648
55635
19818
18519
236129
15202
270725
20981
33632
11837
28413
398274
16989
24987
110902
65470
10741
13406
24266
219019
16118
112156
17515
16866
174453
18308
179630
13675
206166
31372
69385
45679
25493
189881
116671
21185
22554
54510
19268
154507
112867
179370
62814
30152
108772
249144
13327
21076
30503
353481
115310
97125
49128
27564
48338
45627
17574
336455
46236
50696
14141
186642
24791
16180
22980
16928
336628
142915
59657
13452
14376
29228
304694
33327
13384
451812
72139
12624
129964
65099
48144
66010
37222
17206
4405
394776
51003
12882
23025
21292
23611
308606
30620
26458
17375
327173
26302
16167
20296
35833
484231
34719
28382
14286
318283
38829
25803
14301
27651
217221
48407
12120
31077
25271
205242
18726
23960
188844
24492
256240
77558
16948
26875
22728
21517
183406
17523
144583
17657
25807
35603
31361
202702
17056
118806
21331
217309
21823
13120
122376
4509
11956
14500
245484
37200
190108
440468
80342
38526
53189
18564
25004
245495
12584
95892
22399
50621
13321
18943
190103
11803
31503
218172
119859
24269
151916
52329
54098
42400
100733
13750
23874
26107
243363
22989
277262
35020
27542
16911
180600
53885
17744
13689
24354
29347
548400
16018
78634
121499
96563
103093
4554
29706
32181
29168
368295
35120
34965
22264
126091
196329
196883
33614
186706
32790
90788
23752
24672
121104
193258
28482
242049
17943
19191
75512
44788
253136
30658
71171
42773
185762
49042
14364
14208
31765
227234
18614
25626
128074
207113
31120
34401
23789
149830
10878
24584
17597
15470
564071
15134
288113
47944
22213
299809
209565
14015
206476
35411
13224
84186
196462
15252
13702
20993
129873
74295
24454
34811
15030
25237
140977
24100
85959
99485
47595
110669
46958
14020
24406
18233
279328
45467
280430
15827
236884
14215
68132
84275
54024
61686
58172
11915
56595
9506
12907
24136
254746
18405
30205
33986
26904
46059
99754
44807
6050
27105
311953
11043
14622
24648
25619
13672
468431
17898
169578
25475
17729
9581
21244
352212
27807
328191
59274
35749
34059
205354
40326
83846
28444
15538
159624
22509
23818
13180
3854
160707
64366
14565
31362
140604
13324
32744
16930
5758
448224
15305
16312
12357
312903
7214
65724
24282
146830
11402
26385
15048
699723
151747
25040
202271
15166
149488
15048
295345
51192
101062
24448
58306
11572
22681
134007
81603
10729
15408
28032
501469
24353
81512
24200
134093
90986
25148
41628
14632
12954
195455
36523
39815
7085
18940
28172
50027
341847
50262
47431
47213
91890
95512
24930
108625
23131
277155
30038
108629
166421
88475
35897
118040
35962
313843
125917
27797
134877
16334
86001
26318
159635
27745
53330
51376
167073
130010
27890
40740
17467
176119
30295
219165
107253
13292
14138
23400
22662
326072
28676
36659
219940
7815
53152
45788
14346
170503
41838
83813
157889
127347
223286
23594
106638
5214
17235
430307
67974
49529
87271
31314
93121
21644
12093
23261
608260
19689
13317
116694
26035
14799
304994
24475
18426
16983
20423
19314
455587
204027
19716
128070
75595
37003
100925
24505
233105
25445
189748
33629
292556
72185
26331
76859
41929
23745
10474
15952
249947
199850
30759
12108
13686
141297
11952
108374
22952
23389
18945
231840
22354
22497
272565
32168
26111
198988
37801
13556
16311
3360
322031
11772
24504
20935
9970
262419
3125
6342
101348
22676
31580
161160
190863
13779
137324
12149
212400
39509
123411
44027
14820
84110
73787
15450
124957
46507
14754
19308
34916
38475
338634
80124
10203
14837
429031
57484
23354
10943
14405
19481
25992
30912
299950
63301
52408
73818
73444
21776
10439
308059
316993
103297
28257
38200
319954
85329
16412
179723
15155
11035
201482
89379
6463
23129
25981
22940
280266
27142
23897
11442
105920
23010
11895
11228
20584
248574
241809
15701
22193
167096
111555
11651
68565
229701
46363
51032
62002
148831
20930
5515
140985
99474
22914
18417
36831
34640
61793
31201
23110
16914
26651
38284
16004
773873
69942
106020
76830
29636
56803
130820
38142
29403
11052
20215
11706
11531
440257
91200
10784
20238
121361
28098
7479
275142
13181
251031
12102
75779
4735
9749
14537
11119
15491
412062
34214
243408
23167
373656
64132
16720
24265
25386
24337
425514
15987
36648
120136
15615
7687
322588
14479
62666
45082
147524
22538
21814
222721
129667
33953
26172
12282
213795
14062
23289
206571
22226
13886
13851
343451
43030
87716
53811
15577
10765
379943
21276
30396
300421
26002
18007
23107
417449
15136
28644
28592
31871
21637
481887
50898
72208
14324
323506
41223
25706
233809
4684
16133
4543
25226
20562
20850
701723
60077
21454
164153
21224
24325
12028
13886
318349
14149
111029
94990
8229
16060
299294
9930
17354
9043
499886
14601
25095
31079
277081
87072
68466
102492
188175
19600
58396
241159
24356
176962
15752
53544
24827
255118
21033
261884
90864
23169
25874
91266
600835
141671
265209
193389
115655
129669
111663
164557
223518
161107
260739
272288
285798
121637
80928
115947
172751
393932
59492
641900
547758
392205
78342
219109
199671
179872
104359
206413
376236
117576
429299
134840
172768
51731
206479
102570
243344
197880
300039
115957
178300
45954
49681
44490
67686
464740
83085
96881
371518
81117
75294
371445
214793
322579
68135
152890
180710
164697
148156
215366
52378
198317
154327
215054
178257
45393
161462
414708
84316
117507
43328
60013
62542
668071
327409
271828
827402
119855
447293
245308
143965
144877
58380
153479
152910
138608
35843
57952
107700
153626
176523
412810
25291
585832
302675
711252
295356
155967
305097
215494
180307
133637
210517
71549
191824
103076
96048
357098
254439
58669
191289
113458
242251
180766
210226
152193
136209
194197
154057
107403
66374
183071
119976
108788
86968
37275
59406
469727
154025
491772
35925
43779
57371
194377
57173
72832
465710
227685
492518
63089
140328
157702
131390
187380
73280
466465
44305
47997
418786
85018
71797
120984
67925
151699
127189
68207
93980
420555
402934
105031
503118
171581
339504
353133
435007
240995
347355
192483
52423
191463
46503
309274
203029
52453
422070
253154
383352
311645
201566
169205
137176
99061
49253
169115
168383
178465
72911
218699
236846
79322
302947
316910
416741
203533
207828
234548
39618
170291
189580
105161
225217
125998
90225
119158
36564
168823
312361
422469
303538
67592
121023
191844
254682
41567
420950
357787
177205
126249
190907
48437
37341
343281
44544
124670
90986
132310
160572
681926
453935
98294
107138
271742
271798
83666
322487
58367
100280
162319
366643
277652
87541
494918
46233
428271
379208
316854
73505
32535
211701
27594
286574
219528
237232
128396
435535
324161
262119
42563
125528
120010
164449
256835
45235
39353
112612
626350
535013
812236
159668
503552
158347
305556
152737
63251
164139
41201
256989
344437
341841
265196
145812
310843
259714
38357
426850
153951
168695
595524
354608
77762
280707
171146
84222
46999
306745
210476
289269
163173
278437
303155
494211
624018
471954
135761
89531
31262
525755
280929
536035
125399
238969
130128
189962
45125
179421
102022
44404
130588
345675
284075
132857
259040
564079
553593
375957
69631
271758
97102
239129
107989
122843
186056
291436
309293
135889
759507
36336
742148
559212
794888
100381
105789
76385
106921
83071
267572
325501
405580
57825
292068
129806
225645
163651
108324
118862
219628
252977
72498
164747
215304
268033
268479
123066
60657
298992
450507
363658
913275
517244
69059
90174
317732
192753
222663
112004
124940
297594
147934
118969
106651
228467
198083
409779
225626
204172
100815
173755
94773
77918
122157
362578
267676
506538
249205
151557
107331
71575
63706
428824
409205
83913
976184
43675
290119
115432
316408
97577
93249
163014
277556
95698
292691
103529
600029
428820
449883
161498
76319
307881
212265
71053
157727
411333
268491
128014
255293
139947
191842
164754
132732
100162
282131
137746
260462
179974
132484
104623
213937
148791
410224
95304
206018
493905
371924
53235
375922
170575
293531
210377
443485
410430
205058
114327
355664
297545
518434
608022
652652
203871
93082
44204
35786
422067
331786
159845
263229
284871
154163
153341
414655
162161
84405
123220
75715
63883
58613
59107
217548
300875
316485
147912
185110
223788
756391
68757
172376
34444
52511
65491
70111
678705
593080
96867
172669
389281
402680
147331
414313
192664
51737
67183
336123
248557
199113
33450
60553
51169
257730
146158
310150
164331
141582
212792
217318
77396
98404
153934
624159
104544
34444
48949
318300
279788
106433
143575
590611
625538
169700
54228
872150
294150
106451
831232
765270
523255
95580
416136
159620
196722
197156
145322
102880
342683
83024
78261
178784
156590
252415
265447
159735
136084
447270
63957
258541
66818
287206
160993
148269
220247
187176
527165
900658
795232
452671
146030
92190
453929
135530
124536
130590
200343
239358
138222
266173
256639
34697
370248
141361
442925
209715
387088
401024
406888
368966
55502
355363
89203
61470
143734
499188
181638
514957
335452
129639
271051
103897
97761
165484
157317
190934
127934
34857
168054
296510
89381
338813
115201
95816
222055
272008
221291
315008
281184
393080
105784
352971
140891
85741
223846
391754
254598
37706
409446
329356
73123
37236
472874
195332
285067
351862
133431
424805
172825
53331
185123
148808
260388
470904
84146
443519
351504
77511
88271
72682
165864
44140
134736
69239
300839
157230
68609
411616
90699
229705
151490
88389
352335
40649
471846
454275
120897
49210
205225
145369
466294
285466
43386
667981
214871
432235
77613
145062
535874
374612
46331
765633
217503
490483
57605
44191
45739
57371
151766
157805
125761
149064
97481
165545
172982
230678
219592
170427
123054
141422
132120
46012
120585
246662
382228
301041
84936
95610
749155
403588
614331
98370
162406
174989
49838
123629
288593
188023
166409
161127
118385
69638
30893
71931
146589
369283
365794
51474
160363
65116
210447
222258
105261
368033
31056
247911
245479
149858
68234
142872
61878
58351
78921
493883
463395
227334
132979
44384
431573
299731
521195
164598
63711
157468
149417
322759
211020
413838
158808
58380
80206
93206
103734
215538
63833
210243
360770
299835
32834
340856
177130
76291
214229
397637
425849
226513
125912
469093
135362
336667
311442
341840
367503
288852
158923
218509
67929
61165
79350
138330
189331
60705
414461
130177
537605
259056
605100
473892
90411
585883
266113
71450
359964
186229
154990
452590
210060
111073
499736
41642
189250
73556
220742
324873
41138
53952
580094
138717
106758
771144
61852
106099
476722
402354
399819
293452
114716
257010
177852
98645
184402
53382
93882
47354
40109
294116
279582
65824
150747
41394
140981
199642
216865
178250
132260
59989
54263
147638
106439
53235
112628
113446
320818
285861
143609
217682
255639
158878
135486
46425
103349
112436
218840
292981
142456
204837
233356
569708
282205
52221
611763
52753
42219
129728
94578
405490
97258
93252
425571
77625
184762
238068
122041
131731
85585
549695
505874
213155
190417
142939
156552
414900
32365
99045
208633
229512
227082
283093
410028
274092
280723
144897
132301
103802
129115
164298
199029
46092
157124
71765
120439
65228
217971
226188
410354
308030
220731
36018
66647
52900
418931
156468
342846
107736
107513
146768
88068
95776
89736
57158
148853
95259
111639
181247
336548
91006
502466
190581
465800
142847
201574
91064
133799
286473
334690
847506
67558
828065
75584
143395
115609
94368
70429
49758
255624
415680
618941
453856
202589
303344
247907
638445
38894
250392
198777
62214
174544
287689
401610
394686
491049
274177
37712
262660
161197
133964
39007
319726
374323
644172
446779
263177
284599
260685
83516
43465
524947
77960
301176
115218
101480
155704
186330
222020
104729
161771
154562
143655
176400
103399
115720
635485
32515
114132
55978
53168
139932
129687
27400
585303
542590
247205
304503
280508
463592
204118
81751
99459
182366
116069
54396
855197
139827
726112
80670
229493
199459
207985
57733
80646
791301
487063
954617
159717
344407
51661
77700
38089
47446
221145
246878
66271
81469
47996
416416
45129
38739
336097
143005
129671
75627
354288
485283
839130
841365
46287
84083
266834
114114
220530
175813
281885
166247
46192
119010
40673
227682
190334
369832
123163
184279
31773
62392
127074
209722
322643
84119
49495
410403
119504
124884
451199
158955
164986
89640
34026
273812
288793
54749
126083
320217
331426
99204
36897
35973
34046
52458
585441
408619
227315
144846
96792
95036
406476
143351
117788
313971
79066
474263
195824
56961
65592
400691
159078
311477
103959
204129
187166
244412
107466
142434
235701
32178
41419
174011
280254
400076
382539
193765
420636
159139
342722
163378
163208
260220
394372
465755
261330
326963
280884
183929
133571
68329
149374
261297
272430
535617
38442
135096
97021
39626
529261
47634
435714
148556
175073
54060
25458
235593
191397
89332
70014
197056
120947
404273
375579
286624
117009
210601
153928
46222
50331
74451
48877
316822
318596
685372
294854
30975
34448
45100
55921
51937
421763
253810
286398
60313
1534541
95266
1325205
341651
299471
133189
33571
50297
119892
160111
263339
201562
343788
83139
64125
76795
131113
55004
153689
216620
205258
205006
124282
286701
204498
57529
351762
52843
92320
324297
215424
205832
248949
126822
478814
83495
64173
31274
331819
249435
437729
39585
203523
106228
124540
66259
62835
196078
168198
81417
131053
150239
288587
257690
148376
84496
63560
126268
78301
120857
108603
129648
253322
214290
512680
35846
281531
197705
327845
275315
253115
296099
136932
37071
54510
48458
54236
176827
222194
80401
241747
678012
689147
501660
87709
199288
52416
50011
108546
87902
41366
32645
843468
238936
112781
30859
1042166
599844
231584
46983
420417
60725
290407
373979
157803
503064
408580
462655
448440
178168
397050
110735
255977
103793
167988
76840
203976
189958
171581
402429
198400
523891
218860
386829
227568
103489
183975
120021
125986
48497
485717
113855
541999
490026
510606
169063
645116
26767
145015
412051
352049
140343
45849
210356
210106
203612
325338
772327
69988
505491
251669
629804
187259
122286
171354
37825
77020
888602
248430
53771
273887
40663
1015032
486253
165715
179591
110533
192156
394954
548391
259002
76338
221535
239109
91947
75703
920484
246997
223248
298077
103429
124518
98284
186575
92057
34795
45714
227954
37639
117434
76636
151384
177730
144701
302623
272259
262307
277579
251224
257327
141613
796496
82239
114373
89180
143509
72911
85372
260586
128859
54576
68315
220547
97435
985963
329612
1099413
255906
218086
38161
71724
96867
26511
140612
49217
170442
43392
57681
39498
694702
79154
717262
152244
111741
287708
111092
287646
139166
147097
163180
65265
278105
90215
184975
370401
364846
128998
197383
146629
72663
145951
45615
34734
487394
171180
127513
42971
556021
69989
309383
134318
116680
42470
143353
75108
70334
131745
276080
97546
365791
222408
181117
159871
269673
240904
309826
558416
283511
77136
140813
29963
194516
130497
228205
44605
285238
259066
255763
81110
50727
113231
189170
577807
677254
492542
47904
163017
191262
178350
46557
43018
481481
360283
90975
188342
126911
315890
323426
72706
56273
81784
347565
54344
131236
335229
91398
101890
402117
49116
99146
377622
176597
358040
135075
121447
489415
122984
510872
436806
64975
210639
128874
81253
124783
446876
459860
134113
97841
48901
171663
179680
65725
38740
229134
47075
304801
134236
75104
34532
823318
847269
211505
130470
98598
84958
350780
57344
335726
135430
178101
206821
193218
47799
489123
477464
133847
325139
194105
514318
524372
76311
409778
61321
369207
390220
185250
124803
166457
86783
105562
115563
54224
159258
232919
153273
152912
199598
30797
355081
51459
37253
736121
704532
126955
127104
272471
147740
256230
1037811
937097
136703
139924
121223
94727
993636
54133
109499
177037
39588
326114
377503
276991
166924
382238
338722
277265
37675
44931
119927
500557
212748
131934
171925
324643
36501
105425
369777
368151
107363
242606
449812
50444
65156
306378
680698
681660
263096
376591
380794
299212
31746
525631
181062
343940
286200
153423
329196
70135
250637
177780
56233
68271
417507
216597
52310
22857
35375
110831
53991
65037
259579
255891
58358
114035
66652
56206
57317
122251
64159
67902
53167
125639
478799
482749
93923
140056
132932
307886
195708
295681
138560
44330
58635
66524
72744
97112
143798
484319
425270
400347
176677
296408
247782
320627
185207
231745
375228
286309
240945
257078
169118
115362
77233
549945
582740
157041
185881
126901
96257
80052
47591
59913
30827
133123
479262
604652
299891
399210
121585
129425
127326
363848
379508
416983
232020
66603
220793
361353
275924
136969
566588
346610
79743
348370
151301
35112
141077
78588
408838
164941
42311
52693
398830
153929
90283
126153
46543
97954
130712
258243
228146
365625
163836
204000
130578
104499
26648
100822
204995
230673
334404
238672
178458
293510
33942
274319
308075
84488
156814
212510
293744
345778
28981
101081
59759
37677
144472
629807
220544
501442
40833
86724
127442
376249
49747
235013
894433
844005
47039
254199
236067
223138
323197
173491
121035
185767
216585
66485
454778
35455
67083
55938
38107
48695
493132
606711
432414
95963
491176
49431
527678
272823
94176
78074
94505
379223
145237
211444
265237
86464
587028
359555
589980
157478
249873
426933
372929
180431
41178
205597
495318
163375
531816
117258
50735
52124
259052
211948
393729
127945
505278
218689
120434
127190
595272
490738
156952
70671
152782
224340
465709
407964
69982
412871
258554
288535
180278
184750
209314
291736
48188
338358
284778
172259
237206
276850
32888
203694
227417
749975
76508
60586
47551
41016
98671
847179
154550
449647
115043
291640
126293
286177
456902
505585
257044
82212
315891
100577
189857
229111
175093
33056
223770
92647
194632
374919
248873
94881
49978
251198
437303
86254
55405
607889
525279
250068
363090
38194
428689
335619
425357
105415
105331
291249
234270
38835
495448
419278
270453
138960
291195
325240
295684
213691
702166
623569
228237
534103
122528
59131
442962
339679
75649
73345
239499
192971
194423
198111
187320
164332
254409
135051
37302
120433
144260
150775
105842
212709
100726
108305
120936
36884
481513
468012
102744
184409
132490
227721
159604
33780
359729
240564
330890
297653
165570
178545
41387
103368
168600
113117
359515
321726
498553
141135
380686
147512
316847
527801
106673
532501
218694
203393
381481
697860
530039
189727
342701
108119
499826
609729
623498
100989
241640
41167
195206
327514
189119
55772
57065
457412
56011
78232
38763
123370
407905
81514
392927
706995
538813
270710
405907
338822
353130
349811
388881
148782
322884
254918
140399
322815
25918
38377
31543
871900
764516
299790
198396
215171
237985
210272
108043
102238
443102
220321
219121
35155
55416
306239
600353
433334
59567
56047
282231
345447
372773
160054
191007
224572
120240
52313
438694
244599
338392
275466
239429
154781
168385
37316
496465
358153
646129
131774
336352
108671
136137
29416
86269
81792
226717
260986
36707
600483
566224
158083
165803
48892
283029
156572
43972
189807
41726
476405
430876
210094
138150
396742
202910
42515
54326
164428
523569
45979
349562
163066
207695
146742
105635
328177
36432
90939
58659
202837
33330
610787
652542
229967
207214
145708
111681
287873
102822
416373
400034
148421
45164
138484
225403
256352
175167
216446
165253
110174
77414
49498
190241
39042
88478
273893
122875
307995
87743
180221
206320
282385
230252
46603
243869
153864
100547
361807
361911
305542
157344
282909
132389
166412
712793
80044
56210
34300
779962
178923
184762
221415
119785
34094
257079
144074
202727
113440
64537
150295
253834
65205
38386
516194
528941
259182
190669
93666
93525
357268
269013
142282
251680
29060
203888
105736
434456
123450
450054
237875
339690
261556
68528
242553
47687
93836
279054
130676
352697
82916
40829
96972
31108
42313
300664
205788
140422
167381
91972
398481
315378
441198
187188
201879
428827
367473
236279
131065
283619
420863
383456
351279
268023
183852
82427
121643
65983
111554
85081
93405
198880
202953
97133
63131
185212
240832
168177
437002
301161
239949
154456
229261
179555
360814
316543
44280
29343
633110
102662
464455
112994
298042
156614
60942
283493
132545
84064
238650
250746
122543
255340
142618
238684
171910
454711
404848
143846
340702
54324
389719
521903
252850
507435
209566
85322
64759
49606
574034
451160
68847
395324
100415
88513
69625
68607
62285
142168
128034
129104
165980
143244
366963
579833
348255
34187
147423
571575
136201
29437
60001
55124
106462
619907
182964
41771
434968
152297
85297
148983
207689
296659
206748
185286
359322
212349
161687
59805
285953
456883
429541
345454
85605
28130
205241
58337
34015
216322
41960
552057
214134
27981
42363
496597
124217
301127
216856
315196
223895
160135
211602
171918
36703
67054
376964
141908
99590
148648
581145
127144
26480
521624
241179
100319
110799
104687
88769
51557
61080
105608
95175
197653
614822
221910
181975
185333
267653
37865
180314
108422
62029
294839
147450
275054
67081
94663
279249
240489
89769
379349
284786
301997
27217
323849
321187
98314
30673
69499
148418
244597
215960
116074
300825
47797
135657
234056
85957
315382
165981
215880
252209
267563
287674
38294
208319
458172
66346
35026
728934
358966
514080
46468
273548
283994
75430
94017
156639
64638
107618
458671
331994
97921
82283
188088
189205
1029832
704457
202014
277087
184482
158512
300088
244130
148767
152335
26645
307885
413088
481308
284456
138285
32377
238626
207026
351781
203052
84476
494370
352279
388110
436292
420140
216811
97513
407638
295492
194319
105210
687367
323992
497176
58614
30451
159985
209786
179258
314658
304249
378761
172813
256085
661567
101025
216643
793852
258222
47149
99239
61495
139037
155032
62861
110611
248639
260585
111870
315213
149778
100959
104476
58547
36157
437547
541667
95354
102019
671170
83119
216938
117718
166536
128698
146522
183374
200127
69709
171654
63248
42654
150082
74343
24423
303572
136842
204200
155960
53265
104321
333038
302638
226922
313722
391757
70955
40486
261290
58527
190403
67255
250463
50515
34983
56351
288524
270023
42392
85251
157385
130341
107859
302320
231299
429361
312196
55261
477056
361399
421052
131888
135865
182015
587608
54738
212042
198415
217114
263348
211313
73784
183848
119354
68794
127365
138719
159262
256113
64993
258367
218803
92510
192567
119299
298055
281296
301285
447614
33946
313642
193180
150954
169761
287287
251875
47031
196148
174890
640792
138220
579439
200569
99996
556766
72239
600260
609280
276128
261951
288972
235154
372965
522518
616657
408628
212750
72251
73856
87263
103157
87835
164576
52920
181798
154072
122717
50504
70382
235315
652026
145975
109668
679105
34950
247381
107120
54853
117838
162608
195028
231897
273418
199199
263174
162772
293968
277740
322016
290839
498757
275616
113459
545735
339644
64315
94561
188881
163771
449675
64868
84130
100579
265052
353444
439486
51254
305295
152816
79221
53724
701036
661241
172580
498828
427121
49118
417789
118552
176536
175387
108881
39363
289411
618004
537055
160149
132900
35993
47383
121242
120245
530557
536646
89308
211451
257647
113259
39066
224027
129156
127745
55890
162603
81542
121890
249215
280403
181556
310421
142194
109232
72247
90784
131469
90227
176400
203380
60064
497295
108138
114778
125247
227125
34235
45466
193636
458549
128436
103140
35712
659493
287714
208995
192508
142764
57560
341630
111750
96485
312778
182712
78942
238245
253922
302057
256519
335303
349831
225277
44456
63196
205076
541254
388497
82121
262822
307397
485361
138823
41468
140583
189876
34405
230252
108526
348852
361363
451241
500414
332264
313464
143013
387576
527439
196693
37146
79698
96052
738176
329682
174666
77762
134970
273819
77796
422320
59629
390189
121062
123239
42905
19501
120734
113235
190972
61110
59296
37647
290009
392047
186122
190665
41161
49388
71490
505607
403649
164954
112428
39051
194606
130829
60925
39259
63218
259466
77042
196868
336592
333834
739939
719238
171154
275564
431371
419824
318137
316211
31281
49191
46998
149539
353699
393332
126036
63049
254510
96159
475460
99266
83273
87188
638417
108643
341371
226189
146318
275294
149440
157033
199776
320308
268877
36604
163380
157096
158157
251252
191409
184232
28474
55707
115189
45448
159520
85337
37308
279840
199575
84919
176391
100503
344254
409981
520799
218521
129601
75483
150304
291410
302699
313264
495055
153214
407744
190315
269554
321725
97077
482758
72394
402667
304920
38868
49348
564690
215589
42960
92144
409898
92763
45066
131365
51175
643636
193942
455419
129408
146665
24302
53644
331091
65249
121030
70321
110072
107820
117242
74852
95732
938585
225517
333524
1134545
621684
174493
217809
27353
42932
57830
143770
112200
243124
319575
291433
105706
200349
526008
152529
391083
288555
325651
76200
326476
367923
159960
182621
192956
153753
284434
579764
113027
781022
645901
107761
203158
169327
42859
374431
254607
30848
73288
544152
332762
134922
55094
74409
271652
279042
248366
229940
159539
126826
44762
183873
111648
137390
107976
49928
259861
211167
89415
263902
334739
161594
560302
172268
459425
38360
266754
268330
81171
39983
77029
80782
560461
110444
47245
115480
580847
41242
86697
426296
321252
339128
178530
107344
260306
102654
223943
112326
100186
174184
273856
38571
40634
198492
52101
234278
166681
496086
81049
81792
104248
30767
622232
280348
116168
154261
721050
563340
134527
83252
188910
97473
387151
445068
414807
355742
237435
469386
257819
241671
65983
133198
60229
42255
85225
361356
352336
185597
311001
69039
104921
36932
487847
92185
467880
140828
171447
61789
64121
191367
276462
164854
74449
348294
50015
60193
78590
57547
46723
224931
53543
234102
104349
141985
167325
265751
403417
433187
354717
451013
283049
108959
39888
495087
322965
109989
124270
430206
81860
203169
184231
199671
135874
203532
181706
110338
161055
284642
262569
380603
401327
604853
347247
252491
143142
296205
103452
271609
591715
622989
213883
222190
244623
224660
119610
58436
57976
94143
47635
160178
260462
207512
301700
35013
58529
213370
432461
408964
195730
401248
114846
456381
155177
372195
80871
78176
94884
128153
84516
196989
49744
306674
163076
290863
56674
45309
93208
50852
125013
182729
171510
170445
283527
131303
66618
97935
111525
165291
48637
155010
56096
305230
228756
272503
63895
742678
411247
820344
200425
534379
365729
292128
224095
536172
147602
69548
166008
125791
175335
121659
209959
244759
321911
152899
258143
70367
433190
457240
146346
398339
375452
111864
154487
744331
76704
61708
100381
361759
318951
116795
285642
230620
157962
28024
50645
33149
186442
496437
355572
46618
136954
176505
209812
76841
267598
158372
392611
355693
247251
415556
136903
84174
125479
248972
442005
179947
497871
440985
257916
394301
309619
323577
944924
453541
253968
73764
76895
206406
230768
341918
385015
141552
287812
233220
396320
217354
206703
116589
183344
206080
99500
174407
322593
246512
220193
208003
31010
211010
250996
199340
72921
320530
48834
108965
122250
295055
255617
395637
243461
29422
53833
434513
278919
140134
192610
142357
90349
98573
144161
110525
136554
99419
54200
267081
256596
320678
71829
174648
109297
55549
100646
129001
30711
106518
131494
360616
63450
55072
385309
136581
77163
188299
30200
87261
67825
159117
47013
96736
594641
574439
57940
142161
168574
347111
180698
420642
228071
294421
444506
39468
334970
185480
154795
39961
52700
196392
272729
213952
314041
234696
175740
189513
306757
239019
154235
153387
132239
303628
49040
389328
329034
76714
151586
170986
137735
55273
120149
172177
310910
345475
161044
82150
100881
459087
265103
27633
74007
799476
473608
94801
53268
460501
40732
323186
390027
521843
119867
419654
237973
48297
332779
178064
244997
346131
93581
402680
89068
80967
355181
205830
144633
116384
150605
98808
76747
483411
311533
557853
87373
39632
196352
112251
561042
435185
305225
59153
385329
410346
228120
343475
58751
145508
368687
74725
107014
44589
284267
646132
82533
40924
543443
169889
215419
163242
95733
100843
162755
31489
89619
218563
202625
192758
181880
79425
241300
293215
41111
362166
320858
56820
81222
183921
43321
120391
147825
54946
41336
247781
275389
260007
232176
106701
67027
72622
50700
470666
86234
23350
173659
55529
152600
129451
426281
357756
89332
58572
69350
48024
247363
295587
182149
216474
781569
791052
226079
712945
423790
307672
101577
507680
420633
260107
115106
124162
76436
462973
62201
133540
113909
222033
387985
376200
104284
161825
36315
35438
319638
283061
51731
253613
32513
103581
174399
201868
49145
668772
679979
145015
168249
129582
376309
162164
441834
191978
47391
35882
63281
97826
324030
51382
48838
66904
197113
36356
588170
542180
137975
288987
394372
772007
382771
323801
277196
208192
200921
76023
54788
62823
128283
274027
328925
644168
232337
201702
76253
328607
342392
203820
263457
169744
55090
109110
70292
81571
564681
233409
44771
133933
36004
923860
114484
1033240
213957
138583
38100
161091
66117
57318
427331
559147
231954
645127
200233
320761
112998
34693
453959
120253
563884
229652
56998
75665
81035
319609
276332
44554
23325
37818
53374
457219
102796
449038
213531
256582
161400
42150
69629
502419
229118
516074
50716
291631
118444
115767
223993
248128
58128
308666
775353
191485
66939
885731
63021
48862
269759
138186
232960
261522
284955
156512
618262
118573
495260
170910
247912
256120
119482
463048
42743
133979
122760
199411
526336
77912
561593
311524
414367
65698
292964
88074
647893
396143
65348
115447
265672
473304
509046
366115
50342
238290
545536
549760
214779
165055
100810
496021
164064
169854
133783
151375
141304
177791
88554
47045
121991
224534
200235
648238
650176
160828
246723
82423
423638
390011
324972
43581
31939
502293
645127
374093
253666
279484
288517
407072
321624
351737
186579
458396
223519
452206
126245
267929
225863
163952
201226
180296
99839
284759
160433
326942
295800
94271
140737
27939
39081
181961
93661
49254
569918
580235
309764
213772
238344
322140
297016
298723
180807
110233
49993
93709
94033
109586
88792
109404
142858
90823
204150
192069
111353
395831
204594
83189
134153
587871
85654
602093
152177
384229
326602
200212
623897
207338
157464
417811
336700
87941
525957
31552
177778
75097
122347
215637
208403
106052
199354
380593
268530
247604
119698
54760
285738
193593
76295
100086
41555
461084
435123
290993
421830
35064
270977
647348
530839
282978
363569
405334
460248
432310
565320
110371
80424
73956
109137
271634
219405
109589
226200
46868
173469
84709
126571
32447
76090
136061
153995
245027
157202
114155
307287
77731
112868
49361
334128
59081
61363
131303
294280
83889
215391
273395
245828
52145
455151
291092
73891
61810
286828
58084
101013
103706
202477
164413
95404
197462
229180
200345
652109
269485
50488
186245
246745
287753
349141
159077
186438
71444
141382
36603
178294
73793
585586
152743
226964
87647
188028
47888
1246814
792691
141527
67345
83108
365813
231035
189525
169832
103622
177971
300870
248445
175901
273552
44698
217743
122591
100376
108672
373083
348350
260774
63039
74393
132975
41382
315575
78256
332680
59305
114311
235641
384300
396027
132310
183113
87412
324046
235492
238681
195663
88240
210882
405453
476835
717140
429997
67007
58613
32579
297910
178637
166233
92024
131650
105586
110547
569747
172518
621171
100437
125320
46426
43870
366488
389074
197756
63273
68027
265797
161889
148196
40622
155879
65393
55665
454616
150483
456616
56407
195932
206991
216668
310615
34539
34611
413265
247917
536257
202118
53461
73509
250966
53499
288849
310838
413687
301852
31430
49626
101315
89590
872023
141489
946487
205715
188559
37234
179743
138602
272241
95526
71762
29390
312184
180037
308986
557470
81174
85664
686194
106630
38034
129642
214831
26817
793855
473211
141050
310107
53186
311968
289262
155982
36821
131899
97382
335916
318164
400227
225418
83422
133044
277118
48446
213659
440219
371051
121343
43606
147226
111173
224070
158711
58074
94725
165001
35510
122590
101220
82412
178944
282759
155152
105237
445885
444608
167688
92424
342214
29966
100004
265089
92536
340414
102242
83376
36532
265181
186538
89810
379000
91015
499316
300947
395539
140443
158386
160979
335993
132767
153378
391917
420402
441533
103823
235785
151377
32772
125189
66417
209070
290689
394371
229877
397027
213589
51222
163272
224084
390187
556851
470061
292896
164346
187224
145300
176450
677708
29555
367343
204810
153461
635708
146733
403539
249308
293991
252791
459242
59234
274249
77298
73740
88397
85526
102763
86920
189421
100798
31790
25798
226687
220487
82538
260070
204792
223634
139528
138924
259331
196176
155792
108438
276392
233630
206828
211478
144308
158392
37118
159295
103959
225712
41633
155182
68459
202363
446460
115011
473720
110651
219083
60212
34987
141755
353139
119069
392261
147116
159211
52298
45005
203051
19983
385071
461780
195733
273791
80340
283695
309694
53242
480395
308721
132531
138899
215014
69294
208039
330174
415003
268462
205774
192853
80327
214243
455271
156632
60535
519339
239581
43472
290764
242122
30183
59201
355060
359709
326148
256792
59097
137061
113596
24619
169130
53815
32803
204964
136937
205011
132703
99509
87356
108950
130018
193311
146065
215374
121971
233230
249092
143424
147893
38548
122519
33901
211375
178303
226974
221688
296013
148363
206398
88426
323706
147571
137857
31054
343899
43288
149327
340288
207844
96656
209771
31671
41506
109099
257006
31126
35229
189587
488003
276747
108305
153632
210312
103231
52729
386219
305407
61882
52558
65185
254116
45064
114540
89675
346128
36189
196072
147975
40636
50236
294814
1055850
760334
144918
64908
172044
43260
267802
377161
368999
322600
57051
329432
173927
202978
147871
398725
438083
466821
225232
164022
280956
385587
388545
36220
110500
160360
446697
378043
141035
270648
190029
78404
72929
256738
62871
167466
247098
62724
88282
33053
518992
144139
163331
796818
354188
291991
193417
249358
148308
78874
318801
392158
292432
492164
209189
40480
85675
56762
154899
109059
275725
154362
195840
146038
227743
234124
61178
64455
287411
141902
78280
399711
166474
99151
628926
127529
46459
380896
48681
44321
165167
30954
546344
310139
520478
201307
167251
60681
71321
219142
43864
98859
186131
43360
261578
148180
60947
116539
210380
201694
432504
120556
151514
157346
69913
58188
61261
282417
67267
200328
281480
108584
526217
395761
501187
397214
344566
217954
45723
56013
534065
239027
166149
70391
299896
130525
213761
293937
358024
169401
269829
473829
85141
426226
655407
174337
906060
958484
307901
407826
40052
176487
134500
108868
49970
149513
147026
252270
141705
145280
122387
491652
96034
172647
609556
301615
61917
171445
271092
37266
209800
121565
175538
305768
167162
426015
82818
141151
37170
97189
391375
479827
134837
67452
156457
48629
166548
618398
288379
158590
41968
847179
56268
193152
554272
71756
272592
68556
263196
90216
116634
509880
468262
57311
305191
287016
379945
181879
192451
253618
187068
49371
225402
78119
28970
133119
83788
239460
48791
751143
956464
508499
797373
89888
226195
600618
90431
570192
150211
25598
356771
179792
25537
30626
47614
34270
386569
310169
326907
369105
337103
323796
194499
60011
136226
423343
340677
247533
164898
169902
145234
200289
234410
199329
198241
31279
143806
78902
39518
256645
272063
76658
47756
94452
307210
60456
148033
160529
138909
106537
95484
44626
40955
171110
193848
411930
337546
333487
210271
37395
38966
224475
187788
177198
31133
50599
491986
357407
159861
43380
47215
754443
206823
471848
137192
279037
165421
48794
316851
249902
200556
139933
149382
65200
110691
641947
564011
131368
56430
147577
104498
77758
586927
689020
441858
62015
279203
237539
171427
304137
181039
45847
144338
169931
193253
234742
80488
81354
115360
120239
78398
98991
94409
271752
230439
301045
237949
118342
46306
437474
362837
401467
327889
249211
304165
418805
476418
70937
758451
427780
162115
272229
34322
168062
147069
122917
30129
35727
26184
106989
38600
420685
233456
679069
387468
86485
460429
30541
43957
70188
311186
552935
745723
399279
43497
109854
30141
61129
133818
651924
414632
63734
75553
111886
105256
156083
194230
82100
90351
100468
77195
71271
56697
545775
28836
541529
237213
600920
560286
618483
125847
46764
153984
793420
85917
349463
117047
157530
107747
50675
173231
238638
215268
48866
50375
294117
216407
123529
200410
192323
65705
62141
366284
330863
47748
54582
247036
259455
143130
198840
474107
25303
219012
170934
75630
76920
84339
147993
125605
145335
325436
304940
281439
250448
189470
56923
26915
182796
124411
180330
53982
54580
70149
90859
116476
114224
198651
70025
189670
47366
61450
282344
55755
363341
297592
684871
165858
441344
157553
233554
385333
345649
212909
550031
193181
45644
220770
429571
603326
620475
474395
347990
89011
65118
369755
73944
93874
448758
256255
66180
48392
78437
366149
30012
464631
287434
40291
521142
198221
243646
156306
60762
98311
318725
163616
118002
48416
482791
171004
253042
74871
840775
654510
329394
84964
61309
318300
318849
220123
177915
119735
188871
89809
98768
110572
75262
66359
58249
84514
58745
141671
85231
118136
378020
77210
432056
103226
62657
242664
130499
191632
236055
248007
148073
559142
450299
412640
190654
59598
551722
211668
39436
738151
269115
379961
223178
284724
351768
90543
315478
162726
83730
244365
236269
112763
248237
98590
39253
242682
484303
492920
190974
75701
414762
389687
390006
212773
274096
343006
75108
381596
377433
221339
386564
567050
773165
614885
370253
390850
261483
273906
528951
740995
35020
58142
484867
165327
344431
103699
237548
187633
272822
218812
84064
82800
199954
29400
39521
155239
135724
83189
207924
189822
319740
478036
651288
304427
631552
40828
161226
137287
173446
98882
264970
329139
341732
45090
516894
414121
307209
27788
162992
186484
250624
44838
229658
113710
208324
288287
261412
118789
165359
37872
89066
108001
334120
41201
50437
458972
341108
476405
347511
187410
91080
562155
230291
483836
191533
214891
198588
210765
67727
328431
75624
166863
32287
595182
358330
89161
647141
258526
84508
24881
139473
52295
210259
620102
441808
689515
197681
116461
69689
181959
118921
261913
103962
145151
148728
199171
87555
116296
358741
115568
309633
154295
58165
228976
225660
301531
242700
175206
104645
95433
166266
171266
230549
319660
310637
316869
287374
294995
368130
211150
405754
349627
227816
494085
221531
202347
104032
186082
235243
172914
103436
46443
358848
47052
83655
103517
252993
282953
506220
46857
60183
462834
399028
67592
84425
60789
45050
47770
144132
157423
104826
37376
245689
120438
51586
269319
412596
326806
396294
147187
201407
30944
84055
165175
34161
47337
101186
597789
60498
95792
701684
257111
116025
128522
282311
106050
112233
112357
316613
178612
38177
446361
89049
247136
97321
160927
114017
259582
236597
211997
131345
126039
152591
197115
80928
67971
47065
625320
748168
545755
63443
92110
620047
471964
276599
101953
87633
181738
124883
418950
388152
143092
193033
236400
273410
261383
127320
243533
114774
123655
165894
205565
164353
58822
269668
44754
76852
30928
172617
413496
98566
178698
38216
699414
370218
206653
129353
70986
38214
225434
31190
519533
435562
73799
82047
316027
78872
53008
89833
433494
537664
321304
325418
200962
234537
208734
43978
40261
57942
48399
508421
422297
148806
904548
703585
338689
397610
253973
531966
319811
563062
246385
66068
82740
539687
567530
276424
175101
121102
233355
415782
328263
72519
952616
150413
123486
35758
301396
267480
40878
92036
426664
66599
38197
101339
38670
98214
600292
441379
292070
119940
455468
432016
176549
213540
622299
381200
423930
405489
350007
328998
219707
327445
251619
145338
99476
46725
65633
32509
40042
175700
26307
43018
59469
644476
58635
581590
113713
283170
255871
313925
95004
198069
175569
183799
54180
85248
202656
132011
226795
313112
272285
339795
319549
317213
104482
220122
74738
76279
24680
501912
469747
437414
56399
447726
306833
397188
135360
147806
36241
43520
52102
127988
423866
195703
437161
47450
161081
107974
137803
179929
113362
85339
279878
130824
162290
492117
415245
325321
218893
143321
185078
201822
143123
137626
138873
582562
282589
211668
83400
68452
79436
162847
206526
232058
288066
132128
77188
69359
127072
85392
158647
75254
231055
271917
168166
40987
483754
214162
436016
95651
231480
44705
194458
103095
98533
479462
443830
230749
250254
308702
95608
87448
93947
119613
178994
154209
124019
167818
114427
225468
346142
288915
119014
444209
160017
151475
209175
38786
124151
290044
47268
547894
289089
298896
47997
81764
92190
89374
35327
105960
341530
93770
131298
540536
70433
255915
141461
258303
364256
33126
44313
39059
536183
93868
525813
210474
247137
45538
186727
329089
384965
152019
528148
345714
205711
373531
396080
84462
488030
243613
89100
71355
319139
174966
100644
120308
55571
78073
126726
238823
333561
362112
190450
322272
103767
308790
229816
139103
430867
43779
51756
321349
36801
387273
248808
104469
313696
217219
352418
212615
147293
452569
65878
342841
228519
64742
382669
151850
49255
98560
70900
35222
71821
49027
89390
101727
291922
287301
349008
133435
190183
306613
37280
54873
64535
131314
66826
481026
50485
398269
144912
105398
224314
32135
239455
168584
204849
143152
206352
153760
234628
163341
207688
152455
40182
53576
190413
713139
34719
749986
207046
143032
178049
428802
49907
96954
104305
52887
437927
429264
186359
42065
177121
232033
344677
294601
144804
125605
365813
184898
94454
300493
223551
108039
44885
63952
624980
255298
517836
202766
160918
33628
178370
184355
44318
400144
206469
447708
105865
164179
59941
146227
216563
214326
91798
101947
80817
247697
93568
419891
354960
843965
175685
536170
225889
283775
99374
404428
180260
481826
412530
44088
726826
379821
767142
133069
346956
176569
133982
65514
148889
153680
198824
74891
154673
298721
302639
131731
102488
249959
381121
394122
127390
49884
111278
625527
123371
40133
76988
213362
783818
91471
109100
529978
150994
266404
50452
55354
204787
192634
162236
163522
333416
460564
455868
271843
116542
71144
42541
644056
178788
533867
30245
151498
129452
36904
178507
376739
79922
668612
747662
420717
137293
111393
495792
44373
311019
57194
82399
109830
224390
180059
241942
130789
264300
49171
294121
187339
47764
43902
437662
259169
77865
165527
162070
313883
79888
101318
446427
122627
71329
367327
163015
75374
76621
57831
44440
54925
461819
98626
43019
42598
131100
48793
548545
437363
207212
90487
115040
190399
457643
131361
99811
97137
198760
137985
45418
166395
102573
99280
28022
56806
198142
265274
110368
450644
240202
590891
329439
123959
76761
319621
43835
273499
335880
464587
45645
375202
56949
336023
82469
43394
207378
120524
193474
112855
136924
184462
267180
206625
360492
333000
210136
559860
536975
474844
92730
162405
64521
176367
403126
136462
58095
407763
116668
80969
57475
36540
56350
126486
212129
256090
200223
364098
347139
161916
76301
40652
59501
73737
366152
414117
204997
170586
129403
109745
163853
313360
258047
182901
255925
306624
48577
49933
62180
80208
737625
682106
148639
342722
170572
401170
653960
29529
146215
719458
44233
479782
116913
144165
296394
257199
132267
282761
146931
243757
155562
94703
117294
234156
24847
36131
76133
421364
458933
650713
49384
298404
70395
75876
44407
185302
368137
83548
524893
204167
554620
210147
84896
68931
59111
63678
264086
373121
43420
25946
159524
59731
539714
328327
139332
232159
190627
96802
58954
332708
316878
511727
292849
346720
126170
73751
129275
108965
78504
120848
96492
75323
120572
170488
91944
64212
58505
402117
287567
28704
131957
874232
366998
268951
77814
51445
136677
44162
130640
1266383
56552
796885
243688
240662
205977
150398
153485
142399
263036
166199
283163
279371
293542
97714
94869
60054
79868
30871
41282
44198
30931
44603
388568
90876
30882
71011
564490
259775
198848
134559
67023
106617
180058
40709
240253
319493
139724
64319
372501
290158
110324
39163
298293
164159
35239
268351
276812
134350
103152
283557
56971
73395
52509
253271
397015
328327
333834
274657
306898
386746
294007
175933
96220
172310
46088
518289
94435
543877
164266
54400
294742
522558
35602
464596
117318
113545
157380
244712
386296
261588
197370
52221
55365
273904
369428
387845
131916
65089
280493
409579
344069
35638
256703
169931
83286
210299
173797
130568
138141
532723
438739
53435
693232
458299
340711
214710
73785
51123
48955
512476
120731
63214
273237
156782
34070
202791
50790
214349
257680
138169
157552
144163
69364
447829
298520
326414
351105
104198
160289
66493
168466
49706
204881
173413
213220
118127
55515
134537
151433
77081
137386
65487
963694
77444
118128
1100177
260372
52224
72892
93800
245090
58489
111477
257534
29903
274080
148303
130931
164869
383689
33460
445003
272621
401236
99710
124752
95281
278039
148640
698531
657821
66881
262077
32927
133559
154479
158014
228424
148017
38082
40730
69930
208012
197224
98233
68815
199677
61452
28291
73815
37438
94083
84704
70839
86996
167409
44272
235934
120960
63823
107319
32684
691135
222028
42315
133550
71011
126938
249088
217503
1541237
64206
101973
34125
1128743
284633
199686
36328
45046
214941
210068
333873
91302
37030
42500
103118
93528
171039
52349
588106
54818
170100
631299
198363
183249
44403
686346
495676
277573
31183
132268
298129
113114
29272
375494
181067
184762
277703
226436
154418
93247
64759
156666
172110
56145
88976
105745
428336
61335
87343
344567
385355
166659
36445
42848
85471
178724
65077
406411
300116
677306
125347
115275
68576
574006
69426
261744
66211
112772
146551
34671
353845
191218
75475
80118
538225
163703
50869
587848
291991
396438
87310
180625
111131
89853
329084
134033
97604
111258
33013
407413
431426
242274
78429
40161
288293
79146
84395
348438
302813
323089
412286
303270
99049
92932
72049
41636
46600
38661
37984
89308
273738
244006
257751
335941
364435
89260
257522
165955
307269
368148
344190
184306
102806
54005
197342
164159
280119
127083
77809
20427
28305
42755
32559
897090
320656
881654
43543
207717
136066
148487
42200
249217
196269
322165
429010
525233
673401
369386
115459
62728
86930
48495
115357
75508
412694
384815
388615
225236
230967
250463
38870
175189
39404
130554
386383
334163
64191
39664
62740
110469
183313
244722
147076
185825
283653
193735
98356
295211
279688
103077
43928
437070
213181
116055
39788
276722
311546
310492
182859
194112
106318
175070
155168
120901
67139
80982
67929
108661
157754
163523
235450
241553
329436
127526
61193
165999
147115
172082
477654
198014
138382
148721
100234
272578
73616
225470
72836
46141
167443
173583
50149
331379
55474
154333
155419
155043
450090
78808
387324
146051
130178
149903
101750
75168
155711
125527
133059
356694
351403
366819
25909
262572
256680
47504
66174
33064
497246
255698
56785
33151
501405
86647
42726
501902
299422
61660
264226
158859
162385
237825
187355
173770
224547
129894
285128
163684
393384
385857
48412
541249
135975
34112
669774
368392
62191
71299
457319
134898
365707
126030
407953
210656
32813
43336
414859
152787
373201
90491
254207
245493
422335
236441
29013
44008
333245
49551
253656
226122
221059
209707
428404
109109
138101
140260
192570
205527
202213
202568
510629
495999
163796
73669
714444
171632
197876
784875
526343
104337
263963
504875
31954
313925
542427
444152
143540
99403
150250
384187
32511
277126
118491
64115
95796
69117
90748
270833
712407
582908
88444
126939
163164
164961
246050
356104
468418
57884
235557
106221
760972
632658
90760
104388
322137
219111
237324
207365
201100
150515
204278
184122
125777
75720
65742
114412
177720
306096
118156
56540
53626
51554
174142
233851
321200
67541
333132
71899
527733
704035
462412
505787
265450
160063
341744
352448
228634
92087
75395
88852
155326
125918
306219
268598
292861
51334
178816
408343
132046
450339
109160
227343
144190
124361
114001
94746
73261
31469
94191
336319
185644
44783
88623
64307
546582
90987
63439
477202
236283
132132
153695
347831
374333
344140
396820
241384
137061
118279
340019
100188
282459
98196
47816
131530
359168
93194
227998
597460
403197
160398
174153
215449
352960
693923
205802
68274
49741
86838
85991
112140
29247
79996
159535
264249
219078
114319
422837
130576
31677
119441
426700
41187
301020
177712
167612
428148
313945
104365
31411
352010
150594
37352
280313
99725
140575
37105
314308
180089
531112
367463
276794
113058
189493
234754
94870
289035
170029
118350
113705
91241
149409
181617
319535
57363
145719
474378
452123
254185
318429
113670
356644
103509
48648
76357
46754
401469
229409
389681
137563
249203
111177
781833
733753
358286
39631
55149
56602
73406
304458
293565
123214
179138
59133
115102
109847
227584
242217
661137
467476
163133
137540
659305
237879
32940
162467
666534
131378
66816
533517
250828
387866
39105
465563
142623
57649
402863
133381
183554
126184
33803
111587
576350
583615
129074
46436
611557
62100
193946
45690
319741
169612
73866
441941
217024
341454
56104
103701
138782
165083
102791
296319
26913
166856
78882
62356
312900
148810
420105
282726
284662
204349
236140
123173
320468
43935
191850
236489
167589
213405
110811
96478
134568
68222
171989
33504
219567
95849
316361
405860
397032
233783
109245
160607
112901
70363
119770
200016
502539
595726
411533
439382
303895
509107
426128
368876
50156
407050
345750
233996
599763
81824
636333
565210
193020
144312
204641
80066
277677
223976
222106
279860
500968
268723
41729
544610
576806
305650
190518
444079
43743
183606
558885
409515
37745
60793
684266
30493
217113
103291
119326
115272
288043
226764
53815
258877
124555
38183
163552
208067
175603
106208
108906
282299
143815
216078
256916
155027
220978
82948
213124
57564
252455
224856
127314
299498
42374
69286
151764
140502
210497
227731
500455
219165
114815
31777
750469
359142
442572
371981
129708
612152
129488
33997
203101
298764
181719
676515
45477
150806
639579
113742
858186
420227
36969
31943
71889
522535
47416
52908
53787
461954
274358
68446
392639
225234
102559
297128
313461
431260
32684
258612
251707
324419
205598
39833
68528
451450
315245
111586
116273
59709
92710
99435
110124
266410
585539
286625
241501
354755
51498
443027
407836
144973
292082
26113
127615
128026
140689
96040
45629
321732
355156
499778
63471
47175
101026
153458
89549
595383
457494
158810
205270
160937
272697
85807
348847
161886
197754
168778
321815
43360
77544
195062
120999
263967
60253
122714
334652
538442
345531
733077
295949
118567
245428
146543
60804
177425
210157
30094
36233
389796
331538
114005
62217
75894
675048
393295
77293
183616
42467
62233
286614
359054
146300
62164
254530
131229
138371
289974
340438
30907
205830
502590
126730
385871
141901
256575
189616
272313
402537
400330
370568
210240
72700
467807
471738
133702
138821
164676
223409
225012
73479
78535
53272
83506
93064
56223
242446
348076
55755
41563
430633
299674
273997
121491
53287
58743
555805
77183
41048
453705
467483
58328
80199
340365
93343
74724
34297
57604
105455
32575
163619
33567
333906
324253
51673
295295
270381
219196
466713
212834
31764
604887
468511
353980
35063
35203
42028
324103
187160
62478
36153
439729
258848
263739
221375
131263
35139
235478
53161
37999
244935
48686
378353
438161
215498
154544
298747
95988
51928
147254
396660
109702
61928
99290
686413
412041
682904
407293
246853
172013
125709
126353
298896
277856
248627
130019
205594
103608
40679
323994
337034
312705
233939
324540
484717
108212
543535
262508
213121
110962
215618
545377
554783
379949
45926
79525
454777
522975
306674
250134
330343
300198
260818
134020
129089
109347
299670
448763
59376
42930
655381
261087
102457
418173
63161
355218
148376
423885
295311
347725
299511
603051
93282
492844
145585
250007
202170
523320
278345
101594
51771
96065
446549
63960
202852
197919
138593
339077
337063
81264
124302
50439
226772
238556
209335
141200
304978
290742
112439
203344
202427
100209
422385
113719
63097
229127
183215
251134
479387
56396
367430
105733
84355
58551
245967
25938
85780
243683
389451
131058
81129
844727
784829
284113
204677
283203
314471
309901
66270
129973
98379
167154
44687
87188
41163
40761
360707
423620
178744
274352
133054
69633
134161
77899
78685
31921
341579
429361
282327
479538
196762
88764
136707
209050
187730
271005
508192
622763
517607
436488
275561
1207736
237999
169119
198276
167073
69668
428253
318938
519340
38588
102032
399929
277948
386118
248895
392116
49092
298687
65520
195754
165786
109579
252594
250473
44211
49962
405646
370467
106526
28272
85406
42936
134028
185738
247902
46987
281122
287227
158862
67447
373695
67908
340466
334317
180429
162080
246892
282982
113780
352490
148141
101014
48754
132819
54902
662170
187756
28618
511315
218207
231813
162137
329497
261349
110240
137141
560673
510903
107733
107609
118321
106139
121436
234375
207020
119011
46093
133422
440691
413548
154870
203253
125078
232371
180221
170515
189274
492504
353736
536162
274837
97991
484782
179779
218286
208856
268093
165614
191870
37497
65188
133418
120210
361400
260661
435183
163439
62361
368371
246149
150374
164116
64085
229796
907066
60966
84779
836159
175983
368549
154402
263361
43773
97463
163320
241349
223364
121193
66146
294092
37370
325814
454469
201337
543746
88118
159781
354195
71252
274788
98159
94474
142703
160521
240486
54482
256288
252628
493496
155629
112344
438079
85853
213987
128131
269197
223587
422569
205409
225804
281859
462562
280366
134259
237429
131525
176975
64193
217512
147719
56492
146230
381398
128783
473824
181081
71291
39384
313652
64369
238656
86317
163950
89154
34857
85644
33069
178463
672836
797500
548670
328466
112062
150871
225200
250800
296968
198632
967421
805528
68794
71043
384131
33006
99899
237724
386363
522295
425787
282567
459326
105391
351385
111071
97737
158729
528015
478777
448671
33481
155768
525785
601912
224677
86960
146426
89259
452042
373228
117975
61596
279611
161569
758971
336700
1022642
351636
153038
381161
186568
167044
107777
38377
150300
336920
581642
373193
216438
1159114
137758
70606
42695
80313
775136
46854
227616
827367
252934
71071
269704
280989
70009
71914
39890
318332
77400
159910
148192
248931
150104
277192
362961
281232
626708
132334
445875
291750
167295
161507
182889
150518
168916
215378
74068
122388
35681
409900
331293
174905
290293
186285
64523
483900
406492
134908
381348
337476
80257
443196
228511
302960
118365
60198
477997
389157
76684
29559
67795
255666
218224
263258
157781
184291
259862
399199
356445
171229
265909
91309
159683
28114
353920
226383
69254
51461
35320
639413
214723
546605
179991
80308
50384
441794
325287
55517
81629
48757
477054
227147
72692
232245
476888
572526
143349
177448
757575
37266
65448
126926
554071
439991
150854
216231
69328
384517
403186
138945
172803
135404
54384
209649
61391
249716
232146
128889
260181
407818
84765
582587
556051
291516
183055
31606
262828
686409
752883
139225
263348
245928
125021
339799
254302
352054
123748
101861
451789
414433
277632
63283
317553
285235
117714
102274
211816
121286
51787
147772
291231
287252
343874
278707
476198
392075
257303
50363
270855
219808
24978
30662
318827
157229
102173
97845
180772
180923
101773
436882
141821
69680
126208
74093
50752
134366
194568
255616
167030
53688
82808
186788
194448
147387
150787
453422
350787
297592
37384
196287
197168
360055
81141
252362
84515
117010
310371
316674
116602
644453
189987
506743
71346
63989
73043
250406
231611
215908
373719
192735
211817
541703
88503
48876
173701
74478
134998
733401
556978
104904
298979
145206
148690
87638
67888
177054
210743
162035
138856
141501
86732
193224
196497
395372
170019
84627
70855
92856
301721
290675
213397
39458
46678
59865
293228
113899
126862
637893
545777
102563
89883
91539
55595
488068
61679
62305
129793
207946
332509
200193
373980
437641
427861
339011
327798
305244
356101
40970
215726
337408
84896
389057
318696
193779
214608
259199
356764
596575
478016
49900
63442
335972
115630
49260
48866
112972
33020
149235
156929
184258
224944
226004
491711
136404
72038
106377
494893
344020
165591
40220
217290
224854
203273
280637
110339
372782
51073
165207
290522
275352
198450
260072
73896
496652
470058
134004
332302
161824
114549
393598
322956
66938
71740
30824
110041
98903
97673
182052
474511
45844
33408
37318
122919
83741
742541
359720
326675
283522
314026
95794
167197
91068
127291
240387
443583
517052
144377
117505
200653
592027
191029
88948
578414
583161
136833
218038
341340
890348
36725
478739
304513
126862
82599
47283
845969
581929
123356
68487
228114
70811
232196
269739
275068
119599
44803
253677
119254
222086
69115
39971
58876
61201
124649
453980
494782
295648
429880
321334
124593
43900
84153
83413
658002
185256
135926
608163
307637
82172
141449
72769
54491
188080
230135
41414
366440
344516
182342
87809
53056
70397
398302
404056
475562
150581
369224
375250
446409
551852
146564
388851
68616
41357
135954
37022
68286
472813
478678
59623
55654
55052
262764
310784
227187
193231
62868
680722
419700
260292
40181
46458
341083
387447
237058
242915
246094
121762
54676
524462
415779
241123
321090
276587
169228
214090
146064
56179
131023
250930
65544
51808
36540
339429
287593
74865
208913
179948
49360
61194
488867
335635
332299
55445
211095
35347
129537
91134
135130
59079
76729
115850
103550
127444
33555
242425
358096
221445
371025
98011
238755
75226
77530
266872
244011
149805
409851
342723
348540
241682
248221
38374
118618
468349
299337
66691
150747
252636
49435
47781
530404
243411
667910
213701
148938
275597
83324
57296
53900
66184
37495
375826
64608
42432
46508
163625
59208
50146
669683
462074
159884
183119
479315
59324
49959
108872
400072
58334
71512
470209
154120
214333
188655
202291
80030
181618
41914
134097
53903
46970
355189
375074
189234
229437
129468
213431
233528
450028
552875
435926
275167
69669
207407
108734
153045
64160
154006
144240
84619
174396
520890
232160
699483
223965
135200
158208
76418
73441
91862
495148
397914
444074
181841
134398
565533
299411
338994
131281
143559
333673
174863
88916
210014
91902
90150
279615
83815
47123
87303
30543
367760
281809
219314
384686
397631
68798
37947
539567
308274
196788
167169
352510
335246
88882
113647
113543
153826
272861
228886
49211
54170
43456
40828
438316
59067
291228
501680
340069
45397
115155
207300
314170
348526
165386
303027
213436
259064
332706
259297
61427
125889
115866
61858
201181
982016
145190
935965
211363
186639
32096
208546
191628
252719
162289
341401
85175
39746
367688
269342
170202
609337
329019
303176
37782
337368
327484
221505
34256
62729
68444
411139
235593
46811
599600
274059
230992
418985
218736
33860
241337
157317
417231
122105
28983
540026
174599
153889
50941
279295
368208
562082
351592
388105
51069
341804
89598
128384
508829
230853
128743
201141
31408
175104
43655
57310
35289
112021
238643
285461
259116
56343
273573
274589
145965
51565
100136
39464
40463
93961
108793
38695
913763
868199
176604
364755
334185
327625
230197
141295
36756
74598
209630
217718
166812
303348
241888
286355
123372
85931
70467
57288
99197
161045
144758
190380
88978
91510
34438
111626
141652
31009
350093
124930
480384
494001
734941
380617
57688
870572
371340
280511
594415
163078
581562
128520
569727
207746
123704
248981
91718
113962
81818
99532
63397
569306
493706
35524
66555
125572
180585
235087
392326
42688
169164
304067
218932
447722
245876
24468
63481
504980
28882
72524
40310
382294
208937
405823
115120
309642
67849
116755
115077
174318
69443
43841
52828
51486
244665
167682
271739
457086
451467
67357
368968
33546
265099
265603
220924
134447
304588
297199
144455
250826
717229
550151
46869
325935
196618
66387
249723
264942
374630
186490
457877
266435
109833
194368
54578
82879
203715
246076
300547
174121
102809
391720
288479
396944
52644
156379
108277
95083
49473
30685
152460
740345
779729
225231
158205
117110
106969
113285
574024
95827
109087
97160
137954
105730
176452
33717
44382
69487
59733
597984
495277
430842
353384
96961
394687
152444
126667
103769
63600
238340
41823
183379
236733
45233
326808
323888
128976
296177
279616
63564
67359
68245
394268
320874
379370
470891
291776
144062
419617
252353
98576
91134
107527
96325
378917
164834
314195
179147
416202
27609
200632
153992
212125
55182
46307
180973
54105
581916
661320
274977
251295
233304
731889
168096
141149
187114
44734
78224
246882
186822
116599
101764
152833
222874
262968
387890
278976
40409
38447
40482
359093
255437
470758
349779
814794
113682
84066
51225
42049
558472
124688
29834
797312
182545
29222
61470
47243
35078
440672
279526
437529
310800
279159
570501
492719
408887
313393
404158
299126
94504
670979
170501
223371
260282
77830
172128
226719
58833
303006
267985
198460
164040
166105
510896
165979
115966
206002
116759
123464
567577
537538
150056
109668
165656
148240
191496
257017
173774
142723
104025
133836
182441
215197
74525
211350
158110
137006
31117
30052
370817
36587
86669
108385
30223
57432
593351
176535
75023
62174
114223
689837
120607
184782
616264
169305
443835
247799
236181
205764
179632
335659
118731
277188
120559
308163
66804
313623
286752
52746
101211
61498
216273
283864
128513
371627
190293
172057
292306
182201
151739
167518
202889
168984
196143
219518
353193
171719
81205
148577
41835
91042
151798
39057
62447
322186
443294
203193
401274
66925
492049
727788
368384
221718
712757
167439
105384
132281
347272
327806
594466
648067
138052
256552
175943
259807
256076
56305
339910
277523
106963
106335
206109
58228
138731
104078
349864
70754
763469
56199
36421
88255
845589
32485
142970
51469
175727
183678
56316
85310
83175
238406
133235
173006
35095
92195
726356
968809
287636
51901
630355
53832
55967
43334
93915
56625
371974
440669
124173
61234
452037
314010
205469
45119
91093
546517
289189
182660
371615
160818
420760
156581
108006
90613
43415
526731
195111
521052
312233
260403
54186
180882
198844
338305
102890
50363
469043
285701
447587
289115
219228
245983
134961
172857
223353
190794
253518
93365
35612
114355
46699
32170
285695
35296
373418
200395
515502
62477
90849
324941
199545
58491
103594
45942
60396
33629
292345
95907
594252
118270
607790
95985
114633
77642
122821
112053
183666
294792
194139
198797
602901
274494
360299
311659
372903
206824
182463
138460
292481
604210
725693
148323
608422
136836
60179
252631
58519
33564
114928
296398
314303
68345
360621
378175
93455
92789
753157
352910
164886
49267
56807
63707
163942
608614
49328
414159
137624
181494
84034
338894
358482
127065
422612
264458
448510
511330
420206
362471
558641
116210
50368
129797
48415
195866
194033
380376
310762
123851
370117
115769
211000
100848
183116
118126
124150
172748
199373
116114
367567
58071
54707
180116
49171
222366
67833
192004
77657
54621
443074
416223
184825
31651
52584
156730
113317
233955
156695
549251
443360
163767
187068
392983
76192
750923
814641
160731
32132
76911
287836
304308
257746
257452
87687
647992
222355
604619
107870
85094
228630
250967
132162
290466
181257
299579
173222
431516
700865
556793
224305
249326
304561
239994
190905
280868
252186
168786
73016
693258
532943
293152
173891
207761
92976
290586
1239375
40521
992934
289669
72769
366366
365531
346044
132001
32288
135641
711547
425618
94794
215339
76225
35614
107671
373208
362990
47744
209134
50169
64593
75762
153540
489080
536738
414773
181290
142089
152167
66913
424239
295796
546121
45174
278773
104044
96219
138670
85284
148634
80179
148711
144074
335562
39215
392324
236797
465081
204371
179879
42972
51731
77907
82206
339966
423198
222817
197698
144692
224075
150991
36702
314840
207507
310295
70670
267929
280124
360106
84865
320175
61240
156229
154722
318899
289197
226847
193150
426620
97772
309053
393881
290684
36742
172976
69350
111495
88183
205284
62010
438581
298445
632355
349103
179252
60147
181017
60951
293775
329100
148404
323023
188208
38946
351141
385840
192455
177902
156676
44264
343366
38196
54850
101262
746353
316891
833651
77905
290669
605552
414137
233052
264903
187058
396323
118397
42457
370404
556468
76550
174443
76644
722057
424691
154586
242656
438519
454739
488159
86572
51424
248547
426875
93780
44342
78448
38495
75790
597153
528215
288390
212961
504348
314173
151580
250822
411696
365983
192358
44595
707961
113195
458315
168213
151978
169544
149276
403191
47070
38319
196168
41267
68338
49117
267189
132758
79954
80067
76684
81162
49833
56310
265460
219838
305228
84696
145288
219465
116351
219428
60624
119204
32650
216199
222963
61488
344138
298362
299005
190629
253617
103284
361048
59122
55616
70748
289630
264387
105766
39323
121045
222462
48881
810500
561634
522149
462030
530157
144448
187386
211726
506943
709240
404537
80591
165035
176148
1047854
41711
57120
203468
243325
340988
179928
299328
151198
61331
87426
227381
236798
244498
265802
135401
469710
444473
89203
213517
61716
115088
153666
89438
42162
249460
118770
174565
303652
25815
42980
405564
394079
130886
116130
293059
189061
128649
329701
127839
205920
428432
113754
345168
133338
130999
180388
286206
443762
64810
456642
89305
72548
495543
146845
239173
57845
87051
36641
117970
86257
107917
228085
124606
354996
27939
278290
594838
46087
362172
79727
180910
208766
65082
57601
74314
113974
400853
115883
74125
66919
137557
120169
132108
123028
175061
121143
128223
105872
379201
277626
190027
177688
211120
180457
175665
308281
31283
493481
418950
804588
492810
146062
49549
210214
226500
119366
120207
75919
87119
370287
70110
57103
266794
279890
183124
48779
60066
37692
77907
29992
910743
224874
696367
37989
110872
159818
182786
133598
345924
34804
177158
351825
92184
362004
117482
235434
293369
103903
364618
164283
56070
66279
193807
411719
42679
342117
273359
166660
90434
583055
44554
422717
40697
103911
296062
369199
328494
81446
156953
150726
119246
157472
160700
223137
102828
193342
43576
73928
63761
57319
285937
298675
92141
149735
377267
145436
381873
395295
219886
285135
306214
57383
93725
52258
64698
52085
152090
96276
159825
966605
104162
117545
1023307
259826
68626
208121
281520
577615
304693
234452
55683
51289
129537
219104
222919
125881
244739
43097
375759
298781
386250
44122
51075
125690
354417
175995
621243
269212
101991
41655
635449
229042
35871
216916
44672
731804
441048
193191
127864
161223
184876
159331
226728
232487
48528
305596
166806
67620
246647
177211
78564
72707
216127
500366
434534
156599
228403
167632
115696
303976
107022
239341
590769
638986
298866
33387
269943
229398
102022
180608
104427
40621
187769
75278
219404
89472
89821
89938
49891
35947
40585
56162
210056
258454
466229
139226
397492
156531
96686
158782
137311
58951
92536
431894
470244
81759
288641
150542
118574
124564
306146
296854
180147
155163
212180
136280
534154
83422
273906
172101
41747
355115
278033
58533
42701
453469
177608
532078
144417
318063
140502
152525
150960
68211
72048
386622
68151
81031
299417
57349
768671
88204
700799
274263
63245
177538
97806
654520
120143
437053
166727
99251
103793
171311
339678
207308
333717
238451
987073
232246
833175
118218
87945
333396
76113
245076
84473
55045
127429
169732
404502
496059
292590
39196
195080
367042
351950
96526
200543
304949
203826
93287
817311
83845
213191
327868
360037
118903
61730
48282
254058
275499
147549
310910
171856
80716
76805
56438
299079
223656
151910
35954
254291
382783
387608
191902
189572
249203
33037
26184
43638
208545
233470
251602
55254
236552
219144
108848
280030
130328
323982
64216
127351
29014
433069
90695
337994
237300
378290
209174
42180
343174
219639
41491
99554
209735
664593
564357
209864
346133
289370
73924
44590
96430
275420
116857
83752
317979
191215
75423
112045
159975
173921
115960
59084
244623
397337
213299
559153
139599
150226
58868
60030
148899
41717
97608
89427
301989
306118
109632
295972
156427
158810
76883
210044
69652
44471
179454
255498
67363
344316
89126
83885
389539
381349
374792
320537
164327
74386
30308
400263
329953
107780
81131
137249
315986
203907
150768
162693
172344
368304
363445
121592
292671
82322
197533
161767
77477
157557
243907
171867
52328
402698
214407
133536
471848
342929
243491
52211
118690
110780
45770
39315
62156
103746
47601
50476
390361
363918
156084
153550
131418
33224
241327
155369
282133
126124
44667
60543
270537
204998
191561
316503
212932
321003
189408
83007
380499
118318
80904
463073
413069
461156
76275
486190
87891
41129
35417
292017
133936
150829
134052
69714
45234
92840
301809
133349
191861
244051
245103
70724
547502
260217
43534
155722
908700
348247
696815
175137
308373
386179
339832
105435
181928
183111
130667
405915
128241
49227
419009
106805
239010
71581
231677
180553
191182
138985
303951
437003
327383
496681
63585
24729
326715
248667
135535
242334
206988
203281
104838
109500
272202
179739
297117
287019
105201
152733
176892
45450
270447
115118
320798
122922
142875
111504
90528
88738
280138
165534
164418
208010
152083
276524
160439
422408
118007
138370
82818
244962
47533
655029
577512
408059
404877
127705
505108
183562
36974
75566
455525
302395
227876
45988
236172
104618
107443
325188
305112
290789
261485
163641
135005
228553
191492
165215
169650
61476
213729
53864
153469
117031
565712
442577
150419
408487
86409
288199
181806
88185
95560
191657
189436
253178
48416
249975
531236
353792
106178
139106
542045
104470
47458
88890
382532
151265
385755
90489
242089
269774
70029
495423
385690
193861
85798
33262
50128
246780
232307
211150
268235
181622
38867
617094
150579
80706
44902
85052
762421
330642
130928
197567
109159
138716
85333
140929
45227
56791
124445
364655
288595
63670
264680
279933
692940
37429
138680
275354
264475
328462
120998
107836
176125
127189
163723
79157
30842
47476
563039
496350
154585
526905
50009
427504
347655
158358
331842
81686
40406
95124
75078
21819
90601
667154
211017
747285
291799
130547
104937
177669
480990
88732
402497
272474
182610
84959
59609
273589
324703
138151
83358
83934
121793
642534
58741
141318
548312
264472
240928
191568
180866
245319
800946
135354
803228
93198
157234
178230
294918
304232
233357
528350
45763
298531
236453
207804
142744
173248
105745
79138
272236
619026
43759
571651
83834
431262
137785
54692
163196
37222
128080
99072
58750
37652
242922
99087
210472
115294
109296
87224
81588
92452
159796
139367
162073
103347
36476
43103
131616
201344
212738
299251
488357
539946
336975
345808
808956
105754
355651
210577
59622
185214
178875
360725
109068
65257
166731
197786
187368
224955
62201
35691
619340
601434
173992
206799
59791
299664
247150
320106
118831
78527
63221
65806
40246
147947
266713
34709
399619
369304
146879
55243
236561
140414
203056
148476
55522
183987
340561
135788
43632
53702
113333
57713
45189
42459
658186
479843
144904
79434
170324
511769
107654
84621
47886
61740
509372
387991
131575
322426
257647
284077
348018
228000
466039
83764
103446
286125
203844
43549
100752
585059
167822
549850
302425
334613
194419
382331
59206
216631
47917
96030
68876
147241
103864
81266
152858
587419
46578
48793
598173
76581
121233
67432
93644
97457
93942
150409
103878
126260
161687
164286
241498
519445
408250
224305
108450
203404
87994
183500
190210
27813
42318
386363
585338
817245
116395
582971
70769
139013
279574
180562
320132
31892
146630
171082
50076
412193
327570
32189
163149
129332
744028
366661
43596
201448
101839
28086
1036094
104580
785888
268376
197868
92035
51844
33202
210859
304235
143849
273427
46299
150012
155863
42903
206057
257045
220194
51475
159871
175646
135326
535422
180852
125715
120559
326692
383055
349114
60761
123357
131298
358304
162627
187059
100883
229962
264655
349447
361387
806807
187912
57093
181418
135392
142217
198848
87519
90727
167050
321466
247207
275540
393376
163770
41663
108435
58898
669004
645216
239829
133559
448954
374159
79684
408170
46260
336717
137198
474242
174737
32309
344166
128766
29951
53041
281379
210425
101591
126939
37577
60811
97774
112561
55362
247374
342819
190501
509548
55620
243778
211267
79845
248282
37883
98772
364972
390954
208802
67800
128859
46216
282525
150398
77974
68269
68229
161898
33822
715024
577536
279322
221146
358288
142598
61722
130926
439885
411243
199992
313824
192678
57379
83776
87901
101977
52490
104307
275958
225868
261000
81122
631365
36814
131386
621615
362753
301547
452234
707588
346428
51931
82783
187872
170745
137574
158696
184114
141466
241921
199111
163246
71866
429934
275871
39729
194448
107289
148661
118374
175846
48762
75130
354351
268172
84892
458813
169320
349190
213132
127532
201582
127520
195309
155045
202118
254076
181515
61058
77239
202851
259732
159938
448701
96856
70679
68192
266780
180438
32806
427235
320587
220252
334390
51601
135707
103803
492438
231003
563201
261270
231555
407300
187270
69854
500096
69383
56408
44495
529239
234868
182322
258916
161723
136014
150041
150052
67975
81297
81385
35013
125505
245992
316572
299099
110752
516412
433968
439956
57585
192865
327031
256676
200447
596897
104592
359638
60028
33805
146457
314825
327817
453906
293429
162918
251096
747714
125223
44607
42982
65849
25825
139348
862358
424165
112107
147621
161762
321423
78605
35042
81412
124453
49203
63621
186065
139126
36479
44880
44284
43754
372146
227854
179249
109344
341166
327479
550977
359903
474438
530435
468187
204800
67698
280388
215981
82880
134549
135818
75108
118622
162396
435549
275124
411222
274507
113600
201246
755539
556410
499265
661394
68819
49931
132987
514547
248997
99275
113274
257186
343877
158093
82501
70729
48505
216185
239028
83046
889392
150034
151547
155376
108554
55345
110598
62211
197534
194168
121736
243609
467508
69918
37344
309535
59344
92774
337831
132857
241392
78966
97775
99348
83731
138911
155671
94145
246137
512769
313455
101914
116624
950036
137771
171779
33120
86063
82937
331291
290103
72147
210002
381357
356397
208746
113560
132493
194954
311726
81139
588906
40278
49542
597213
208019
238503
408577
252188
128442
114384
98384
230154
216103
207558
119324
112924
76365
276574
54082
59326
333389
381372
172002
112621
300934
223105
309764
88278
164351
174954
151460
195928
109305
606531
94370
380158
751223
497367
669746
239293
173933
139548
642325
212772
545851
112983
249325
514027
105403
433377
127777
79297
161921
200505
64513
339055
332909
122402
329419
344867
168157
429401
124291
378888
152041
315798
245769
534314
543928
449442
95759
136703
456044
634377
295406
103557
94050
74239
493647
84469
148503
238494
135630
59631
239327
171487
378734
274577
193725
55499
38292
179273
108102
38212
46745
64775
55532
67254
362992
252520
228044
245931
30154
503077
94740
28017
501264
130935
105730
53390
215334
40623
204124
256691
194570
172994
453191
214955
158150
563452
535341
55686
73998
166209
168187
356046
207515
252626
119918
375234
567210
522286
132243
287020
163687
123197
57048
199526
240751
79379
59340
92990
88386
70454
826797
347306
339433
230727
83735
108580
392360
68548
109984
609997
333289
78596
38340
66765
608500
275872
759630
519521
253749
473560
221868
111521
478785
95930
505412
255421
190971
511612
423798
224578
676091
475891
214551
435008
143778
297682
406216
335143
123167
182945
497351
109154
228901
852307
309008
679887
340063
257616
218161
416985
60602
122571
418283
165185
79596
942615
104283
729504
73392
81878
94779
65331
84044
147293
232234
211995
27130
263536
142352
159405
30091
742592
67865
68474
142727
188363
72817
1070683
57608
515838
69407
103321
81250
81818
97644
135261
128589
48367
173447
50945
69941
233771
222753
43337
352465
267362
186923
57494
138202
194992
127935
63622
58627
74925
301248
48056
184965
180583
459115
199533
45146
126949
531112
407550
221813
469689
62941
321785
83358
37356
58039
56625
184045
667649
439488
228825
147981
136688
95684
208232
38148
62052
298847
271717
435649
196833
181121
220212
162629
94947
58089
62060
156127
658544
545037
204041
37651
134561
165329
226414
70542
310618
244489
382143
53110
112083
43186
229930
41362
103959
999173
386570
1023189
81067
104587
260385
94621
229145
44978
90305
111241
66497
82547
399525
126574
27173
492658
229435
213805
181154
63522
150302
41565
49767
124120
149742
120661
283799
299322
378063
69886
303110
284635
304554
238838
440261
392315
186289
40208
120363
164473
92714
40953
316022
303341
96068
94054
193839
123952
173583
208573
156010
71663
114586
107464
284584
196782
274043
189635
73002
255918
85086
59665
159137
52757
438540
408706
113610
216359
397249
69169
41887
243701
130843
49456
137657
201048
157379
256228
351835
430611
103496
614885
469232
520756
39167
187040
72836
32921
43301
103475
52468
33721
42281
47957
467819
446931
287809
247504
143244
162872
156549
168756
52755
61534
168598
179849
403267
361614
260867
80578
150565
76257
41062
43745
299535
282111
120692
98497
40378
48984
45171
226108
78064
182802
278425
336271
327529
644984
81454
160174
388538
293355
52289
142760
38260
52099
140814
27109
314204
34297
45561
372587
115840
154550
190812
325331
180552
159418
96268
98913
109138
238195
150909
112765
130743
37440
196371
226015
75400
96947
303873
273661
259561
237317
87486
116294
153560
36999
83335
67602
441205
122317
598895
194610
243328
569982
419712
150575
291306
503535
815889
34579
482752
237107
175240
33470
62405
120440
31293
327172
247911
139384
213960
136590
259131
197546
355166
314617
554396
238412
96141
30976
61075
113074
39259
116939
151632
43062
505675
198175
725359
152696
42599
45191
350680
45235
148140
75953
140518
159952
53352
103790
66554
68528
127714
153596
149364
40033
74327
134215
165252
289453
239167
88929
299725
40059
37070
31534
239655
101254
368784
169666
229544
169222
194217
232229
203212
84594
79465
85732
108373
119107
58922
552909
285010
329630
126665
194815
234929
341627
440386
312418
171238
178198
234376
193730
423802
429842
440388
30145
40199
63656
112977
91219
32594
244562
61022
114446
844992
807584
364623
299251
500021
49618
48784
55975
303688
85429
443752
198817
201996
62173
53818
71058
69338
197120
130145
41904
62500
384448
398767
57045
56086
150055
107555
126632
83155
80863
46169
68289
67476
70126
87167
299651
535777
587272
153943
112644
35479
52608
405788
202208
401518
266926
37213
351311
85329
336618
81897
32976
219485
178734
201688
178679
205508
170794
367518
46308
284542
208417
108494
199661
219507
198931
111170
58878
220189
681321
33336
174551
413454
291836
85211
75563
55565
36876
283425
142439
42357
34122
296443
50727
134978
52070
239843
329336
188531
94304
542823
243388
203529
463906
73431
623963
167806
632133
56873
81148
87980
97004
205591
220440
312807
57600
46421
151193
57702
44521
46876
482525
443453
122284
127025
65452
105156
290410
605453
441550
145805
38806
34561
43881
307566
114837
143872
38388
158819
93938
223162
103156
41539
243415
171174
134216
221522
162106
156569
369566
58268
113045
678077
53641
705845
138579
115162
39280
128848
30466
41692
73491
26039
173178
711724
1063027
642796
794921
216760
45242
182013
708933
166846
631500
219566
133439
155404
52555
130264
116539
105207
200945
121504
37502
60805
261858
412792
254979
200874
513672
109417
393954
82392
121140
180893
177619
87448
383364
340609
142758
239173
186816
260038
115570
33952
81162
328065
510724
309569
75665
554748
116800
323967
371132
645500
132725
114022
204383
122670
54255
76727
112673
1026892
773590
229212
228381
225825
244706
257292
163285
329727
241580
104827
164002
250441
42183
129845
117114
368950
70631
39937
205494
32311
601933
368505
49099
184104
45055
217780
257454
87151
206797
106715
33212
332491
223075
401894
264358
185082
333286
33480
288488
290366
33653
51527
480595
98698
141027
28852
172640
538466
372596
270119
401248
235595
222705
28045
841232
111580
683050
224118
265530
417970
308706
224433
158438
227870
170815
200420
185045
202137
50766
46072
115316
40065
220801
254230
113144
96691
47389
84651
284433
336253
101014
280037
119127
196018
86718
41322
232810
142118
128502
45829
267308
254782
245223
153949
190169
345199
279057
76783
461495
337410
150328
193428
78028
56821
33825
137939
85909
121815
240223
204170
108856
98016
81842
32584
254600
51787
291429
127138
156107
72413
109153
33842
145559
82476
237761
171909
339734
202809
565208
238952
655772
268237
315967
364893
250142
31296
433136
160442
46127
360462
198584
107098
46240
79922
34810
195080
210354
254800
145961
202648
61144
63485
43797
242473
268415
258709
328046
328910
293582
178089
350395
93939
79569
391932
41765
255669
108859
59154
344828
369975
464913
219653
105526
376278
66456
87211
283471
103778
152364
26900
518126
566009
91032
225037
231716
270100
671063
705506
198879
291039
188357
112447
114758
105564
371255
324284
60540
48120
51923
62096
109162
161958
115117
136723
40796
39143
89965
69616
385173
371366
127923
289107
41544
320353
497533
349634
354661
165646
91908
114654
923813
845821
715357
146601
32728
48503
257340
195359
60334
107185
316995
256269
143453
108791
32530
562315
470074
811862
28205
113324
98804
139999
853232
814759
115954
215038
205390
60055
24645
159335
124441
97651
182891
106164
113248
92793
250399
216390
327394
100817
176789
32118
349123
266688
32740
669790
428548
200667
270945
456535
325012
187107
339563
310224
85580
488490
137314
361525
52884
66023
48950
47235
56880
110148
134442
41092
80200
144001
85668
494154
429230
134682
77337
82617
78958
139948
281657
291162
200014
33268
205906
224094
233017
165195
45274
144678
246536
274859
288785
79092
145869
187633
144332
181967
137635
94462
34171
288556
193887
249331
27612
172172
181904
156371
59496
370979
140354
515517
402665
190289
409945
264744
285247
238727
192300
116213
204708
142467
178223
128065
207922
300767
200007
53113
127252
109888
347694
348061
157020
45228
163058
139200
135717
195288
56726
236831
235073
289289
73445
291440
73199
350508
241054
177587
129162
187004
682106
153698
45751
538756
432167
148016
241023
420516
318164
270281
332581
300471
74770
460421
267164
493980
452146
629575
135937
147522
342379
382457
244716
335488
357832
284881
220087
80787
283941
310702
501934
292493
44031
301870
184693
123546
35333
179254
464872
120482
693013
241162
371732
180678
336107
294258
194586
67020
145193
129059
120551
32165
451653
401879
42175
27412
43098
612020
216030
160118
123745
481807
494975
79687
427339
254879
200010
88655
469133
224017
339330
184225
313358
280750
96449
200891
91524
131480
67770
79242
281802
196656
270290
79178
169930
150768
29276
334997
242365
412441
360831
156645
410683
49141
136716
119902
122646
32233
208903
385069
353022
39972
42604
89512
407495
375052
355541
349128
253971
236476
219557
135700
157854
518442
162742
119711
182715
91158
139617
110608
131312
142057
157363
160927
141130
109475
186311
415381
35125
75375
396117
273820
59605
159322
212228
428438
43256
39771
134666
57491
829175
114069
759649
234894
144520
222102
136057
199485
66835
334777
187773
175583
498893
312749
110936
201508
204244
153998
168666
150966
151616
90775
71154
160432
115149
219474
290468
59137
326550
172783
85853
391137
102747
61291
423499
97238
39473
214091
53671
43125
885001
400389
728543
238600
132847
150616
335407
405644
356301
114222
125080
246468
247430
238721
145994
241769
304830
631734
223283
632464
132735
79902
64373
202874
264335
622325
537825
42600
485422
126464
168922
78323
219018
629392
188747
674082
47166
45647
160954
184547
273407
330967
363873
334264
169890
387246
137855
288381
211099
294332
193317
183227
103406
568752
514231
126368
407820
94208
42127
228157
205740
43632
84606
81057
551123
464013
144938
269626
77834
163403
373022
262806
81131
58823
45381
410727
341990
299741
145889
57612
67764
468108
389549
148555
148897
284566
232288
207403
58842
40777
322386
615462
709489
675820
278109
56687
53031
64015
117613
150176
142298
156846
40060
401479
51976
229243
32689
49439
786128
791231
108189
73862
269824
128918
45506
40483
640777
341078
713473
146873
38194
265997
33624
190007
98327
135186
54115
166994
121402
328207
346895
144635
269499
214251
835746
581309
94069
31640
125522
115065
38513
171405
248256
238452
276414
110166
46911
154127
111302
479356
91871
429801
71829
159861
40592
99560
348545
99368
65246
424377
77499
200725
46326
192777
213733
232698
224974
158773
35227
173895
78584
100886
113171
74527
96318
59878
78894
183892
204857
90656
373707
131364
41833
607624
396242
739745
105757
95680
55773
38929
389375
148430
347704
92510
173768
125120
165682
118382
37782
146224
115204
218793
193556
314381
262456
362850
266738
276005
35767
195079
200749
169684
170556
183265
130210
134395
160668
237757
38357
38232
106078
88119
42509
139312
920531
311156
114887
1060889
149470
39361
385815
102723
298857
323728
300551
294816
94719
25098
90663
245392
49983
171185
362456
275138
173984
147343
45636
123356
146131
98719
423791
296252
416724
32765
145638
1035272
158922
44149
943089
349848
305131
202834
213246
354353
238657
60963
68802
84350
82402
232500
168245
350454
426394
303690
246100
144714
151811
407260
354969
187227
242552
296205
222578
126183
318701
58902
232138
94536
218397
116554
84009
25690
32031
108475
93142
109409
533477
492075
197666
43986
177430
85603
241350
122645
79755
211824
159003
68296
66108
31796
68812
396320
195016
33796
395811
108072
83352
214531
302089
78088
61939
398792
284144
230935
232782
194868
274230
412774
344233
235932
41680
106263
70044
290162
275280
56649
86636
161591
113035
72188
160004
127041
50425
174703
93702
60941
119962
91571
348732
507025
278126
90096
428515
60288
45735
211034
191279
282432
58036
43148
290733
415535
194522
247313
216815
400047
201511
421324
71148
83119
107051
272135
289358
473567
367620
276903
71078
68112
232923
317803
51021
60335
433832
420244
432938
533740
587735
61838
101729
41387
717585
46331
406290
107942
104896
87856
75751
217004
36726
108249
238112
132659
370933
260970
364164
305659
267116
328018
51334
61298
66423
31996
357256
46214
361696
197163
254031
55716
256851
340774
275784
155439
102004
383049
75091
88836
180974
41351
236047
117408
62475
205728
130447
207495
113045
116905
130107
277151
93355
280084
295006
250251
84771
213480
69469
241907
99806
121901
184047
95583
83073
262945
188394
117497
122120
135044
137034
358935
283148
158803
198663
247213
107477
91834
258729
279462
242662
53695
65184
303836
197133
201327
153570
61970
25959
117463
135257
42822
260139
189701
159646
286795
567562
1004129
797163
822819
410340
394666
138460
204314
283692
492478
175492
201045
846048
250253
125532
57776
74772
51327
815291
106458
55779
511145
164927
112145
96177
463651
395764
477450
147932
65317
190136
252643
303370
369875
127913
265043
112440
29773
170347
129831
91116
102425
134488
41470
95023
61333
294129
186542
417044
288809
189162
363072
229272
262306
193945
110574
112121
396282
93848
232506
97678
243558
163609
121234
138777
100079
42563
293019
82831
224049
632424
157965
54290
47342
539792
229398
291868
38864
285535
132445
27147
186066
214020
214488
270266
200784
126159
206018
77870
102528
103645
185368
105314
225055
102041
114708
78321
47167
91500
323226
583227
118045
62422
60237
59731
798954
183057
42163
569426
250459
523383
242548
376113
49786
52401
114122
160629
104934
591499
86603
42011
127611
46264
813713
319482
166391
85579
168247
172114
117696
140360
207356
58182
47377
147222
476458
530273
282798
449621
221601
61211
43027
53086
62483
49198
419617
234429
201949
276404
309274
252334
226162
197498
199681
176819
110205
51351
82993
181800
38420
302256
168051
334736
85362
392665
368530
347327
109568
124739
383246
546442
205341
97230
117087
431305
111198
103802
164538
57730
165159
193422
265216
223680
66433
21518
199042
151717
106036
164351
157735
316877
139593
251647
312990
207698
48357
225977
243397
140907
245386
138315
76878
47111
105181
401462
420073
140285
42664
47521
52903
93387
358841
234751
445135
228972
122892
40839
134614
71746
73742
124517
182030
236523
343504
264272
234055
327214
331961
54111
536581
368399
351731
80211
442935
490515
305507
281923
90495
104998
144608
39383
341755
265524
54381
147244
383107
580154
616965
377704
249886
206844
222958
111044
137888
340666
259841
427032
493992
330386
41120
334260
187893
71194
35749
63119
167801
68429
184989
33984
503995
420603
247666
111870
120450
133129
166104
137698
196335
73597
43354
75366
168153
438108
147458
527248
213628
150620
31998
138344
79925
73910
197544
219258
380876
226656
262012
264826
142408
426569
341096
195909
167080
244829
143982
309595
488764
70917
115465
458036
322537
189051
46987
124886
312116
97896
255288
112610
104832
189661
268714
182785
104520
41257
26703
42086
215829
180204
73598
259529
313294
396608
128622
263693
61438
81321
526682
68598
171674
68766
582131
225148
74751
33749
135091
28293
96375
94488
392639
64858
544575
305806
380684
163723
67842
301839
32635
150320
44288
128946
93697
50763
118082
113052
1207819
83024
178608
94814
45550
29305
1396992
211493
572841
274675
160455
112042
230621
189703
387987
573758
