42917
43299
28520
26011
18681
16450
17263
14360
18663
18691
14562
15435
12694
19232
14062
14811
12635
16296
16717
13461
17303
13541
20125
12910
22144
24683
16116
14489
14279
16325
19901
16269
16428
16011
15667
19417
15887
12767
15933
13680
18280
12260
14354
14172
18231
25190
14321
18660
15204
15337
30503
12948
15517
15603
15462
18502
20117
12097
13388
14960
12655
14769
14558
19196
15001
12191
21691
17974
22223
22036
18320
28879
20755
17695
20999
16352
19404
31464
11548
18758
23945
14824
30314
21327
17712
16995
32875
12600
39092
16389
12745
15395
15840
13805
26770
15801
26762
15080
15375
19085
13654
20128
17199
12405
11164
19062
16479
22525
16039
12054
15777
12528
17300
16693
17276
16827
11459
17078
17673
12806
17509
14296
18181
17174
14572
12732
15364
16446
15861
10953
10743
22184
23466
13232
17304
15504
15664
14771
12994
14192
13038
11734
12188
25343
14625
17549
16334
30636
15085
11650
20374
11551
15500
13324
14844
22292
228298
188083
21084
11835
19086
15391
18226
14760
12969
18603
13434
13756
22149
13797
14661
16985
15844
18444
18043
12872
14841
15406
22218
12330
15492
12683
13366
14442
12386
12035
13587
16818
11408
20093
15744
16812
12807
11445
15988
14779
13784
17305
17973
15852
14960
11881
15803
13716
15820
14844
34290
24124
11919
13601
17086
17640
12358
16430
22159
14826
15588
17603
14207
15119
18986
13647
16772
11713
21118
17911
15368
15256
19835
16169
19189
20964
15399
15408
14049
20025
13310
13654
15687
16334
13836
16465
16244
14841
35137
19997
19693
18709
13753
16445
15887
13422
15965
16955
12497
12993
14240
14275
20590
22369
11397
16515
14006
13802
12205
14253
18342
16694
13070
14178
14608
12218
14422
17873
12003
13463
15859
15666
13253
15809
39064
15304
14913
16569
11863
14713
13358
10296
11230
14080
15250
17837
16515
16642
13322
13246
14102
15360
13511
13705
12475
14525
14625
17235
14795
18986
12199
16964
37423
22427
18891
12123
12886
15584
15095
20025
15724
20146
16420
10227
20775
18442
10920
15743
21908
18864
16468
15921
17702
16636
18077
16407
13884
19579
12287
12814
25040
26589
15224
16241
13129
18187
21549
15000
15952
13510
14312
11502
18808
12793
18780
16267
15974
18119
12701
12652
14922
14794
17735
22753
19213
25891
14848
14975
15040
16655
20488
16100
15866
15250
30830
20849
477638
1660496
1069949
454562
1512127
2153842
1035342
165392
213568
581530
34831
76225
737091
966300
48438
137388
39774
107491
531819
931484
590014
714375
956245
160694
329561
346608
217474
467811
817102
1022152
182108
274449
38737
118464
482861
387589
858674
335519
488278
750625
1004063
279420
2102556
706925
191364
396221
272049
45261
377760
408558
620457
100784
40515
79718
162728
401407
280539
222385
177072
235077
217671
808806
667798
83184
142076
479618
696121
310164
539598
187180
663721
112189
293615
253994
190546
178758
94945
105645
798489
229413
122140
69155
728334
1441321
424109
415933
938845
927267
386770
63165
172525
314520
1088864
574332
126274
301098
496084
75945
507245
824015
101596
193159
709605
79974
650778
321831
98711
2363851
174799
435654
760301
189546
329602
262658
157950
342798
198780
681664
436860
621480
372882
961190
1208752
77147
165616
344822
113204
403445
233846
73466
924353
383856
746409
28974
33744
269279
990154
369226
1186946
630985
707071
331848
371164
93845
106820
174038
32405
318323
652856
42009
47639
440419
50034
44600
918577
981262
205492
680050
134279
146301
435286
255327
173706
199521
1367436
60791
421245
104373
507836
142251
1921640
193651
776549
258716
2016540
757429
79113
63425
887738
398424
424708
683732
275996
419120
162773
187706
277482
327449
467122
195558
1623221
809378
113923
1510327
128574
270298
835329
278134
259771
59031
583278
83487
371415
599206
48408
196766
543902
966813
334822
188195
43267
503330
116768
197134
276491
76264
135681
267095
939590
157356
223775
1273332
93943
283329
726850
576004
1960934
139525
892402
647756
200962
116029
73553
491387
469773
399938
390428
800428
759491
487463
550691
190850
310329
162884
1397180
225902
350346
555937
239897
184548
73610
316948
28927
463213
574980
669964
838906
799405
1142122
116607
370220
792169
133817
143438
92613
98008
389436
44334
1354304
453178
54875
288301
246482
454319
861390
463911
64554
55210
897139
179609
311872
104907
428083
152570
255465
339658
248172
156750
620054
141103
1267954
1240449
742416
197105
134352
264712
538676
192946
143290
655128
1007504
392104
238104
133786
347281
2463589
106093
245144
403487
1176286
1368101
460540
386862
152151
383953
154868
289105
1560716
305296
43546
557694
317030
221003
42699
28281
1003912
450972
665845
214799
240839
633062
23093
1153313
289678
1419205
514535
1244472
244882
218225
1210776
302726
628963
94983
431347
1403853
266343
265971
795163
300503
165330
203925
1204485
140049
133924
315891
800195
39287
546627
641127
37881
107205
482837
112384
554844
174991
239218
428020
291286
30336
180415
601709
1689845
118972
706801
199469
1198621
55302
502853
71036
51276
472810
129277
568781
236598
90450
728853
117912
197247
611291
200328
373515
86702
323627
88615
1241041
124834
266866
309413
637309
1018779
539233
470689
142895
46801
52123
1434115
1295967
403816
168804
979230
90701
57852
782805
639665
986356
58723
789326
750280
73934
36599
130214
35965
355790
354483
68085
459476
706576
182487
41023
186772
1136204
59058
227557
162675
103305
81108
81005
320708
88728
508819
194097
125228
376082
918510
867671
180943
734542
42041
475163
61746
32520
594427
24585
328274
766916
135497
89130
341954
68235
203766
32966
132262
33809
949588
601986
69071
1256167
272678
325932
580082
1411567
501297
824530
1355804
52902
198226
36779
59334
62496
570295
786840
630312
881340
173585
321200
199532
87409
94571
49659
450659
73319
106197
104321
65133
140986
147659
210327
87404
109461
959061
82406
233449
183229
687802
376473
527631
2401652
721644
65484
202801
129572
797505
506889
523595
659316
248733
326586
73564
386643
946042
99025
221676
191833
124835
168528
333004
832699
100749
50236
248309
475442
866190
249026
456879
1263633
92760
779122
281969
1621889
223840
115985
89866
131297
376299
37548
37000
153977
310423
453912
259687
54013
1687435
380729
1128635
1033503
752706
42566
291623
142043
119112
177198
903369
86772
396516
343555
37372
590165
963466
31405
725498
573895
103099
711750
1137714
543289
57265
80655
249621
739549
218503
423172
394720
384376
1231695
209418
113889
1876698
281580
666701
77114
594117
190019
509925
667004
237719
61602
1116339
32916
1065063
83621
177100
758503
133968
845699
34205
681200
94173
589206
188239
371276
748159
277217
598290
180144
292434
353714
700881
95241
59044
491794
1186919
1214211
241883
63426
179740
589709
89707
267553
857973
223372
198486
957677
768502
340018
1013779
91606
156500
290308
274681
98461
829478
189164
131669
153445
1600191
448133
222095
233097
497760
259859
215278
460362
285246
248069
505110
1214593
51836
49012
429362
297961
168709
246561
81799
349575
135299
58221
742398
147145
294893
499819
519486
269961
105683
56904
282130
205478
778640
101931
853637
234566
702186
346841
1123374
929149
131470
89841
297238
54661
498636
350965
35512
1078023
810782
1385038
101808
96034
49051
161980
305389
804066
270583
176911
681574
551098
203345
264806
243558
711329
757550
375663
498391
279517
524355
242510
110834
296485
32355
954775
118610
473092
23209
27558
377882
743473
195844
253548
150337
136991
408642
638535
135506
130184
275500
768780
460360
74175
1119933
127669
1385019
736699
35288
1117696
307635
556493
298289
926217
616539
240980
886294
448321
83625
118836
49320
245846
232695
256836
554955
306339
492450
76917
85359
43206
39121
112690
1403321
246509
238348
50799
181422
170178
308685
529011
66355
392005
1266173
571479
247113
126961
446030
88011
74863
361253
1153973
411655
187641
190200
292987
54878
85579
171729
1034071
62167
179328
940435
590418
258408
784188
346887
405492
116398
361182
47481
110260
195685
332442
3147263
1401291
519882
708599
158620
298795
749783
337561
311875
58682
182767
177321
242328
386117
415136
423297
177673
867097
237155
183020
333816
268687
175540
50569
415443
43897
357341
720775
201350
196495
150992
35306
508342
580466
63907
75975
126908
406191
1346716
35316
229613
653517
198303
438761
1346396
101825
31341
361642
313778
1060123
165885
55484
134070
1538865
268264
49830
193635
565480
1054729
282030
1173203
104971
350395
135677
259701
138303
928734
196682
351552
965137
482858
52634
85167
129994
26433
112373
45694
505240
88569
321908
35905
44356
529531
69633
1032776
111642
741533
449924
516833
396659
265673
104966
197342
387964
512740
153534
136596
1329233
1248640
656414
727519
65000
257507
73536
527402
626368
307465
32601
389785
44954
941952
540740
1416636
133861
727695
30076
700067
249572
487099
341551
90718
177777
531272
211230
111008
44540
46525
357035
334846
215160
324930
669877
425245
266715
1434555
938299
243628
391231
415410
308810
1458781
94363
892821
222734
459029
907877
257560
304870
202819
83373
32409
614837
767125
132664
245521
387336
228481
255994
946506
236502
730504
76038
68567
307330
1906226
35194
45505
428559
422733
1749591
441624
898654
431499
441824
73635
1194790
159290
401531
991113
170813
100551
426044
731823
38814
1117204
433401
538887
475000
300392
279572
788784
184785
107331
1175829
215074
42089
595335
517853
427449
297743
93748
1843769
1589552
512799
599209
1226002
350491
315753
31266
764392
36118
66803
498111
618512
504140
324352
715971
56820
935832
1349942
409619
297088
401335
480133
214133
90359
253434
269939
583964
1886883
332943
86710
363051
728798
546291
2135493
227433
25759
984679
243092
208815
535632
628090
607240
250895
395567
38644
1695621
601788
100074
67668
229832
453579
56089
64104
126997
712354
32226
730142
302311
1272106
562343
292134
33620
144524
700929
1404792
29405
36666
96324
183700
467870
159691
609337
163929
161535
245043
510275
60974
234937
388381
666875
56984
182444
472683
619616
38619
128669
136987
121392
317541
45206
992154
1436577
460405
246891
173444
120927
37637
142543
679070
299852
321286
1105105
111515
107087
725287
199439
37982
238459
1964367
231840
265859
144957
96553
629974
244196
1150899
92315
398229
1729302
518179
72730
109414
715445
349618
462360
54395
70943
446043
313409
197174
271094
551034
1514735
224335
167922
291793
27004
257017
586782
95853
374033
52958
442576
145707
534463
270914
929983
180961
269802
1740404
227260
128360
985188
129387
190993
239640
78234
485359
91428
782148
215742
266875
230040
174553
233608
1480080
455808
788625
214994
577872
2865367
102923
232127
241561
212537
203837
227077
248420
105846
97751
56059
61683
626960
75217
583867
197555
816371
107698
233974
88277
270365
231597
392580
990400
925052
152266
94890
31796
64616
52795
38943
1612773
127480
319407
82207
178443
275088
128993
94233
76796
1026136
193890
478438
242512
202895
317690
302673
495602
680811
45214
162481
219526
189312
297626
722073
191018
313942
271893
92634
375206
551243
284712
235669
147056
808775
53474
289140
195606
615302
212601
235140
1141560
1171799
1482382
231037
74431
718958
287766
1121134
526750
1322680
958284
44438
40123
75095
262092
273992
948867
333235
254101
286214
512796
334458
1001403
514747
634221
266780
1308995
150437
168134
1460429
827125
543351
873860
2669360
1307407
161154
1734397
163482
409631
290214
795569
77547
120051
590171
335874
1013606
265785
371670
193314
344258
306647
854632
314854
1275563
731265
476852
278695
162131
87859
135899
718553
274321
810097
652211
166226
195659
99427
490992
146546
318151
206329
527961
546074
666671
322687
708075
324288
172543
23207
30473
446969
468701
1410489
714349
338214
62308
194866
462381
1080031
74853
212904
885264
993072
374528
370435
170276
732137
123147
863304
485218
394770
298726
49555
90431
39599
370340
445471
36310
18071
343769
543400
60506
112959
938990
435626
34098
1226815
366228
172123
378346
143834
722152
260155
233241
784471
92763
83498
62581
129797
31178
106655
1019528
48133
301213
120098
746840
544584
384304
1474088
203958
853905
91521
591103
758650
199153
386961
1021785
162953
320502
1092530
105554
245383
455701
614894
138286
75621
50259
38699
568428
318085
257212
908960
636393
118052
264512
323250
318003
68746
281593
697918
878444
221238
1038813
130901
248431
156615
1173106
1203450
280914
97025
800725
468848
167529
908025
34603
157643
173625
326964
403829
114546
447744
480884
127651
371187
269947
80929
380257
1080267
36593
415078
551023
141974
363842
85496
84452
198118
859566
176962
191317
55974
641611
331195
72797
1004936
869046
538117
437621
399200
590158
1762165
589119
148121
160720
742151
865697
37400
268894
1173894
1526384
647101
344451
324644
339047
341571
449849
189759
30186
984108
589141
1113544
49078
43866
177027
36202
42152
383072
522631
146794
793918
128769
59545
530439
883461
747059
107219
713644
558469
1718578
120605
521624
420728
1473893
191275
594803
396308
128669
269752
44594
318094
79977
602621
630153
945918
67637
125188
905139
384049
278997
161167
773660
280817
511838
85656
278050
169833
252588
1152223
269092
224832
328587
476604
28358
662777
276018
117448
52897
467896
250417
418403
28854
535927
627657
447878
394938
115404
309211
759678
293320
365418
579168
384431
735622
283717
239228
321208
425862
574924
658716
824591
132866
114573
84950
2307644
344619
216562
220636
242563
193859
639674
1796761
123752
339098
332680
304340
200789
489964
483552
122928
1196483
56820
515351
247934
190292
524232
190365
831202
516855
136407
125315
846452
344889
45630
280652
186477
455629
96735
39093
567776
235651
339744
136397
572527
625974
496399
21744
288373
627678
66870
165824
563526
139426
389617
444879
374543
623360
152041
104668
392302
713932
972029
458893
25362
232856
549419
363902
1084360
244169
357391
818597
1713358
82044
973101
543163
177482
182349
309633
258552
148159
68962
518395
329758
1187684
769590
103752
928957
1858585
57095
1447521
803517
665788
562462
369141
1423160
29168
274579
756785
125586
86012
671691
341209
1235422
57905
790079
2327635
758318
104270
234674
84962
448674
169516
124371
340548
1623036
107057
231062
299861
229530
406531
378825
461153
410983
194557
292409
282210
115942
59493
192883
113361
140516
429241
426146
137687
356044
31193
846976
102262
909089
188647
68024
193647
807218
584692
813891
61046
113568
196446
167182
268135
515284
788776
257553
143914
382306
241984
390447
220713
682141
551846
646550
145691
795978
239464
211761
574838
504974
207878
161085
1393915
454078
453216
407140
120111
93143
61746
517536
156980
726935
407396
158943
194592
212505
89092
72044
32549
29360
441829
561836
426719
39856
405865
943139
443412
478309
787024
341622
311936
206622
640387
424703
142013
436323
401070
240982
61569
46955
468583
363320
187474
2793159
22903
597195
139650
237757
610094
29149
304848
351299
860740
182414
206611
485451
465275
1054581
388058
474007
1957373
610071
1008087
203836
44987
619160
242956
878399
360622
327007
522265
406214
222618
704891
407063
100749
208340
26199
525963
181618
133425
278002
1166583
222022
377546
605201
535798
337397
58371
485048
353245
528353
335060
248385
237713
411902
454714
809117
295658
72244
249847
739517
447732
727824
518154
944740
160027
361680
1018955
1561580
63296
426424
339829
413804
250491
41793
65133
474720
136914
30601
750554
315834
36199
173311
586861
339878
835353
1259679
131040
34574
55914
366739
74042
137771
373095
161319
160878
119752
783602
169907
45405
900926
277845
185359
226703
855893
48665
31199
42243
96013
92548
769556
942763
1200370
463778
676059
910873
70073
826954
222969
54400
139064
81108
101915
265852
634200
64311
867315
138104
331490
984540
174632
435364
116974
110932
62881
161488
237517
829291
36193
402312
181219
443405
266363
53901
621605
310389
37233
402364
773345
541882
156143
37245
535727
190186
183628
981675
618914
805235
104358
482564
125472
172178
866306
154446
398401
76229
178206
161045
411616
694157
36660
221717
147663
82783
1007574
280545
35645
325604
453118
86281
80506
407627
278726
211805
227601
390112
125127
608694
349288
535493
430917
504549
293418
62209
102272
98495
568307
973495
192384
364913
1495595
934303
74940
242209
534028
32137
44892
307938
205921
394404
859933
1948266
634467
55800
1166886
852130
123032
282452
112833
627260
62026
58578
442905
268923
1058000
440000
1557673
38752
752822
529129
563809
103752
302557
31605
615044
115257
720854
367070
239560
809376
329691
949707
160962
494330
572588
512891
560414
86346
282090
37994
1355030
219468
1504564
104833
530295
1224245
250802
813021
87541
87895
216358
177581
787191
999277
37641
98731
592824
506387
107383
209657
301870
50168
483211
298732
126703
73989
454590
443174
134430
119220
469491
1032137
881350
1272301
932710
248371
1778319
263501
285249
32697
884534
89249
1260353
199260
217223
109580
322035
415932
232831
594886
935034
682815
59861
160716
511786
156244
75619
121644
2025595
223753
203568
613239
249312
120825
608854
441887
404906
200433
191367
135496
78891
264013
459103
789001
105837
620335
227873
205526
511290
565478
252669
638500
505218
259296
122787
129511
783860
206752
46117
119664
368133
125772
450762
828064
2833479
1675567
467761
227496
1539004
136454
477177
70746
131548
30277
1821943
197216
317404
403070
260372
540802
299914
248919
29907
787112
860995
249599
492579
749721
369700
397533
183581
406353
1105235
90054
56674
165450
471621
579921
351626
73826
174759
283107
42789
799891
187236
237633
35991
156231
77234
350758
222764
510121
1073113
91685
31520
325102
1635402
390585
26727
1836029
62483
352435
74537
286988
389649
43811
752516
435966
95663
772834
344092
295780
1993489
81238
454520
1077267
175867
505342
107747
70922
298091
124389
249208
109092
468643
208234
348154
368298
56361
724561
1002773
130923
342168
535494
34280
170611
239657
244267
342343
122264
262390
715997
442283
421021
1040228
1426228
291872
415004
228658
561047
319220
668661
187447
294720
415323
141181
47143
342955
221524
470521
88640
615876
656328
91205
350914
312479
239010
866319
512176
363679
179066
53313
586594
589652
393788
45245
81748
349743
273514
373294
176490
182861
69815
138412
155569
35333
374386
604070
778308
182396
54199
230423
533914
87902
793045
945190
474344
253321
79385
540559
451774
1202417
133174
521641
201220
305658
136768
2433379
403373
86861
58164
89537
63651
250033
569491
439912
626847
308518
43896
784618
1061272
54748
587266
189372
177828
619665
353754
246111
910453
43237
294245
754658
181454
157313
797484
1072319
1649100
738202
493212
90876
712967
279145
37527
1120828
709068
596907
809012
60082
74732
321281
489964
113296
264879
201735
941500
80245
264765
889528
294984
188204
38162
704020
102772
691727
963961
1325794
1017113
668459
94473
627285
1017393
579189
494627
680522
483858
372708
61611
973634
233889
634287
385893
296660
585070
66975
682588
58057
73640
56888
1119789
442218
1329870
37444
1006118
345256
301845
524467
557358
717395
45837
166623
266697
1410726
504056
992027
92999
212689
72586
720320
555127
507085
170208
136836
1069324
161541
560319
747103
367938
187322
63742
479200
106144
120594
300557
213780
415995
906624
24197
345546
211494
213236
48236
120884
681319
157737
31664
311145
567055
185804
399821
35139
1153320
481795
1060111
1020851
661395
497685
162148
788148
914965
377143
663410
233290
1011839
24197
391077
186985
1130480
119276
38808
484617
291256
38751
93906
337303
106647
1062736
387181
63720
1995370
972053
1166893
844598
44074
669002
80943
53812
30091
32239
180436
432769
217403
196824
163294
209731
881594
65478
367142
39701
257030
370687
253294
613270
378285
155943
569306
619757
278760
239923
299432
338791
756973
316780
104338
1090163
119810
767254
630211
452014
715840
610818
1272177
341834
746726
139345
1327965
35036
699775
183949
116321
68903
343095
107064
921061
1257810
459110
246202
115555
555345
111686
35839
1085169
774938
201375
2257185
128170
1063016
412255
763163
435136
715081
498330
51212
790464
331709
575535
610778
454862
111488
154832
215723
297816
47375
731164
81986
47425
37758
126383
151907
270899
599972
327705
632224
395488
619743
211039
321928
341901
463822
95181
280751
416635
176550
329743
413337
629469
198517
38184
89965
532023
65270
150526
171956
1199372
705184
504649
42231
216533
113045
97459
250417
811324
222373
117694
466092
574564
775783
35815
942424
141773
178602
577289
248387
203063
177765
103744
657604
218517
173361
512675
119591
68889
150486
38945
255697
414882
656194
319469
324482
604076
817591
1350035
262619
933040
278629
605675
485944
23514
203665
505750
1017444
246711
322297
604283
1277691
750991
209852
64989
79375
410107
175856
403748
115486
1028800
35236
198037
266749
246880
89637
959583
323048
284480
259036
148247
241312
140920
215072
690320
97007
709230
1345373
140242
386894
839397
1292064
621124
262310
453258
535843
268707
416806
93891
279344
504343
922403
51062
198448
455969
341010
611794
812084
142649
235823
482388
202589
73195
981628
1012051
947401
149594
464147
40310
442982
663119
223209
443779
61563
59146
617649
369613
1592358
325965
326027
73687
1164031
117051
777229
106784
101128
104281
187252
52975
237958
111359
315994
711433
227704
75507
76245
843886
744876
34117
470478
305992
439580
113761
733170
258145
448987
470633
300995
434422
478197
255900
150493
1074347
37198
153387
76758
506289
427561
33036
329845
266263
732658
493150
221869
96971
266254
458417
872329
342076
127113
229195
214327
502209
240184
60785
515228
760577
53093
147890
689449
82553
521103
210037
149808
189131
385623
260379
325124
114694
260001
125531
384423
755815
439095
259657
1038936
219699
139321
524300
132778
158741
445219
203745
227162
210122
204386
590436
110154
248474
257325
145359
219159
106689
90713
1594599
195206
781347
609452
606592
94979
105177
703135
35243
280056
851979
313396
82114
940189
1067869
205300
120713
28060
434654
38342
524413
502236
1350020
939044
92602
462486
1279373
775700
225818
505158
1559954
175898
822746
27391
1022320
56566
974264
613064
628420
145520
595764
1241608
286165
645387
247026
502398
559474
71119
975690
271850
147765
489556
563797
54560
798383
654679
147662
41742
987451
248309
510648
327058
220488
166088
1433900
399063
273335
206580
295305
356981
2222116
324035
722129
185768
611305
37211
300170
515627
1275323
205897
565922
507398
356936
693278
98889
762598
32631
776015
1122417
163466
237271
329977
78907
185185
1853724
519838
564032
997321
86345
531785
448477
375756
443400
2029622
559341
302952
214916
420238
329300
230286
89397
28179
2050602
177353
410670
176254
1480738
87467
218640
463933
945860
587299
210322
401650
201544
556823
306741
208756
1035953
187439
315804
704399
62709
131737
1507559
669468
345632
168881
363306
103105
512152
109005
612068
342864
874872
114993
821362
519988
477805
85827
56169
63628
458881
35551
39102
518391
551953
103411
795300
54827
309504
210636
492284
608842
1101913
433300
110153
545372
235224
44195
347028
86290
46199
526692
66070
721186
466814
218763
409759
278590
534187
103455
595418
102834
238500
332946
653622
308514
731941
153929
536875
1124815
576557
40690
38708
227724
666283
113156
625754
216568
306591
163496
130703
51846
171259
658378
97091
304512
924978
611621
314116
1011697
171600
245901
577494
559368
906184
625165
106469
490762
1564801
145987
80928
1218844
102911
1005573
86470
165040
47442
153748
434632
193242
236168
113930
115155
656545
286956
979168
741765
750434
794485
189953
933481
400107
138193
92220
379695
903588
147699
374409
28758
414398
237729
583915
279340
326339
919974
203074
256470
432837
45506
133239
485127
408836
399002
29779
1186107
36823
534946
1322615
354892
37249
1101235
384059
908474
475031
382019
154201
412744
263413
492407
57597
343091
374601
85876
749163
726706
296439
958675
636767
165067
596155
79846
490131
180626
133827
171035
59397
412751
51166
65918
77575
229294
41241
555619
115355
545175
104488
329883
415616
104045
411084
817182
84220
195150
452473
340795
411711
704090
1615363
123764
837922
57588
368494
1324927
277821
349859
314009
258840
75456
38003
579919
650857
199446
279759
192856
592836
251196
542505
213430
344909
36548
302049
322289
224998
1171677
408182
264599
1004385
23632
733826
221102
218744
79372
32471
114411
760007
31518
165471
33711
585322
341555
55597
436491
86510
63073
1325156
653885
264610
334370
287909
138004
1742019
382084
339699
436138
102351
463072
311563
87957
352840
345196
80344
916529
181888
308812
808761
433094
702292
393773
289838
870765
737744
736341
36231
234993
717916
364697
350339
363365
158551
247808
826021
484501
99972
428623
202130
347100
37793
87816
799915
1009749
281298
298161
95697
95514
278792
39501
1240031
47495
194831
355898
33774
272762
297645
133836
330006
482471
223707
789343
886703
847321
213082
341732
187278
868476
124886
1230648
56007
340539
492232
409220
2196806
46201
96517
325612
182477
402352
36450
652126
246003
78596
1332129
29464
103304
170669
320911
174527
836530
561288
41871
213472
35909
48684
443713
1688985
68881
718732
238064
379600
369610
52162
63468
61178
250213
252933
67961
58207
184337
1630961
273406
417233
372090
571018
47301
241835
622121
188311
593087
171446
540126
379250
76451
351491
358932
1226664
492727
1390836
840299
416069
945373
300922
174356
493802
70424
2628501
160009
369935
685938
344682
880485
36448
158764
1561483
51140
58242
596443
122383
283165
202222
114879
388857
123005
752702
82799
43441
575316
904865
223950
74125
616399
1278212
294580
424837
176980
129009
1660161
180571
286459
1665154
146777
390810
612042
227647
950806
881410
830600
671052
484873
28413
52213
68815
91770
196512
35941
476298
1468522
3391375
80947
527746
78654
506700
301659
210317
539125
428057
743125
487330
873245
2142072
41719
460349
792301
285365
632705
135841
406920
1309577
1226128
601069
1286146
257635
173020
88741
59227
74233
535551
194671
892566
407029
492173
209270
135713
328122
84413
108999
834586
1015634
960126
219732
312886
1307212
314891
293517
1508849
37116
566098
886768
1566808
34228
236285
541525
959735
95840
282171
43450
92032
552214
164102
195943
681736
651732
240475
278693
151513
165896
28436
663066
182672
152368
34080
280204
484446
100188
64769
198566
164883
202765
1459342
1171865
800532
1535065
62355
431437
504077
504983
410227
108377
98784
1234427
213583
249470
630429
259629
251428
359689
459708
558158
818315
1050604
82833
136885
1267904
527586
633015
239372
146719
256704
419423
1125451
84229
48274
57323
56895
96766
596927
1017602
53840
741203
263091
750682
160077
771508
208646
1190057
1307821
284845
40416
304099
887079
83949
311960
1422861
32271
326542
910373
280669
243949
82853
265297
59410
517267
82413
58051
448549
796211
357877
899696
634994
1127185
78952
237907
510926
329984
345059
34575
153266
36075
416083
137164
562198
198593
93174
385935
115542
123288
778002
2025217
71354
427210
953330
368811
481503
870938
71287
893245
973950
634762
189588
1267757
1222810
288952
29870
150618
224152
652324
325713
337107
330344
90127
799035
343890
122524
471342
921600
307033
51111
165386
259856
448587
501026
83104
520140
51889
72570
326421
59464
330972
244325
83766
443042
141163
114737
497918
180703
840498
360953
1491823
296216
77081
140179
398217
676056
223140
700353
1446168
521366
41607
607996
762732
180565
26519
1388170
190013
1181164
868577
41985
116277
495914
596132
71954
704407
242939
242864
142370
369050
104893
1192888
518338
113052
357148
407464
56227
125834
858384
161907
281953
204079
300715
274918
283810
206333
248303
1968390
604727
1412392
982507
489685
92014
628141
36328
33343
61034
384058
317974
285560
655166
178513
122896
447452
1535420
417750
715513
143249
932666
799489
213518
262788
441722
253536
289816
410537
522325
1707365
297563
1803278
148345
158311
555256
462208
85410
917141
731233
77395
164376
696877
308212
77679
786081
372027
351930
654712
310243
580740
47620
99712
196692
381555
288404
162454
575129
40073
235277
688438
929797
467327
969974
480513
394775
58442
149772
525415
37723
731429
224433
83030
165761
731810
225874
311482
296336
93908
305650
462297
105467
219580
434500
283972
316271
948619
412590
79290
291200
289282
304278
431744
809029
50401
70002
98667
750556
355571
625581
276862
35503
170924
475583
113543
207780
192117
285768
44654
806334
355541
241958
47700
808485
292532
646519
430985
202197
418675
74402
529290
141907
251435
433182
456971
217082
28646
1180737
289514
148232
175640
240867
89721
42334
663284
241785
662782
183927
337106
139158
47502
1134695
188195
377191
471468
896447
274016
51620
189877
281863
413692
65342
40645
160957
229676
114982
372398
393662
115275
168289
652027
30234
274806
1009412
29811
70450
195320
96296
439366
107875
133088
799879
157153
155322
1145942
308406
248534
445178
319473
72254
1318575
343934
289877
51151
368988
45477
161063
194939
332077
1255762
527723
1345861
379200
83484
165077
134292
800709
1605857
458838
248946
1741467
851776
265292
1434646
112828
352685
759775
433911
611195
652821
626189
233323
205346
44943
605960
867615
39540
118478
1133294
592406
1153177
1446805
302164
433139
192624
898255
551663
137204
594783
419422
286199
65802
98939
104125
62629
286390
260465
263602
843427
220840
155457
91579
457746
202225
233191
224559
348586
655205
536447
1076103
262048
1542798
329188
72428
133518
33227
259248
913744
513096
469548
679895
212045
391602
468131
230091
218757
1233879
266397
230778
463209
246452
82766
452533
1182894
212389
411837
1240619
376761
188642
630845
486406
1686698
469531
319864
453466
152717
248041
628139
207850
499922
183773
1269353
473092
75668
409688
65063
487038
37741
371288
405365
598687
184004
506651
660010
449060
188573
482589
171785
1211435
698454
562626
1292534
443950
495612
501768
191985
160468
504080
1079140
411957
75362
2804951
571743
821247
642274
895723
383982
589636
609629
94921
275147
229342
545707
30771
402738
720623
197029
67311
453497
655866
265617
337826
349422
254570
160739
38512
271075
465928
114015
77410
214218
1456070
648309
253776
539116
521129
281020
154586
725113
99981
278280
318139
132338
417871
151712
251408
58028
574292
270680
151553
511642
238859
791975
31875
210065
52540
223194
841398
831580
318786
92309
665547
145389
1626276
108090
88503
933866
2851662
290099
360915
536571
452905
87109
1588259
464165
491877
293972
309402
302788
388158
153637
373818
334890
115313
237114
1798597
152640
1142637
239513
239267
1082272
298774
26971
62413
883690
857072
176748
587678
112300
1217241
935811
296119
151323
562347
1407883
255923
111324
118818
363673
886459
1047879
345777
633491
338164
591180
459258
424575
81279
635287
1040484
266281
564830
472707
654201
114252
222819
536382
307153
71488
1209996
732460
279298
460415
