61074
62895
98613
84685
21106
25910
26259
31535
21943
19874
26850
22399
26353
31637
26113
16267
21530
30391
46040
17175
26771
19512
19064
26664
28160
38583
21637
20476
36735
26111
31837
23851
21871
67977
66227
63995
8614
22096
21146
18963
30912
22638
34701
30848
22623
20580
35282
34970
31054
31029
15456
53331
42631
49938
28046
26776
20669
22482
20225
18093
26180
19329
18347
66749
18703
29165
45469
57957
33233
19907
30395
7630
31939
21051
40351
25242
17292
24923
19218
17263
31401
21427
15372
25720
108894
18184
18890
20075
7977
29278
22294
16945
31395
16339
16049
84902
24474
77265
20277
25110
22460
38588
23196
19032
26694
9552
52690
32314
19375
22741
7935
17456
28827
8332
16941
18624
20388
20103
20182
18659
20852
18224
28239
19301
31578
20568
20839
23191
17608
26312
33349
20756
52907
21786
19028
34438
19452
20204
28316
20627
34804
27111
21307
29217
39797
21012
17694
22979
27696
23905
16067
16096
20350
26008
19555
24253
10435
8374
20807
28311
17107
33078
14128
16667
32435
28521
98815
45184
175109
26554
42396
6141
27239
328120
17265
238451
48447
32208
54429
81821
46144
28002
6938
24427
273556
55747
51042
25282
137081
41286
77310
134158
39407
23116
338732
26259
21787
26606
26257
19885
420400
23278
39075
129535
74169
128523
25772
87601
32742
28190
89920
326585
21718
32924
163991
20024
81533
43199
46101
25566
181817
21494
91599
75153
57885
71881
145323
22548
142297
31942
5336
279103
19166
15128
27264
209068
20089
75343
23678
18558
15513
12705
18692
30872
18227
705978
18652
93230
27916
99766
193679
85778
281039
183001
268624
24709
22453
84716
70448
18405
54355
33410
105973
51021
21704
72805
25877
46605
109866
83562
71167
34317
32971
117982
55033
147316
18955
18273
22826
284394
113162
46937
34152
139137
18064
19791
283731
18535
69068
17346
97878
45501
18818
29200
409626
219591
37693
50622
15441
232404
14253
16229
121647
36762
26522
15000
257643
28609
101071
23852
28363
124853
33620
17126
219577
77217
78215
17970
20770
408347
60025
153190
163894
97943
254892
21849
76519
93386
99829
59309
195840
24389
23147
240412
44617
19313
17722
26942
32590
583867
20533
132713
45835
100796
29983
17585
17094
124606
37217
10633
21296
23015
470473
75089
163973
95163
18835
22611
333542
96580
51694
127465
18151
17768
209112
101806
55931
22551
110265
111117
55201
21006
169690
150938
30108
78159
21145
11986
145724
13071
26608
16132
18598
228198
29923
157122
18735
19288
32005
18311
17968
44965
19330
353187
32551
14898
15793
26687
525215
18500
15832
367670
72079
94174
17583
17890
26040
344812
52766
77064
211564
250625
19618
26881
17793
33127
51493
260892
78010
23259
41500
166964
95932
28106
23865
13446
362044
110546
43732
63195
16522
18089
324770
18884
16685
26713
262545
19695
36178
23551
22126
29750
347510
110142
18217
257655
33681
85792
17821
25627
109701
54072
17285
47109
9533
219262
20684
16532
150862
28783
26618
115267
24237
74018
14771
287583
21835
25041
81473
78394
23851
18032
328822
21801
195733
28270
58964
167936
73159
26444
70237
22308
92682
21923
62041
43776
260277
28676
160326
21931
34182
16980
26862
16851
311614
22827
26273
154659
32102
47690
79523
18837
131186
28651
27786
230144
70157
115615
45873
20292
178078
17146
25850
36545
14261
18042
43028
17114
26894
5686
809414
57339
18980
165812
87007
32647
104162
76856
140041
82380
229109
25646
21302
419492
41406
79378
25121
53066
18062
31285
332682
24560
129159
19219
113073
21337
18397
414091
32390
7683
230344
149126
16988
240441
45253
17349
59190
20828
32668
18971
333032
250882
475861
20248
53141
26689
158959
38002
199718
38124
75423
15899
19671
692248
16148
14554
28465
16958
26797
315934
18675
252523
26332
114300
74202
25303
67340
15825
114611
123856
13617
9231
184504
83927
23735
19180
517844
64231
99718
109490
108564
43509
48974
141601
30024
19880
342619
19807
21875
37917
208326
162457
42586
221338
121054
58687
177187
31035
132784
28783
219259
18087
19385
124784
38423
35449
103689
19515
193470
18947
20516
489636
7247
20536
347619
63937
16704
18377
311390
25999
479655
17093
185878
14341
39198
16217
363163
20750
319683
61777
30046
18087
15978
202267
59811
92701
44412
22604
177675
170787
68189
27579
149018
17471
25068
445453
10978
25805
25580
12884
13020
324058
65481
27529
24231
154709
15027
17132
31757
688700
18017
14592
159885
23953
19302
33120
213884
151233
295632
52038
111969
59788
134783
85642
16959
21287
492754
19706
462454
71592
127054
16873
116458
54027
12779
14577
20517
30907
46610
371108
170119
27581
10100
28999
230481
46097
29914
20196
491902
196086
21468
17031
36402
425435
21230
230288
31277
163332
25462
38448
18511
290015
117922
74996
82076
20485
24867
19789
21470
284603
44212
204310
18043
27130
19150
180796
55255
29014
81451
90387
159651
104720
35393
74058
20139
218531
61679
253329
87988
17233
21054
183478
48950
37944
8298
17984
216696
89819
48469
20692
13254
21600
203236
80577
129922
47731
114910
40221
31974
19354
96978
26597
17937
358616
23261
181092
28579
37696
41937
497710
30983
19789
17343
340064
46415
47027
28544
15628
342886
34331
29287
263760
42810
44853
13527
63302
47842
11523
24831
170155
28165
16253
21829
15086
388918
33936
67280
41214
125170
49103
79490
135793
25383
36354
46377
177291
18205
27561
272600
25483
49497
46265
183807
92518
17064
16526
13598
15045
24269
589647
22241
7665
241645
171495
22894
128826
16636
12851
85778
27283
97155
14348
17424
25631
464928
39024
19091
23050
345614
17647
194928
17925
68228
104312
191261
26630
68817
18346
62007
42088
54196
18000
76823
103585
113231
113186
11138
256003
149952
22275
190225
20249
257499
87799
22365
60372
11607
198464
25676
240050
21183
7494
332133
53886
18589
27422
68090
68190
17989
79689
126687
41310
37656
18821
33477
316476
104693
22425
27323
174249
13847
32488
29794
17744
19325
6974
557495
59604
28632
15609
147043
16592
49213
14726
63400
81719
131355
169880
99846
45277
397362
19224
32759
19068
20264
268757
52018
27280
114412
17326
70975
52890
78950
149063
21051
29631
349892
60893
18494
208196
54249
18001
245971
16422
28805
200679
47760
56235
106654
91862
148076
18854
38317
21930
659427
19677
19188
220404
39157
69358
192389
16286
98648
56074
23774
374552
36895
18245
64920
22130
30741
20746
298979
47151
19871
22746
27866
212070
259924
17931
102262
113788
18248
141795
184467
20284
17445
16631
421447
27029
98641
38348
93273
23442
19693
306192
21034
90985
30178
14281
83364
7519
27943
17156
279287
134666
60552
31434
19293
102509
50798
20865
19256
14377
16547
23301
15665
558267
22471
19842
189075
29661
17161
171791
118135
84152
188451
30420
38658
42750
164965
67655
35896
15257
15879
18708
29345
265636
76164
78111
39626
203726
17179
16905
163232
30924
38642
119735
128779
829413
327670
46042
746019
178496
71690
97011
174128
143317
143829
136858
34619
169878
209789
171519
198977
147054
479944
346178
281063
434087
247644
364255
78725
98828
496930
322070
90232
262268
133728
217260
223277
104781
107988
333286
46978
271789
97308
893481
219541
877253
252809
269706
283342
127730
72325
384669
59580
519334
713480
389647
283167
121547
206498
418370
625368
342681
65366
91356
166945
1114818
1040885
858122
804907
568917
682367
689134
630618
554501
475559
110102
394424
264330
258172
256307
124989
279833
292255
271560
225748
181769
188183
42708
143528
529626
210062
509056
57017
169342
49187
41247
149300
471130
149360
455095
74670
171045
136606
53041
90240
361755
40295
70892
385571
211523
98577
584542
367199
262465
166596
141695
155300
180241
549171
430692
1071656
306364
190951
273508
569899
112699
21111
71377
481724
264007
135398
143818
198590
228213
41367
47167
261171
102086
162337
47823
375866
140007
324277
77418
70798
61436
36720
289729
272364
199681
173817
114095
86451
459394
194688
37028
181659
70111
77313
202626
206221
71348
470622
262185
41069
30949
334518
120102
247209
289988
241531
86240
374229
55436
65215
40053
59697
142026
180965
103885
35143
116152
78250
436532
363813
104923
527587
155291
322454
357668
414629
245016
192685
346397
65347
186052
46412
310539
179132
46012
426624
265953
374139
313314
150011
190848
139692
113106
54395
175416
167377
199910
60492
214668
240109
76424
292210
309126
432489
205122
207054
234339
43279
169000
185557
103421
110381
225693
81722
112414
49216
174554
328211
437703
305125
67161
122874
201440
253586
40855
408666
362198
123658
179638
188512
64279
50152
346111
65374
125167
84869
132045
159816
669906
466921
104114
102968
283862
267309
84486
62159
335858
98439
169801
372524
265128
88074
496108
48417
419857
375426
323228
81811
39299
219953
34769
274553
216395
232818
142888
438309
320211
263645
43715
121685
135214
170225
263509
39969
35383
112300
627911
534915
810145
168430
520393
147264
299501
145538
49614
148359
35494
251119
351717
343801
261453
164558
315258
255383
37542
414234
160633
172631
592427
360490
71396
272576
166499
88639
50540
302108
222439
295233
152504
296086
296548
495263
623722
502194
220197
200808
122948
425851
287161
130416
382027
114481
27236
290484
204421
184984
116253
132340
148836
182614
237738
124212
369369
463382
119150
634867
428501
176595
154199
86545
37959
102961
106480
202001
113950
42495
826721
779105
721229
546528
109113
621414
51662
101147
171667
148553
192844
212871
398642
353999
100249
176788
147644
31057
234777
208019
214378
50526
42108
242660
348938
254615
35943
318089
155556
317512
437407
613864
484389
33600
50101
61191
659901
170701
57950
75658
82270
90425
33382
608507
93488
153204
70763
676140
178687
52917
64286
53585
557986
35982
293694
343837
367115
180868
109043
65702
64853
37481
59932
387578
51606
51368
1228091
999477
255914
99015
75919
32610
103536
89886
362011
364564
222760
164742
414886
74476
533811
146089
511799
188481
48773
55446
129925
463218
160459
535353
114094
82116
251282
98490
251580
222046
194019
207773
103423
107153
30316
102543
138760
38807
547527
471740
188423
319144
434781
378534
84076
102455
291069
478247
341201
96773
392510
320497
273292
38157
522690
713439
165419
805939
280056
114614
70567
291494
76800
191726
218538
93904
80609
562881
108555
467860
105696
115935
77739
82122
66874
65435
218521
300485
319066
121076
175450
213506
747172
54694
184646
45309
55696
75410
672469
92035
584093
101864
182154
383648
418907
149341
410739
195010
58635
61111
336710
258956
208820
33015
84162
50786
265400
155279
79062
108492
38450
205835
49246
56377
64449
111596
865046
702032
126064
70038
215414
118843
100610
149673
577883
624518
171758
46638
863137
288453
119573
819688
507372
776233
405155
107987
166046
201862
188899
124868
341272
112947
75064
68813
158437
182691
240157
256431
159063
137359
451035
72686
255371
68738
275839
160594
150108
223098
184455
529184
911674
801798
432097
142209
445033
106605
64650
69041
208025
145430
119934
48127
384369
513526
273930
361768
142752
98154
126458
501360
302712
127110
732331
403066
256771
113551
110599
179557
252024
303989
289904
55161
81454
441465
44272
85105
401503
107888
73462
268025
153856
178607
248030
235284
127150
181384
201428
125097
162281
64118
310049
176783
58293
91022
483288
46557
52448
362094
138618
43755
78417
172954
476650
96806
400085
324699
339032
382083
101790
149903
78068
310254
303491
399542
157218
43902
35205
298787
132473
133480
636634
549840
338658
47560
52183
55401
42107
227910
171445
147492
186219
273718
188285
182194
143913
142984
129261
59713
171446
420732
356231
431228
37229
123866
153104
218639
322771
454534
422102
321995
230908
233429
215632
267906
212785
330230
497389
404556
456940
266938
68291
263530
88339
62189
61935
121162
66133
120659
110406
197644
78471
142041
298607
116740
304805
81040
88508
199526
137282
126377
183931
208075
396529
380363
167571
546427
472398
87988
33063
156822
49361
51456
664123
129703
84128
80782
434116
35718
217388
83194
81962
202143
352119
34953
43049
303447
295463
191915
61326
230068
125552
80896
162190
189628
320389
223931
179010
56142
481941
364185
85175
122699
103733
137578
133484
368136
192011
94726
525220
106814
47728
117402
64107
782618
477846
653864
139569
306606
191276
342062
62669
52707
462136
602360
627595
238827
272400
420804
49801
226130
49445
97764
391989
471951
504378
309460
228533
347992
160874
200410
361788
409657
70507
33261
848413
631738
265065
144217
222797
329534
345262
339121
147640
305743
33957
129960
79769
226765
331338
44935
51470
593089
138467
106322
783323
64635
111116
488221
413483
399174
293069
136433
257509
186768
112467
168852
31626
111499
46312
19758
281883
287340
71752
157984
34934
144848
208650
221030
176260
121309
50590
50479
147069
107066
53271
115790
115771
325221
288019
146081
206351
266531
142951
172902
79398
105766
224068
121923
295782
155967
200230
238058
577795
288647
604491
57395
49539
47162
132717
81466
402042
87219
101410
419300
72707
179062
218703
118982
115364
538508
91970
505445
210984
184334
144826
157951
412976
40269
113494
216234
228751
219730
289408
289277
108071
170084
47924
35917
205125
180539
39477
109177
199069
1404745
1218826
1073562
1018973
974738
933441
917504
874842
139397
813994
828102
706457
370395
100667
217153
61574
49242
240329
594603
603310
174977
40252
253803
294898
115009
155679
386198
582927
40776
850791
197906
830832
149239
120395
117088
183899
262213
124936
278263
55539
616238
453741
200054
322940
309652
248247
248781
190494
76023
505627
176136
231190
402470
408241
211390
134393
272830
323038
257322
263150
148387
57279
46871
126415
404743
637969
491755
309849
789071
105364
105406
213981
550489
92131
85074
138516
755856
645069
117470
117720
139982
61296
75598
67547
100864
153828
188980
192872
131902
35327
248374
334783
314427
102838
96199
92218
290564
208813
365101
324728
72902
86278
65528
128658
271363
281041
268299
71776
146776
72657
173175
219423
241290
271650
227270
57704
397135
242490
114611
215858
169371
81649
542048
328295
624773
51508
204684
75970
83632
37906
179267
255112
76885
77264
45204
39678
423854
290060
65721
96322
61984
41472
369104
838962
837786
39200
44320
707692
79216
113626
374557
168985
287873
166907
36855
128253
41447
226146
173958
376486
118008
193321
28956
66248
133713
216782
311928
88397
38126
410509
119340
126133
453598
168329
174823
86269
28825
272331
286825
67637
122727
327329
341593
113719
40236
42971
50777
60629
600402
407845
215550
134635
88273
89930
407171
149701
123977
309129
84003
52597
472575
144299
85652
409872
143079
44563
316316
106747
199979
243275
115674
394580
145408
166687
129413
288805
197674
123502
27515
374551
126087
60548
43244
91285
421862
338070
156350
292285
112636
39366
101963
396787
165376
466044
331900
283589
329808
142760
165802
133510
264211
278538
359677
154870
154946
525385
444269
154132
263787
238369
116548
199441
32062
67291
141203
105730
353177
39329
428302
111175
469998
84868
61776
110181
150415
194661
213829
332339
320054
84394
119561
146269
143140
497524
334562
572897
475487
470852
334386
96935
1057993
122173
62530
59555
257154
286475
262726
83748
70317
38035
53985
358925
402548
337832
128711
50216
339558
215599
432034
129560
332851
238673
191331
126050
79647
65347
56282
83964
159288
261262
197738
209615
231100
99115
480079
75742
152904
63239
30673
431476
243655
309092
55424
116482
78363
59855
130476
481142
170583
493572
148335
146897
66918
445059
528792
511421
40148
206393
658900
492349
294610
39122
52001
217584
201053
157784
71367
81550
105414
171044
250118
488585
549226
225768
103768
510533
96312
221471
271173
197369
58044
146443
32881
102490
178740
73145
30102
41195
216113
114547
240027
245284
284374
116733
48126
312402
427672
247644
414611
59432
58488
297810
375592
175724
509336
421998
462118
452195
165433
120144
503485
105374
368313
91697
185070
279666
166590
388892
203085
222657
539331
101361
171903
105666
702363
350444
137647
53434
114820
657326
654816
31017
870456
145516
396169
163458
121764
145285
355671
410501
233716
154383
176639
774232
294292
87023
294887
269801
284376
183294
113829
540088
171041
32577
81444
682615
253925
51091
567857
278685
63651
163399
561640
102965
415523
80296
122316
114160
189773
264050
120012
444769
468523
924193
177182
152350
58364
239161
103219
101416
88021
428083
38641
36593
53539
76365
584769
150999
394648
327918
185575
174029
138403
206475
229377
87954
58078
794382
155088
479883
267188
131317
53000
727719
298895
72177
175098
197526
200591
110884
97521
293313
335248
442720
341740
207032
41291
68981
98873
45038
433424
141378
57004
442228
161082
41232
58328
45366
79968
371657
272994
78694
143384
124721
98985
207818
137002
123223
75384
91603
128875
277028
102723
180179
134082
606281
580592
138554
128045
74185
144556
57655
49352
316856
314824
170615
200482
124351
43379
235349
67150
186602
115827
35911
87604
64961
310067
123038
312160
94510
216189
184309
268816
180629
131185
186259
96889
277547
306231
562141
141887
173174
141215
24093
149607
131994
40112
316047
256441
440962
236621
71118
142889
119299
53076
78720
134865
261543
225424
125410
142333
679295
39588
166426
355308
312345
182702
48687
33684
225383
208239
173458
122463
272320
302089
360544
58806
132896
86558
104934
50550
658332
93386
154912
890437
336445
150556
165169
167938
151885
98082
494563
116621
101325
109569
202275
285286
252755
114584
84215
167732
157060
61378
130141
154041
126003
91503
39530
238682
329721
243037
50175
408965
310944
140703
77478
52532
673582
216022
566191
140446
104156
73525
43556
137262
657181
212723
609764
106051
81528
141425
189909
106902
44841
327790
437450
461343
60461
195717
186688
245619
130050
202117
425619
54905
348373
226092
56423
182874
128467
76080
182556
114252
116753
61643
157157
228355
146316
168597
203061
186499
116064
39832
729739
695962
131133
371657
123104
44208
149068
223533
134298
100937
268496
65546
65305
1033480
936856
123422
386928
131362
132837
109362
104417
257686
314536
260987
380653
112241
37376
272481
175355
243229
346189
228287
362501
55833
63701
74405
188035
47581
187798
111025
78880
346878
260096
157498
308438
65376
308230
523192
47766
483281
87733
107084
70713
51149
37898
174298
341998
99601
218732
50051
661266
143002
658216
302118
197252
500062
504004
390379
290012
145797
228099
61919
198136
57026
37711
106032
47049
106478
76268
107383
55738
124363
136726
83293
246758
144490
54837
73070
123960
53245
69684
413701
51723
129266
506552
95588
301802
136722
69550
254220
288254
150549
65176
237267
75246
51153
41336
87352
95199
67507
95205
30479
67310
143954
155839
383254
33850
437051
358896
99475
123514
283450
62355
218580
163853
365412
100098
230117
113932
107749
206346
58476
246956
317244
192626
87811
65264
82550
524997
69014
355387
131316
349675
249151
341489
367295
266262
44721
495522
82728
71780
95318
742582
309123
111676
577563
278928
124998
248436
323443
392695
330415
34364
68753
98059
479626
381524
142704
200941
305103
233970
85383
64904
30216
88367
76262
195709
26518
161026
47914
69242
813907
64297
154655
97742
156354
1056630
34342
620367
252521
259186
63900
56989
64976
70420
74114
34561
139572
145644
197640
133203
127947
180091
202326
152002
225954
267078
388625
86032
246994
226531
148082
251530
41955
34427
132038
138963
481563
420866
174502
271139
157255
103691
458885
442922
321301
451474
54548
65032
240384
111466
578552
485778
82725
99140
68574
72672
275409
265332
32575
463102
507196
164025
56177
147234
50370
295785
403591
44408
60466
171391
619558
327685
314092
113828
49016
429379
73560
29155
495485
200679
47146
386265
187519
55420
46873
117573
419906
205477
182523
65557
215133
120505
355207
152681
416803
224237
102348
96796
34578
459355
113195
332808
67619
38763
71167
37797
47511
327544
284756
231028
206737
309861
135672
222228
193390
46613
88024
245230
86303
217643
100506
58470
216479
217541
91636
310210
110929
168267
82872
301130
267208
121084
123811
292211
331231
248114
42225
213767
217974
421808
285096
212372
224929
108281
157667
139746
551949
388723
335501
155599
539854
145167
334403
304670
210299
75370
633037
53725
588835
168580
162219
85991
161627
423663
325656
112919
234342
37506
49857
161451
247617
429576
500577
391096
313480
237880
152701
56217
118156
189273
328062
445707
128424
211022
778260
324948
605914
114584
217289
209655
160847
551284
572455
140860
202820
578065
305874
81000
154465
440175
318819
85428
301593
205690
82397
51476
57601
328187
264003
171672
46394
212545
153148
227819
95561
125614
33274
59632
129702
38047
88788
365647
510893
192196
164534
406436
67491
36695
240304
206797
158832
182011
609980
141643
36021
145502
936736
436267
86945
258581
104451
141116
130442
148316
279406
120367
391750
442193
419064
339311
130570
266348
113204
120807
247833
300152
276757
309772
255960
142423
72721
267493
91156
185142
27326
278090
416436
326697
258542
238271
603728
60230
58780
273278
167786
206782
189309
285059
189094
270765
277587
78403
233940
221302
307751
244063
150161
76963
178556
494116
75708
224691
485118
138328
429391
122279
196878
231177
234656
167346
159719
140560
169910
604745
601282
275100
725923
66300
451594
161453
276583
65052
109683
199630
185677
34292
93155
47138
460122
206890
509769
184167
426146
44021
30973
466864
291203
105462
73136
138093
883300
124870
50072
57799
193860
158248
88150
949959
573159
393623
436622
356809
227723
257611
95349
33599
82197
620804
524122
182200
533223
52250
132552
404843
159438
493567
350161
208633
354385
113748
351535
414206
310772
234443
125831
106857
54578
559935
82219
613972
231886
163576
120745
148226
570662
366360
96214
301667
123721
47263
86472
494641
359620
49080
615240
183798
84239
427681
270216
113157
64610
64278
40794
45222
301896
263389
69399
33122
184140
131016
142124
29945
884210
101534
286826
966857
42343
514899
321798
289249
293686
684234
345687
129382
88609
150566
122605
88264
51327
39766
871994
747739
198506
203192
511434
39482
130945
181146
203643
406953
84235
454983
84378
324518
301213
176320
368863
140554
113034
245017
35191
67596
570908
246482
627827
168519
142458
90445
186741
40585
242402
122974
502303
334064
285755
227658
177126
217638
35110
64165
178027
183166
195165
53943
207170
40730
287334
305794
114532
82603
174815
226913
445652
153002
70017
551969
92526
49656
309107
146176
51108
185285
32276
265477
168376
83626
385834
105859
319535
211100
259036
52148
120938
140757
307147
329514
256392
154897
245088
368680
387566
203280
24663
98861
241430
220111
279553
93975
143493
148374
78078
43494
103819
232303
44157
104370
374887
519452
327409
353166
62886
95674
305762
386544
323206
227828
45703
186289
714919
589829
87115
419552
45924
367885
39064
70409
34759
73131
484560
217105
94829
107530
55077
260926
320419
339106
351971
263555
522202
340498
317453
206874
181596
82011
158039
315057
182638
138288
35217
194340
222940
208901
101313
117885
386500
81797
399361
139663
21834
54606
262402
303798
276603
164089
403263
24231
187940
470805
570163
144889
375397
141102
307041
179297
420606
195453
150975
101361
206288
187970
125979
157496
159646
266620
284295
355067
340630
313677
276919
212811
40625
229249
79926
57630
56972
36860
304962
32418
34846
170922
99115
103716
196678
51659
198528
220315
119688
186158
181922
183282
288345
39641
67240
303832
265703
258922
386591
564528
284570
326475
318549
448713
152626
231514
128339
208709
105465
136920
43607
219992
233750
267118
103090
76801
265587
277833
194286
84674
216982
154346
119150
216652
190597
402614
229117
356823
30816
637975
538715
275271
43074
57195
30962
183368
223273
156993
452897
421016
423279
171125
253814
340059
588326
116062
343440
155423
56429
136057
462320
135490
52904
470141
207147
284596
155172
479914
139572
593573
108692
156105
226551
255563
404315
266860
264678
123050
292279
510696
152081
76414
31737
823096
291239
581592
284398
438227
79658
410252
361626
76336
118847
113613
189849
221705
530929
317842
522977
79362
132991
81125
405326
329490
282964
425512
302184
43176
144608
126578
148181
169376
153774
398984
119790
394956
131236
76849
466876
44915
443102
69206
70446
510620
120511
71108
383830
327485
262524
234198
292920
212986
81001
82681
89095
585074
41302
148567
90496
275433
135899
202421
139830
131658
33798
34791
199557
102604
491076
443010
78228
47767
199891
39139
49806
251465
296406
90786
61151
249124
28473
93506
62762
93328
44126
89209
316994
162864
285162
51063
42473
737458
350755
89469
57367
97639
111257
1038259
636061
123385
85837
255830
202713
48060
65653
398294
227793
71329
65955
91978
69456
304597
300779
195851
29061
98135
224450
283944
221367
74849
235294
546085
468227
101310
109169
175288
96162
43157
202998
381994
284346
226788
358118
434299
283616
150174
66786
51971
349198
579954
366255
63393
562850
62680
306465
215871
84899
491064
308433
244589
832350
173666
38859
49405
49267
52627
83797
43588
782677
207680
174780
207933
252778
146585
108737
283577
499404
360945
183248
240416
40589
163297
109837
189172
252657
171320
302408
1123442
1079305
1071627
1091867
977510
898516
775842
759965
277596
539465
541803
107645
551234
347680
64792
103447
192941
167650
448909
64047
78568
93730
268816
372014
446821
51171
307385
152495
80365
59608
715509
660044
170177
124360
162185
219124
122656
53877
502918
144709
49844
163897
126519
231638
185511
196739
100293
102251
40953
227346
210415
119390
287071
150413
321025
133522
30829
385205
36298
239129
347699
328576
252728
311165
213585
169803
101879
107556
39983
166112
314335
359242
251119
168188
389230
613858
498136
407320
228534
42567
46971
388711
353776
126252
107506
204113
126513
230018
98532
40340
262666
189572
124363
215639
181981
146263
57269
122624
100512
568682
479245
235313
145491
178359
209494
341974
401510
222089
39140
54943
207984
696333
602085
484857
38385
199463
37305
567308
418185
60911
112516
55139
54052
58369
360449
379596
369515
108835
327461
349800
381426
656102
497627
120896
205207
47821
82117
122891
89190
176412
82599
583090
504671
269851
123026
74597
58034
207968
116401
56814
48481
262806
202435
65042
183983
46027
33316
172335
168995
44581
56711
113194
451170
184012
67648
515440
165556
33439
392112
133140
294675
148022
64834
41033
64396
76419
59933
80193
206638
257873
103145
162268
159113
342436
89441
310266
334952
585592
430027
491158
458612
324164
40480
41610
36575
144542
518771
129094
54124
249870
83271
643520
98525
512665
107153
72175
78280
68201
123670
188617
381210
382114
573987
330524
175792
758813
79771
325057
210094
127442
166748
143564
37276
104846
117710
197561
669782
785759
41509
57466
630692
189138
251869
38431
96193
617460
633532
204335
134863
274488
42563
596445
47847
37961
41505
37180
41663
538246
286379
355295
314136
92001
65166
55789
62267
242977
220356
110344
279289
136635
481851
448651
385459
47551
145119
338766
289502
274844
254745
941639
395684
140666
45630
1133612
328044
699754
251853
65439
244724
81242
131860
261502
323672
625050
85862
52221
60841
671078
160714
106725
31291
117568
455263
398534
151253
234523
175574
68497
284464
468571
712123
254443
672163
284444
211329
29581
129818
347229
193032
116509
38408
145893
280287
90276
278765
80317
231382
35637
59884
319213
235172
42750
483268
325876
130134
188636
161305
226343
141987
305391
144544
236338
73464
110752
408553
61891
137340
479452
90806
33969
46505
314239
186598
177382
33690
39934
22193
280399
159789
327856
110046
85073
121314
177512
137617
323675
61765
138762
153401
130424
121844
124945
402386
262546
420457
110805
199833
121612
220853
369618
298242
49558
65491
241884
369574
478718
233287
137391
172524
127731
298171
53157
271406
149000
371438
226252
240331
98938
309445
151676
36679
272958
67296
110366
97128
118583
38184
480223
245669
634322
154402
62381
150537
451287
80289
287098
173306
174115
173474
78883
94246
181439
44597
42353
114159
366916
380334
160554
121517
262596
77526
105508
169739
176369
167269
192541
270341
159975
66625
430580
139889
214034
60817
226547
104539
140188
199448
173726
264103
423380
357545
618035
290466
227656
494229
321756
245632
70714
116020
122956
93771
73512
214584
167670
188827
127188
41041
31094
200413
172338
89662
157871
151307
45427
29132
35123
81766
67485
272475
106273
84772
383512
412710
345642
71169
344772
245495
145548
285976
163066
68412
126830
130993
589084
129570
632388
219976
242985
118897
55155
51971
164820
264286
606281
208740
204609
79320
430969
412993
217587
197483
189612
453079
371527
82068
101122
340990
281404
308393
300163
60417
125579
885551
185541
113544
40774
192612
165902
121820
133533
87909
104023
161437
34370
150399
62102
290285
234690
263375
75356
740446
397676
838353
198491
542598
367659
282896
225009
547428
144803
66293
161295
122326
182162
117580
207477
237444
319518
149907
266435
64301
440890
442407
153451
408246
367903
104753
151052
746979
78285
64455
92200
358979
288578
526821
290529
278180
156350
30455
61324
39216
489661
352793
294464
135209
84733
191804
277718
331361
27400
395706
154258
76547
349903
233922
140813
136233
63247
31515
71803
35474
43924
172976
151866
250519
511423
429942
264413
803824
390662
86179
50651
306494
328837
438991
250539
489491
73140
59474
80772
84426
228039
347230
134194
403998
214438
55844
464576
193141
33291
491766
148139
74167
32727
431367
516325
223332
527446
117516
321127
341034
123597
224248
29589
350122
250204
124884
480244
256510
108954
58954
239027
271388
285642
222354
186136
152731
61041
319212
274429
37037
352430
75271
145014
139676
135177
289071
224913
183545
100566
234254
223125
216463
114499
135287
209284
188990
123517
223052
309292
960606
331068
605885
538655
563957
160075
59153
172341
109204
332340
609936
442274
619830
59619
431906
347632
181118
373267
243381
270823
312625
315493
214237
204709
45980
172269
352975
300494
320040
61629
126275
51256
197120
126584
494958
476078
363506
397431
128643
492901
127411
171165
345089
269019
371428
378581
101836
414730
159796
157336
228242
211751
191378
274889
110486
37684
244973
156768
259127
102603
365558
378729
105202
177840
201114
201808
282816
47040
96547
35355
59293
410095
218601
345786
124588
170664
374879
363817
139500
48179
92793
94676
186921
199474
166157
125078
179219
46036
42832
285473
330532
96926
317816
179396
308787
172827
102919
271411
253904
786430
351666
119764
301658
138364
179157
197909
145457
163791
109689
190444
81482
335264
73173
41933
486015
128907
539086
114182
60658
205652
199015
135761
33919
268030
204344
135765
154004
100915
57269
104801
215505
364438
422336
123207
918193
638380
64879
117863
84789
40119
53816
1004789
397705
278116
241370
541583
499635
169107
245640
45469
318159
171790
298678
192194
58893
349186
190195
285373
53487
162236
101083
46441
223105
40451
64812
660541
689547
147762
493696
47020
379972
238469
445044
206944
60183
40312
120286
118360
58902
79474
310227
86336
69601
239328
213184
54180
84288
199004
186188
68577
244538
760178
660524
502968
62635
82770
98394
284308
400579
594287
637890
205325
76364
601679
511219
202216
265154
42579
42039
60431
614962
557024
557370
91622
245554
237454
39475
336905
144401
45283
123370
137810
40724
33042
34043
527346
419183
54510
72764
72895
204911
176221
58780
204877
553249
348819
115957
187783
98473
96527
120218
67239
186659
221132
371462
227594
155594
127324
178516
195144
43404
40275
54953
36451
210752
310183
197441
197800
426901
28463
344415
201966
297020
304022
414198
222926
64035
58953
75829
1002809
737498
734349
187492
105450
55335
689677
807963
228983
500851
388852
87578
98352
405049
72442
92197
113761
90011
259454
204193
171197
116015
106024
34486
334035
264189
257513
438521
336563
141210
390409
291867
378310
252929
321232
342167
574349
252957
267433
243092
408665
587783
106390
521008
151943
193136
191965
45016
454323
241765
122114
349602
113416
71498
46926
132463
75793
113699
527979
48483
438720
54005
220853
216383
71618
112199
191290
264405
605339
240212
70934
185357
89435
78097
304888
369571
41952
341775
162294
113117
484656
454117
454705
167456
126170
89899
271099
215596
313415
274199
226702
223084
113668
251503
376106
89829
577695
184176
50933
603208
163937
38737
91646
392288
267762
197682
253066
57797
49172
235758
262778
268920
246515
194296
543830
179172
58767
211425
172504
206100
88769
224941
88871
27585
21035
96376
36861
573620
88356
31773
590049
82411
246597
143520
169637
70466
128093
64668
153401
65739
153290
201687
561052
81146
466908
431633
82724
245155
279523
129929
322789
46891
187977
259861
47615
300084
112478
396508
408447
147541
51499
557670
193587
31206
358658
91578
123620
386132
277690
164236
102682
110642
120934
53612
48472
105972
281819
261540
384966
173366
77601
220141
221812
70201
40749
40904
59369
336808
192246
70786
63712
43895
36517
112275
42435
49266
684883
207704
659476
158826
333170
266873
209453
25676
33466
210768
154513
179152
109140
159718
174796
245045
241525
153336
319190
194323
414975
210664
21912
332512
187809
222814
122535
212832
540579
471451
166421
253429
198554
85416
37214
83962
132551
135995
87656
530633
526791
210157
185529
255347
166495
42094
176793
61333
73232
268474
197043
88657
366312
265892
159099
116090
121424
331734
160283
67563
41360
47618
67526
92480
39628
384062
174907
77994
503791
232220
145904
218440
235111
200437
387359
201017
51150
98895
456934
397224
493842
219183
250693
69714
457432
279109
55492
491719
374538
518312
254246
684340
432433
118074
94881
108094
170448
483801
228751
193281
137768
233920
138743
120157
349674
548595
46619
66288
528237
387179
165774
256123
362977
626108
90518
401580
130970
333266
106916
123386
173857
459891
102594
455725
125312
145206
121917
62415
72364
101265
64069
220117
248166
88095
185537
178885
290419
176968
159674
34836
204657
45604
94749
90138
180607
349448
478182
98432
499316
326122
48294
177342
249742
252395
480699
282732
202188
108875
441947
704299
324322
45710
130174
692539
181860
117814
216471
302268
214007
167706
195953
144251
90258
585512
350160
567641
623954
143252
370523
168172
120597
130600
135615
130478
67717
327591
232996
182097
133280
52859
321092
336730
192804
182344
174020
129781
114612
123789
385765
397451
81207
576512
310855
255335
298238
129541
445535
130059
254092
176596
289483
410114
689992
237952
94425
53211
464744
394602
100138
190685
173402
172871
105961
685028
179971
243598
214991
160115
194779
156258
34279
381657
213142
30261
27039
128598
633978
218546
62949
710813
595827
249540
484470
235492
589632
433811
599063
78401
246701
105089
590045
429005
51513
117141
236338
1212809
699553
72822
128021
206327
115550
54361
324493
73822
265312
373712
434679
40773
469065
281847
204823
54285
114118
38389
230060
125607
276031
120983
56349
246696
274857
110785
471943
200201
179966
39736
59253
57026
625590
406577
290792
345561
178856
313082
101393
99349
139265
216533
51704
195601
258540
291470
203544
411884
150388
82672
159481
287068
247057
133194
38192
279594
200272
79388
237505
230378
369324
109344
110910
273782
331489
210375
358044
338817
296742
36205
110901
26643
244202
264279
198468
230383
375475
62820
145067
488652
246925
273436
314252
349293
199871
232489
40295
56143
342047
225659
330452
74643
150192
222793
365433
59628
359883
97507
168261
83595
140718
71557
68698
137448
155479
82327
215892
75999
115509
104303
117394
191190
143991
203527
225141
125159
86157
301184
80069
162516
114814
135404
157536
25503
211866
300160
51650
412383
193634
217128
146745
216501
145666
67082
22163
600207
562411
248165
40971
44746
325891
341781
102730
189057
84430
111575
175035
213380
103819
47317
475738
365767
248856
191085
29891
110581
96412
37999
435995
194707
485263
143129
39890
45677
520667
305523
143525
171883
57444
718318
447022
95041
126375
233263
193270
368302
43108
70437
119282
119736
75472
53648
219409
139790
402919
476347
461139
225351
168404
274966
384207
387779
57932
74576
181958
465026
389077
142075
193948
197544
169171
270012
178274
149284
59456
345656
66964
518430
48668
106677
47932
65122
110971
801209
380492
211803
197135
251742
315708
398375
635511
303082
209989
87825
153386
289247
279899
164878
111390
42441
59632
38478
233379
234998
67411
65331
186617
97541
105412
77183
406907
337255
622438
368170
353270
29641
226003
29118
546853
79472
511428
140946
220112
167379
60970
76907
122380
194784
266534
136641
64205
116504
449030
208323
58301
201089
347089
385050
31139
471003
314708
323694
99383
30754
136385
497634
268225
89207
45549
914173
678060
418781
197481
327307
430592
394698
323038
892668
121623
205018
716657
332760
809733
187273
252544
559216
442855
137350
117089
122448
158377
268528
425038
280701
92688
242897
88429
46114
205119
215093
251620
89809
25430
61107
127207
426840
80416
300306
23930
181099
168634
82323
463371
493159
215772
154169
370890
116181
158058
122644
138914
161050
211095
498401
480545
371163
56753
132360
238552
371571
261887
224861
95245
205255
69139
77084
103792
72784
425959
410622
100949
452467
30369
119290
302434
86515
425174
119998
538943
200338
146547
60529
68375
107397
101232
370206
471271
674723
297515
232449
963139
872200
283281
399502
293703
190157
231866
176517
186896
197564
196841
53534
71231
68345
227512
209297
113139
260385
237525
275656
69931
134761
426211
290825
130425
145398
93258
300606
167862
54122
212860
144686
29607
255903
141928
205018
94639
93183
105084
104030
54644
258559
275753
225073
61762
28417
43450
68820
89908
409811
82973
56121
134568
303541
61431
882066
582100
80026
67815
43015
154790
90003
130767
498503
396244
620943
332650
311531
393519
199153
108897
261079
184595
134555
119821
458009
369598
531975
51332
606603
718566
361972
215772
549512
155773
139731
530189
117004
511198
77690
77891
121952
36422
237803
147132
326348
65601
36221
111022
42715
304433
99157
217284
145469
142884
195767
62081
140241
192107
274153
331678
264290
270782
126243
219318
208855
169214
217567
32449
448588
413101
513502
338548
363497
389586
76979
96744
89837
65805
420482
290485
74657
104341
232269
332279
319714
331146
365527
35188
268486
71347
285847
408697
279577
494334
209538
166248
60203
109066
274914
344840
319166
81900
64674
58016
405011
42203
166559
71095
47472
141038
71402
41886
370413
75188
46481
333814
46763
45902
48199
349510
378260
189158
106344
124626
541372
143826
97609
166510
195502
206649
152604
106431
196206
540033
338218
258952
272647
174177
87429
90643
103390
406326
312873
83808
150038
180516
168728
214178
77889
132973
65660
371681
321018
32372
500236
233356
47591
110921
96501
514169
174873
457472
62277
47803
119225
284911
204429
226019
244413
101060
172507
35557
472627
152386
389553
133563
55921
36882
64470
72906
42909
111707
167762
30576
47595
439128
278704
51169
492010
385079
307745
175479
157353
674514
450292
72560
99656
87436
57302
92693
105533
111863
547399
32847
427920
411957
308667
341433
610214
284236
226786
364903
83379
67038
70401
372734
358135
92946
100483
355570
47697
620361
277295
31093
661128
106456
114852
185192
247864
61615
250806
109549
148898
295394
161195
110538
33529
167346
273345
253390
88480
613561
399920
244513
332943
301238
80008
66122
220321
208434
200565
127129
107720
378776
82327
404243
123261
89995
114817
91517
89435
480506
159753
60639
588585
190612
395806
390254
573697
74143
454641
289057
273890
71243
156816
163779
501095
62231
268138
144598
106808
497274
198844
626286
37102
306048
161162
80064
250458
233616
188499
261257
104735
227558
479872
133313
494036
119450
83733
402283
377746
216178
248594
574990
391801
370159
536680
75118
378433
298087
50333
758071
605676
328680
116555
389351
271632
282412
522315
658805
82136
470622
172456
349732
186164
234215
79006
76925
80982
276590
44829
243727
104719
94861
119480
48857
69528
136696
132449
230052
230009
659837
479148
646744
285991
298208
52376
31912
166718
66165
167350
231967
271227
52509
329004
308373
106826
114453
517593
406415
68871
85557
161302
253332
176753
218480
102699
141183
208780
177626
55627
299380
93460
272498
268188
269329
138658
62939
212771
329111
475723
351249
194963
166988
38404
561868
131915
483756
201422
201432
198069
202202
73168
316777
77147
229754
223524
183333
189899
36405
212177
382026
438408
256062
171445
85156
114908
66976
176231
52069
249077
66611
334144
193897
196643
431664
103225
68082
420581
314078
119392
106760
39851
204999
448492
178097
148330
41043
43276
215005
115059
72355
56834
1063342
45315
701067
130525
117877
363604
213374
464190
106166
253141
183607
193517
163296
86046
52676
79991
169830
37906
229086
339775
166598
582318
73402
48651
487797
163559
141335
159713
103070
117382
140539
420801
468748
471503
169877
86983
233480
234378
76449
113551
268894
205703
246850
126759
142181
144313
428902
44638
279672
69003
432157
89865
586700
214179
110169
237416
180064
56112
136122
530116
138765
129555
185385
76541
57642
63279
28346
354445
387413
210416
302230
165852
96602
71978
492411
414986
263905
280390
216148
206231
61367
306983
91723
61715
342100
336098
270601
126296
78241
586901
181781
535081
535025
111866
452836
29342
361917
88286
363112
258386
287217
348075
48353
242431
166278
104593
393367
169191
375701
86606
47428
77543
262128
148215
40476
57491
411020
282715
78010
96679
164507
362553
236086
256171
195857
358229
47252
225936
118258
255468
84831
242008
239052
410828
32157
53840
32336
316392
366774
109075
109637
405682
156373
394726
190920
37563
530168
426350
226189
59401
64807
70392
490843
448128
539665
431760
290058
66072
515297
626188
465032
561696
102253
539413
287254
129540
453482
131201
167996
47764
101754
147916
292632
50464
37496
1022536
122039
1063160
136218
187747
282727
282147
122200
135142
256768
90267
124034
132119
136100
355072
83986
369083
386279
388016
75116
116236
113379
717982
266652
192864
194113
1037284
144094
109016
723391
162822
452766
238100
132735
83781
88379
53201
183948
190066
504404
109125
37508
221642
340980
248078
95522
44410
183784
49258
58991
75366
99459
159172
740922
641537
267301
186558
155469
243799
202276
304943
123702
269918
62300
180190
142298
383936
349748
52541
60091
40570
161515
241472
153051
588064
932276
108381
61206
38000
801856
122343
79368
33644
86685
75889
163358
122298
111404
84800
247575
243015
101298
214601
125465
142787
139052
161021
297047
175240
122209
120778
143999
118977
30968
171755
44004
371155
270184
102401
31266
136195
201934
123471
157004
83719
58247
61101
380110
55239
452149
192285
227260
100361
114558
26144
157901
158220
123567
93077
55697
36654
153366
151708
114607
217256
311612
308388
466739
143999
103831
50044
550618
314695
195452
62506
105908
192703
112534
177714
317826
451504
460406
67418
196637
142792
114281
380921
430065
744226
206418
505346
52389
109933
42723
298035
247858
172640
294506
88961
270985
90647
91618
35791
366725
112233
271029
87270
132032
257474
69862
251098
138850
244049
365923
33259
47143
42738
535265
86653
524897
217707
265513
50534
107635
64045
86152
100583
48431
284381
399592
387673
107871
118590
126637
458875
268456
383535
302833
197350
496368
84320
74341
101083
63712
95565
475108
156904
216519
118540
200645
45920
112893
218859
37996
1532746
1187876
1069898
978191
845613
312556
522576
384120
199337
208015
229207
454753
62147
555137
230313
527390
51291
99055
238472
125794
118149
128818
481917
134537
70884
57905
119336
31962
265856
31286
959496
709872
384479
366587
158168
487306
167010
271515
215212
260022
208476
151720
38941
52620
195486
174312
73873
77788
64173
203543
47464
255799
406231
197124
76212
76388
65051
74659
429644
45718
93889
195418
110465
43239
282300
209536
188640
51705
213092
476321
378648
92866
226002
110104
52320
62641
1188102
882352
255632
136954
199840
158128
22682
181583
192211
58520
398761
205727
441670
84437
50788
162810
152373
209091
91387
218123
93333
85739
251277
98424
426142
248522
266597
255174
266953
787943
372667
30071
525693
224415
408179
402688
480759
492757
93020
55695
253911
43548
47816
33854
32829
39890
731167
246919
769925
347627
313591
190299
69490
82187
148490
94864
170386
70921
122198
67206
297354
304953
180125
27011
239862
111636
76134
42284
87502
374112
255263
618880
244172
782157
462225
474653
47931
82002
242928
94224
166883
100085
113597
186252
158146
60461
189669
99650
96366
332053
86120
105154
461240
127512
115531
337730
651533
535519
170637
197503
363764
208038
98994
122911
687512
738257
511754
510693
309388
57353
81269
224458
236525
432656
135229
53334
60338
147015
295940
42227
440252
261320
80625
436645
321427
163156
447423
187845
71484
371069
168468
66172
79900
62293
53536
51149
462974
89277
31883
33497
126641
49265
564177
435779
222693
105203
120887
185861
460145
132411
91912
99845
202637
144414
58217
167246
106154
99867
30004
58826
195679
262568
110231
451873
236390
601629
330062
121626
71397
313182
38527
267601
339273
458073
42477
372319
63254
332643
183152
212952
192791
60784
114726
107019
143833
129997
180012
167196
378560
327369
513263
66750
110824
39285
570168
527481
114508
131418
402121
404687
128644
59798
53604
483242
47785
130597
200414
236279
143459
40319
360709
71998
50529
349984
168993
144852
369742
159674
419041
172496
122302
104949
169383
167943
260394
281073
39867
262717
279245
75581
156735
148303
721756
681497
157373
309214
160017
84703
99543
23333
118170
398702
141971
81153
189789
726327
479399
112628
142634
321542
140416
239309
30796
271680
234170
139870
90189
300666
106857
89205
311592
420457
107866
138368
26825
170620
43652
879364
597324
176533
76330
369402
29799
19639
127846
142601
343086
53886
481296
204491
56401
27252
63849
38606
38703
48418
67221
41571
49837
87020
47647
91746
898490
48020
64041
490625
79564
216673
60589
70561
47424
296302
64692
71855
340714
54768
183909
97132
36150
52277
258302
192065
70023
61173
170978
329246
36093
251963
88479
97405
247183
217462
492159
271806
468781
137447
144480
127065
223608
93950
87339
106556
139112
282808
61025
47677
709865
744921
176415
188943
323324
289047
64361
61656
88809
200060
549055
192670
188257
191330
91142
197473
238851
159892
150966
796075
203611
517785
74551
458445
67605
79953
76593
44731
261459
212549
145075
47169
385749
51080
251547
115667
256340
76886
369542
361161
64613
203590
87866
154282
167592
59990
65177
136793
150304
127925
138838
217191
111539
178631
203871
229521
155091
151476
181642
524442
133506
48479
538189
223058
142197
160874
94820
36891
90975
479853
458370
100904
383558
102577
312392
40896
207495
43344
689884
686017
66234
194289
353669
149159
120577
94122
599743
314800
96457
258006
63494
218778
98816
259620
48476
178693
84605
87837
88923
69657
166952
95017
531711
601379
686099
471192
309476
329850
219989
71889
47121
43676
132105
248293
269068
154034
37836
51245
207586
164177
105204
52860
134238
59822
484018
50687
729252
298850
55209
63890
119461
513840
107197
314858
116179
150663
252520
432015
333727
72059
153011
225936
871129
239325
387325
29488
37568
313622
53272
77906
205746
198266
308443
93914
88272
62439
126538
529727
354858
561772
213845
65313
79553
91955
400739
275127
455167
170625
147905
146468
82984
57507
261767
234297
33229
232684
120865
230413
45271
37749
281858
83696
206243
407367
63250
70604
56037
418630
245838
65696
67825
112043
245419
182299
112320
86703
639783
176765
214262
95841
112609
121759
190156
376491
281945
265558
296019
287602
91018
109187
151764
148325
911737
161533
143177
134841
227081
189577
78351
176435
325195
184274
488649
376957
418928
229006
740230
472610
48486
287227
1162902
121511
86723
756778
119869
267406
119820
160979
57628
111352
41735
194162
143980
38716
32322
244400
69398
48013
328107
327777
414088
87605
308690
368251
354319
362810
710236
240344
48936
51307
795108
376740
93637
109286
323502
226762
463272
374884
37664
685350
80154
353847
112665
164513
136267
177809
367117
243211
423103
140563
201745
109339
117815
346437
244273
349289
76290
261158
52842
58794
539990
235040
34533
699444
336650
206216
325683
55444
217117
51011
143757
313860
191453
353902
184287
165310
24253
182229
456368
503994
132248
86507
268422
380860
728979
265288
238719
192277
57099
107707
178723
411061
327016
177274
253109
346487
249645
177309
214899
250603
304571
103783
40593
209660
61272
78583
250200
161653
177838
284538
253800
269198
214900
221769
82327
153630
140910
119287
86288
162316
80359
35018
55632
780596
686812
188688
88068
214407
358834
205792
108484
763181
209032
476266
90364
113766
86954
32015
58294
379768
126014
394607
140625
241369
281850
333905
180221
114070
229056
101480
102381
180784
204011
142865
40662
268648
98444
300774
156110
80721
142358
38079
134516
360447
264791
503400
216584
98727
136075
67737
93790
322839
356126
347209
176995
140256
116271
226583
424211
43788
124611
35548
45562
65301
825026
793803
433067
144453
343418
35825
54654
93073
43554
90037
546686
57143
609154
105544
157757
254996
383528
577831
426606
339737
38489
35480
283297
276501
91564
162543
325490
83609
28744
222253
127653
144233
270577
249994
276745
218623
259518
63846
192415
138122
150145
113770
43560
32115
287807
66888
366622
137625
141303
38166
42934
443936
385122
126085
340862
71392
100889
332261
86103
299761
158870
181631
193203
42041
49237
177016
236189
138284
68363
430701
137155
36495
406807
133489
503156
145417
101583
33979
107935
91007
176389
77133
515892
87960
607038
170039
103851
73777
126395
485958
426216
117952
116751
162629
323143
270323
121118
313240
66439
160671
98775
56900
76743
577665
154667
38222
499663
43318
162420
151511
191625
74992
113350
62333
125037
269723
310112
90815
390639
163784
561598
472469
523863
60568
170469
70173
110289
175764
230798
104493
466861
405554
302195
113431
179712
166441
209340
160931
154762
262554
292121
218154
304004
261206
321307
63516
534688
430650
171459
325462
108186
66904
96122
65188
108401
42792
72866
113819
143134
44302
564352
161466
651454
373954
299495
408908
190020
157631
140492
404468
322877
173778
65391
74373
214826
127417
32724
290215
97358
178647
48933
136241
112557
257015
444855
424555
173605
42138
193902
386778
223619
442189
263496
368828
57578
297188
223024
203060
38207
349394
179093
281507
156097
173711
134471
66430
132973
160185
149112
115305
122438
143597
130412
259820
195529
260458
311558
49752
90567
384466
273212
227328
181268
185043
192265
913446
722648
320671
165295
150969
156728
123895
89714
62555
42165
32877
279592
322726
232074
315964
147778
137994
156487
423069
103172
36298
455408
518801
140796
206480
155712
170861
102770
215423
150951
410849
43447
66673
188890
57336
147843
437718
451935
284946
200784
196983
859187
394316
335502
74102
51267
39782
164949
264395
115166
453708
399435
117390
172769
116328
141692
106416
102278
82161
53940
123616
265761
126183
361669
156567
378573
223848
343139
90360
223654
41105
453551
388233
154318
76710
93524
93264
237623
235387
44463
329851
50056
85822
192823
64436
822018
63842
32331
803873
279780
258345
192762
371832
267005
121488
42745
45344
175865
257397
168611
247992
114536
444384
419456
321646
155342
153003
83577
113405
125657
562913
569619
184754
601779
144522
57614
148099
138758
192051
207247
113271
51958
42035
202989
225571
136723
74425
273359
258380
355770
333903
309967
87517
122773
204558
625087
412509
57201
186890
53540
151897
581161
347202
256108
273301
319687
78235
37507
42346
116140
264864
320338
533042
412777
264621
38320
317927
129983
342286
54815
122377
128787
329527
253678
163607
185455
814245
906984
158456
159374
148210
789821
106660
278683
240301
401258
185960
210169
75566
359452
122596
202159
43847
31526
78624
717431
523911
163625
279296
214678
501378
251711
190719
189910
127573
187122
101180
38039
49492
122099
225567
356056
1011164
884146
153173
303679
43365
188722
166484
80429
130263
951792
426356
1129923
120648
113612
49854
471989
163228
282389
366903
95806
50818
598350
532053
187956
268184
210326
83952
104593
38278
239695
101386
354794
269168
92922
80553
40524
529888
413960
222094
322675
472010
352047
462662
192798
300473
326713
492307
84945
75035
360908
356529
214341
62600
31788
36188
236592
284778
160342
77045
394594
51303
41187
309835
334947
138025
38155
32039
77567
169555
159683
482895
456448
167674
57000
253965
444528
222727
75943
608720
178654
44021
637670
291244
136724
917398
407396
220741
52241
345829
332620
142763
377488
206473
119445
170076
178605
52696
375584
415051
102896
97159
62778
117963
89352
33720
149073
205338
282871
555164
127644
610160
204788
181886
214934
228258
42857
108093
41628
419339
319643
158866
35297
86524
174685
89867
107267
542694
237018
733308
88618
290457
130670
140452
146301
65381
186837
89747
266563
35390
389171
48983
324858
666694
389437
79804
75075
101263
290181
358744
134798
70660
132313
148298
550642
89496
287991
80227
96922
33619
127793
40018
511481
222858
134876
59783
605238
354671
248865
153476
400988
244908
412077
333643
470114
117463
472971
134738
224210
325566
251733
101462
82875
94261
298138
57225
351473
145565
419923
298407
293860
127706
60659
78081
393496
113405
160338
452122
465107
61497
77684
76658
61464
57110
351052
200625
33678
334875
320507
51377
138647
171106
260109
144024
115825
468310
200909
43793
602300
493243
435241
52208
328498
439766
309129
255214
156131
222344
239984
161522
76026
71951
49825
84684
77038
62019
360678
123558
443755
215674
156712
236193
395358
304853
70231
93537
106675
683950
206607
679801
372070
30276
399517
101000
174436
126738
106019
248286
47999
223040
246099
118542
391799
332310
339097
208963
242609
187129
480791
219327
549149
264380
587416
38651
527786
541953
323777
39475
42145
44715
466755
526802
247854
338989
268749
751217
144915
32696
283460
73080
455858
160107
640507
259112
110044
310433
59348
41999
94952
351157
220378
37593
428296
113391
304637
272173
44448
135447
588973
485364
248240
149187
79342
82466
97833
259253
206531
58142
116726
276892
237629
70567
450296
216200
79682
199483
339626
147871
341917
82858
121644
63633
221809
261631
214586
196398
128178
146877
65610
98361
325959
427653
383488
62110
187063
257700
50340
777645
242519
41536
87570
905851
416771
388515
319233
218058
141877
147768
84201
109881
276987
444577
420332
52358
91747
94114
283873
82515
112791
169203
43399
456449
410614
189392
435888
299523
109459
273533
231686
146107
520237
379647
431479
132416
151012
59937
119297
136013
201177
282650
54949
95971
35987
334579
288021
162007
246364
192857
126068
105579
94326
51264
203142
189058
273987
320007
190794
481221
54286
256663
455016
86893
598398
93156
590130
244969
252884
479692
259217
32670
584747
554616
225591
296260
182015
145527
36256
275467
124788
268050
107255
26824
51429
331813
278196
248433
76377
189812
430165
387249
314332
71705
97560
187972
281909
347243
246303
113331
165133
99815
46538
530088
537649
130925
60818
333389
187102
32109
387175
202530
199177
158767
51190
328019
261907
118835
150053
581052
98049
118522
700701
328705
206058
226122
90278
122235
41116
132681
298150
160575
390989
118026
156431
145609
205568
298934
271352
493629
208817
381568
316615
492841
205755
167847
502782
28022
464472
60184
66849
65026
114803
252065
262527
353356
194773
95743
165863
51113
197640
289635
164138
94423
252171
52595
66864
107347
100227
156671
68064
225400
154233
212877
135826
115804
76881
70974
233023
60020
205464
88359
149724
519259
160565
44227
375720
114751
258840
382156
316181
273861
27789
117514
343916
243318
504905
264224
135968
223841
197736
131299
388928
318033
279936
310964
40236
43577
290295
139615
383850
83653
108402
249452
182118
103464
197870
178274
57177
334929
135380
661690
520501
580767
245979
177690
203146
188156
470375
174362
150927
261136
172826
292822
248101
103431
83389
130300
148998
95192
93390
106162
457858
191545
272669
59163
110452
711590
305528
31932
623821
49849
219246
46965
334665
39122
130215
41847
64984
103481
531131
94252
167959
486144
391866
385551
386978
208022
50928
379786
521630
602806
284107
506929
109857
314110
100189
165677
51067
76230
29127
61443
520768
457871
198218
244966
182212
511516
81811
45451
594313
174219
39586
44476
187759
453748
385526
518960
745686
347748
194387
1038408
355338
145580
177205
178162
375146
154008
256778
334118
112112
116684
30327
593065
368771
215907
133246
35539
218593
164779
54701
245179
144127
63897
50220
783124
822841
251793
266546
273518
73244
64175
58260
162582
251910
144052
908655
48308
82509
273512
181131
342260
297161
255310
72348
456736
304915
146267
179002
183144
642024
48266
63690
417973
323781
199308
35859
178630
195981
133231
54342
473149
406195
179628
223216
385834
430928
263215
86070
57578
93479
411410
408886
165313
243179
134486
108228
139598
133816
259566
178391
192697
615150
215240
69481
543376
247193
122203
47370
159688
37841
311569
265062
62034
134132
228738
142421
63879
49161
32527
153967
210631
459559
56658
773622
76988
703078
49511
97447
221690
231564
212254
155355
154255
120313
114340
246925
422370
754403
35799
60302
421943
118051
303241
162830
308306
252598
68089
200527
83539
240070
136640
143081
51581
54616
540287
262669
393965
91691
1039196
747719
70880
292133
180793
180317
38903
487929
427477
282980
207984
233616
268740
130100
304282
397217
353600
119651
491591
117092
418182
266288
70035
311363
291414
117598
91033
208053
115025
39752
153384
275511
289230
338598
283074
478915
248929
408651
48263
266356
221137
32546
36253
316532
154038
99809
86351
182063
173766
99424
436533
145677
129038
86344
73994
50637
50449
140293
120562
71396
258642
168281
96710
57989
71939
126465
210340
133518
65135
451401
287037
345748
212331
253679
360856
255094
157120
92602
80965
55750
56102
313277
215879
129613
185085
130361
856337
619859
260029
116352
113842
30344
53191
341441
119172
393045
376456
278110
101655
545271
28654
208170
207546
142684
170956
370963
29940
406346
374495
153139
145558
136344
214792
96783
264185
59938
546411
467088
155030
67689
147974
52213
155061
176627
51179
291680
232644
57387
66716
235799
237076
102982
158427
130327
225387
79782
70857
101814
80185
49628
37927
600195
517719
223090
76003
154298
207260
464179
671164
570049
158787
620564
320634
199792
30794
168482
101303
336985
86133
387522
157739
252116
158601
411023
109604
786035
36653
640586
106990
140242
164555
132866
380787
186305
523189
618578
177845
150748
333609
39407
265031
208441
35078
204109
101963
28016
38758
583996
138891
654116
148480
66715
542646
454416
172112
57727
454594
80993
48558
40908
69877
73979
59426
121224
71675
190072
300657
276737
48435
30808
179571
161433
203261
173838
213807
455324
305032
345900
312864
53341
242818
236181
253686
88768
37377
350424
80212
53045
559487
430860
395156
135159
75998
149794
147511
124535
197684
329800
148222
138827
557883
164098
584880
141922
256442
219139
205524
348775
351359
30968
473389
172880
145838
838372
587392
115644
65598
371232
71120
81324
49320
83105
239478
150890
280322
155558
240409
225516
227569
83101
77255
105925
69347
460906
68422
482618
110839
32111
85181
126834
79539
430307
79121
82949
47364
102345
662043
359183
36876
44079
36552
42191
604129
308153
98944
147941
96110
124914
274301
302451
254976
166718
180753
76793
29564
435749
210658
124984
21316
749336
184104
205091
736389
147101
92439
39538
744939
432274
73962
345185
140228
148331
160347
88050
116405
137342
304645
365758
473719
174627
398263
150612
246957
128734
422441
275450
381707
51008
86922
102696
105378
172926
192847
186915
194991
54146
39665
96159
306255
306877
208848
81868
244602
186340
104601
152187
219478
286627
292081
91173
114456
101116
42487
185558
183473
33754
303988
259767
234139
252712
53634
226689
529363
473329
330015
115049
294646
256363
75976
581830
149626
130573
59960
544963
172088
440672
316950
55752
563391
398009
75987
214486
220358
40912
125076
517303
576215
154715
321620
222586
331766
250132
453576
321060
234122
406715
99561
26459
301275
127977
192309
127689
69878
55768
81462
150020
33587
45357
189134
854124
127116
64128
983208
360236
241859
305463
439369
369621
176753
228679
225484
172027
84649
51282
154189
457920
553469
339627
279150
55713
46321
205132
108870
155781
42238
85397
231797
252828
60327
524149
84800
56717
26821
696320
224106
147596
159881
264881
93282
65553
84588
138053
292388
409489
457665
170832
139038
275322
206182
40974
302598
322667
106706
135324
124168
175941
204861
441891
274194
223747
364606
49674
297484
371136
504499
40589
524154
317783
186191
36342
335846
329951
108487
128135
477927
277445
165078
445146
196734
36911
51059
143744
503793
351529
215246
114773
115837
195399
89520
46827
66401
347798
153751
298685
230873
255570
397922
41635
60300
188847
200485
163221
239965
976927
68761
937775
207682
212408
272747
189573
260822
159545
366145
55833
115760
45684
115670
39978
366353
218575
611327
326119
325202
337530
322390
290333
262285
255313
412912
43896
47709
111507
36203
53372
43257
603630
273551
96126
176556
32689
478064
458964
292471
339526
305075
41159
80242
379715
256858
142717
162474
196595
430282
150612
66044
407787
152307
185574
123947
747349
416794
109612
152052
182864
298469
215363
68506
79952
330706
73467
103804
127679
50175
33601
47402
92996
362250
281134
321033
503970
410186
203867
130352
107609
76379
308138
115340
106572
179970
149013
326076
70564
384015
187284
583021
260122
178568
34182
107080
228156
383078
311060
131118
581803
194354
215300
99971
118682
234468
369363
164022
123257
146039
265343
27157
45091
79043
51366
62287
600272
81295
857134
374107
418385
82971
83539
106285
203826
636767
738766
415395
290668
190748
44504
102538
370472
331195
174736
161388
187748
163489
492612
75538
50116
71277
133732
178757
334429
232888
44836
138864
303811
403349
310568
40519
58703
126321
53708
435941
58281
255540
40588
81002
198624
391258
309829
114930
173420
674049
251752
181734
195204
47579
41646
87505
198667
455381
440397
64129
161952
105619
131996
277103
262515
142318
139866
185886
310801
85734
355108
177006
126905
98980
203191
30287
259765
54186
234246
108849
226467
194323
209042
945090
46033
45785
734293
56645
198842
114378
924408
294382
637276
115833
652437
458935
140620
633876
263202
241473
170026
223996
76306
232645
96726
96301
32664
95802
191212
45708
182267
77292
109376
138242
182190
39077
57000
77776
64147
787538
844654
437144
106115
137247
388373
100586
483165
212820
342680
329178
304925
254156
268102
356037
270867
154717
92125
34904
150725
48491
254017
318814
121586
468437
379693
160707
246769
115790
55132
88758
37689
100128
81591
326527
313620
47258
407005
197183
233170
152448
409640
71691
80419
579976
663871
253437
257282
94761
243161
232704
164973
291223
188648
258019
182024
111241
140070
480463
225790
64041
186540
40600
106284
80138
102167
161936
54009
245677
27391
50032
73644
367183
91929
49083
49549
93197
187852
500612
376676
165989
264105
554117
392123
795342
440794
257789
115539
45505
437313
115663
315208
76147
162835
51785
275158
142315
99446
505099
220377
412026
316249
406267
293028
98286
661580
221414
259514
76184
219744
173803
300878
267509
344176
189860
161574
157555
64604
182696
147518
198022
40829
168208
214521
551269
580891
149730
87191
234050
144664
219740
253020
178197
105933
127899
184468
213409
525579
39076
364897
127664
235671
598994
135071
681601
419724
73446
77847
48759
615004
62769
192383
452142
55776
255216
202757
165580
37549
336855
266895
122795
424760
76557
48439
314595
293001
53912
66843
289519
385069
372073
188967
212335
173251
89571
190916
146768
216508
169709
379155
34142
207883
216988
102408
165272
145265
258402
152561
315075
445503
214237
434814
76822
496065
724952
374325
707672
232080
173254
104479
131412
343859
329259
611360
643516
137470
227751
174305
276951
257661
335017
65159
275568
109684
98133
201653
58773
140590
106981
341219
764200
95199
57557
42140
803165
94800
90012
29954
43201
174900
180772
51709
80561
76542
243994
127340
169739
42558
88350
726531
966473
291071
57670
616634
34268
43026
32710
87445
65707
357337
450231
140529
59740
454353
313962
189316
39407
45981
552877
290405
188386
374154
162665
418774
144885
90543
100088
50083
527021
178030
520611
315511
252550
44211
181725
194742
330452
101394
47477
462422
290355
454945
285960
224081
250615
130115
181857
223402
207332
255483
102687
114268
46420
54311
41505
279383
33627
380055
508054
197546
62658
95955
315759
198507
47709
91066
30090
50770
38580
292068
112227
588110
119559
613760
110996
105840
64260
120353
36328
119076
201635
269507
292024
198760
119431
205193
269012
445805
366867
69525
55050
314603
206177
191858
249168
140209
292234
72275
328842
68302
145265
742416
59313
62077
31323
49486
743504
130365
284239
70652
123159
397510
243787
270319
198850
32224
848031
94648
898825
162308
184090
52341
115959
37931
70698
274176
242264
184004
506297
505789
373776
370160
493691
496285
672308
248023
158475
806151
591131
83063
422098
777293
484850
111879
238991
74152
210582
89286
451236
412464
95904
109788
102801
591472
232332
242513
120432
220542
220263
185844
34383
111095
230972
156763
163374
178345
1243214
1089319
1101223
1117488
1068538
384360
770746
772088
62598
763311
780447
741543
617574
250346
129233
165920
188295
408160
131139
377000
81699
90550
73758
105380
114526
66447
316501
535094
371223
83578
42674
48015
215354
203762
108122
455662
216163
505006
414538
426179
66505
59958
587708
374853
114223
217745
45106
143540
164067
142490
127211
59308
28472
554942
491679
244235
512664
617750
812981
546187
748097
221161
128825
255147
61827
51177
422007
403027
149907
369440
476523
375327
70508
46985
565792
327368
150921
143149
138966
344317
37608
40791
343589
470922
93730
699875
117182
563558
330489
442159
283826
94754
245287
185439
70857
66112
194348
95033
172874
127379
76179
83495
82716
333743
536917
148295
640343
74480
357760
281888
345419
160422
65136
178885
462387
158404
170182
659384
368808
107978
108063
78032
64621
187909
253692
274091
76341
129479
63005
107421
162364
203328
114787
51159
238539
77450
186702
167445
47987
240604
114595
696661
709284
185452
105811
365389
80702
79915
327429
305547
191815
104712
132974
352688
357130
104276
57884
377650
345049
231444
605101
403444
133867
384827
118935
210657
201259
333055
27259
57587
101988
314914
91888
793055
749590
296567
267380
274918
236258
222412
262002
194285
117324
109611
30733
184065
363288
71832
591246
457649
168799
114654
138272
62334
68263
72691
80951
71321
212244
198907
241519
422871
434261
467078
80059
135200
54743
319028
246158
300988
86877
41344
88729
41951
72154
562120
270633
245873
88960
92250
327141
1514230
399086
1106336
176013
97133
196669
161117
110222
201379
171756
141076
244968
81452
195681
108008
222481
139575
122916
130850
170913
303659
326351
171712
66381
159700
27297
55738
274948
148274
123875
452551
228136
409605
247320
131412
49496
36564
606952
80843
601694
256750
105684
33478
125301
498003
357429
236249
45943
357233
524365
533333
460625
183788
403170
428231
809708
636679
184860
1044175
131769
33883
36949
193002
199273
237503
130642
122833
143174
91483
183117
94873
221861
326848
336921
89785
136604
266275
145130
135261
190161
203090
392997
255208
119049
89364
50718
112704
354817
342231
96059
95338
71955
309422
117870
131458
47214
53675
292130
133828
436561
59964
55247
511973
209738
322227
53174
294395
216936
372331
558775
493114
76168
408031
48089
71045
293979
293465
58702
185158
204749
218090
234602
265194
527149
389466
163065
105018
120237
65140
66741
1357545
128593
123786
184827
238365
81762
364287
289964
195925
190649
383106
182093
297210
95622
38745
495041
129528
46473
117150
87145
29602
48980
803808
497340
231374
49920
207667
220419
118999
238308
112836
78322
85884
227390
260945
349181
286751
47459
68646
903101
690117
138051
118860
109687
161630
181483
139214
204171
109800
46568
351348
366244
108735
302406
364014
171168
646413
70084
44036
57344
198647
353168
582150
102958
91075
595133
46122
435613
55850
98864
293318
370112
326114
90446
161172
148464
118541
157168
167086
207707
185935
115734
66536
43701
68904
63294
48510
275453
270099
235737
374904
339338
151355
60707
143070
172997
198093
217808
281808
253222
302739
62931
227729
84327
62718
54707
50962
154029
97442
164763
746382
573781
121313
96223
141933
148051
60273
260322
321655
296558
583668
55821
130233
245398
612437
33256
685629
389645
396851
154870
53950
139885
281665
451531
421332
192306
352058
43094
140517
136942
123506
63113
80467
222562
22516
174303
231247
282654
65321
194415
428355
320815
91204
185721
93458
122032
244890
42488
296873
234032
80238
136705
264822
336116
346586
425369
261899
104381
119594
71597
287373
67896
255276
61861
92739
280997
540683
510353
122078
415880
162283
280524
79584
46514
278885
158132
68958
27186
75872
145896
324325
806015
104699
701253
88193
88846
34816
93459
115600
97738
125162
307422
421981
61461
30475
135700
188854
667923
117404
38622
141944
94897
55585
890528
511203
231799
222625
145432
252139
260124
240528
326711
234307
203310
222738
109871
183148
43644
477962
368226
412592
782696
309357
727353
524585
244638
101256
370907
205113
98583
77569
31767
259006
206635
337542
341866
441188
473909
454946
677657
163738
328822
184619
59533
41884
54641
596989
470674
181353
191658
378403
137181
160566
76658
252016
295671
80406
55955
495290
406877
171523
240483
165376
64003
42978
308397
309515
75114
489964
202047
90667
58501
135037
780984
191167
587829
56439
492174
341366
52224
398933
138222
162219
49159
186957
60742
556643
197028
53226
153755
74015
889781
191668
497059
136256
147939
365185
351580
226597
258671
131794
225807
315061
383320
163065
86529
123959
547146
41609
130810
92154
201798
193423
205289
108624
106737
119165
103675
191024
143012
48488
39580
86335
450138
439181
99856
53830
195754
194399
211991
107968
276239
190286
101968
47070
199039
110870
168050
285700
272131
122718
317141
106994
37194
33363
583864
679160
594645
197774
136350
134438
232843
190461
40989
238507
204621
242273
202083
99920
466360
158480
335957
33329
51431
459158
315427
476203
48192
443857
71567
356133
154720
32400
222828
210170
316084
59113
27537
212895
326328
511896
506305
147356
298294
124886
59555
65772
88909
359465
39258
482188
169059
102743
584450
64579
323758
264680
244805
153293
379202
180053
335046
79357
132004
258479
55826
62521
457387
148203
461313
59679
39332
150879
94532
301575
227200
32958
33410
346115
96618
237703
184246
263955
192122
42215
85720
48499
59956
118072
112969
102545
151347
225108
55772
38731
82070
32938
51381
83126
496113
411988
61683
69036
186923
560712
508302
393876
56847
46380
156163
38519
344442
280790
365069
59602
121334
208624
299585
493451
135788
121350
630843
134777
57112
386253
108028
77577
116142
127741
272871
193393
341301
351356
161554
142912
195203
77071
305973
82867
363682
130957
92528
27838
293451
101005
210525
98135
50054
582558
456291
154115
273497
77898
68967
95624
37882
67484
38836
460495
396718
62775
128159
38946
111734
194790
253558
189646
387557
335217
135757
232779
319265
489134
121093
644234
314417
549560
206041
279094
201832
104781
263980
77337
311008
287109
56008
43175
176530
171585
168088
126214
48500
502970
31696
560348
206281
240543
182336
56913
83502
94971
148307
166327
254157
183853
58187
198839
68958
82213
301152
294948
55241
126070
43481
254285
218531
39772
232741
37159
157350
168302
33382
403084
254349
311382
55736
60455
112732
788818
666184
260556
289949
115119
281578
225065
148733
161201
292164
243574
382628
46857
150856
83480
175797
147102
184833
82024
583436
577852
566230
298179
234208
74181
76892
239007
148038
47871
98634
63879
35751
103095
467253
585603
276523
63108
79937
289424
280057
166560
40148
218977
89124
68330
232896
51465
72505
118506
596241
594537
95443
45405
76126
153008
274362
85853
40884
56533
678817
522769
457310
256568
249263
232787
214488
258866
235630
132230
70717
216087
223684
96763
115137
115164
255615
251291
133715
107578
93221
1080622
57044
232399
180034
349692
246181
117740
529516
395788
85236
336943
490962
367912
125510
267127
151413
27265
157528
292013
671013
205703
700168
247294
173073
102045
35466
277967
204941
49763
117288
613200
355871
93276
728537
424598
147587
211726
77470
41250
112365
183337
312865
284653
260709
375469
281496
122994
131520
274603
1154803
132925
505131
293471
89562
129943
170612
164631
511229
52482
31859
85150
48629
191476
62222
49963
794399
765219
204400
40490
79566
78294
269372
332028
208373
53615
314036
467774
619351
459244
64412
115946
256175
187984
526797
483564
140461
141798
617886
141282
144699
105534
121154
254852
58641
213484
75536
440643
216022
590866
303394
167020
115032
313797
34559
145736
83945
65773
70557
38006
52756
168640
131740
240649
500538
403680
140690
122914
66157
127112
288768
342670
247811
42396
227087
152753
289251
125288
50942
581718
407408
29842
546790
174332
44678
353718
137033
57287
115931
375552
217337
56376
191496
40310
246407
77734
148796
580638
28807
39301
605210
69972
46402
115444
84830
89925
134109
83130
110011
109569
158892
160134
220367
518038
404054
231331
86114
192113
88411
193826
195256
45065
54628
393808
577205
827053
117775
575753
65701
135605
279168
182795
323742
46360
137292
165392
56724
405573
324506
48838
165236
129568
739787
384526
56697
207257
110522
1031727
40421
103123
786109
271824
196659
99628
64780
51944
212717
313052
264151
33810
162473
151442
153885
193572
43109
204947
31442
38392
155347
32967
114844
588787
87225
80909
98607
31068
829713
250449
51843
33213
191969
70611
651563
146546
36891
658377
1148631
56681
844581
49182
227595
224121
257275
164360
44865
80635
324116
192457
196294
614299
156985
55033
537553
175877
55232
106267
102841
58431
163258
60454
180424
159603
186141
291995
215326
54956
184318
119687
111797
159193
170345
76241
347232
168476
48778
337619
174862
31381
126649
50162
52953
129919
34839
60569
571590
646905
458057
311196
68722
514931
66055
194929
233237
242171
36647
182004
104961
208339
69014
438308
110348
29778
144175
90393
655290
349489
72657
90953
82021
146147
226034
188546
227421
380390
254924
477659
185027
174990
222094
93718
123190
432479
379904
167235
294351
55124
124464
46563
73211
31441
315937
472138
325455
116677
474276
161296
180006
88379
236708
204820
826226
753653
183636
123940
136657
138092
186715
147961
181238
121666
50950
158830
63462
202769
142107
433689
276348
49862
199581
121541
102568
154039
111177
295753
371213
160327
94788
473811
91428
105436
328237
215068
73603
122303
92375
138556
48818
121605
326123
320930
170499
48798
59315
70650
280100
179519
98694
63984
490450
308543
54302
225263
143878
158395
240555
261453
112304
349061
127653
211625
215103
222126
380688
331685
193656
90316
161951
620734
579567
343395
231656
119086
91997
83973
196434
55945
143367
288347
32634
127393
32092
377619
47664
34234
211111
95854
112460
81185
258459
135700
46876
295334
77496
739429
217200
36701
691187
314228
438453
422974
316587
274914
64819
149919
80110
112101
236347
333303
235228
606344
448480
384304
542579
329241
146440
69788
98992
83746
151405
168306
343120
105473
62181
203304
293592
146229
34669
291997
185537
173070
210838
34764
307336
434202
178983
319559
268432
253176
129147
461966
325226
114608
59266
218767
226164
362620
123794
183155
176493
51758
47348
98114
59679
479517
38597
362714
103491
99573
90887
219539
211596
422414
211154
371177
147339
105304
40429
102353
119570
56908
55464
179544
195950
269423
245439
391270
439042
296096
395322
198166
244028
45338
93702
55719
223863
129069
762620
750765
234250
90782
185843
55985
175207
218008
35493
298535
268591
55321
338887
481470
407254
190064
270836
31527
48593
258121
320480
283086
41183
282109
86010
93891
76899
82837
59156
185637
235875
203226
214077
173681
117550
96355
212272
97801
124213
38164
52758
114927
287894
136733
33502
42626
74209
569078
192637
376147
105732
108724
154462
77872
222991
73645
282394
116204
85426
78477
54804
470008
84948
66809
210759
631080
647143
405789
378500
122224
188203
53939
208120
281652
51060
46378
544964
562379
169940
109874
287934
308070
217769
371540
375561
342463
372392
599639
91508
69037
94804
344475
438651
217490
505671
198528
121780
248476
232781
174141
146726
489888
318657
213641
281542
106673
296920
151574
141665
94284
80387
258917
92507
100517
157534
247006
254766
101783
206955
210838
44783
161035
45781
154621
216494
44341
39024
109961
39785
53318
535370
208851
30143
551035
123984
65583
254492
158397
126712
31134
380472
48375
123240
54041
53303
37846
47256
665236
347701
531566
222696
251966
50361
140797
104120
602547
576954
205693
180630
228923
619138
351266
236644
74595
232255
134484
136706
69825
201542
194765
182174
369654
162318
54723
456034
268921
157746
114116
119767
121240
125998
237552
235979
364267
478214
300166
103155
649037
356915
250166
485817
379957
407145
55414
908520
81745
80024
676025
231275
33675
49084
352820
96513
86149
89130
930666
130403
940795
149683
86417
87226
137699
32108
160804
130533
43485
391935
426979
155597
191935
80344
34264
192240
147041
119448
262934
463947
59606
387442
254140
518130
336758
77087
398852
406143
133767
114980
504632
104834
265344
194382
429597
551523
98457
657115
254513
486976
204501
219980
161625
295479
88732
408194
502875
473605
446838
160601
50658
316074
209274
510794
335449
96846
543131
279010
459723
254839
183640
147764
58435
101373
427916
304757
483896
86970
58098
224864
46874
54430
174719
181005
120697
131975
282340
232207
497771
282104
280442
390149
103169
118560
289744
179717
76499
126602
185500
654903
306702
39618
882573
768806
105886
216118
39476
197329
168414
129547
46117
134604
211575
422847
193092
100200
520704
262396
84005
294324
200560
444935
110418
515220
140579
109836
65828
197546
228840
132704
251581
50712
215988
378484
136886
71853
579675
125803
267642
57675
52748
74154
66673
172868
309960
137071
436321
96705
209608
169125
172566
158192
99729
125863
64132
63051
193942
156785
243497
285283
216568
44927
171862
356165
80248
309119
94579
239348
252683
382620
32450
124410
103736
497304
197204
604107
177961
206568
66431
156698
79272
159368
580851
572431
86734
33908
341656
111543
1243087
227435
73873
63838
39000
873100
221073
64587
46429
109857
71714
314465
144293
94221
599635
583697
55073
55869
67084
60774
58633
209234
200471
92512
43829
172422
255157
141866
256549
199915
355533
481264
97223
437865
62055
98479
117961
517797
75374
309875
140400
197929
192986
311232
88573
440217
169998
456902
98309
206571
372102
532883
448101
352459
203839
609802
544162
87130
103543
63206
105111
145192
83556
62655
604717
239643
186218
114793
65412
39141
50793
606633
256479
85167
718135
260315
54575
495671
170895
289705
166386
154560
252090
312473
337589
116720
854849
200965
707728
214317
290279
277052
162902
76633
59539
56236
161017
179098
144720
74739
47229
51433
63748
203745
314155
329100
233087
131308
119088
238607
253995
127983
32992
252302
134202
128313
73223
65980
303120
239956
241161
241560
174112
112945
277195
201318
149551
83134
37215
107864
70587
111933
199705
569189
518778
61641
247560
215997
733802
564391
228787
823882
41558
241599
72947
145103
178924
155684
58534
53484
31889
59597
256563
122724
105937
336722
93480
49085
74930
35638
303162
234869
176332
219656
287064
249844
161046
398477
280615
349562
35241
47935
32061
198190
257960
258606
275126
218115
94154
182906
245779
131857
41836
85182
152236
161013
48140
102897
64785
65320
129791
159205
156676
52002
77133
135172
186967
282955
351329
308523
45807
38439
45112
113007
169309
604191
190196
680879
398654
295234
560471
197397
417514
317884
357412
492146
181219
571696
163446
200127
414712
497246
452938
48447
130493
40827
30802
92438
102087
168641
106442
195791
128761
66453
164729
263897
128008
302935
145421
337696
97868
586060
532417
85775
98048
130033
374398
267208
259922
277440
225214
165604
49160
36977
310227
149720
105161
37337
94011
63375
66538
46123
201256
184826
54507
244796
60305
131133
98679
127011
111124
163056
149854
215573
374001
89192
449526
258806
128094
63316
308253
106756
223506
148772
452023
294562
257102
42545
110057
57159
73863
144352
107082
208968
286861
90956
40076
113174
129606
47471
545880
397723
82517
49758
258746
232404
83904
703452
704855
220705
198369
151088
265120
114062
46024
100325
294757
284464
147299
200122
410436
590719
142938
104383
80184
52257
103392
90078
978157
95999
27642
517627
170980
214099
234695
162408
181258
374895
352699
155998
86494
141109
155790
328513
275093
367171
257058
77187
100088
42777
376213
157129
62353
29651
375397
302047
433877
528022
40742
308254
740096
76782
62720
685761
506519
445124
59409
387614
112270
204987
138921
135856
153457
51585
96922
104026
419977
184202
112484
37783
601765
81582
957281
990289
224704
350776
60665
195894
144663
324014
277871
195862
170256
103502
44552
239364
223796
305640
137797
63550
228082
78880
298584
57953
63777
433853
204372
280507
176649
274956
216153
336666
238743
131352
58833
206362
65481
41177
297787
183555
51146
274045
136860
93079
79181
44291
154436
36806
207166
630811
239286
59680
43882
656453
60156
73588
52059
251161
480633
59854
495429
234781
424717
302120
136516
305146
152342
114494
154637
179864
150437
76995
335046
220437
472586
409909
435410
384521
144950
47320
275526
82316
35158
37914
156351
52862
233726
188075
96367
315775
55689
217300
231534
83934
25634
208242
218737
259778
412078
294601
129587
167526
215799
262884
48676
42886
134708
525622
347679
150438
293955
304399
68728
234599
128190
135291
217202
152672
170028
172352
267266
89930
79615
41050
29614
43937
64706
549032
239759
621320
102331
106252
91535
452587
243976
124040
81097
83404
220649
123906
332826
77270
227042
203551
121653
133365
319530
164726
100566
184848
46524
46537
428902
111129
38081
489737
96351
24793
204659
87214
104138
60432
282261
108515
377458
97127
45811
117270
48210
655373
347428
256167
229292
201950
323223
311110
208443
288559
73957
226426
218373
50461
18615
369991
230502
86901
139243
114441
72338
135624
45351
169526
137337
178432
163475
105502
68071
158269
178855
89314
97368
399388
521823
1063446
409024
117359
47565
237293
34879
535795
237640
553663
261944
115788
74902
46400
159846
59854
192691
122665
131317
70692
246797
219913
328660
186124
119186
356672
95237
137173
35489
268898
118305
72318
217911
540867
463552
273044
274189
184697
120579
303079
364536
240053
53930
163837
678094
204935
640676
221691
390716
168094
241261
168692
234751
303429
46612
44149
158582
435259
197817
84052
87522
490093
268790
552251
114620
41519
31751
390487
61793
61642
214294
101330
212153
67012
148455
91243
107760
78685
55941
339390
37507
247748
63416
338785
236538
279560
353586
251348
73541
69328
350406
40803
184546
154605
52685
63178
61007
109042
97915
545569
461341
178480
280369
158732
163097
86235
75317
45150
75051
119989
197323
37346
1165764
1149960
140736
655455
824490
789291
150244
177644
272510
67936
78023
80816
84187
113958
206431
285338
107569
84332
38317
352236
211054
186395
75321
226848
83693
222188
35484
48892
101309
206374
217150
128245
562445
613922
366966
351308
81381
150203
105927
226929
181210
707962
519953
54011
686986
214008
86744
62664
269159
110229
239318
528325
206024
24693
595931
88169
36337
341101
308502
145691
388873
193785
190715
515814
457801
435928
52632
264138
264228
107392
220192
213966
210868
359342
198244
74889
29088
329763
198478
198900
181942
153219
173591
526886
305617
113224
621549
93783
48755
119775
448709
80038
65581
154111
489798
58249
334986
164176
212097
295195
67846
243546
184007
116502
58541
90866
222359
232948
156862
89368
322006
353703
225606
144662
143844
116386
85014
64933
134238
749904
805398
170286
418614
34084
146993
256549
281572
54446
486519
303672
559728
361436
175334
112700
410112
76160
679060
738421
265381
277216
131915
112325
461741
258418
41552
51706
550745
257134
90338
702646
514409
230876
60726
197703
297717
148993
193954
418857
285737
297219
337236
95633
322538
119999
67894
195195
254553
195524
57156
118634
47605
303218
321094
118885
234162
438507
251856
97882
185561
344347
505020
77503
747472
363101
151757
143490
499527
61694
268614
341624
209104
349398
343235
691325
46918
33644
209290
189136
234769
211657
68390
284585
69969
31828
265377
202918
75713
273702
386807
805419
913271
238223
36114
794474
346905
235742
350909
57438
245756
108286
220481
144097
157802
222596
46504
163698
65132
184443
47175
69293
141802
124126
83924
140696
153618
141718
104730
244331
145051
187415
189373
400032
287040
198808
386383
65973
82671
575577
456200
75631
255250
139933
160352
217679
142935
134802
98039
292652
391404
244502
264885
57090
39052
217040
124542
217258
92077
155392
69174
50757
139477
97713
122054
275767
283067
145093
149676
79612
52162
119934
503464
333673
324244
174134
98930
340512
32123
200485
418376
107139
85286
185068
236551
888639
273568
737490
241508
160255
184246
204808
404154
345402
122132
295387
240352
229093
153618
230451
79951
49025
370482
633960
159502
630369
132201
198003
252628
315369
288301
52092
538649
470807
203702
113799
262473
272835
230664
123366
299412
191064
392557
141857
203899
60058
98308
116823
174108
346285
226001
131397
30128
701459
115825
197091
40344
679699
155407
466399
282113
441245
93751
57679
483001
484718
121450
198200
222758
214266
98889
154721
365073
210239
173423
120655
37158
139852
257629
260085
78430
55795
41620
664822
498407
105698
284285
139219
271080
55234
275084
84056
61680
62481
111188
215114
287322
214460
179883
192962
70092
45934
312863
353350
208945
159263
329869
264712
706229
123032
173100
391233
57276
568042
395088
57501
444508
402322
242428
45062
57873
108924
264031
604320
131171
34614
26805
611284
219337
187465
335777
270844
151968
273302
57537
51247
94838
57667
527446
320879
462967
175162
157252
267970
458652
381908
55083
123078
214610
94272
38146
104963
38392
338178
344439
258644
312580
113339
34623
148193
103681
87421
64001
673962
488075
150913
33260
113645
102781
71489
58756
34677
442359
494846
213194
224572
180906
155819
29953
82949
99267
392926
365267
687462
148880
42093
400325
401488
452250
424600
110479
91572
64917
54102
231722
288774
147923
93052
196289
171263
38343
215030
250373
770488
670480
154597
282095
36529
172627
454889
137585
153807
243778
45328
41211
792973
100524
91776
53032
640350
287844
152821
293969
281322
305591
166777
131971
271874
155928
303514
258343
292381
301498
446948
98451
31280
396467
147437
92127
113550
208275
316687
324756
187202
64537
152405
38644
262502
420076
138048
71298
40089
81778
74229
369560
90686
1037893
86057
176832
945450
119667
366252
101608
203069
113953
36667
351702
241567
60679
180678
72647
81283
73596
149602
98555
133095
353413
427769
201752
36244
44145
244038
53678
211319
396726
141830
371518
80423
34472
44886
194840
223902
296049
226850
123696
50571
125846
69379
176096
258162
79478
222426
156684
75599
97313
531667
496293
185813
429418
231790
63899
115717
89862
141839
180559
73308
202626
39455
389020
387693
114659
290640
375939
114596
408887
152533
38928
303290
219646
125177
82523
50010
204556
67982
414186
281634
340530
89162
39027
282024
272900
64607
273992
82193
106638
161129
163943
132218
55256
62147
95748
88081
213932
338847
511252
293296
89039
429615
49206
47853
210620
200352
267471
50955
41270
290946
417257
191991
247822
221824
396388
422259
214106
69322
94627
122522
284516
290987
500920
60661
344319
267187
56239
67600
249513
428418
526837
184546
445152
47156
85154
533190
297535
153993
122169
45611
38514
724920
413881
178828
123587
122235
91479
103677
112117
32918
250805
359174
344195
61301
262694
102352
284613
201313
41583
270344
54951
191199
266648
274589
97844
116821
163038
516101
392136
193907
106173
311907
77723
49440
319779
99542
169515
91605
36440
253842
36082
263304
103273
132710
86660
44519
96384
46165
255485
61234
171703
82558
45472
106404
908467
93984
893617
89694
118122
273120
148566
305557
586861
255961
156220
987657
399199
56553
803829
305296
145757
859087
821955
233134
1001272
333992
286786
185513
65148
110706
406339
278858
215279
386570
311591
284454
189459
361185
201764
463624
255303
419437
132991
38715
75745
57855
106668
499060
46589
422243
230079
302120
473297
397419
143176
266428
71364
133833
146852
208316
163867
307889
158642
122757
169961
115360
40584
160773
199036
131210
37255
82977
61774
377826
185635
454003
288672
192913
355692
227115
256313
202818
117834
112310
403396
95667
225873
97815
243347
166244
128075
128623
101384
276479
34964
313952
301170
401913
351690
167521
58745
143171
171033
261729
261063
132378
147218
145972
85100
160675
80891
274145
141727
373009
81852
193301
35297
151984
170996
157742
87553
185222
35132
316933
379943
223045
609573
367698
356547
227546
336932
316317
367190
128557
178084
74796
346543
345484
120709
72120
111473
166848
548642
449501
306962
500713
46507
207529
137764
65236
112588
572523
377000
677487
173178
383290
291190
353332
35760
333833
169234
325026
433186
432310
274964
670180
153839
244939
196425
182572
231313
239069
345932
112707
124306
1003610
432134
1030463
101385
37882
164888
154115
151333
259291
208325
74346
201130
32282
101739
202578
182257
113137
309193
136441
257237
219739
39188
406352
241410
132997
155484
246081
153192
74273
33031
122017
400764
419030
173769
139000
357629
448017
238295
149213
433561
87582
74720
200648
333065
356901
253436
234360
86133
56993
324989
233444
534261
254853
385143
238634
38309
440383
156530
487069
132211
80623
283076
339528
261374
61296
360782
143216
385250
454593
568898
366253
177820
404152
217370
110049
142971
179463
185065
433832
287289
493356
97754
48276
107502
57014
473732
234515
188868
679199
426670
96336
186266
139638
97225
160785
68259
149460
105309
247010
426427
532107
204712
140086
82508
355174
76651
135058
35960
198753
110002
206918
77054
64076
210634
63597
273496
159231
192907
435134
141232
348793
163907
248412
158906
284848
81734
35828
108874
311950
140781
34959
142730
466840
55534
321735
316669
254537
120588
98033
470635
57305
171062
182878
207571
262544
172148
76502
145406
294405
103195
371225
124454
139866
287360
47469
79933
426381
181056
43411
583912
229616
336598
26498
47468
404926
156693
536498
228498
374385
143281
275413
166369
1206980
597526
187677
84696
98094
1396900
572715
282283
354828
161426
101717
98545
116098
35255
125993
30908
58994
394880
580892
