36413
31731
16946
18448
19247
15600
23741
29757
19831
16769
15426
16120
15412
32114
15536
10863
26843
17107
14371
16996
15664
17396
12634
23204
19882
15565
16223
18658
21743
19292
11743
14897
14686
13347
17263
13296
12993
19297
17724
15863
23328
14113
15389
19905
15028
13462
15301
15420
17442
14971
12565
14089
15418
17300
23085
15132
20135
13085
47372
30625
528002
12633
529008
52141
14524
925236
14411
13215
599290
13728
12677
848102
14380
14237
710262
14446
14031
181316
19093
814572
13650
20071
17896
654606
34344
60713
19909
35779
845918
16676
14125
13283
15633
2206342
71023
128054
12869
12950
12313
16195
1350737
13648
157981
14137
469268
611523
151915
17279
14107
16499
890770
85718
593017
714214
153437
193921
18688
15484
696272
49124
182628
17636
266385
554720
12908
423870
18244
224503
15804
18797
512940
35307
21283
14853
14571
17489
14707
13400
22746
2266401
15657
322167
14513
702227
15624
13922
619384
421632
42567
58704
13829
203184
14992
181916
26909
562013
186942
21350
425720
16236
20294
970969
20995
17287
46987
647457
138660
198338
63251
14983
13543
820802
73027
20719
146567
340051
152626
313223
70525
12043
13469
13025
958910
12262
1188839
267057
60534
18262
311668
209775
221862
14874
12965
17470
14802
942869
423595
16152
180549
118342
86225
15313
485865
214372
175140
115111
20254
148108
381913
14249
348059
16354
18636
17689
760707
20661
19530
554605
14896
155709
15389
20679
14470
14315
14854
2059283
209698
243627
14754
490237
16770
186508
17758
14267
18493
16290
695504
14417
17724
483419
16393
15307
16869
755381
155838
137336
13682
15147
598263
16366
71012
124910
20439
120532
219022
102656
74344
21671
175216
14740
223551
15102
266887
157174
86013
282978
300810
13908
15266
1225149
21883
16192
14169
18101
1638437
155821
16709
16268
20921
12451
16259
22083
357961
41859
44176
15023
618019
19173
15625
119991
36619
465285
13355
199441
427818
93782
15288
418735
226715
14269
223178
244102
441161
48952
228322
124543
22716
69675
65084
65972
16765
718897
17074
31332
508189
57152
131167
16095
13798
13393
15640
12573
538003
14945
729644
16195
17626
607481
860982
390831
12151
295512
15576
33293
506157
23207
13236
25344
1360790
69863
15475
443967
22973
67004
127902
97989
15352
28152
687381
14404
752494
11936
13406
16416
17904
1152900
14696
20106
310972
145096
13468
55334
2417057
2622702
2862732
2990283
2865264
2623547
2761409
3395576
3341386
3276344
3122017
2972603
6980246
4593364
5689683
5898009
6066223
5411606
5414354
10866368
5694532
6173845
5537288
11615749
7453377
7436549
12194627
7223877
6589096
6599706
11979069
7533460
6865008
5860989
5133644
12215076
5475932
12802403
4655035
4546239
4604397
4926722
13843106
5107633
5314523
13925172
5627994
14606228
6110757
6137506
6355990
6281702
15686474
6569069
5992614
6292523
15569789
6530617
5831809
15227660
5732223
6006865
5918015
16013812
5933668
6129114
16063628
6636223
16168559
7228290
7277611
16806469
7175768
16742027
7066134
6648692
7286540
18674263
8025878
7968198
7767989
19656666
9207387
20388856
19101398
10391438
19421521
19263958
19170741
11404801
19982023
11840679
20256622
11951320
21191866
10404939
21554602
21497475
21672822
11345406
21382004
11223563
12247035
22715177
12298646
12851844
12727276
12855985
23437963
12452789
11454066
23215132
11491263
23548550
11838856
23475199
23641909
23870296
12742774
12235504
13365436
26212165
14312781
13238459
13032088
28537269
14074869
28754200
13635503
27531351
27643376
14606606
27338261
27064374
15672584
15563378
27684697
15596475
27478573
27793404
28624484
28926059
29466805
17671172
29234926
18469814
18165652
29832203
18377489
18584101
18957182
17470112
31959198
16898152
16727886
32116701
32502362
17664994
32242652
18018245
17946070
17984505
17978306
32920330
18129590
18348512
16968385
16949196
17096716
34280165
17536201
33835875
17691405
18448344
35006325
34927724
19281341
35021852
35267083
34731400
34921314
20131508
19477357
35902958
35233199
20100136
20334781
35887198
35808419
36598677
22376721
37324564
37338495
37378896
23124433
37962999
38159669
22969945
38254843
38521396
38514240
37630259
23592749
37843027
38825948
25031219
39097935
38976935
38939549
26417802
27058343
26582370
26308524
42481521
26523409
44003097
42300507
28347461
28300463
28019281
27691771
44718250
27483600
28283307
45055573
28422324
45520269
45170596
28498683
28222180
28614827
46408386
29158677
47370455
47789395
29023463
48080454
29752376
29113735
48381061
46974529
29063305
46380274
46683053
29715717
30076503
47463158
31015908
30901414
30958087
31228408
31022509
31095258
49305319
30668508
49427064
31786269
31866579
51003272
32418256
32346172
32324360
30275910
30296113
29246954
52925307
28995797
28861923
54212908
30463092
30355610
55399302
30824774
31507367
31061610
56523689
31066447
56823450
31343565
57232275
31837642
30906284
31232080
58452121
31427332
30330865
29917993
30040891
29826650
59931810
29445177
29466375
29625499
30035918
29361432
29741826
60911545
29514064
61269985
29646904
61564949
30051608
60029333
30894987
60899434
31196909
31790728
31912656
62078219
62703062
63207640
33501774
33846018
33767737
34164950
64945306
33876249
34092341
34212809
34268370
66193718
34949785
35101625
35385432
67211712
36317182
67840068
36523651
37153641
37200236
70012168
38230316
38321990
38265490
70339980
70144291
70409636
38929030
70698990
70665293
70641136
39023160
70975888
38869908
37954018
37196119
72316783
72171515
38017304
38572518
37709988
37969951
37437517
37679093
73219813
38258964
72995264
38549742
38830534
38591752
37567059
72921068
37736912
37890107
73405631
38129446
38028334
73678998
38155396
38182951
38230193
74308203
38261050
38654116
38366530
74924429
74849091
38031368
37672135
76625862
76394677
39463843
37853097
76763260
37417448
37093887
37080626
36901653
77536560
77202711
76427549
37471297
36463112
76641069
36995369
77151129
77218520
77394676
77753790
76606132
38526307
77094285
77286594
77255164
39606219
76466288
76394721
76476650
76762176
76637999
41173990
77453133
41431879
41393063
41475199
78624992
42201900
77668871
77423358
77670121
42861958
78139820
43617047
78472555
43924315
78731919
79065142
79186470
79662926
45287896
78883806
79551410
46525246
79334492
46801192
45969102
78532093
45914838
45950421
45868507
78302421
46060656
45469158
45766268
45766166
45713645
79472514
45616486
45777647
80372008
46035815
80280301
79214316
46086516
79313966
79301967
78317742
46663900
47460679
79411555
79472272
46912043
47063968
79966284
45945914
80049553
46099010
45019566
45175348
80829317
45347771
80836245
45719139
81520317
46161927
45617464
45670038
81560453
46059275
46149915
46501492
81777093
81938279
81879830
47263723
47320209
82769817
46533134
46905289
83852241
47313474
47690424
47767264
48562008
48653953
49464410
87054351
50237940
50697527
88577444
50886944
87652335
50863520
50893024
88646656
88452373
87935857
52141928
88108722
52564341
52215877
51836553
50766488
50234417
50247613
89287731
50530904
50626546
50771823
90258715
50640194
90518861
49951712
50093207
49270875
90735426
49775227
91151021
50265187
50184406
91998265
49938546
49628668
91439612
49490525
91024491
90556418
50064214
91214924
50956931
51315253
51603637
51582917
51678773
51715191
51795452
51907722
52420665
94884591
95033582
52230428
94547488
94483818
52766967
95056526
52839721
95085606
52930930
95366271
53208983
53175363
96187569
53375548
96521838
52878015
53545755
97722032
54413931
98825520
55136540
55812725
55863639
99021039
98400670
98471526
97991020
56236258
98486879
56519663
57186087
57160051
99367701
57278114
57420524
99945836
100600737
58580908
58027988
101017746
58039287
57752936
57440690
57635601
102616025
103398232
103690914
58656593
102750097
59517762
58753349
103896023
103788150
103622170
103934660
59860191
60170512
103726754
60489484
60852380
60903098
104548026
104601023
104025221
103614933
103759783
61621426
103427154
103436192
103552744
103705763
103881690
62567614
104454842
104461014
63308004
63268439
63434013
63333577
106493105
63254037
63142202
63714755
63819005
64538623
65629145
65669036
66064408
66164129
66120127
112714579
67734276
67795393
67873226
67915523
68399522
68739986
70080230
70952218
72452473
119692272
73112541
73548064
73684715
120842500
73666430
73026984
72773544
72899531
72476987
72963260
73333708
73433196
73635397
72964949
72746725
72921620
124969142
73622873
73558828
73107670
73174641
73691077
73924819
73791874
73208744
73265116
73468280
73471226
73712599
73767047
73824450
73653812
74104601
74663514
74200942
74053792
132104310
74240533
74626975
75980415
76403314
135301713
135905612
162024426
162050653
161635835
161109628
104226717
160449371
104155445
161004664
104035808
104066426
104028940
160675353
103653078
103724098
103385413
160947548
161017356
159786701
103846353
103679143
160162133
103525236
160084793
103327000
103092173
160276583
102603789
102548894
101855960
101764555
160741797
101399808
101304871
160991707
160914502
100685420
100671189
100660578
100200264
159419057
100315717
159507363
100411235
100317890
158681885
158771033
100264714
100443495
159053287
100351227
98958720
158882705
98813610
98576056
159742339
97859607
159529736
97816126
97808956
158900629
157800857
157430556
97989201
157359066
97280484
97460597
96649283
157912811
96485656
157121844
95688774
156943217
95609198
95040376
94983300
92957251
92270390
92264165
157187183
157082857
92213834
91946116
91753652
156846999
156321487
155468627
92004209
155668895
92115894
92387468
92211274
155941551
92114192
155848173
91456294
155457990
155480127
155838427
92085276
92120216
155845688
92306651
91790536
91813847
156105556
156027112
155913613
156006454
156337224
92874370
91923136
92223457
92143947
156229793
155746123
92263305
156295050
156142616
155268406
154302340
154234612
154256739
93328714
153670395
92901309
92499120
91889304
154124222
154254345
154420413
154038295
92519610
153440302
92314459
92396521
153959860
154167630
153962984
92005112
92045563
91936472
91079813
154267315
91234423
91635838
154954800
91414752
154947825
154999835
155005779
91634517
154653185
91774289
90871736
154623198
90720629
90444828
154414005
152771194
90710329
90707510
91041565
153446376
153392452
91564111
153706147
153734811
91919098
153798317
153789823
153481555
153453436
92276882
92038345
91427341
153837668
91730016
153895604
153831618
91960740
92299225
91864606
153809614
91909087
91873320
153865205
91278430
91236888
153614115
153401753
153845469
92258785
153937931
92099347
91993414
154273076
154213649
91707914
91742521
155200319
93007737
153368646
153554401
153305438
92840782
92099489
91866627
154046851
154554954
154475178
93193628
92260412
91490221
154884135
154833282
92059360
154962491
91885918
91503798
155447310
155410404
92143933
92136728
155971175
91914201
92350915
156354170
157097115
93357076
92901916
157460676
157666005
157594943
92475552
92062446
157542039
92251463
92175512
92125379
158783316
157839491
157640460
92791953
158036048
157907799
157864825
92447140
157325412
156591259
156522766
155928183
92921025
92387593
92524511
92348878
92126808
156683942
156447900
156491391
156293544
92174260
92018440
156287046
92324060
156528175
156091549
156161015
156213019
92666445
156102363
154741346
92883616
154124630
153986731
92002080
153908885
153864699
153545106
153619139
91986313
153709633
92073157
154484745
154180537
91446409
152972877
152655955
152555776
152295399
91873314
91801360
152553901
92202540
152632518
152592226
153740308
153331160
93859526
154203605
154453510
154432938
95376777
95402408
95173578
155375468
95464058
155676056
155614563
155449199
95930704
95815047
155634088
155512128
95846623
95981530
156056648
154748165
96356827
155331827
96287407
96562107
154521900
95542646
95036679
154650922
154819488
95309583
94951157
154693705
153732951
93940664
153737794
153921396
153814416
94145783
93011256
153947928
93145670
92923897
93313848
154973793
93748625
92460934
92257588
92211902
155645793
154761828
154509043
92445009
92672885
92830878
155240368
154324886
92062851
92109378
154495316
154549261
91670589
154229193
154334568
91453160
91559853
153961979
153546910
91610313
153658998
153825877
92318017
153885413
154222110
92714962
153353954
152725011
92855694
92994587
152895783
152404689
93040270
92965027
92939520
152430951
153225430
152367082
151909170
93142453
151436300
151832990
151535797
152038559
152151506
94069396
93985486
152733807
94769146
153484736
153700192
96160711
96163075
153909359
153706384
96322974
153607830
153426417
96690375
153014951
152803032
151583557
151633294
97830362
97722063
98225921
152435556
152607090
98856404
152834704
98867515
98022558
97340396
96785322
153609889
96731942
153210251
96269868
153092773
152443171
152376685
96473234
96291149
151935865
95985034
152148544
95972499
95821832
152211781
94583050
93501670
92443359
91622730
91427191
90545069
152679514
90167408
89288612
89257893
151980814
151568638
151168888
150928998
151113225
89922217
87370909
86242345
86147897
150689391
86198336
86582189
86350017
86403269
85644178
151679951
151058513
151294486
85900088
151016830
85815409
150732066
85093132
150174003
85171591
150415583
84655828
150769708
84486800
150487426
84263588
84221568
84236268
150867501
149475615
148957725
85529357
148794704
85843134
85639852
85525099
84910473
85300169
85140711
84913890
150273039
150304542
85187394
85116019
85020583
150864976
85198280
85320659
85991115
86008632
151781036
86090753
86498438
86549502
152160196
151113442
86960090
151299793
87004335
86901688
86928950
85917534
151141593
151020539
86147150
151416674
86299790
151504632
151289555
86427095
86862324
86646361
151610072
86389336
151505068
151488898
149671804
149784239
86940827
150216950
87365675
150207940
149698461
149424643
87961760
87999837
150140561
150033229
150075681
87654903
149532233
149468858
149505917
88599844
149946587
88873270
150325215
88943470
149401815
89276286
148182622
89334328
148671969
89615205
148782155
89789446
148854401
90071384
90134329
148836145
149267905
91036760
149776753
149649194
149434138
91401578
91722476
91492376
91162895
150517725
90858377
90950009
90875004
91046395
151042179
150893367
150907436
90855848
90972149
90512692
90394306
151414794
90750553
151672772
152100993
133474591
90078635
133606836
133907115
90396662
134350683
134659299
91162921
91546407
91265165
135874260
135945070
136255238
90920450
136606708
136769052
90798322
90727917
136935663
90678354
136951367
137945754
137960817
91171271
138246802
90867845
90717333
89773519
138537662
89665723
89705672
139124595
90220955
90079770
89620524
89349014
89169740
89126132
140515825
89636398
90211183
90638037
91199217
91088150
90904796
143643337
90414403
89857664
89448095
89961928
144424174
89783026
144607762
144754579
144768619
144795554
90390122
90197635
145720657
146053629
146161562
90482998
90265169
146743533
90421991
90638823
147046182
90387620
90563754
147550227
147691225
147751035
89558274
147944010
89698230
89223179
89575791
89701768
88524015
149333041
149503499
149637972
149638983
88123517
150324514
88497940
150254455
88576763
87359409
149897212
149934741
149313829
87737622
87771015
87120381
149605008
149846214
87706632
87687143
149975224
87011939
149626936
87045175
86406856
86124783
84680812
84808083
84815734
84929080
150842860
150743699
85198870
151216804
85478275
85267331
84663428
152000078
151149620
83953973
83496545
150669424
83488856
151048401
83777036
150764106
151255568
85091113
85373612
85157468
152433969
85255063
152178518
84816803
84739966
152557349
151944871
151782356
151780857
151875624
151388046
151390486
85341854
151942277
85442465
85035964
151797731
151788213
85132086
84888292
84442869
84308082
152960018
153087313
84334040
82298437
152796479
153025849
82067288
81979428
82174717
153038278
81768444
81595187
81504006
153481327
153409768
152963806
81694375
152364803
152554935
82308899
82119632
151982028
82124219
151917602
82085011
82463467
151977895
82620639
151920111
82310066
152382131
152630265
152638754
152282259
152538193
83776832
83690807
83858809
84568465
84447045
154207308
153334481
152910300
85316021
84715568
152748688
84196233
84612601
84549853
84906244
84911084
154149510
152612615
85570417
151942474
152481797
86041118
152837882
86859699
153124256
152737346
87874545
87517693
153501612
87475235
153436724
153341446
87477516
152771008
152657399
153066179
153208991
88040949
153007137
87901753
86982033
86963499
153569805
87283365
153229353
87188268
87110009
87151705
153066332
152600276
152657126
86569491
84951931
85005902
84637651
153351033
83402960
83526560
83508756
153187497
152951345
83433976
152874973
82555636
152726862
82691194
82188831
81542253
153235871
153295286
81920641
81839161
81800543
81379946
153323593
153361228
152485489
152230081
152265194
151447723
151176275
151207620
82592489
83214260
82995392
83270115
83179087
83307214
83716025
154011667
84031235
154097133
84435001
154193517
84997826
85350143
154872230
85904313
85981708
85879013
154753995
85802418
155255034
85932313
85219046
85201100
155141702
155005213
85143205
85340949
155486005
156093715
86670274
86036786
86127398
156944246
156854491
86760015
86679713
156402906
86539481
86566225
86677054
157351812
157081058
157003346
156510713
86921185
86994725
86774941
157215216
86606173
86535680
156428167
156371644
86653206
156108169
85462451
85033920
85712379
85723085
85905517
85448936
85492170
157755380
157427983
156628781
86017087
156906191
156319407
156602125
86154045
85754724
156632329
85840753
85697884
85501182
84746747
84531041
84594922
157348179
157641044
84657898
84653498
157617550
84427795
84231987
158458422
84808789
84842440
157991648
158021366
157821701
85352518
84920251
157964237
157783353
157108681
157235931
157030957
85300767
85264684
156591946
156330774
155889726
155873294
156172401
86449747
156718502
87190397
156728860
87268365
157328325
157603220
87564754
87196066
86185952
156754876
157360589
157362135
157361333
157039052
87315047
86882176
157422323
86091554
85616399
85404355
85116417
157952636
158100169
157761887
157669682
158094287
157799010
87340415
87111709
157753582
157398229
156888262
156672162
156681912
87732900
155945794
87462668
156069204
154931365
87746111
155046987
154913228
154617285
153878858
87656902
87589825
87138875
154075227
154478357
154168097
154228502
88219023
154236519
88293013
87976083
88912404
89034721
88915621
88185636
87936347
155930242
155881383
155042629
88945572
154100746
153280306
88825810
88514372
87603553
87293748
86303063
153122867
86027612
85660145
153517727
85902065
85724537
85746050
154221461
154367022
86381110
153241509
153342856
85862592
154219712
153743976
153713388
154279718
88694811
88791927
155897208
89058674
88777747
156297917
156201585
89257805
157069658
89181846
89342404
89395255
156997668
156914303
156797949
89862285
157057879
90257729
90152594
89558374
157702432
157396069
157625258
89407281
88979208
88140047
88980413
158837095
88868225
158856232
158676214
89098659
89154205
89152552
88779879
88991077
159399617
88290205
88742428
88046016
160151031
88433965
160791734
160577650
161008614
89467184
161951625
162028292
90041832
90373281
162297292
90221812
161667197
89946572
89442046
89431896
161820072
161557923
161199061
161187788
89169121
161461165
160979614
160839199
89693783
160997984
89637169
89009965
88864129
88868633
88869111
160355311
88579524
88842228
160678400
88943175
159998158
88614576
88748100
160181943
160292946
158970111
158882952
158417320
89146095
158501231
89095290
158141474
158153291
157756339
89270465
89163723
158128325
157567725
89413513
157303469
157150778
157002525
157009785
157259162
157297889
90305075
89941063
89768526
89246247
157538598
157763573
157483220
89448851
156605384
89522172
156086645
89404964
89485769
89589426
156647937
90072814
89881031
157284091
88581067
88097195
88159702
87979740
156088275
88679260
88320846
156966990
156809505
88148471
156823646
156643214
87831741
157039412
156867337
157158299
156819751
88940783
157011343
89142925
157463131
89677415
157473329
89560251
90235267
158016963
90167778
158660771
158652025
90913276
89386670
89726922
89381211
159614910
159404057
158617857
89779061
158819322
158765001
158602618
158501775
158409157
158433556
158590259
158002917
91403656
158207033
92560295
158499687
158095782
92507048
91792126
91507807
91384986
90920265
90586104
158397188
90511589
90680237
89339378
89440791
158962933
158927337
89275592
88523174
158652439
158777115
158615593
88916897
158843406
88080859
157744062
88628066
88588385
157458810
88154280
157482270
88810622
88640558
88289354
157781962
157683871
88034883
158054815
87617606
158685646
159279290
87116610
159312574
86587580
86547047
160336661
160226899
86922507
159644628
158918774
158956155
87021074
159030571
87025021
160120739
86791691
160105100
159651980
87287824
87257212
86789814
159321519
159973807
159892069
88879735
88925947
160807300
161029727
89567008
89417122
161524652
161585311
161190890
89952565
90169369
161445313
90340116
161114404
90249464
90258182
90196819
89899309
89593465
161389198
89484675
160724223
160561099
158888246
158989463
158163018
89811978
90016456
157377550
157059213
90152255
156969136
90315869
90612866
156947315
156715103
156909754
90999522
89803900
156738700
156810612
89675123
156917223
156044923
155904480
156589526
156292156
155995953
155633174
90760087
156098831
90896761
156123973
90888665
90881433
90268920
89944977
89748051
156575138
89031721
89014671
156174498
89173292
89012712
156819725
156888033
156997536
89565403
89259790
157225733
89252166
157296817
89311554
156319570
156023225
89442440
156184395
156148341
155677541
90235732
156192446
90640144
156649791
89427265
157522229
157200000
90838596
90841601
90440268
157120375
91145837
90804670
158095050
90805354
90709390
158392495
157845166
91216814
157835645
157652071
91254133
157872841
157074030
91534352
91128046
91191993
157073117
156628479
91309350
156562561
156683243
156631953
156244229
91981878
156233009
155256488
155330584
155146324
155002938
93360517
92937041
93084736
156162785
156126371
94236230
157400812
94269269
94195500
156631159
157141664
157110076
156901210
156576423
95039150
155673392
94797850
94906700
153003750
95444941
152995684
153025391
95758194
96189667
96501112
153886656
96926567
96949009
154764148
96753157
154862931
96937751
96779444
154588628
97063291
154672232
96593134
154616071
154079310
96920481
96397974
154377835
154235463
97019069
154406211
96788981
96666955
154644867
154511230
95161313
94575350
153894097
153797055
153734143
153746639
95220368
153765113
94447103
153902816
153657598
153604494
94699502
154221348
153911467
95561660
153792248
94570675
153815876
153936905
152771270
153516550
96512359
153705344
96650512
153114887
153146331
97983741
154816590
154487273
154439936
98642840
98619069
96774395
154543311
97114235
96331326
96341339
153597902
96110345
95188064
94904875
95106690
154019868
93900243
94919497
154929935
154984377
155583919
96057015
155683034
156161991
96014882
156576770
96225241
156950205
96846212
97123568
98050955
97016394
96989351
96876250
158401033
158230510
97683663
158616484
157581967
157948364
157192828
156973941
155722879
98931225
155812419
99513983
99382302
99373674
99260645
156731761
99272424
156533549
156336722
156584783
100232215
156436862
156066001
155833079
155859032
155417059
155238990
100639262
155462293
155811656
100714387
155740757
98167696
98484358
98199292
155050474
99106054
155692139
98812551
155550292
155203184
98392550
98091415
153114163
98202974
98111487
98273791
98201413
154488573
154451215
98489728
154157352
97827900
153655231
98203883
98271739
97919656
97891460
153539633
153240879
98200175
98420623
153064141
98866540
98868235
98461228
98650219
153663072
98128566
153885626
98434090
153918926
153984340
153671394
99017267
97570555
96954043
96718859
97118350
97032647
155038152
155214057
97656351
154341193
154307033
154130026
98462305
98476425
155079370
155123396
98161709
98128113
98345939
154494455
154165927
154229161
98649575
153775479
153737858
153221727
153016010
99029746
98899744
99015975
153252459
99014493
153182323
153105758
99261148
153501731
153635850
99596947
99522036
153969911
153879458
154002201
99963558
151991202
100293913
152238384
152036323
150360999
100860000
150469529
150114457
101059820
150028479
150270675
149518930
148811721
101244980
147866374
100421158
100473901
147898208
100314336
100555219
147848680
100260938
99905697
147396875
99906743
147242811
147577607
147931843
147598520
147662185
147669972
148057227
146478163
102535845
102464227
146663572
102470314
147081618
146742570
147261339
103030813
147104289
147264701
103321788
147139058
104048555
147464370
147255403
146410387
146588165
146506834
146451624
105379193
146492898
146470013
146364997
105740953
104903982
146419306
146576319
105845706
146748681
105347598
105479934
104778515
147454694
104436779
104301513
148669639
104519042
149275035
149124922
148571867
148379151
147591299
147443819
147331587
106778304
147946108
106918342
106035615
106033210
148190918
105734965
105913727
148540483
106064594
149456250
149090962
148537489
148426455
148431143
105471830
148551353
148200661
104835360
104384253
148305323
148282672
105301977
105388188
105421501
148912649
149315093
106222267
106354874
106221615
106104058
149938004
149837731
106395309
106388262
106066315
106206506
106402246
151206027
106489026
151269123
151404297
106217808
150740920
106382318
106355344
106056946
105878141
106079097
151721550
151834903
151752923
151353240
106406645
106052926
151329710
105011449
151472774
104754782
105181398
152402384
104716622
152016549
104592907
103820732
103400094
149993384
103192497
150285240
150252967
150298532
150361605
103518989
103514803
101357265
101341224
150398479
150289715
149570581
101158570
149183036
100993729
100414300
149391221
100350234
100409465
150274850
100686101
100609568
100924906
100656703
150173342
101064876
101123807
151130204
101137211
151050277
150298950
148799409
101088299
148344949
101023555
148835008
100771393
147819522
100518232
147622891
147632682
147645403
100970169
100873657
147652782
100356004
99445395
147333652
99495533
147525643
99369117
147613992
147049721
100341427
100431560
100412322
100230111
100149377
99825228
147915153
99505669
99639307
148347223
147576572
146661501
99676013
145928387
146040512
145576595
144665557
144550504
144319279
144231510
100707178
100503815
144588438
144560412
100703867
144949333
145000058
145113387
101311258
100552584
145471509
100215892
145682863
145629889
100358643
98794951
98739227
145369821
98965576
145013669
98284976
98309720
98740668
145645960
145195121
145103584
145136924
145227906
99786107
146040135
146044675
99133056
146385939
146563296
99337588
146987806
147417707
147458608
147764963
147867964
147870729
101369022
101496640
101828786
101509252
149174824
148930890
149156355
101455428
148857795
100334958
148849525
100128962
100584139
149684023
99394457
99127083
99122826
149754271
149614127
98326983
149391383
149236032
149284739
99068361
99029904
98543812
98024667
97801036
97628324
149196742
97555691
149123811
148992539
97641175
97856158
97646377
97642438
97272140
150323230
150148037
150006416
97942276
97894031
150191082
97993068
150731377
97856887
150463114
97823751
150714201
98828494
99131563
98898632
151393148
98429512
151002799
98614939
150610561
98892802
98056217
151312573
98281702
150342418
150280494
96393580
96067769
150747504
95370981
94991103
151562164
151997114
152634132
96604381
152525704
153041618
96781519
96336251
96297491
152249396
152033085
96545287
96466853
96378067
152247597
96996187
96802169
96821542
152175732
95874623
94752865
151580482
151678753
151284602
151682009
95266835
151865518
151880066
95307310
151913217
94772270
152173075
94689983
93800377
152135296
94221466
94248768
94258567
152010936
152062247
151749242
93792986
150861666
150794507
93018749
150529547
92523644
150255330
149747741
149706206
93284508
93278333
92987895
93112562
149534361
149684305
149528890
149434244
92628627
91470249
90797094
150041025
150088931
148859330
148733714
91067296
90685778
148734785
90807232
90090133
89841681
89788500
148467192
90202332
90817180
90276189
89571369
149085944
90553931
90348588
90354414
90184974
90345834
150602593
149672906
90170568
90313054
149880716
90264612
89983697
89586056
149698079
149336910
89720240
89806556
89563848
89676996
150051894
149610115
89780021
88837341
89010601
149694650
149262955
89425685
89482967
89581960
150517818
150592535
89851444
89437984
150878339
88848580
89156580
151439352
151287476
151202904
89696894
151310439
89889445
151428666
89880426
89306299
151668442
89453698
90263084
152559022
152334049
152138069
90266049
90106650
89818379
89282067
89220037
152521350
88655052
88442961
87824098
152999816
89215187
88840907
154796606
88773283
88818982
155171796
154760475
155125064
89537693
89452072
155284836
155231623
154699585
155330735
154908178
154615957
153751738
153915564
154279280
92985821
93012348
93196954
156187766
156020790
91003438
156302158
91145640
156827592
91265521
90357540
89929169
156455632
89332840
156705384
88172129
88549344
157900014
88913531
88126805
157851981
88401694
157501233
88130192
156239163
156054429
155528604
88219351
87608433
87348814
155264994
154978628
87269499
154806350
84656762
84503572
84422194
84489608
154893360
85422587
155792695
85263674
84946784
156685188
156662824
156438667
85102591
84616775
157071358
157224263
157319815
85936629
84972595
157730098
85049685
157894732
157788766
157607724
85528286
84794099
84747145
84715131
84711759
84424928
84405407
158297908
158359058
85004862
85112619
84447578
159075726
84365535
84098523
84037894
84150099
83734879
84069063
158577867
83886533
82843629
82944176
158795597
83330492
82926038
82456384
158247289
158275739
157805819
157752446
82804491
82940103
158100633
83052679
83087573
158151133
157874446
157503689
83364656
157122777
83343383
83434906
83646996
83798535
158122988
83721482
157320725
156637259
83798347
156742254
156430829
84527278
84625153
156799063
84168118
84748761
157988642
84992825
84579371
158457841
84937368
84689571
84572120
84650038
158966780
158682453
84591970
158393308
158126254
158078312
84118610
157387212
84236275
84315736
83514203
83516575
158291091
158230581
84241013
158444927
84223633
83729028
83920902
158491039
83294869
83731290
83773595
84859044
160449139
160405506
160362582
159654229
85112183
85007921
84934428
84807155
160574759
160308163
84685906
160184185
83811968
160182615
84313292
160361679
159648588
84216143
158926058
83726867
83607035
83289144
159128859
83290181
83356943
83398749
83124784
159978825
83399472
158835724
83641998
83125020
159233973
82187738
81820834
159411031
158645813
158262668
157636109
81902488
156738501
79730925
156769732
156228564
156206259
80087648
155641857
155292862
79912034
79989937
79365821
79247219
155611082
79295058
79423703
154433849
79450852
154771375
79789480
79853756
79228400
78231219
78161393
78079202
78222545
78150145
155217515
155667997
79105694
156409196
79581748
79307871
156622874
156447212
78991070
156487638
156109469
79369296
79374764
155389463
79494689
78898597
78671044
79063089
78594536
78167460
77492374
77225146
157537216
77636361
77176477
76706042
157738160
76141240
76376759
75961137
157385409
157133419
75976529
76248335
75937209
76273901
75051687
74393757
159276617
158979473
74723582
74770051
158847210
74622903
159348955
75102210
159946115
159409062
75596679
159234186
159567215
158720075
76215471
76446427
76258921
76204323
158765746
158597811
76430016
158681129
158525727
157022822
156964445
156633847
75407629
75184787
156982521
75392206
156274071
156135715
155327978
75543142
75511952
75488949
75402950
75591388
155496090
155536518
76004005
156387838
156362480
156549830
155027220
155076110
77709011
155429378
77870986
156443022
78064958
78215241
156625591
155624770
78303357
78083840
156448310
77970136
78101302
156588178
78546031
77865673
77951376
157120216
157711159
79251221
79008850
157710943
157591702
79015606
157611071
79235650
158051814
78948348
78157920
157602092
157477315
78389179
157764259
157650545
157810628
157599924
79802630
78926706
79023172
79165586
79020876
78761222
158949695
78819468
79141505
78678358
159436022
78722511
78677383
78900078
159218030
158541304
79114402
158847070
79090900
158996597
158652232
158836133
158901158
79702264
159513998
159445317
159454303
80110048
80363437
80371011
159849447
159691207
159602650
80493088
80533431
80058358
160144667
160667124
160473563
80748534
80693276
160337605
80556967
80026468
159754639
159958115
160144085
159482499
159334032
79840066
79689515
159584631
158934832
79705849
158994153
158476202
158627002
80941835
159283606
158769903
80698025
158484506
158748912
80643387
80571843
159232936
80730039
159171167
80956790
159288530
81025266
81088533
81006077
80863080
159856760
80975487
80330743
161022368
80993752
161786290
161826679
161837755
162249149
82272948
82338996
81683899
161831896
81564871
160820883
159636208
159037032
159156364
159232068
78777415
159338649
159133736
78917633
159511591
79271810
159787860
158684200
79340587
158445356
79224439
158162636
157720699
79471848
79502222
158114972
158116399
157970444
79916719
157961001
158348532
80735128
158685270
80863398
80072627
79777171
80021110
79891591
79843140
79370703
159215095
159215889
79822135
158694871
79640697
79547129
79314260
158727052
79288036
79666644
80370811
79594459
159609207
79958955
160147985
80547278
79099591
159337592
159310132
79350240
77836647
159386196
77964618
78141707
159729743
77729422
158890303
158818646
158726217
78102218
77875492
78024718
158818457
158460110
78188091
78053831
77909558
77478037
77352003
158608855
77488310
77499500
158184714
158739797
78454794
78419502
158740755
158697757
158738147
79106183
79491953
79179292
79424220
79684139
160269282
79860359
160349928
160511884
160261414
160255619
160170623
159806845
159351749
158718986
81013923
157968233
81498882
81601073
158791079
158907798
81640434
159164779
81809570
160074245
159643616
159587729
159207243
159298407
159298600
159786658
159225681
159186774
158946995
84142576
84371370
83844241
158939733
83702237
158041731
157892894
157889506
157852868
158358651
84916664
84658660
158948155
159072344
85718667
85849447
160208384
85995569
160700624
85282428
84971294
85411565
84673829
84926592
162087760
162210060
85171761
84826445
84712078
161999982
84791850
84329308
84196852
84555167
162816072
163132853
163191040
85616098
87142311
164953896
87528968
164701209
87588402
164509347
87008989
164513816
164710743
88005841
164922689
164107084
164179770
163953584
88352605
88132966
164672985
88270104
164761411
87854497
88091537
87395294
164893949
164824303
87477550
164865915
164799874
87704267
87514455
164567238
163878630
163840400
163547098
88171279
163767813
88252033
88504653
164800568
88443211
163486288
88349499
88183738
163942971
88652758
164115509
164217750
89680633
164616096
89640489
89615801
164293234
164111861
164004799
163586841
90296956
90623013
164007585
163729698
90512670
90831398
90733140
164003850
90998496
90907171
163901873
90704529
90437115
90001739
90174768
164784793
90228477
90395263
163984225
163643269
90492242
90741231
90018337
89864235
164516308
163966930
89718262
163695698
90190441
164217487
90565083
163666524
162507058
162115808
91210454
91286107
91481621
162389122
91396683
91398102
161739221
90556640
89651449
161947032
161921612
89847356
90134140
89876767
162332189
90040141
161367708
89843398
160987487
89646086
160614409
160443197
160135177
90334609
160229874
160234416
160104929
90134273
90146687
90246926
159716233
159548552
159674988
159788002
158945123
158817940
158804693
91514967
91299974
90879193
159003277
159176972
91783086
159302290
91999611
92300426
92473624
160099390
159991797
92840960
160166927
159989076
92745034
92727096
160451656
92572615
160456694
92232417
160481357
92169740
92279363
160789479
160561842
92277244
159558797
92515507
92399064
159875984
160006376
92090381
160220767
159853861
92462950
91224827
91249814
91327524
91198369
90986987
91307811
91249350
162040780
162094277
162003991
162213770
161467301
92061002
92806555
92953670
92539082
92563841
162021860
93213467
160950922
161202994
160636231
93041103
91441288
161095629
91540491
90647866
161532463
160866956
91085069
161185017
160811096
90968662
160766673
159763936
159770132
91414382
91121558
159500033
91143361
159368396
159681774
159283043
91804650
