792922
243129
193672
1012563
1075482
577793
990470
1070921
282616
1535724
1418981
720281
179267
169808
578942
395983
300068
370688
287068
341327
338815
230810
572833
515313
105554
455015
194480
19531
209084
267499
400787
355433
18905
856636
29382
117524
1126806
166483
1190645
492802
772463
149085
151967
330994
319443
403532
252239
458474
83954
526709
215673
542956
706954
638074
815248
546814
751255
1278955
829272
871209
457302
518456
660909
30921
110390
143122
216797
225445
224767
195129
200665
57176
18661
33013
269520
131269
130184
13949
15098
97078
150437
119682
18829
184597
281382
110087
355333
291664
166646
115875
28023
266676
259123
1163601
787505
1014112
1058367
1280326
1233712
520883
710274
625398
134772
694594
535321
36473
452811
411024
567125
205691
359536
350962
33103
315516
284093
188644
197452
76501
286321
72577
223399
253051
273058
293343
187814
297917
282119
320409
410547
442514
192922
28432
196571
89666
431373
34290
292932
585992
491666
492439
641638
551992
190049
449394
612077
659416
679150
432279
325875
353816
400760
39259
30167
37621
130189
120355
220549
363615
374009
434750
406398
268147
266196
108797
18381
86656
15054
187703
172391
165158
147167
523516
399470
351426
363805
474963
395926
312205
552248
335158
411463
65147
196625
82213
45303
107489
345298
355014
14562
151326
116814
105236
194589
182349
182863
136600
211962
132464
198121
18524
178881
247398
135362
115008
436950
422492
364369
430783
14741
85072
47294
309617
307150
219590
69221
15550
19878
77661
230835
15496
151105
190417
103026
128082
112979
144011
14420
16790
359463
282976
650519
400732
276688
555576
484540
511094
16888
166400
210273
843099
450747
993667
847928
1125762
1044284
1061681
1260299
1633514
1483594
3469440
1367486
1249296
1186415
412283
3915605
432238
178314
618905
897785
800937
641571
816442
316291
1384882
6940696
1376404
1136887
1107804
7514183
1973915
8382377
1961007
1953160
1888846
1851036
1899740
9444292
2247806
2447871
1582527
9918710
1493571
10629218
317144
10717636
10842117
475997
686387
11952303
12148571
561769
853509
12894293
1183615
1445356
13239165
13077821
1227833
1063098
1084791
13907927
1467416
1075718
913174
938639
15026696
14843791
1042253
14866119
14836173
1177713
15119189
15317972
778726
867119
14883931
655303
423203
14978204
490505
1115737
1272661
1134631
16783762
16604140
1782958
2118033
17073246
2351603
16977469
16373280
16479689
2847701
17024047
3091252
16992803
3046299
16006319
15925274
3412601
16277374
3603454
16484705
4036896
4307063
19177297
6884548
34036808
46852989
34062100
34109533
47087691
34637298
46778525
46098189
34512226
33892340
33601221
33510751
33573036
31640976
32130632
32094352
47680882
46938720
46332289
32687815
46328963
46177746
32933864
33065583
46728156
32933735
46469192
32300489
32525022
46743560
32497443
46811288
31924052
31815956
31321207
31082391
47221808
47187996
30950406
31463552
46686168
30710288
47262858
31079486
30957091
30622921
29340564
48967949
29591070
28718725
48132020
29234380
48709387
28945911
28941998
48706129
48539449
47078105
28633934
47335251
28571569
27913441
45908763
28198871
27775830
27752373
46733551
27808904
44704639
44398399
27796245
27300166
27038804
26613892
45095724
27068971
45607793
45758599
27947401
46112271
46470217
27666584
27654676
45935214
45734497
46807279
46882855
46388980
46246263
46336701
31593787
31665091
46787324
47249400
32005420
46881460
31987091
45153533
32179246
32384906
46110319
46013624
32580677
46475075
33389958
46827037
47053639
47003435
46886341
33712405
33655075
46999525
47028847
33980385
34037957
46482676
46987433
46950591
34867787
34199005
33885337
47283228
46966541
47059250
46818701
46802629
46845965
35126684
34768595
34894746
33635634
33473471
33472471
33424656
33303935
32496153
32744674
47862080
47857823
34437556
34262680
33862204
48300755
34605816
34567075
34076521
34079464
33907997
33684338
33167457
48781851
48835488
33670092
33543707
33509042
32825150
48327624
48449687
48309167
47624369
33189861
33067518
33262617
48225404
47646843
47891388
33521950
47776452
33696949
47664794
47366813
33549534
45558807
33440227
32897835
45187477
33152342
45037507
33839791
45730189
33863547
34038972
34187121
34449186
47074174
35483188
35405732
34807670
47390736
47297618
47695981
47751319
46706988
35427700
35216357
34941098
34666577
47453823
46539939
46376579
34505736
34455745
34193958
46580984
46834811
46216401
34659607
44582198
44675856
44017570
44185845
44158985
42401165
42164671
35788403
42647242
42472321
42640143
42329186
36654859
36641461
42650462
36830233
36484729
43149438
37186570
43084216
36836839
36973276
43230026
37874019
37386589
43714340
37376648
37894344
38385316
38272079
37809475
36475210
44717862
44367459
42755825
42899431
42525117
42334702
36790668
42538005
42390410
42086385
37033611
33199667
42245564
41076965
41156184
33747248
41480662
33362649
33904970
33924086
33514066
32793226
43057751
42561225
32408819
32029522
31825222
42228083
31612931
42026015
41652869
31769235
30764332
30815928
30624475
29379769
29438929
29552742
42349776
41668645
40303922
40254154
30114309
30243291
30389466
40891720
30287056
30195774
41343388
40797966
30685525
30476631
28843871
29665406
41676714
30157556
29943571
41532356
41845133
42057299
31214824
41209928
41747293
32114106
41085056
32127889
32090439
31548550
40683430
32070863
41412288
31961194
41984864
41977327
32147113
32217301
32158320
32053479
31833007
41992491
31622100
30936443
30761652
30361915
30288592
30406377
30306461
29694627
42697579
42528230
29622535
29392037
29439211
29385087
28347752
29366439
44300653
29604771
44216150
28491199
28647615
28841445
43759513
44077801
29329081
44181980
28808833
44240464
44130937
29288323
44374206
29444996
42132089
29228250
41925075
40687225
27803309
39285224
39069545
38853751
38680794
27166762
27276165
26838400
26834344
39490946
39723287
27060471
39513042
27312040
41043277
40834681
28759752
40942280
40635562
40650695
27981907
40510265
40874979
40848384
40244891
38737412
28969452
28903967
28313558
28318529
38623146
29050294
39138113
38720951
38865040
38754046
37996699
29765752
29776281
38024972
28599563
28321540
38196087
28625648
38895646
38585627
28607292
28232564
39104277
38879261
39253402
39508564
29046224
39004474
39043574
28845489
39249847
28694892
28677297
28304812
39568926
28245650
39190329
28524949
28548349
28353002
28615639
28771542
28785266
28887009
28762471
28489274
40991879
28393200
41452153
41128237
40784010
28800190
40389135
40512440
39811244
29809349
39920026
38295532
38180115
30319532
30370914
29748776
29647149
29817395
38877275
38483971
29517490
38767318
29175849
29503027
39454668
39493983
28663354
39744629
40009316
40108911
28302689
28535953
28551374
28601700
41209379
41279750
40744857
29150061
38607703
29148493
39379428
39046050
39345397
30054934
39868489
38941049
39011601
39229974
38820384
31302171
31381624
31485033
39674698
32362192
32329333
39698309
32869443
39929392
38675643
38310038
38140014
37982979
37649391
34829011
34951483
37563968
35276038
37660330
38114371
37423691
36848137
36096795
36140110
37459389
36297799
37101269
36852097
37038766
37901074
35623387
37967418
35862713
35126662
38520355
38373359
35692980
38381301
37579177
37756317
36255962
36040859
37820706
36061529
35734242
35675987
35785235
38209528
35929006
35941568
38390916
36166247
36311218
38322021
36979712
38952303
38676313
36617715
36887154
36671311
35172020
35351709
35012929
35439717
35440479
35318436
40094820
35351431
35099932
34999709
40561925
35088702
34040827
33625166
40712707
40296546
33778550
40261668
33664327
40506037
33775460
33879346
33768477
40848187
39965728
33749834
32868395
33173133
40981165
34162391
40069073
39632958
38837569
34528031
33906248
34003195
39508064
34070258
34035398
34011966
33906278
40359255
39932625
39099271
38572177
34508868
38770746
33261278
32851448
32872352
32892477
40055812
40144966
33037337
39729648
39292404
33160748
33345438
32367567
32552159
40286055
33181990
38932905
32998083
33484992
39941227
33210586
39909326
32763312
40167776
39882623
39840583
32744168
39691848
32912241
32945381
32515797
40621228
31683911
41133463
32211242
41127948
32508810
32459885
41307718
41027199
31739814
41224116
31881540
41209382
41211673
31977338
40618796
40372578
32016386
32583984
40277957
32831376
40413103
33036113
32973998
40488500
31572020
40643743
31312009
40958213
40867748
31409383
40456930
31525980
40813920
31559509
40656628
31539451
40456367
39575424
39682339
39488033
31757229
31974900
40103340
39499556
39215635
32425579
32163187
38229678
36870045
36768101
36870785
36203667
32534239
32620368
36829404
33037042
36356113
32669286
34734600
34910322
33298615
32635827
31587332
31966174
31900658
35986057
32290046
31241650
35838148
31444622
31406166
31616867
36505889
36365042
35872255
34566884
34032046
32994370
34141262
34025836
33148673
34081478
34022002
33900959
33259958
33449479
32887317
32172761
31524229
31332463
29966969
29230035
28846337
34386780
34565800
29735694
34054725
29719232
34095955
29881025
29807240
29925214
34414751
28929819
28317541
34775074
34909507
29630573
29833919
35360425
29154379
28336226
28728676
36016792
35829114
29082604
28877960
36421296
36133630
30035188
28762604
29228190
29422862
38185566
29451437
28289802
28213230
27279539
38983721
38677228
27414014
38773748
38919701
27793373
39165662
39397394
39351817
39550660
39588363
29167719
39579687
29475061
29728198
40079906
29100124
40385437
40371358
40408146
29220490
29095449
40962300
29138311
39476750
29112122
29021991
39551840
29724248
29751419
29815874
40452490
29698318
39973381
39957228
28561598
40288501
40104096
40860278
40375742
29759549
29629252
29378804
29446350
40567183
40445114
29676628
40990758
40894804
30324883
41614215
31113161
30822840
41697273
31051368
41723778
30905995
30827347
42959063
42743302
31902413
41971065
31707329
42088386
31505626
30991889
41689306
41523980
32134351
42390924
32285140
32200984
42627316
32312905
32368113
42691261
42330596
42293953
41977567
41230120
41128366
41134033
41389430
33034815
33202744
41865784
41641545
40999589
40287226
33282137
33519531
40712137
40777525
40696530
32742801
32218504
31095185
41080688
41011191
31578991
31639704
41379772
32068142
41226233
32418588
41689745
32736397
32593721
41404735
32321120
41170970
33202096
34042603
42660989
42048795
34456313
34362110
42591345
35130742
42201309
35826432
36005911
35960550
42983918
42732247
36370348
36568163
35660715
42946080
36477878
36151160
36238786
43904855
44085795
36719202
44463161
44026941
43857741
43735529
37114791
44338863
37531189
36336089
43526753
35987777
44007857
36409744
43993119
36588893
42788519
42510346
42508365
41493210
37171030
36818729
41757537
37402965
36121442
42213861
36356543
36120664
42589802
41597581
36303268
36160240
41563341
40747931
36363542
36291481
36118046
40562774
36780501
41014935
36572668
35395879
35397207
35010155
41582200
34735142
33881425
41249073
41398912
34727499
34404861
34492760
34915504
34352188
34253732
34247567
41277141
34251070
40723367
40829399
40615549
40560591
34634306
33874398
34182656
34316215
41900840
34413452
34064316
33292190
42310926
32456930
42498679
42168882
42039096
32748441
32662694
32686663
32843319
32278669
43316863
31983427
42779701
31992435
31956817
31032050
42992780
42928055
31192449
31225543
43042489
42309725
31224539
42499750
31881233
31963918
30641354
43703346
42949487
31116224
43032431
42946785
30750735
42745334
42781786
42408936
42003619
30773512
30777620
41398073
41497401
41019509
41143944
32248399
32083034
32480508
32109703
32074359
42639472
42312813
31847916
42310904
32013416
41391706
32148851
31039903
30284776
30174173
30139879
29211520
41865968
28475037
42358499
41796859
29062414
28885480
41897901
41847981
28718644
28710279
28986482
41690576
42122568
41935590
41965287
41831576
41823100
41865697
41634334
29663919
29671828
41804315
41505866
40835618
41049105
41007955
40934215
40320389
30213750
29751940
40577745
29175770
40714093
28954648
40106686
40437043
29508237
39876249
29391447
40049754
39319016
39201011
29431654
29380805
39108973
28575711
28617262
37615523
28541218
28485008
28259720
27936862
38047533
37370116
27791166
37023839
28208726
28125726
28256187
37195980
38153824
29709271
37760413
36155256
36647539
36479162
29834116
36956742
30693172
37848449
37746854
37045173
36821826
36514607
36503199
31392205
36817597
31466907
36961215
36762529
36918658
32341719
32860494
36940213
36711071
34000777
33262111
33184116
37518045
38281396
38205362
39037013
35660547
36236447
36205498
40472769
36334054
36721836
36559209
39844325
36002907
39288683
39591111
39597795
35871706
36045714
37987556
37929706
35997099
38087046
36338822
36582042
39263338
37199576
39486386
38035762
37489195
37115524
37577058
37402067
37610141
37948198
36531103
37797148
37792990
37628729
36856322
37231119
37305541
37220879
36795849
37260044
37854368
37931108
37515921
37881860
37546206
37311339
35605741
38269164
38211588
36751218
37978618
38133542
37921680
37127152
37371548
37704499
37637398
36792807
38342633
37740489
38640408
36624146
36339962
38898209
38919248
36408887
39185480
39271080
39139669
36815322
36469001
36277831
36094982
39357954
36544091
36689712
36199649
36766690
36633889
36121220
36895931
37225333
37160157
36759628
37457632
37566410
37876003
37210661
37280985
37369602
37544826
37845041
37846153
36946819
36085154
36074364
36006389
36037419
38122956
37769260
36456992
36449140
36738506
35981296
36189994
38156497
38323170
36800068
36572368
36486062
38778569
36627281
36502932
39717240
39700596
39741597
37197735
37037420
39869038
40223898
37549434
37139612
37140015
37060810
36942404
40722814
36977720
36621025
41155390
37020552
41072105
37054522
41095596
35882047
34840318
33794936
41298687
33730679
33693797
42187562
42101262
32958792
42057182
33605320
42954174
42916555
42638277
33299391
33416671
33416601
42750751
30791086
42844997
29660618
29900557
43189443
42078645
30193914
41264529
30131132
41821271
41776642
41086991
41067292
30697115
30652173
30050184
41067883
30145457
29951085
29150199
28921034
28384261
40987052
41133000
41296243
41280201
28307179
27829006
27736275
42037225
28412735
42304145
28743159
29007625
29285091
43739849
29673077
43607805
29161140
43832529
29702441
29410706
43766130
30138765
44649880
30315564
44735696
29939953
43606839
29944516
43236832
42886667
42042706
30872183
31261607
41416952
40681505
31042092
30868493
29907369
29571533
29430401
41126264
40772777
40660693
29528699
29367825
29313728
41041686
40966339
29842537
29579919
41558123
29948203
29771443
41323767
41735374
30605291
30769775
41860363
41929435
41912066
30808964
30760463
42206107
30696820
30633181
31000355
43234879
42663924
42208121
31672130
42184760
41945360
41471994
31419780
41330525
41386640
41558353
40393649
31876558
31660315
31814189
31438787
31305476
40188942
40228579
39535062
39208311
30917159
30914452
38971260
30892221
39025027
38576668
38568756
38546839
31164454
38283951
38369804
31026631
38722026
38378961
30472981
38591794
38560381
37357329
36733290
30821723
36132221
30964603
36793855
36752329
31186612
37050895
37302426
37344676
37294219
31829456
32045371
37138535
32421678
35907511
35851491
36633931
35858120
35950669
34406607
36296267
36424157
35966575
36933943
35452232
35524594
36864770
36132617
35689618
36632249
36106380
36392063
35942850
35582890
36297096
35574683
35644750
35815837
35816175
34816734
34535376
34195982
34164488
34468754
34333468
34020096
33750405
33875511
32850691
33190522
38087952
37482009
37496500
34068010
34581400
34387701
34362414
38342614
37490545
37568545
37322223
37313901
36984770
36715143
36495129
36596419
36301144
36146385
35938180
35802909
35836242
36346003
35644295
36489388
35784522
36475021
35136347
36770039
35869010
35698533
34223202
34637460
34379645
37006187
34480790
32985697
36780291
32882997
36419988
32676250
35930242
32546484
36419686
33169513
33210820
32190502
32373141
36716762
32221103
36865211
32398852
36098174
35921293
35861469
32992872
32485425
35988553
35039483
34596000
32973717
34914896
32844897
35689206
35833197
32358972
36286386
31900773
31621395
36671355
31711650
31718072
36229899
36197471
31818452
30558353
30692934
30828208
37231927
37117659
32027438
37698846
32087627
37173388
36693070
35432953
32173237
35636277
32945172
33061544
33125414
32991871
32143605
32310735
32413045
32502622
37079844
33013286
33443041
33441164
33368110
38435521
38246427
33685900
33387039
38910842
33822844
38920315
34900745
34773267
34784716
34849711
35019297
35130598
39927111
35372848
39415835
39328468
35097744
35337327
35777302
35837993
41134837
41019962
36484731
36654685
41305402
41467717
41720388
41674324
41428922
41170570
41005323
40538199
37860044
40118833
39399162
37665019
39575995
38574965
39805099
40037224
39944497
38484806
38290947
38912657
38957465
38791671
38641350
37742003
37270515
37574035
37314096
37403729
39298719
39214534
37400507
37162233
37097194
39468646
39012786
38824412
39062377
35518990
38732284
38745577
35403191
38697745
36160853
35600516
36004680
40476264
40546022
36767061
40620309
40527885
37303261
37431120
41058414
37640110
37682062
41532935
38053782
38040416
42129802
38361542
38061466
42156629
41947943
42441111
42221212
41273014
40676653
38163971
40723348
38226251
41312516
38575724
38557021
38505775
40142902
38481946
38322371
37819595
40608365
37560661
40342400
40661389
37988122
38269554
38079010
38193600
41184194
38312117
41694929
39905785
38442502
39878877
38726857
39677565
41208251
39840671
41398780
40867266
39827938
39962995
39830284
39481628
39480936
39362882
38918771
40396116
39681694
39632939
39038421
39465594
39678570
39280188
38765279
40147106
38636970
39690765
38821209
39451447
39105365
38850663
38605579
39096800
39437893
40422492
39191989
38486603
37822824
37674924
37682966
37561546
38366540
37206110
36550741
43023797
36561362
36084966
43807987
43777301
43785975
36321922
42108664
41767954
34537975
34620957
34636831
32862985
42388657
32817633
32401629
32152903
41941708
41851829
31872605
32118760
42198261
31902886
42424611
42460768
42463085
32326860
42213235
32648458
42857094
33116004
33121055
42239895
41935992
42089755
42225892
34079818
34187981
42866348
33300917
43083950
42634626
41382135
33688830
33499616
41678433
41485285
33043977
41466598
30644511
41967979
41785760
41558253
41240093
41002779
31642238
40487616
40060498
39665929
31486544
31543501
31322425
39881159
31254985
38298447
31288000
31481475
31142115
38849438
38139648
29727486
37153630
29663430
36743782
36493475
36066581
35909040
36419014
30424198
30781428
30071383
37846711
30488933
29879390
29913589
37903152
29912381
37585323
37716863
37328185
37583700
38196630
31331989
37951401
37531355
32313331
37334886
37076845
32582806
32347369
36884449
35999508
32513142
31973169
35825843
35858843
32316360
32221200
37065126
36989317
37094842
33158662
36952990
36857530
36795188
33151355
32702348
32248911
36333292
31963675
32351037
36761180
36556082
31224131
36383806
31696514
36821459
36962983
31975831
31974086
37141402
37109841
32403554
32644193
32507400
32443251
38393912
32933471
37729367
37923919
38657493
38617243
34062067
33990156
33344873
39162932
38255608
33368765
37995852
37460488
37138901
37214285
37125225
35569874
35633992
37636255
36170000
38323229
36587498
36028828
35655500
35660076
35832464
36053750
40079131
36220846
36417250
35245857
35435116
34712064
40317680
40473363
34784623
34629917
40491056
40425116
34386780
34641157
40747980
40021267
36939031
36283222
36578262
36576807
36628077
36705165
36322909
36113166
36206968
36353155
36253309
36240981
36703364
35906524
35825002
37049870
35833333
35628659
35686444
37100128
36925819
35095200
35363493
37304669
37234864
36835046
36938090
37246967
37198431
37788615
37407453
37170665
37001446
38409731
37649690
37201110
37199767
37743812
37617612
37477645
38532603
38358376
38805523
38143654
38315884
38362747
38269234
39925905
38585726
38427663
38889559
38627520
38349625
38165311
37751494
40881733
40631129
37813237
37650860
37651981
40337617
38378811
40745003
38572461
38995649
41405477
38775290
37681946
37349669
37707318
42422367
37497803
37338772
42300662
37428409
42638112
36923411
36379267
36500289
35938301
35864686
43035672
35785738
43136884
42633206
35805463
42194895
35718985
35672363
34625353
42290926
42186364
41857341
41229441
36234047
36089367
36037030
42990601
42816238
36082584
36126881
43088519
41512083
40384021
36147654
40403816
40458285
40851092
41106895
40565501
37329765
37077187
37389708
41228896
40040974
37396187
36979963
36764736
39885131
39703262
39646050
39518396
37198519
39175147
36033189
39095666
38582296
38696023
36934111
36536990
38980364
36088406
38535930
36119944
38631120
35370092
38388655
35463575
35626219
39036802
35770114
39141359
38300700
36894938
36696932
38606773
38438091
36801702
36080371
38689389
35403262
33925164
36824787
36787126
36111252
33005855
33044057
36005258
32801664
36283337
33224249
32406027
36149190
36403499
36420326
32595838
36674240
32899323
32921334
32476758
36984167
32908881
37089090
37118207
36315602
33189907
36593321
33349458
36545848
32922806
32749602
36574347
36299664
35738493
33022744
33340789
34500212
34453923
34338725
33925410
33640402
33668931
34308704
34497060
34584021
34750163
34045239
34950005
34386527
35966351
35674316
33823492
33633850
33193432
32978482
36596641
33247962
36164150
35595768
34896059
34597578
34382954
33670428
33522360
34177760
33580186
32662182
33302729
33122614
32329341
33184576
31360674
31404855
33578529
33673091
33867776
31565017
30740150
30282390
34244850
34289118
33965188
29975547
34976685
31473531
35583823
31399699
30692822
36275012
36361224
35999615
31569962
36646305
36744681
32343553
32308144
31311069
31536819
36455088
36315492
36086120
35936424
32441517
32203253
30627638
36428179
30857768
36436186
36063696
31278177
30994698
36646067
31944323
37912649
32512553
38111943
37859379
33050649
38797288
32885549
39116095
33200123
39306962
39638673
39514668
33873150
33030412
40209559
33215458
33219702
40234666
40075128
40251346
38667320
38353749
38387641
34215308
34437017
39375132
39331439
35343014
38959292
35430680
37511461
35634698
38133765
37726066
37387651
37564452
37003752
36778118
38488653
38113053
37980244
37046619
36966762
37474154
37642041
37571704
38006555
37677809
37592964
37818070
38577415
37739093
36497316
36251427
38713292
35796344
35604765
38516030
38130472
37480297
36329625
36063310
36398106
36490938
38428547
38232466
37627276
37239824
37132191
37151345
36730620
36209949
36047119
36134904
37556067
36146298
35909661
37961573
36353463
36177040
36186817
38520263
37819184
36700211
38241296
37138473
38425440
37528117
39385685
38818752
38868133
38477029
38768188
38641335
39062884
39705854
39488801
39367954
40939553
40906907
41745529
40923679
40192273
41808657
41355063
41311874
40404687
39887140
38861701
40431955
38937082
38648156
40703492
38585436
40710786
38479437
40721398
38545705
38493108
38942168
38791397
38597721
38195255
39504052
38371882
38397541
39663016
39629431
37610961
38309842
37804072
37542972
38070722
37765848
41817354
41222889
40560828
40549144
38855742
40780075
40637465
40262731
40289713
40107606
39444818
38514296
38474859
38092395
40650587
39422832
38730378
39136577
39977689
38976852
38486517
38025281
40442998
39617558
38842231
38889552
38929438
38907866
38245274
40164993
40023149
39613131
39643762
40584191
40131448
40306217
39740825
40733411
41035827
40961874
40952457
39728858
39202186
40249633
39322986
38724807
39320199
38266328
37901780
36970088
36830046
36499745
36226287
35243705
34953554
34199401
39333429
39287771
34536340
34377335
33170297
33133869
32514271
40095292
31714412
39892558
40093700
31303259
31247016
31118073
30962763
30615362
40561963
40071487
30793062
40083970
30648735
30602825
30949634
40047830
40190080
31329795
31202706
40437877
40670569
31975392
40045182
40096716
31990193
40353535
32743071
32482374
32636122
32400672
31585596
31534303
31584916
41452849
31497928
30850542
30317898
41636276
29881821
42016152
30207824
42461574
42888875
30424504
42480888
42533161
30136921
42371909
42748853
30650530
42394621
42335117
30073365
42818131
42718855
42609941
30168347
42718496
30696272
30733746
30272806
43478837
30603603
30525408
43709780
30768668
43978203
30854021
29674002
29895055
29938324
27564721
44821182
44996405
28071922
27979480
27578926
27303314
44644023
27506485
45565214
45177735
28333691
28403230
45415226
44669273
29589627
28495455
28611996
27862770
45270493
27383849
44815197
27424719
45078222
27913834
28234562
45141755
44933268
43988057
44102189
28924084
44170636
44075595
28863830
44022486
42409232
41278212
40636957
29578983
40887927
40902843
41289971
29062225
28911942
42277341
42249621
28623877
42105266
28913670
27658443
27485833
42472210
42756227
28005254
28363461
43040749
28570056
43032275
43095633
28583178
42888108
28829994
29307627
43390905
29368634
29449810
29368367
43604542
29935768
43889505
29941270
29350019
29245911
29580803
29145407
29337745
45033876
44623873
29499087
29283283
44582331
29322486
44813589
29436942
44839619
30480110
45158735
30752164
30257416
44134587
43450122
30463280
30346723
30920986
30635032
30635277
45064743
44484286
30547858
30203520
44512034
29478308
29573966
44184512
29916957
44266263
30361122
30238248
44370481
30278427
30336194
30011142
30121151
30348232
45705978
45837508
30456707
30291685
44205784
29211273
44466727
29471056
29012076
28154013
44369475
28241509
44408943
28027951
27372935
44074551
27557222
27406472
27374001
27192863
27177078
27093084
27589931
45887034
27946954
27952977
45408518
27739044
45752146
45779413
28288276
28208134
46082309
45125806
44884929
43701300
29015243
44073115
28995990
27768748
27663559
26882109
45024489
27131004
43998962
43928382
44661116
44278130
27745699
27506133
44248901
27729153
44306043
44293294
43616708
43625260
28232256
27951666
43618477
27996387
42408362
41742410
28005428
27805312
42542282
27779697
42845586
27479153
42193258
41644051
27490899
41690682
27399698
27619676
43204870
28059268
42863734
43015702
28555095
28000660
43002623
27906119
27703973
28192407
43330245
43559660
28758666
28133818
28069865
44413446
28482258
28748810
28263662
44400883
28195596
43602460
43452893
43255758
42489796
30363767
43834770
30593007
43540259
30036448
42914477
42728043
42381271
31295744
43018632
41470632
31551561
41805975
41579158
31794585
31781339
41029905
41030092
41124205
41036338
40652740
32114754
41258547
41009660
40728029
41214895
41524043
41558345
41535349
33662368
41544224
41158320
33581806
41087837
33952239
34520562
34247256
34658565
43046623
34463195
42766619
42531347
42473544
42436892
42572512
42268817
41636398
36289514
36385035
35913721
35847460
42321942
42080163
35856845
41343604
36556823
41552245
41490002
36437931
41360231
36310897
36525417
36511528
41609886
36550153
41152560
41612097
41615372
39981844
37866621
40537978
37947580
37861936
40739424
37207867
40449154
40029649
37368251
39698156
37978589
37581393
39074963
37965842
38098585
39608739
37939900
39022131
37607782
37529758
37322538
38966655
38853195
38474399
37855326
37765673
38332395
37756193
36710942
37171587
38742426
37146509
37083903
39195993
36800710
36774204
38763697
38245027
38194568
37081577
37059578
38788404
36975775
35977023
38389678
36174380
38844755
38006885
36752338
36057825
38027824
36103010
38562712
38838904
36659084
38460547
38495558
37417123
38138526
38076171
37364063
37858380
37542678
37409990
37947263
38060088
37216227
37648924
36515833
37269665
36660341
37682503
36556462
36154111
36616111
36608247
36766493
36905932
37044532
37115534
36742813
36663241
36433428
36946781
36692366
36757924
37695774
37302065
37292844
36992725
36827531
36004946
38225339
35523810
35226101
35129340
35241404
38526704
37742794
37186245
35189684
37697351
37939824
34517548
38159356
35005931
38648031
38596585
35616743
38837375
36757471
36518246
36703297
36407346
35584628
36586002
35429168
35784204
34984111
36043003
35790825
35910010
35780730
35813093
35255497
36069002
35944503
36031046
33886269
33313257
33193966
32785637
37174470
36476064
36839193
33734075
33641608
33133138
37885140
37753371
31945785
37887503
32151878
31886208
37936751
38157843
32207015
32046697
38264321
31474197
31154550
38196375
31318664
31323504
39062169
31751700
31732349
37642356
37417635
30710290
37385062
37103183
36935717
36755890
30770484
36713837
36762244
30677641
35501208
35443154
31122515
30638759
35516196
35034795
30098242
35239027
35140543
34517315
30796390
30367212
30473650
34656110
34297909
34646641
35226120
32039506
34675219
35149758
34709497
32898850
34978159
33150199
34983617
33408058
34430415
32690420
34000249
33211797
34582404
33202917
34337368
33972860
32692316
32399296
34423145
34323164
32393603
32341927
32579685
32201901
32020859
35003807
31887933
32045311
35402640
35006583
32753859
32135497
32022064
31951523
31448641
30978138
35651975
35445808
35556421
35071475
31518165
31821121
31199863
31532777
31317544
31251110
36327192
31737296
31073642
30790577
30771465
30322345
37603633
30168704
37741159
29008516
28959631
37920852
29177952
37402081
37660963
37668175
37017207
29096908
28838582
28949453
36703498
36910790
29538167
36691436
36755091
29747822
37332562
30193189
29489419
28909493
37998246
29092734
29053319
37895912
29074030
29235613
38394609
29350061
29294678
38521960
29230399
37717399
37564220
29086499
38343205
29193422
29203224
29011814
28690831
28380493
28622147
27333774
27020177
38467834
38033467
27362150
26531786
38202586
26401151
26385036
38049214
26374449
37419028
26535763
37604185
27017415
27808600
27209193
39190076
39720457
39719232
39613429
39755359
39699042
38781673
38681882
37855424
29107268
37172896
28522879
28442473
28094969
37013379
37019542
28084018
28039186
28141702
28271111
28004290
37944260
38110537
37970993
28020826
38050051
37707406
28490955
28331457
26920963
25632494
25383381
38142129
38128890
36976672
25495235
37319398
37279233
36317555
26137772
36725900
36300063
35940083
35931536
35836852
35372595
34450341
33885985
27192168
34043814
27398886
27178061
34427430
34347648
34423076
27553117
27403551
34954818
35072800
27919343
35381590
35231941
35557257
35390726
28842011
29014282
36664884
29621306
29640757
30318122
29881239
29847310
30121310
30110798
30240464
39086355
30479979
39457407
30244966
30781283
30766775
30489726
31012057
40793983
40371446
40064107
31059259
39780132
30606443
30450247
30509019
30333888
39835052
30292573
39750498
39482245
30820893
30621889
30603279
30924141
40707389
30290156
40754536
40565891
40423375
31762974
31641217
31225494
42038202
41535995
30753568
41871470
41904820
30969962
42247450
31774374
42703901
42024498
41052756
41062084
40361018
40432262
40464256
40459240
39609947
39338991
34918316
34646593
39512174
39136093
34778835
39358576
34829459
35005424
39547702
39943402
40333827
40395968
36670012
36617031
36730299
40753969
40645098
37271280
36618607
36546739
41662034
41077225
40451439
37466642
40815917
37980206
40357417
38143978
37958172
37975481
38028377
38204104
38368839
38577135
41634356
41696766
41887673
41205199
39292753
40308822
40407004
40158591
39936417
39628120
39775802
39524347
38333611
37677197
37863410
40862542
38250293
38009968
40324693
38126970
39751855
38808147
40182988
38518104
38764192
38871186
39210818
39263437
39460710
37995239
39771557
40236265
38382345
38400841
40780831
40624177
39044509
41251488
40881626
39831810
39711549
40343135
42099926
40600348
40278387
40005297
40317246
39849956
40047746
43568240
40070703
40242526
43250109
43201712
43580576
43481716
43567978
41221189
41329590
41527891
44175255
41597418
43996037
41678839
43741901
42668905
41899965
43310624
43025214
42543936
43117264
42983595
43613625
42677443
41604526
41374155
40967693
43933089
43861150
43515022
43499026
43174128
42899060
41134075
42538744
39941230
40940691
39500082
41392621
41384711
38707234
41106197
39834107
42347085
40077632
39822322
39367743
43080256
42804282
42770091
40735206
40198385
39230676
42808597
39077216
43021415
42955341
42617975
42559058
39428420
39389129
37781644
38079828
43154373
43400337
38361396
38778699
44133392
44106094
44258201
38408136
43690950
38071296
37616897
37746146
37716413
43872741
43948031
38206711
38305829
38198941
38519651
38142451
36824771
37055151
45348584
45132878
43912720
44104662
38138336
38095597
44672370
44364479
38452433
44369018
38328932
43718299
39114613
41567777
38520694
37777606
37613716
36535788
42135921
36706730
41977371
42099770
41763324
37397783
39955689
40032261
40034369
37621091
39712473
37299150
39750828
39596271
36043235
38859914
36283054
38343882
36087008
38169390
36266985
35988076
38414761
35935595
36003083
39002108
38950941
38445150
36366652
38433702
38777013
38290941
37584490
37621510
36387348
36219538
37778096
36619865
36266311
36089419
38736572
39105972
35659825
35135939
35203482
35195496
34607156
40258567
40005971
35394290
40731091
40588336
39944303
34442065
40185709
39898766
33603044
39473258
39462749
39339076
39623734
38882367
34285249
39194372
33903219
38609215
38165060
37880749
37247289
34345573
37118211
37325239
37321488
37176171
37124245
37176114
37285395
37090742
36202359
36479057
37499819
37248192
37432788
37211391
37486208
37264839
36840701
36340052
37233239
35607183
36720879
36109480
35763735
34757738
35109586
37063912
37343806
35983803
35972654
37635984
36641745
37612649
36821813
37903961
36058820
36313761
38054002
36574100
39344730
39039535
37609877
36572132
36447375
38937410
38578467
38501726
37328355
39026712
37783252
37058645
37717193
36601581
36664840
37748862
36692979
36769639
38093301
36824166
36839921
37687035
37475326
36988608
37585850
37614198
37678466
37114530
36253606
37150881
36307027
37715094
37045855
36776403
37450422
36823987
37251538
36936307
37301097
37315166
37666084
37479291
37419262
35569385
37466227
35699274
37579256
35576217
35311339
34742412
37956501
34979600
38043004
34264312
38215118
38401351
34808066
38040108
37160737
33867421
33513584
36994092
33594629
36902652
36328534
35137488
34940249
34022251
34285833
34227910
35725234
34148004
33852291
33651486
35867604
33686574
33629800
33628488
36646701
33785196
36457585
35893190
35019152
34083644
34038662
34025226
35822450
35411405
35246408
35303024
34390328
35126896
34564138
35499732
35710505
35858647
35388448
35537627
34183452
33946199
32675160
32514380
31210966
31074150
35361530
30443535
35674387
35558852
35818959
35810011
35172914
31519374
35149641
31790096
31662480
35349605
31863334
35010251
31869629
35254980
31831782
34577937
31775698
31568813
34637175
31576757
34984506
31458600
33970692
31226174
34117241
33441747
32515721
32044222
32026520
31937145
31806828
31587294
32842105
31489316
31327504
32777783
30973744
29725249
32196301
29408596
29620876
30031562
30276918
30034557
33241598
28837378
33334997
33145354
28788076
27897354
27851022
27598676
27525319
33803894
33374152
27165098
26927257
33308738
26527534
26207614
34075592
27707890
27432882
27609090
35443532
36016590
35637926
28873698
28200221
27906834
36219213
28026376
36706435
28631066
36895685
28479797
36385421
36292694
28794605
36357488
36136280
36005017
29795893
36310462
36943573
30976931
35442929
35737217
35774448
30941949
35418878
34856119
31069272
34975005
30848685
30832737
34992150
30213632
34845643
34615659
30802100
34784548
34749197
31162948
31214935
31350839
31587727
35896811
35378090
32558135
32502298
36675579
32721901
32742689
31827576
36606763
31780476
31528703
31503644
36153187
35993409
35878982
31213315
31068476
36026077
36224058
36051684
32028105
36110407
35686985
35331138
35155271
32429957
34959249
35024009
35185304
35078808
33439786
33538290
33744578
35367181
33918183
35535760
33806540
35664729
34417868
36536369
34095605
34059994
36258688
35816540
35220807
33966395
34079508
35658512
34002424
35580940
35723553
33320099
32834140
35552526
32638006
32533980
32892961
32793063
36574556
36186751
36445740
36340349
33132123
33113337
36465614
32658379
36550427
36820563
37004338
33689902
36893139
37070222
37284445
34685267
35109382
38139816
38245411
38746885
39126772
38285422
38558912
37666583
38734512
38544977
38622563
38307274
37867644
38334627
39181716
39264829
38051178
38652073
38464165
40280930
38572407
37802749
40214758
38045214
38084267
37850920
38053170
41009033
37879704
37912764
40590993
40599158
38122474
38238853
37981077
38019654
41448708
41284161
38075285
41496637
38528556
42113926
38727153
42681159
38105945
41787419
40496474
38135448
38276504
40638678
38256097
36819078
40877466
36626558
36432510
39949275
39468400
35265715
35670263
35549229
39989630
35323781
39307242
34721102
37629176
34710535
37134546
36926158
36457303
34935875
36208764
35739928
35664240
34134875
32769868
32022578
36131573
35343218
35523916
35566174
35421147
34376205
34313465
33067453
32903792
32923856
34270847
34560109
33749587
34498469
33207418
33105588
33410602
35645957
35257123
33521684
33071704
35563260
35362849
35307171
32468268
32501138
32474242
35473106
32822640
32845214
33193405
36298066
33260642
32876501
35376704
32629136
36188682
34989456
33356254
32156168
31871385
34755566
31001672
30816798
30437449
34570714
34833816
30916939
30914306
35239512
34777376
34800632
31485161
35033015
34694244
34827112
32195528
32115287
31826935
31286176
36042348
35994587
31944064
37003948
32080744
36849904
32494620
37295568
37224024
32422567
32436434
32577503
37120764
37123694
33117515
37148077
36383952
32995647
32916909
36658593
32692963
36895274
36893847
36525413
32707232
37029231
31868232
37083345
