43419
71672
62533
24332
16443
19857
20712
24370
20823
20258
21215
18303
19163
25858
17533
31899
13025
14131
17105
7091
27139
21194
30587
19598
18460
15349
19124
16818
18056
17458
8357
17252
18404
13870
14426
19164
4335
26351
14950
16175
18639
17355
13436
13159
11920
15261
17125
16252
14874
20190
22908
17008
19678
19319
17946
32837
40179
18133
16489
17654
17323
4945
13964
3375
17301
24697
5066
18626
22438
19078
4813
21411
18933
4155
13626
21828
16842
20019
5040
16126
14906
21363
18568
22238
13698
17601
15333
13653
20132
19894
19978
36822
20570
16267
4744
17743
13289
24489
15599
17262
27253
25981
30601
15793
19295
12633
17910
13445
14493
19688
15194
20748
17400
16637
13972
10220
4922
19651
18574
22528
21926
17773
14101
15662
15270
13151
470895
65476
81395
14914
16134
208318
13797
326055
15663
14775
15828
198122
180499
55095
86207
18674
108092
17822
17623
27490
33122
43063
324630
71142
15207
95484
114992
123592
15138
11562
15837
15631
15333
273678
12433
74734
15665
14976
14421
300948
22033
15839
14613
324324
86959
12505
156662
284931
12031
194218
49080
11394
113765
13454
62866
13381
16486
11248
274085
14193
148367
44010
15855
177350
67441
63576
296896
32972
236232
18314
16457
13198
353559
137449
60365
81706
126389
15472
88473
10946
99511
18307
186860
14270
94106
56727
16594
14998
363244
32181
16384
15112
205928
87917
181569
93630
78371
46233
15386
11112
245954
18599
17077
320322
261048
214443
108032
91296
108585
16667
58884
12160
184397
90886
148288
283903
80358
14305
17159
11703
252370
8407
219165
14855
62540
16698
15326
16213
261430
15352
17370
175169
18936
16938
18398
279758
76658
68616
14837
14339
11782
229781
49099
58587
14721
76191
97260
55501
49675
15289
81472
20749
96623
13635
112520
74901
56875
120345
122266
17478
14853
437906
18159
8649
17274
14079
561159
41086
14025
15509
24169
27815
30569
127666
13951
16464
26994
175810
63513
17151
21788
28995
254522
16171
105309
132745
16798
224746
89670
16669
77502
104468
14253
18060
559384
18237
27659
88926
42644
12535
14377
166066
15506
118409
70030
16427
245751
17120
260999
15683
275606
16814
6013
18250
329453
14147
196680
57298
65123
166075
18332
13339
242597
86833
15646
13286
19894
14472
15854
424648
218630
18519
296081
98858
11187
14552
16702
264837
205139
17867
15910
235007
18193
75040
73857
20999
175442
81228
56618
61464
16307
87034
13892
4556
113459
17568
13299
356821
14636
13088
14892
506012
9101
14137
21582
371186
53075
97623
17872
12720
18016
19085
347488
17902
60516
16320
342596
56015
69700
18628
200849
16043
15558
10188
23021
337463
160154
79114
12558
12447
16980
12243
319723
20573
456076
25600
305246
53623
15481
14123
424765
14240
14184
93819
71692
54310
16986
12030
89751
51587
20089
162604
88416
76984
15286
92528
13604
120715
11467
16120
266096
15980
288717
61227
13060
89886
14636
13040
324795
4575
17973
190977
21318
12742
14679
10116
287336
18856
12832
17407
517583
17466
14700
165446
18173
18946
8766
16116
12082
326050
13191
13789
17195
15754
389737
180388
22962
290002
49933
18388
84097
14995
23566
14277
248896
49803
18958
32655
15572
232184
52445
14825
23783
153949
171792
19763
148193
15420
12203
17343
15698
712348
191900
19689
23249
160361
124381
14717
23034
82767
52076
17637
271432
49040
70298
16037
11867
12297
349059
128241
15712
12031
250234
133001
55185
54023
75774
11143
41730
116474
11983
15966
11097
159843
34426
48589
17646
348227
85138
59655
68028
178411
106365
83025
87697
24301
25854
12851
6720
3456
661219
82426
269854
111056
12209
13727
13918
279087
51900
11527
16377
57584
154388
18160
168696
7357
93295
100273
11576
12751
92791
52926
76013
52201
58971
12764
11290
243469
208434
13323
139916
16668
151398
284530
228168
65636
11840
126137
52976
8037
205380
13700
130873
51044
17977
23965
12443
127299
16597
181365
19166
58799
19930
13053
169238
42854
9387
15109
151903
222401
15939
16260
124474
48333
22206
108581
13232
191178
14802
13795
14548
18842
13958
13941
19551
493889
5499
15483
13426
13493
20984
344994
11095
17048
77347
15694
14360
6699
24991
1357046
93131
13032
13990
22963
15858
363759
5743
104004
17568
15250
136829
3861
12683
264550
19252
16201
288391
8213
392434
189830
97533
18740
12194
133493
19268
263276
381526
50229
181091
13858
16169
465161
66420
13710
102957
20727
126369
57767
133759
69500
54903
11675
25339
115139
17178
13908
134268
13042
16030
604758
52808
16692
57008
110969
143998
102482
33154
56850
17739
213465
16667
85855
17141
4599
354458
75957
15967
65313
63775
85098
11990
106429
108611
17538
10004
14442
13342
288833
15238
114733
15870
26754
199062
19047
98633
20709
55568
17161
131987
295590
8774
17753
11883
14386
16326
10983
16223
543952
18223
13535
13333
34299
424212
98311
16972
171465
17159
64801
104999
16606
314392
72624
97305
20989
15678
16972
109958
114856
39406
10725
19857
9275
200327
76245
12625
119811
13663
211466
55547
64529
74793
14113
17074
210645
52349
91911
155086
4715
14204
196530
15525
9396
324805
56326
268911
16680
22827
17932
337138
17848
587327
109485
17224
65663
177538
13349
108430
51361
14152
12516
106501
54302
65523
13061
150586
52857
74327
11224
223517
13870
14707
10659
11130
22753
11803
791244
31795
14174
9254
204771
51578
44911
12294
16530
444190
54870
35936
18518
16638
188876
15951
17698
254186
186000
16110
89688
16548
15091
18305
577241
15558
13682
239374
163355
16881
139897
15735
5111
87819
21462
101772
16798
4907
17152
463485
51686
16739
10906
346270
4192
12605
200568
75767
105828
159195
17679
70024
12940
24466
62768
8938
14013
74214
47495
119875
73817
17615
229651
146486
12420
192778
11382
257113
83135
15143
66014
12189
186446
13607
238091
15131
12900
334236
61044
9424
9024
11959
301015
16146
104517
165317
12330
16251
13732
16698
439003
51171
16794
12636
16698
10828
278762
15264
112049
114315
11327
69890
72305
16617
11789
17092
593179
144446
18758
27418
18482
366091
12565
12709
3687
328469
58769
134533
50775
11269
217380
14820
12186
262423
18205
393039
15444
13038
269276
160560
17572
26761
150309
18056
438615
92191
16253
27207
292790
329897
264920
239836
13844
17205
398977
60150
14762
19555
24934
14336
273922
50836
19098
256332
23079
26653
62178
83454
158175
19790
224264
95292
16590
258867
57851
49979
3780
17494
13483
419584
14952
224576
50055
64400
183136
100012
140984
576160
213635
264459
268579
694296
386849
573496
225839
353282
240568
294873
333461
526705
404106
535508
154411
362648
195845
410148
465477
440950
377198
389342
405946
188812
89216
362976
163934
496749
445572
74695
127799
301800
56179
195306
175587
205664
217471
155805
287305
226399
280185
255313
321803
428582
255137
478384
231355
424367
352991
423577
277380
605751
618471
425352
139827
38169
58158
152809
51858
149610
116404
102361
140530
84447
384791
107144
99641
59378
640070
316983
120073
107175
102926
323776
210775
204135
140178
179625
238034
266456
279318
269925
60158
34409
351720
473062
238741
86773
71898
349739
264440
129540
152182
134604
187218
197379
70362
133762
195566
126522
103625
83338
836382
161404
62894
186922
125142
158334
209327
160611
102088
92931
57820
59609
94713
217952
62781
222759
179265
127462
90477
67066
130252
216420
59234
641775
31118
49779
66766
686086
203315
165784
44146
250930
263711
76231
97734
110921
358685
94492
49059
171567
389053
109042
555843
200958
315905
127771
112950
285510
102062
297990
337842
202413
109322
312879
54807
151400
128990
63762
97969
369171
112004
58525
487949
163585
87771
91723
181038
471590
350328
287104
206942
302870
319917
540666
190931
148950
345575
375728
131185
391284
163699
134057
95398
91195
125953
48947
214826
57518
112736
270759
124590
382309
572318
475130
390768
147349
120085
238249
65312
230039
107440
274426
130191
71857
272051
89656
276281
146769
250864
166101
69529
356204
118100
84699
40951
393915
352796
253708
176592
466093
389843
200379
23971
29863
49493
146321
88490
386779
430819
229380
83109
242365
299356
157579
136030
374633
266924
52798
197869
314452
192166
551036
186416
201196
419834
395695
130165
398150
48702
125674
54169
99441
53408
79501
597263
593880
127938
171641
51278
321229
67497
68869
97586
108072
93156
159367
63723
82177
608645
514295
361102
34540
160142
122865
169729
139810
70131
452710
141563
48718
573825
523316
455431
467338
176511
99251
27600
187152
502127
131893
430888
23010
268478
288306
488638
53851
240693
93969
763537
125033
40406
64817
94321
966604
306977
116258
116935
221052
236503
246378
240289
205603
260750
200668
515232
163729
130842
146063
336598
115299
394028
195415
171906
304414
89012
430360
161335
31362
339759
108021
222577
267899
56363
88011
518375
87354
394840
113666
93190
167832
196191
297452
460128
644308
26658
30263
150936
448970
330522
141249
271340
264083
306073
502506
408596
49693
609069
146708
233519
67808
44079
470399
442103
90972
385882
184294
110930
295690
35951
302617
127402
404849
424057
81644
35612
568895
182968
283948
105304
144814
42443
109461
111522
68766
135622
148500
179943
538708
422549
331931
119276
239969
189613
211084
338489
310358
112297
286841
53335
131437
328997
229921
386184
141082
303164
269526
199807
217159
349258
164841
27593
39890
469832
282685
465807
296410
766560
109242
43374
756928
374435
322153
429425
280447
86891
105507
540276
183366
78154
568748
71018
366502
336191
121101
191640
784098
673003
232983
247208
195948
105969
104880
327213
293686
188299
90524
67599
361969
313257
235223
291848
90350
137435
61553
312532
304945
380283
41754
272370
207177
54258
405581
129922
189452
413230
263772
160557
96200
255539
132377
416662
145870
211744
310588
344112
178817
607627
132301
59843
710446
103824
82584
170598
347304
215035
369251
46512
46076
249798
81951
38618
106452
757707
87713
759140
179744
186773
264351
172286
488945
426167
176275
642167
310878
215385
70958
271923
183502
168690
22695
24390
274988
249743
190667
198708
217790
219062
513986
68015
204590
38788
537163
163234
481931
63136
105961
439219
384998
299075
595140
82416
52567
479544
51422
95741
52786
395333
173312
334250
67498
85594
90050
67185
89950
710703
802472
296122
118557
61282
189859
981899
46450
110000
132412
585307
209459
614340
342230
260486
72481
109396
54812
339338
971905
805477
321781
59663
221419
43703
31527
99047
270307
187603
212697
192670
236514
313311
278904
270486
402124
265117
393830
295223
223433
275386
594299
462792
371914
164134
243453
219249
293537
95417
92473
176590
342913
87909
204703
164147
30382
25411
19438
741683
706101
129420
83341
166782
390365
73498
711757
461233
36955
134033
780508
202012
252195
333370
377186
283146
121417
610841
350274
605752
163347
219371
223965
206303
146520
102528
124685
256642
107395
116891
71174
166503
83803
118695
284392
152297
30947
254082
172623
95845
138131
257407
324858
268812
171065
81659
133292
141377
49812
213691
185436
243113
202334
33887
95231
528868
70035
803960
418330
119674
493458
105610
189281
275697
386554
276647
83320
164697
66056
501305
267317
119795
156896
140866
76090
112875
716865
453606
731151
396220
171213
135467
119760
108616
63468
48686
183135
129262
103701
315801
227574
432591
176466
404783
223587
294685
184806
163208
249467
97961
256051
183491
296346
240534
241081
97893
325625
175048
50120
473638
93811
35939
58890
368101
118387
46047
97079
105092
166528
181236
498481
176356
149007
492448
325414
359239
410400
96637
204865
122091
67330
141428
191804
78008
363326
77332
448275
260026
362814
108821
175116
159608
162630
626625
287059
36904
533089
126594
86773
119537
96942
92958
71748
31377
41645
104613
82569
77472
112090
356148
205204
141237
154003
448068
288480
256069
178377
138544
253042
57064
72396
96040
582470
639319
384064
66656
478410
212504
144882
46390
705423
424333
546291
34819
546350
93305
21374
245041
753045
542591
213352
271592
443822
284085
179933
256095
50894
185031
105863
219389
187311
147294
264468
254311
150201
74519
379117
337101
744769
619232
99979
410562
107934
89878
218649
314015
268911
254242
254629
452906
290125
325398
657840
411985
173149
465680
257588
517691
511992
436717
578518
362493
534287
432605
602845
398888
347072
322414
440925
402233
457919
463179
138537
450928
531749
609535
413013
652068
227603
547605
199745
542459
622265
302440
436161
360732
395055
191916
83815
92916
165779
161485
187092
470401
173419
373055
193953
343623
302853
150984
38424
65345
188991
420515
255019
622761
338709
231123
239123
125510
197936
445332
181053
123167
529369
48458
37157
240721
68425
104832
233679
253486
155879
366673
216418
429042
301444
348739
409068
80575
31734
642067
256317
128689
641000
433710
342335
230137
118781
151267
52557
40761
195464
586477
483821
73680
608995
267174
284537
177895
104215
269785
43937
129445
205094
262642
161508
392328
339816
161776
114965
146063
136633
113005
131842
158070
295911
289363
332047
272935
192833
361083
429064
279083
365909
514158
506297
563862
457765
550517
517803
584875
592159
598477
462478
433417
517850
687679
471552
555557
641931
985210
743735
1048289
713372
573476
1089609
323651
948219
1029936
188514
158053
1016076
990124
260291
172880
1078761
1177983
1083462
388476
1104551
276034
1158723
755337
781060
364036
570286
251375
672258
174756
227253
704187
268001
120682
316568
243231
298478
352604
323920
298494
425344
187286
332904
432427
334013
252288
284914
334695
368755
413991
898347
401024
474947
287716
557171
189095
484162
415544
430412
343890
394228
99979
167176
108436
174238
439011
329869
161981
210339
207113
180572
199763
198074
249982
217011
206640
70923
504115
472273
198448
373922
582871
38229
843744
206148
925706
146988
269873
309240
244481
331659
180246
272784
110051
645893
497220
209823
322170
306251
237754
275407
219326
75151
482482
170639
231537
398088
398546
196683
132709
278789
258340
261611
59057
39819
358227
113411
639623
447321
287583
789734
535009
303249
147109
135097
182234
228068
164020
588914
216229
196685
82600
91789
183750
165426
166277
137237
182803
114733
263252
115773
283880
163431
378190
198475
391485
99600
457534
285761
545912
616073
676206
278506
640498
614551
422680
207918
415116
376140
370164
117194
385452
201596
152054
198000
289296
309890
283066
65341
199083
90133
318407
247740
373077
267529
224689
49320
385569
244241
111906
205542
177481
79333
63623
540925
165268
618307
146181
202821
113208
105646
186429
60889
269934
141790
302888
119249
78550
37311
37433
66848
156056
362063
266452
402537
359969
240845
245285
328703
170863
352163
130306
366176
179491
226972
267924
299055
265727
327899
286155
175002
253838
328854
180353
161349
943948
62327
249788
213395
68550
108789
453578
131479
463677
68201
181628
101090
167122
327802
339392
170768
311744
600641
661200
412833
227650
210060
168059
98165
95762
273735
92949
97490
304657
141784
97444
52905
490714
134861
184980
409805
352395
138975
254731
235085
239801
118110
139204
175600
363193
48640
112209
287322
63390
72177
426807
294714
355170
174707
373825
105949
312295
171871
82442
405414
313420
31351
500125
286961
421310
240999
260822
139410
68418
48638
578014
564720
233840
219698
260192
286766
195003
136944
195833
211753
278096
143565
291238
340643
128016
479597
263754
419569
477263
307862
376056
298004
180005
80025
154388
376046
432411
229423
489822
280193
356267
267049
652933
300713
456121
261237
245886
278672
121041
129708
373111
459778
198227
553151
546578
201558
635518
154358
510080
323097
150160
429123
46424
66006
393264
351586
299036
160735
113506
47227
77876
42077
294604
207360
144245
115594
157147
163322
303886
293888
169889
244856
297990
239167
159809
349825
119479
164510
144792
138306
435134
110462
409243
167020
249440
260221
120550
182340
90253
170417
393841
279478
54486
453401
209189
125627
196991
172567
115734
460281
294478
120235
271674
199446
142353
227101
178489
222268
223242
198904
372275
253551
215085
274061
284114
401899
316721
484510
54641
298054
174688
190585
170167
45911
172485
106311
92902
335151
241561
691351
674582
211841
498166
128500
87721
182746
219078
192451
61879
43594
103194
76566
30252
36710
411507
235561
498199
250387
111397
32587
323369
331688
129234
138031
415436
117130
194018
272531
289514
151941
618265
544838
190509
454693
225954
138204
147688
175216
97274
104224
253231
97558
226534
609155
156285
392561
231706
180570
236935
352057
225062
260780
125698
156811
169713
116561
127539
35299
117168
547841
562631
217262
457635
346123
650627
53407
143927
405775
138625
367011
61063
204887
207164
206289
328353
772147
80337
517436
246983
671564
189164
127799
161845
27238
81506
889347
238799
44256
261879
38332
1019613
484030
194169
248146
152596
290720
485846
548261
262380
66988
230944
246382
100881
896356
79815
252387
225079
292473
102937
173074
101719
87737
211995
110437
272644
110175
166902
324373
225658
278055
156039
342574
270854
165796
217314
124892
171529
95375
46958
986604
92708
941357
150757
103154
261269
181741
264861
128292
84221
64995
204079
96087
1001954
332137
1106209
234052
213497
32431
75018
100408
30577
134038
59010
165879
35942
50650
27030
698010
78195
765762
225213
113445
131286
354695
343007
191165
199577
207990
275788
121891
82628
178804
386053
381122
130129
201941
145201
86054
134745
43828
42995
495922
163834
115829
33709
558708
66118
306718
105427
140937
34020
141754
74613
64736
135406
346061
122784
404618
212420
235188
162538
282930
322566
345279
577285
382616
134511
19072
253454
127036
40125
281310
295710
287050
284232
285603
119121
249999
340257
414253
735856
647014
94651
564037
175282
284793
219368
62502
123656
203370
577466
512677
163559
312759
481057
344897
486011
123589
298241
354615
176143
163480
438478
261081
310609
625874
665540
312812
509836
271707
482812
434416
802004
757138
302723
485806
367532
594469
497293
426753
397062
507314
448700
559863
609917
672046
705577
574575
466737
755914
455998
790739
454963
864537
667065
719681
491789
544218
432443
528364
345561
311291
661960
403029
481487
759353
378742
667877
502191
498624
658728
473165
668933
285853
204411
717222
772526
830039
386218
922688
768798
272750
727809
803038
832194
674850
621582
497444
113707
650389
261430
197003
231255
146133
200196
1126270
1081461
359772
468189
282582
551457
473436
732765
342311
824424
320735
900559
492525
924499
816782
352443
666053
675147
726820
869164
777099
998250
1066146
217824
283546
1172078
273631
1019467
447691
344291
766757
310351
715295
790250
312030
525407
475159
357410
340481
453893
251877
539394
312244
534366
364542
330558
214027
221234
308135
607316
627151
291939
469055
468769
237206
111240
818918
387434
658620
379029
261487
192834
390860
145611
119650
581415
303127
519558
302560
291115
327995
302578
293359
164029
608573
251030
614401
434122
529224
556462
183386
366364
613156
355831
390697
294661
154995
243286
696346
501604
152364
813332
330514
155144
547777
229732
99985
685011
222486
221488
751243
506658
361264
309227
593193
309864
292061
354937
331911
313803
402437
426230
443405
373414
578627
681358
238335
742139
399401
824821
350502
469741
397161
327049
123709
472665
527049
140029
416505
427066
462350
424299
654308
558244
395445
172349
256852
298944
692571
419973
232490
699641
271607
305393
551613
402867
431088
654353
482340
401326
409193
505652
449197
413020
466529
720798
517153
477815
802968
499622
469836
482651
558091
414412
598852
681666
465141
552607
548531
388661
457929
478728
673904
623856
723244
734982
743442
453845
708624
777892
497778
762206
467335
662432
539338
739939
621380
727836
470216
600242
535728
578366
515082
445001
301598
675123
296938
700740
362096
437256
498202
154788
507660
257816
479656
295080
362561
448773
515461
202820
797336
626269
472093
560520
430844
498624
624961
667143
427908
733549
280375
555645
635983
702118
428997
177791
655044
451333
453052
342663
203185
621385
144506
766151
234535
863031
786191
248431
871335
809619
307205
882627
255625
1045583
359391
460034
1151388
516913
478073
492000
1102457
1168152
483027
1269770
461136
1248449
464394
1316415
544583
1513761
617018
1581244
1345645
757866
1395732
661862
1078922
463993
1124874
1140475
401103
234596
879335
948071
396268
1031616
918120
446020
951862
295328
955434
397920
309429
1066099
938719
412012
336318
295191
1007890
904120
401178
298006
573959
378627
274196
540193
610600
672758
155935
515183
213938
521703
308346
108731
198740
116364
791023
688687
453440
470252
550366
197120
455783
288006
315379
188665
404050
355524
286899
454614
605813
414478
588039
650856
692571
707322
625665
726216
179627
809501
253651
904799
923427
975861
481034
1038185
117994
120421
1160107
197026
821347
878412
236457
553049
574936
312904
105724
504205
106106
521201
238915
597835
611760
328490
640329
232667
592945
302423
362626
319453
530973
230008
418019
509927
754822
532060
598785
598418
348031
620787
319265
492579
374973
453865
469147
370978
529551
611121
426937
371891
700878
351128
593660
332315
579209
307910
670774
290057
671125
131599
754346
509010
678560
748092
518440
833059
222229
213435
901729
226867
308670
1025974
1019323
1087295
944198
267028
197210
1140038
226155
1148190
1110558
1169035
1129725
1140922
620369
887574
234616
304473
348019
1145117
187505
1222584
1281925
317727
1475838
1433823
1468860
509413
134612
1640361
1553073
378454
1584525
369623
1625765
264439
1650044
1581155
243805
1639744
279640
1698300
1748059
1851557
1854500
1889986
1615676
1335511
1098331
836706
226905
1164362
290893
1036625
247665
1017291
394241
800564
889774
420720
969256
1060465
507942
541342
885489
562144
616498
535297
465337
555974
650316
344434
130106
464488
204174
348615
823082
108505
236756
794218
489436
371379
429878
208536
392611
493853
451137
551928
373924
322677
267643
313410
237634
316665
409925
238649
554089
326670
446536
303854
271713
191544
400591
349640
362623
413018
290879
342598
381618
443621
378575
284552
87028
462190
222893
317521
467822
163699
451652
158529
375913
183027
468447
538562
491119
563777
525063
216963
234287
325812
296046
926302
292056
203379
401763
603008
448663
486155
227999
420702
244096
120889
618088
597060
296487
766613
740284
644532
574401
662145
731537
696677
695092
628490
421751
509218
576215
203582
435356
242208
190425
495145
177834
182079
429675
415556
374475
419944
464203
558285
468849
477206
760654
175966
225671
187892
151493
1029099
1080036
470607
355714
267160
245762
96906
630897
164247
204433
553933
457916
556057
150104
131358
96684
889594
351425
738346
371473
457774
508795
277582
343161
271923
699191
262434
327207
475809
296962
386837
615772
399819
575277
232432
307277
530775
393624
546577
289806
312749
216019
277455
305607
318076
1231969
585463
1305472
392455
371554
260493
336937
390718
346424
495614
660714
601805
396450
544588
467043
206224
557907
581399
234441
119168
583738
568336
634068
297800
511473
279788
594161
593873
365286
418960
192267
508874
632507
440091
573711
330841
172697
201441
164099
347312
705459
640917
313702
348428
409770
370297
491740
542883
416427
478305
633785
275889
684382
374938
717937
778811
343537
264959
756344
327801
708332
405104
602894
454186
409498
627351
391251
612947
583323
764853
495927
500466
832726
505600
542102
960023
503162
676479
696075
788920
725513
760963
610133
563995
670331
661976
864984
594153
529462
432410
346684
518989
404365
316001
349440
440432
420611
357363
535032
532160
281345
332337
822051
426014
326987
689589
377658
315752
571953
481276
290951
555934
369610
599200
381355
662536
711359
456712
795474
454851
292240
363750
990645
1161084
1201577
697088
1291873
1218399
1288916
1256727
570858
1329585
1297170
239193
1244317
250783
1160256
1110547
258634
888416
939043
339391
241870
769309
196887
93425
853296
834031
212494
820649
209914
843955
928490
305883
815788
310946
310949
833439
342677
875927
801747
321924
424224
202432
228852
1039347
261509
248923
843871
338892
410577
714108
323642
311546
820228
403424
362076
766631
861753
439676
520261
917378
410195
423274
1109497
334838
337859
864267
398399
392274
473161
386737
328963
443186
409633
515445
464826
546259
498911
672712
493144
738184
765274
775286
600398
769560
564469
539082
798417
964152
744777
601254
1153982
1220675
484384
986853
565361
971428
1036009
495423
953505
906443
465486
667875
596632
583924
660981
510665
788495
427285
628289
319801
322818
495970
311016
436759
489184
509951
615150
624431
477357
683737
628116
663468
679768
481092
238358
104289
194976
380155
355341
899018
450153
535042
1056590
521966
440831
589000
624953
701118
820274
753689
821985
957380
923251
1064152
646421
809097
747081
816049
604811
561541
648330
565147
758652
840072
767176
712377
782316
773185
899729
852768
831106
1006962
862421
1059044
935184
1029070
866774
964527
690003
658268
972671
646007
992383
638883
1028156
680248
1113015
1093571
706876
1033139
1035894
1087954
600075
1095072
1167672
553341
1198402
1155010
980746
580219
1062444
632468
1151753
914050
527755
941625
998447
538737
1022139
589560
1029254
528455
1025479
611229
1055968
667079
651792
983222
642314
1068231
1130983
1160851
555945
1211017
649760
1231748
705462
610940
1280600
675981
1202787
712215
779917
1399475
755711
1424636
824351
1322116
905021
1455125
708001
733381
1349205
816091
1358298
1291710
1307002
717606
721543
1206002
995934
602421
378526
1012744
985600
467553
1083065
525436
950915
536476
786812
726156
756591
707459
624526
759478
847128
784695
825401
955417
480145
562207
638938
589909
517922
1499189
1330788
311153
389160
422132
1439103
296489
967216
923130
432827
312373
417882
322105
359748
506034
461217
235571
333493
360184
415885
466009
713100
580412
403278
455103
885799
505619
454984
687612
497108
340058
401217
783105
521226
816291
626504
994079
576291
1070560
195466
1151236
993481
267028
1118244
278860
125243
1060807
215574
886730
670437
408167
342976
236936
394575
214623
191268
544076
281753
398811
385926
367191
270642
374046
256841
369573
272650
278753
195856
273173
414482
419093
323184
294061
431638
753192
640895
546392
466450
366052
261739
552041
336436
408433
413168
322078
425435
315186
327880
602097
552915
416580
497681
495031
413095
527689
393278
709120
545349
657671
648698
453603
493739
672303
430498
537554
648934
523377
434716
329951
473829
539508
350856
796154
704206
387633
108330
344656
185159
517387
376176
450893
466316
641994
664379
753072
740927
513346
603651
617854
470471
814892
192773
184818
698748
289189
544706
467969
559608
590237
604394
218711
319701
723470
234025
669190
327023
705534
260677
555772
253661
336635
605028
390640
761858
762847
833037
391465
287619
1025837
225902
953336
219322
1022202
1071345
315157
1158135
464018
1083090
566354
1012517
1083641
494859
447249
1158382
509804
1202234
495498
1155792
564722
626615
1263170
474869
1342127
257632
1406487
1472819
403404
1544761
1583630
222977
1356422
1147678
820743
624628
513182
711516
192740
785922
885352
210329
849209
307303
754201
796863
672763
463225
515113
715304
725417
763155
793020
745996
794895
630379
210017
435676
244628
524332
477731
296446
414994
514715
513540
607012
623587
701465
800407
128372
744379
205180
279795
384797
253072
754354
345000
273201
728696
287215
279381
127242
190084
750610
164569
724288
256600
333897
337229
470926
433170
270572
521679
283815
335438
341865
412938
620173
252593
577709
678992
545150
637758
529549
254104
328203
313102
289042
1158858
386389
998302
461636
566136
201797
264880
677240
370810
550193
346846
702242
583270
338025
783298
843185
394430
201340
884946
803193
257878
903950
448968
1046013
530844
471380
673635
482206
773041
568595
1035180
666205
994812
736426
1044265
588722
623399
1141577
1140090
282828
671166
815866
333899
809820
241938
820339
890701
334309
246702
989184
956516
337776
882895
415173
397326
964030
426386
1127309
309054
1201932
408006
1166755
552878
1140689
438428
1191403
536208
495256
1114057
220035
1165185
119307
164681
1106557
176706
224452
1000073
1004067
211738
237912
1094960
1164888
432929
1178385
504144
353437
1244028
523366
1263554
602030
1058466
614427
571523
1104722
459285
1058241
1140205
520601
510600
1099163
498192
356524
1226379
376265
361913
1310892
1353105
1386773
1397736
1466137
568395
1476026
1546323
300214
1577888
127542
1368999
269260
1371077
1388599
343542
1439644
242077
172131
118285
1304028
1290512
302033
1304149
1396737
358030
453772
1543400
390592
1612968
478726
1652776
1688528
572544
464720
1706121
436496
1803368
1731139
590831
1746159
559913
1713313
594023
1649319
537805
482315
1769249
563502
1474272
1359481
735724
739445
1247805
1205219
702482
1385513
652722
1446129
347151
334061
1635381
382326
1684346
1488174
1530904
1537266
706620
1624627
1676812
295514
1741840
1803406
296103
1881660
167464
212089
1837351
238171
1940001
202021
1993023
2072018
296109
1991163
1982378
463383
546299
2111722
2149138
501160
569502
2155784
2208278
689718
2045043
1984025
607802
1886515
508569
1791555
481106
1880155
473984
1898902
650830
203267
2094356
2230644
331681
2203306
300138
2272824
316539
402660
461116
2315664
472733
2407742
439143
410450
2449997
444999
2474872
209365
2658932
256189
2760567
2792596
429531
2857046
2863368
222577
2909791
271977
363197
2688372
396273
2842173
460650
526062
2678338
365577
455289
2740778
2786287
2774453
587746
649470
2769127
2752789
507202
2263627
593063
2179824
549346
627439
2219698
686182
2119988
575221
2152503
434066
477137
1486832
1499706
289723
1665005
1694199
1348946
1435901
704510
1106522
279902
996978
931001
961392
433744
1058800
428638
944914
972912
325963
892858
193393
973447
992741
1047293
1121159
1182063
1127503
739814
1152334
213396
258769
1304507
1044174
405490
340561
1168831
257466
1212551
995797
317897
1050224
1096482
404706
1115250
472965
878631
576713
920596
965093
411055
911557
442757
692067
222457
315143
885841
283065
879337
333770
313115
1023768
476158
938728
846924
673582
794274
670030
645177
925356
383802
978335
1022533
526040
448743
1212072
1289965
352308
367558
1368052
257964
142697
215413
784218
287715
824281
368069
978515
159545
618723
668653
715209
484953
212591
900564
834414
751124
413052
861196
920577
322178
982830
230301
733542
681041
426361
230804
313775
477778
470354
331611
359648
449824
378245
320492
250094
255369
224019
432607
226219
529961
333094
374839
311563
426265
429863
242768
293005
286473
692205
264399
610126
442716
599242
456980
533395
593494
656553
680874
763471
795614
848021
1324910
805139
871778
898050
871828
1608043
920925
866072
857313
536167
440893
634937
609016
698315
795108
787040
791851
692793
496992
456253
498600
372615
355265
316530
304427
754800
252361
605456
218399
249845
420390
282196
123191
520934
217119
505296
384500
389804
480375
130578
446017
473573
434976
550605
221072
249225
348669
400583
222355
594693
494515
180973
194956
643888
399017
235892
180095
517230
242784
399452
307095
426943
418569
432642
463657
514904
377992
372942
385726
405121
346935
258283
499406
343069
524690
446809
238276
470953
559647
611750
533956
514861
287377
352156
326512
654153
366499
378269
749910
457021
434502
405155
526495
440001
523209
647903
387009
593421
329214
333424
358848
285761
481228
315344
146367
605433
250960
397208
187167
265176
340254
356642
243828
406965
313265
464359
559343
593401
236795
672132
269611
590700
463406
662494
623158
809966
588827
567507
601466
664144
712175
1020212
780401
719165
905003
447215
823794
337619
391166
451876
332070
550054
607860
234197
535077
427090
518149
597760
545374
541350
309690
700451
364800
358422
410407
173364
179221
55521
569682
221022
322028
727136
182519
266091
540568
413247
377744
563470
422159
588768
330520
321211
251545
642496
246910
723910
206204
639942
140900
216086
741834
310625
805751
380258
368937
404846
479535
557073
615838
534680
651617
797045
830147
566089
457854
284372
452741
518550
467111
716852
191198
890499
865867
112925
269193
407818
264460
109524
433987
295615
420871
516652
465087
531315
689958
620894
271193
148356
795889
234020
811235
135131
805974
214914
201938
177919
856091
696868
478064
479882
565062
358908
666976
712375
362319
716726
239670
149022
240285
152761
159863
188814
796008
168080
117908
850439
285733
531429
589992
241069
786711
272209
968131
370998
930593
798660
889766
954005
1134175
868894
1316901
1374483
267809
1300464
1293496
1357850
1224800
1194433
764740
1266284
1073321
304373
885269
393015
132339
965672
1021984
209379
1040724
259993
1118861
333002
1148315
419887
1165513
432505
573401
377258
571665
455867
510722
482182
344672
385692
354620
205546
392018
329139
233498
274426
207133
837137
983945
472656
656602
485323
644040
704859
210130
770678
184192
572969
274038
482592
222044
502057
419441
661492
606616
487020
678869
415722
414952
578598
283938
554519
462742
448193
358328
366550
420603
457505
610690
612579
664893
791561
738058
1074994
824582
807021
1146634
855962
1100890
1197008
951206
1010219
1254410
1166151
1263855
966785
1347034
1001506
1015494
1217961
1103088
699371
1188999
858176
1284143
890621
1361341
1217916
911401
1057862
994985
1044849
951140
1145290
949884
1013832
713232
1017582
822031
1003148
755832
1005945
916601
873198
873411
969146
994777
768042
814711
890203
1103794
460157
522641
465104
504538
1013032
490984
515621
853977
511076
483233
691774
495283
718979
466286
734696
559737
751471
836537
563431
866138
654830
940301
823494
997781
810460
1052187
834356
577093
633089
658652
609271
601465
395834
479965
645263
416239
645383
824228
591219
607640
659144
324746
287213
356011
284213
902027
388172
408393
764931
397329
668918
627557
354595
496894
375284
560543
446185
615260
381200
675177
213614
547024
165848
535177
609673
657520
333071
176627
800193
436881
732243
348666
242249
401229
330427
460726
364930
434890
395931
525330
447950
620909
658903
684816
691416
764799
799361
884404
761670
772694
782703
710877
730584
672368
895823
685342
703214
1076453
1051658
364710
1000403
552699
1005193
1237368
709328
779985
1261507
1439898
494159
1435519
572202
1524276
524060
1495896
1544686
1403787
638911
1381877
665231
1296168
586258
515356
1313629
794932
545140
861124
672206
708009
732427
633454
679801
777934
781876
795424
606590
829489
513079
860791
601782
880891
509319
689194
579609
594364
615197
541942
729664
612126
361690
823413
312537
596609
354750
656487
201968
630874
278267
211430
678806
517681
685471
520328
381156
532353
572158
835744
569588
659933
795267
690856
607143
493345
291386
216786
926193
814552
382340
845917
245657
308524
772761
279198
822340
366332
305516
314224
375355
442448
286528
437142
342928
365663
349540
386491
298049
312422
392278
385612
402498
494612
447879
458499
515546
343617
774988
307196
948723
392897
973776
749989
1129608
1202688
786362
1171981
526042
1254137
649172
1311552
589899
1364955
1351189
403293
1409384
1311596
1122827
1119186
1205709
1080643
944477
883919
892130
1017869
727700
543180
629843
708701
727701
746115
908409
746325
759849
1023685
838375
817680
759771
742722
793774
894299
447777
608843
482086
425374
431141
467312
436723
517266
561091
537757
424096
595473
606410
529407
420000
616896
490710
700716
455892
715459
628092
723360
663876
711659
457649
400802
386507
634443
376578
486122
568000
673363
1275020
632502
731689
1046668
481851
671170
633631
642372
319525
511934
805225
532949
561710
978461
576529
604224
525294
453075
710090
646534
386154
678733
434880
698947
530523
525980
428888
516751
487186
592900
583697
235926
115455
598570
292948
412879
1204789
828138
322684
335677
482663
687035
657805
672060
349505
749763
454371
195402
287683
207753
263739
784769
261378
708645
459780
226930
202170
623797
491331
362218
476932
294610
549809
305646
647697
732509
492121
804600
679148
865314
463195
922251
571044
1000392
500636
1013266
441688
1109814
513242
561526
1156851
630837
445419
1231833
441450
1353628
519140
1603693
421564
1627027
1616648
263169
250632
1671465
1701308
449868
1678142
1759705
286409
1734759
303469
406754
1853412
323613
1619991
151423
1690808
237443
240220
1690144
328703
255760
1800759
160669
1792695
1846417
307621
1870510
383098
2068447
384892
267170
1646700
373354
1796932
647492
1789671
546497
1847979
514080
416954
1740451
1675228
568514
1715843
1618567
693899
1583058
730116
705810
1742392
835945
877874
1657097
897599
793394
1846155
788197
2014667
812763
859973
2150758
1990971
919330
914933
1980897
905651
2078688
2213924
1088148
1970548
1016993
995080
1925128
893869
865875
2025457
1903831
781808
1979197
878141
960438
2137633
1990261
1168628
1955064
1027450
2024927
1109712
2106221
1093053
1793300
947736
1704773
1432466
1031805
1125344
1485247
1527288
1303937
1573578
1307435
1599614
1381452
1248928
1058889
969737
1785950
765377
469678
1851677
539802
1913618
690473
641708
2205984
587395
684797
2377400
835889
2472505
2258792
973473
1732852
1045530
1810791
1223562
1877703
1296643
1765540
1084664
1178127
1618114
907228
1678600
927271
873531
1848206
928106
1925034
1959459
1110749
1863961
1884071
1213591
1170906
1811121
1014678
1755206
1159744
1662442
1200587
1748672
1245733
1841872
1120177
1841212
1921985
1276212
1846803
1306106
1779826
1382725
1732557
1357055
1826710
1797336
1730735
1415714
1236778
1918158
1206501
1955146
1240012
779767
2044907
2005685
1041553
2041961
2123533
1197695
2134745
1214206
2315176
1187544
1286783
2479520
1185212
2495952
1364774
2611113
1444674
1438301
2635767
1251618
2689798
1111486
2643654
1098153
2731328
775332
2646832
2685640
812326
2687127
889291
988522
2697613
2618967
1171504
2753313
1264273
2758720
1211569
2808106
1415125
2855941
2887745
1594761
2877424
1678504
1687108
1592455
3071819
1612530
1463024
3196192
1369355
3084734
1377418
3119972
1186184
681134
627093
3018304
687464
2791074
2794228
523812
2491279
2564693
474243
332492
2710210
2715693
2801876
768463
2901329
2852535
240080
2582436
2629237
2589561
2668373
571362
2746949
289247
2611075
372414
2803641
491640
576507
2953413
549822
3060635
523611
497214
486458
3212452
471507
3292040
369307
308499
3358605
495594
546600
3544486
451948
3433468
564110
3303071
3254194
761098
3236839
3244100
710761
787302
3412743
881786
3583672
623457
609483
3624607
3677706
3701188
3675772
432968
3728913
287209
3758818
193604
3679732
3448880
3355060
530346
3376167
290296
292998
3385367
115356
132732
3234905
239908
3505770
214600
3580444
3676690
3687970
3775476
3790809
835206
3649496
3662711
3692575
381875
3761050
3828960
299374
3865667
3962349
3966531
399329
3963125
4046658
317588
3985442
245626
4184164
4281871
378463
4134621
181703
4213748
286999
4212834
218896
4308532
272522
4047141
4013498
4029023
355825
4028932
165923
3993814
245902
3941371
229447
3962608
319289
3916388
387222
3790934
399309
413483
3523122
3614350
575572
571091
3333413
3282975
627472
719756
3374072
3364898
799363
848924
3415836
773895
3468284
769054
3411623
3450888
885795
3537203
900437
980746
3716042
964146
652767
3777977
3872130
554171
3936524
3793905
695751
3855199
704082
657361
3972968
727919
3911154
816617
3932574
3891402
925143
3722635
909051
3822432
957202
3927703
1034847
4024344
949451
4065657
932585
4079091
4177769
1096048
4136518
1155318
4187179
1155341
4263251
1145353
1238830
1207568
4513356
4408880
1304979
1209972
4455888
4232807
1302997
3788406
1370336
3871617
1560046
1510879
4033140
1470311
4116232
777075
724783
4306884
801838
3934527
3905841
3819290
975118
715420
3817534
781314
3842912
869631
3767306
926394
3697058
1011765
820491
3716892
836793
3320920
799815
3227776
766743
3186307
831605
3239579
920224
2973355
925063
996000
3052072
981307
3221382
1035375
840398
3228980
3315465
469519
3248596
3311947
264915
3317031
355933
400724
3393228
442578
3394744
531183
3338447
3274852
3278473
674096
3373310
637634
3389015
464490
3459739
649060
3165672
3168118
3042457
756403
3099102
2859373
2927904
2991690
3042967
751256
2977086
2936261
2858263
2889803
367791
2884574
373021
2798377
253895
2836553
2803385
2875921
457660
2955163
253811
2992133
339167
2834361
446040
2993434
520507
3061694
592368
3156524
718806
622177
3327458
606795
3399918
588073
476488
509823
3372727
3388313
348421
377328
3336178
218885
167277
3319786
3377629
361707
3431317
3561064
427550
3608749
3611202
192433
3631934
273211
3730995
3706020
3845192
430801
3845588
206653
3920977
291487
264928
3993815
4074366
508509
3911875
678014
777488
4079325
4242121
907618
4223059
1098758
4342822
1113478
4311748
895791
4193212
921387
801789
4118718
705909
3916896
739389
3881606
785645
3845926
589057
3890379
633101
3822263
707604
3639020
239289
3643803
266405
3820663
348931
3895143
369272
387022
4026763
345962
4038116
301662
3998565
380714
4081272
3831527
3510032
556532
3721775
280636
380071
256537
3893312
291961
3751351
3761575
258023
3753709
405532
185812
3987010
3942827
3779203
511199
3550325
3515421
333955
3404891
3305666
340122
3387379
3456260
3543516
3588659
467137
3289937
188003
3299744
3227239
325420
3380911
211725
272377
3220289
367495
3220089
434216
2798345
2879261
728472
2710404
786656
2903228
2845249
556814
495488
3037949
3168240
659542
753260
3353888
999930
934362
3725643
970148
3811570
675269
698479
4010565
4086863
666849
3852039
732232
3868786
675065
3826908
3891073
807614
3815510
609467
647285
3645360
3786035
642742
3404725
215720
3261309
3252189
263228
3265257
124808
3185258
3274098
414752
3138846
363212
3159776
3166360
221780
3055559
3034652
2793977
405201
2820880
387670
398233
2999292
333275
3126979
494269
3211673
565785
3223095
625432
3325899
3159948
644229
3253161
711887
3327494
748489
3235877
828671
3175308
494511
494545
3463007
597658
3531004
564513
577896
3248441
521100
3426494
561150
320835
3498179
381962
3585448
3242761
475927
3347661
442083
3419201
3306728
667570
3161212
767549
674814
3244509
741254
771825
2897648
626613
2897658
2875930
362422
2938921
291417
2964519
3051812
338355
2789985
2781795
528249
519089
429513
3161845
446629
2938483
591567
3024187
543044
3101054
479320
572292
3208797
480998
367782
3418795
446357
3428605
555811
3571880
251477
3617030
177064
3638114
256929
214385
3641280
3577795
212730
3586690
401228
3535679
331106
267889
3816269
251134
3784047
330687
3700735
503381
3873082
519418
3632422
618100
3894587
668860
723052
3930701
3821263
802183
776081
3699306
792988
609407
608123
3848122
526431
3781162
474487
3858923
3801927
558793
338758
3791473
3669263
291944
325833
3701828
394779
3664957
271957
3572501
3667607
3669432
539928
3614932
200821
3651157
3694061
3433501
334675
3468052
3379435
3372854
3456620
573525
268895
3576642
3391676
3365484
635182
3435081
473209
3533886
538140
598447
3352833
619061
3427657
691424
787979
833747
3638731
3734269
817524
3796722
632767
3940013
4045158
501349
505670
514048
4073422
439320
4065598
437396
4127155
422630
4079330
480901
4093769
445339
437546
4064542
210156
4144902
364512
4262070
388824
4038743
336031
405378
4107599
498888
4181100
529953
361429
4092860
4163000
290454
4156961
318031
258061
4235887
436660
4424366
418542
4425135
263760
4069002
261635
4132845
4226734
414522
265388
465358
4549565
605797
4122055
702416
4215337
4086312
653190
678511
4053309
3985521
630033
3824229
698565
3941012
714658
759058
840194
4017595
729250
816619
3949988
629279
3955901
663407
4024763
749219
3998506
873258
3827149
675192
3912842
558444
463954
3907853
550693
3932413
744808
4014897
4036198
825804
891123
4030542
595662
484448
3610069
3527641
398206
3225591
3221660
467707
3287174
3252021
368441
3279983
237179
3146628
203430
3173099
2870917
2846622
2563879
2598598
2688950
2590824
2329791
2373773
1035463
2512187
202492
2576619
288942
2385035
370555
2474300
233886
2663830
408135
343702
383369
461830
2526397
2484367
475506
547192
657959
2776848
495595
2719546
2749538
2831812
800189
2843987
2903782
487703
2768026
2780762
2848708
415506
2826802
205537
2906791
2903695
267583
271138
2921099
2816040
446161
493982
2987315
584292
2963978
679595
3010964
620346
718515
3154896
711063
3068034
702911
3036778
408018
3117486
3140880
489571
2961145
548550
523599
3142432
3120870
627358
536224
3289818
583183
3165274
3257107
374136
456281
3233265
541063
3422110
3474401
3566134
734897
3194201
132602
145580
3182748
148546
281868
3279870
294483
371812
3431723
359836
3474874
465896
3506919
486147
3353449
554053
3426396
576349
3455676
631513
3357250
748448
3434953
762173
860193
3526583
3523430
851187
700989
3695408
803604
784730
3501297
722993
3505623
527006
3560620
579609
3602324
632635
703387
3584504
625860
706301
3645461
785993
3733441
684037
773587
3695821
781607
3675619
682215
3295080
531774
3406382
447973
439665
506055
3584109
567198
653652
3872742
3909685
537109
3993231
617413
4040974
3872778
703393
4017154
567452
274618
4071245
4007153
379083
299703
4149601
363474
3982599
3988700
450523
507331
4146948
398484
454219
4280018
501891
490754
437437
4467071
506136
568006
617312
4637108
662127
4642932
532354
602618
4728992
543280
636279
4946349
800050
738821
5009559
571880
5044725
5095540
5210960
5060309
556556
166695
5117301
204708
5205854
339993
5110003
5132486
358464
413676
5199041
5127875
208750
5143310
146252
5164966
4978072
4916583
4898261
541689
148159
211127
5003274
269924
4686756
4597969
454973
4678156
4688389
4752273
4584186
468782
4621144
4642120
320421
4676035
299918
170918
4866218
239236
253129
4880595
250468
234875
5018366
4904675
239294
4948417
4917963
226052
4680711
276935
4762799
4840527
432548
434935
4943191
5166850
712372
5072090
565233
5134504
4781541
743998
495179
4825998
374704
4744114
316737
226161
281547
4638225
247088
328657
4803951
395127
4764873
481766
579509
4917530
451318
394533
4949084
473916
448968
5070809
535113
611163
5067139
690591
624495
4477898
722019
4593067
737940
4715533
4426759
4344601
4442651
4485877
972899
4485016
347948
4381277
403348
4462889
4547558
439520
4582488
423451
475405
4764963
242362
349422
4725825
394376
281940
4642168
389911
4729915
481755
4820905
4869407
187632
4850507
288567
4898884
4994703
464640
4888814
203860
4988484
391518
5004793
5057074
502850
5200952
235503
5283566
5029952
272195
331456
5094308
207291
5075097
289394
4684086
360591
4720658
4708590
449697
535185
4752654
4853829
626875
4379231
520993
4403585
771891
4490554
745492
4339152
4166853
743160
4130071
500187
4013162
3932786
4010012
491377
4192168
4098078
243929
4129039
204002
4193915
249394
4160649
4201764
4242560
4109652
550151
4234035
350397
4092788
4053051
435251
3882379
296717
269046
4015755
3940693
402195
228292
3644820
3716456
226684
188763
3469321
183180
3438847
3420148
3347596
3391363
3364685
592959
242729
3448489
241913
271532
3465999
366583
3281322
417322
480592
3283975
3348790
3361995
227534
3352381
3442171
196526
3516487
271370
3419101
350560
3450370
416607
3467953
396649
3529243
444012
3619593
3686314
465570
3647634
3297913
3143014
3133352
3186712
899847
3272393
278555
3220894
279413
353209
3304576
3299690
449309
511109
3473602
168916
3219960
196399
3349384
250200
3050499
268784
360047
3165312
3168265
423092
3234930
277662
290944
3244013
3186824
384287
3249571
278265
3412184
3347458
469409
139403
3514277
325635
3686954
399027
521547
3737175
3690655
609278
591546
3831354
444294
3850055
368888
3949492
3995689
584102
3946935
3997929
246787
4040589
365538
331561
4199456
4281808
457381
4360552
452872
504819
4482854
4512216
645242
4163652
4177892
739472
735122
742758
4359437
4195592
586609
614162
4274788
4374004
539472
4550817
524326
582410
525945
4836501
712057
736613
4898453
543439
4815022
453969
372773
4990876
441912
5038010
5051967
619996
5039751
689553
4745087
753418
4792097
689662
4277367
4198695
674287
4102439
397576
4067484
433718
4071671
242219
4035609
4125577
265347
4185984
4125628
4215043
514571
152029
3833756
252884
286780
3765979
3570353
351741
3328362
330217
3408812
335008
402598
3309963
258703
3364561
348234
3363650
412826
378331
3330249
2947192
220255
154195
2963972
3017526
316826
3016736
393548
2925700
584376
2616234
665472
734799
2774136
623275
2914744
525087
2955296
2997409
716850
2985699
702812
732800
2988623
3084494
930471
3112430
3190291
999483
925750
3005556
2644725
803396
2621524
849736
2691579
895173
2702884
939508
2788000
1103194
2966444
1174101
2616101
2279724
1340386
1358494
2344278
1158669
2515725
809903
2373288
2397749
307829
2403102
325806
2371749
282670
2526556
454021
2633335
542896
2783196
2766920
507619
691950
2843488
2943100
638593
2677730
723731
2699118
467192
2761498
376946
2776281
429229
551452
2971358
3017865
665322
534628
525299
2585318
2575316
712053
2616529
782631
2477576
648178
2548519
691915
598577
2743624
628106
686804
3020196
846096
750803
3267619
674803
3231457
637108
3297053
614775
3265085
555452
3455802
640988
3496983
815120
3494203
3482776
875967
3545203
3552088
897503
1000054
3345640
1119173
3414459
3490326
856489
3553611
873887
679964
3443634
3379790
763611
683657
3411312
756932
3483872
3260125
3351446
917336
3438902
833211
704932
3415607
3517137
801867
731504
587583
3502013
3595696
642027
649376
722809
3685792
3780357
758574
797883
3806349
847719
3919130
878232
3893116
3614626
486726
290371
3593405
3609407
260812
228416
3837130
421705
3660273
586900
3713670
3783390
375629
3245903
3329968
294048
171288
3216694
3040517
201087
3114593
3161332
379798
3255511
360123
3288532
439224
3172824
3128607
252876
340448
486155
3343798
495234
3355740
477548
3220045
3167284
333027
2994660
384924
3040482
445562
2373559
2453444
2523639
496451
2572203
2578752
335921
243588
2620701
439712
2803133
169691
3000627
197759
225923
3144897
385307
3227086
3307570
549043
629871
3408194
537101
3465489
586321
3472668
645226
3534386
570145
498924
3664407
691962
763092
3813127
657531
3780086
3769400
747263
3762009
3698322
996419
3759836
1100563
1104610
3819729
1076884
3741962
3702990
1240467
3790561
3844024
1287634
3714469
1477721
3452261
1428283
3602843
1492794
3560860
1641614
3578458
1796734
3636269
3716297
1842484
1831569
3803284
3722829
1891791
3640593
1984189
3650196
3743932
2139588
2005455
3818737
3837686
2164393
2133048
3850899
3761878
2372604
3706916
3616488
2395010
2445932
2443173
3454600
2520135
3465396
2524616
3318462
2667380
3396531
2517612
3485855
2417084
3518381
3527439
3456466
3438171
2462606
3543250
3587428
2088398
3506848
3499934
3371823
1717943
1646156
3051282
3068380
1759814
1737499
1784061
2884453
1743072
1765960
3060791
1666706
2913542
1588310
3111480
2883719
1675677
1444975
2940340
1195193
2974040
2980026
953641
1130216
3093806
1180428
3153709
3048988
1341197
3107077
954873
2736746
890544
2751863
925433
945284
2711433
991728
2671937
2761025
791220
783166
2625943
880183
2668421
892772
747279
2110403
2196372
761806
1784175
427855
1147368
279090
300102
1239553
300397
291745
1285807
1325579
197198
151073
1186065
1162137
1213578
1086736
450849
1275160
1080678
314516
1134450
356053
1202191
411285
1191276
495620
1213304
453394
1168735
1256897
423617
407718
1192736
580024
519191
505007
586591
321070
606494
509073
657114
381165
690519
561177
559493
521049
385672
383269
483909
477920
510917
610135
471915
771834
668332
906531
729115
679567
743642
737588
937547
743279
180618
889624
912321
626978
790843
578064
755685
763994
429433
828098
801174
235074
955080
823681
464437
829955
280221
293205
926535
357023
791460
856524
283684
822270
335705
329004
341944
1080455
437423
1049284
1070822
652810
1201396
1290151
670192
1260249
704683
1360453
1245829
714065
795948
1336282
885376
1431638
652626
1500320
595533
652979
1594823
805768
1687896
1634760
831166
1706101
616346
1717285
1642144
398838
1710001
475890
1802510
473834
1885436
652408
1853730
817804
2129251
881104
2128511
679962
2207757
457687
1992536
2046940
2054444
641580
2145327
732627
2174522
758601
2216176
830203
852879
2279856
1006880
2178415
1021534
2248308
750690
2128037
1967372
626573
1947448
715730
1788759
798947
597800
1884407
638392
1972015
1948358
732167
573633
1959154
442610
1989802
408072
364845
386052
2194970
548437
630422
2210732
699438
2129252
1887908
688753
666998
1770590
756465
819769
592716
1946942
635159
2027653
2087739
662646
1879953
682662
603306
1894940
700961
1688466
1733590
868888
1732948
560764
526764
1626076
613693
1638607
606636
614679
1701426
1725558
715097
711252
1699116
748479
1854691
2000117
889211
1039373
2227216
1170523
2231271
1108530
2253078
1132043
1164987
2348897
1156855
2055932
1063849
1958796
1112224
1589283
1654200
1111486
1705329
1266528
1707991
1231793
1577134
1361368
1676257
1459804
1542705
1748248
1808687
1521142
1809569
1613335
1760498
1710654
1664078
1417058
1728163
1490890
1769929
1764593
1516082
1517042
1352166
1559985
1499150
1464211
1617114
1275615
1248727
1440569
1298361
1384798
1375935
1429193
1411858
1529047
1587662
1528868
1594204
1490865
1612658
1500098
1643256
1510474
1442416
1615704
1508511
1644239
1714593
1630901
1562047
1897551
1327044
1982789
1347674
1996648
1387472
2020302
2101758
1565554
2175338
1627322
2378144
1679775
2548161
1790732
2504249
1882238
1932909
2633360
1935776
1901397
2301270
1996306
2151493
2149803
2052911
2212083
2133482
1963250
1938998
2182531
2261706
1917682
1866403
2321550
1915926
1969438
2431505
2420245
2473968
2162427
2236709
2332737
2235971
2317271
2558857
2339602
2587850
2206569
2661825
2746953
2107984
2043265
2612617
2088668
2665100
2131246
2167304
2763878
1973883
2777743
2041747
1950811
2782135
1928786
1896978
2739996
1785047
2812890
1620923
2723999
1704715
2808827
1589289
2747223
1768433
2699958
2798728
1684556
2750244
1726996
2721521
1796531
1882226
2679428
1934725
2750365
2017199
2787275
1991128
2862287
2070907
2893586
1898148
1862996
3031161
1830495
3125163
3216583
2005389
3249945
2080215
3047842
3103425
2108166
3163071
2053673
3220236
2156275
3393581
2055895
3479281
1841467
3279371
1910089
2971520
1947753
1892658
1873409
3090492
1939074
3176542
1971932
3083671
2011701
2808442
2015910
2900967
1753611
3064252
1784683
3126443
1809025
3188642
1742728
1622608
2457439
2506379
1575102
2572640
1164972
2650289
1165246
2504569
1076822
2600375
1089994
1184515
2603295
2579157
1249250
1286721
2602295
1356782
2694537
1385258
2865551
1445323
1138791
2960165
2922758
2811812
1197150
892731
2858174
890555
2854825
2926658
986370
2896810
801869
338107
268056
2879466
246310
3063139
317682
2850352
2911942
429095
2948032
501212
2874643
2925402
680344
2983060
664974
3166273
711053
3019968
2944674
761269
3019934
192530
284232
3122657
3210188
276697
3087110
286131
3053825
2824499
438821
2763358
2833221
254068
2841780
377658
2352410
468904
2405162
558809
2478214
569037
2424375
2567015
462160
329341
2565833
504184
2723925
509869
2545729
578157
2642190
666948
2691633
664838
2829349
2795215
2639276
945520
269150
256526
2544229
328037
2620027
2492737
404997
2568523
400572
422435
2550910
435356
2358561
506995
2478913
466939
2358194
2362310
2257754
569771
167057
2210140
2141573
253311
256800
1504792
194992
1316718
282267
1326181
1380712
1375096
1294393
1379291
1554310
915825
89508
1601827
146757
1426274
1448277
1535763
1656582
1643758
1648441
1730220
952035
1799768
1790711
321680
1769961
335908
1660588
275105
1562562
1638825
1571493
1522782
673548
1658562
302131
1640551
364843
336553
1432374
472945
410353
1524013
1540123
432115
1641143
110034
1603465
1350121
341708
1467183
390923
1551456
1393349
206110
142189
1435005
1446333
1522015
421078
272105
1632132
323401
1566288
236090
1597940
1632796
279343
1724464
312804
1518008
1283420
913677
957342
513036
998823
252789
908461
307472
961130
234757
1044197
266074
1145887
269959
856095
929647
192043
210537
1031667
259445
1007111
1083173
273777
1184239
457062
493466
1370556
590652
497608
470009
1428664
1385719
508228
1332502
343419
1390574
423175
997346
519186
576134
942761
590485
1107204
944834
687710
500522
933481
524901
579132
924073
496269
996561
404629
726864
336723
673028
344440
526681
422728
298135
661950
392856
283376
567150
270090
436928
309445
549833
390768
597161
318292
573808
411709
666929
393685
703580
717774
806862
394953
683993
301275
332679
391566
320528
56083
217176
499758
306957
319171
737414
404462
625381
486361
580391
637491
565904
160382
506006
502951
243534
303474
694732
367134
759710
447782
785562
438125
837702
274609
713801
554886
299055
530766
231975
203008
618625
652501
265758
136734
539441
581145
325559
295210
422550
352658
202339
482179
420587
287101
569644
583204
631952
587771
693476
503430
385158
494780
328594
336976
339299
430086
493064
358109
605033
193230
356704
473209
437140
504274
227626
376873
677430
775351
571187
658096
948519
758332
837383
799047
942951
900756
1130244
716322
1096613
980917
716212
635673
737964
260476
604983
359158
408211
611735
355963
762614
502694
577874
812367
633029
845922
694166
768454
674141
630994
954117
1011730
865908
886396
981023
798717
892039
795940
517785
882144
329043
935755
1005563
437240
981288
230240
574144
633036
243925
683639
624549
363084
762616
405444
824253
585346
663853
243345
808407
284129
745163
532909
278045
300071
609443
697848
488379
222902
208281
589309
342601
680967
355872
353824
489665
261176
515073
246995
472060
341730
177937
483428
230007
653610
335738
382327
236314
190843
243248
332565
495166
546033
476076
452978
370840
437905
363559
222569
206843
625716
281461
665674
236284
452646
301957
487246
338254
360090
615989
422802
551276
437044
642739
308951
489983
384030
416601
453811
223579
604441
404861
476827
528663
465266
481773
723187
489899
157072
674480
327751
739400
796927
314956
121513
274844
61575
926493
227616
1054523
244738
153617
225559
573534
314213
462600
357883
379477
428264
451606
361136
330881
475305
493260
526230
504291
576781
295354
423534
395445
516893
390175
482528
501236
518995
613036
577948
643931
579555
449791
521090
471740
218334
261403
578197
512166
298906
500362
479697
494679
149330
584864
644752
320324
431911
431509
533275
589727
641004
758638
757774
650694
610911
601064
638472
691112
1264270
653624
166952
729202
595779
213430
162066
735790
736195
318167
687591
208166
355939
222855
239216
520387
617019
485328
463946
253377
329915
248574
452354
259791
451008
474605
609874
392990
758591
429465
524566
380349
612049
468250
656844
695856
494103
355293
785153
409371
731997
472389
717785
349815
891581
956655
499635
765879
141248
841789
827625
369247
148495
882993
122115
159631
877913
131647
142891
538149
502422
553078
666645
701232
276427
804021
421194
510692
320559
559744
292970
423352
734302
505477
736982
344303
722202
510829
328785
318223
537307
381912
531695
610653
469206
696441
514882
415479
809584
285684
713850
378053
777503
404125
826391
705138
515225
516954
459658
845958
527970
476574
615086
296502
608890
664864
341633
749171
641436
619494
579795
740723
611362
827826
702755
261332
764500
209944
830891
880140
116354
262896
932854
263298
991455
256286
1131707
1206571
360683
1280558
459650
502260
1389849
1305897
221161
1091092
284900
179433
1260462
1142237
215480
404012
1181388
395012
1292666
1277778
576262
392668
1254981
571240
1236303
650104
1078191
631359
668113
949957
672375
696141
1000528
639143
701027
679558
1026337
1111793
1081313
570226
1141543
223851
1226783
282139
1348577
1414176
1501018
1553355
525096
1518366
1545327
1633872
293071
136347
1737294
201984
1917832
1911474
413023
229645
2004549
1863713
413598
1852845
408946
1804881
308375
368715
1604587
468865
1419049
998409
456046
555703
945746
511564
526829
544187
1090426
401387
297784
979565
228327
1003434
412246
1191290
1131988
286468
1277411
1214244
417215
1197206
295936
1305367
1381190
521788
1454569
200521
1604169
1532405
1427901
501810
1319224
205049
1224449
1302367
422694
169906
1351122
1412711
1308385
907056
288711
765820
625852
620409
383869
348000
299093
155039
200846
140411
396307
228851
272690
307766
719507
720476
449076
234348
674223
409072
648936
445913
499319
640978
632875
640659
254601
137554
723567
572215
657876
317841
166533
258084
417752
498945
1120033
585923
1271723
554127
490985
550079
629721
486209
758424
494105
338294
790912
735528
260692
368215
793938
429069
496172
840694
479309
307052
436717
363005
622190
354919
722231
640021
206971
742769
659651
365933
649220
146333
805920
238793
749153
744800
538468
606207
283760
728335
790166
478241
528312
913640
544545
805854
616134
500362
806593
474728
782326
373400
315892
713608
305482
642615
549653
591399
608466
695302
569189
579538
194774
167490
740900
229729
829035
325546
435043
945453
325946
1096831
387261
332100
1102161
488736
735633
815764
965152
887218
1028126
242370
1122658
427167
870810
483807
960178
576189
1061314
1018184
647139
552918
828168
596036
892439
670416
583996
575342
631059
689999
547089
1198746
372599
405883
993548
391925
464326
337827
278146
647996
360134
609900
378282
318414
166320
505009
485022
504077
374688
498165
230160
223617
535284
591650
434247
517027
194558
568422
261719
546070
163669
618137
351308
714400
765287
288911
828911
932091
327930
191975
1082395
968614
358576
1111207
174447
1088081
1187118
348379
1245658
436946
106914
1192693
152979
1272202
1098814
1189061
324958
878482
350464
763762
280890
774077
256118
818732
892668
421728
910134
260180
1040800
351418
1069828
356870
1164022
391547
427575
1155573
437061
1309227
405687
1145797
1209526
704806
663774
1116456
729584
1273694
756724
548196
1118062
848233
717794
938462
801186
759040
911622
812428
835759
733947
610618
650781
581745
678817
757759
515842
618350
357251
426089
864344
542909
846036
513492
671833
470315
694871
526067
744632
547912
701179
586983
419270
673313
462773
715284
587753
787339
770884
616505
519119
723554
613023
694419
795198
752451
766148
840626
756458
468567
889939
612348
786524
1034224
824390
1042397
829110
888372
1084095
1149932
993570
907840
1342406
981408
974080
1330628
1378012
1161445
1290697
1325596
1199556
1067186
1121728
1337311
955876
1023535
984610
1115381
952508
809404
1271929
858950
1132131
819005
1187748
816324
1320844
771061
1197812
1142118
644593
772473
653267
771530
857834
746872
834244
518723
916019
1015254
611216
400448
412989
1112412
302596
1372501
489628
408365
1416291
427647
1481012
522114
1520254
595358
1456313
576736
641766
1511409
700752
1586411
365037
457690
1776150
1764547
1844223
576682
1889099
399576
1964360
467794
544695
1723258
1542814
1399797
319569
1450300
221652
1237269
1198323
386081
1193673
166934
1237144
196073
1327266
289382
319422
1333417
1350189
482568
1480399
292121
343271
1524583
1592213
222108
1687413
1781072
197848
1771476
267387
2002132
441988
1800474
1749543
316096
1631172
1148594
420233
1082607
192808
1113243
179851
338517
208552
520497
335052
324128
483358
355010
243054
270570
632586
336299
518940
316810
362802
376906
432216
386535
579935
570648
560989
649524
610784
454281
210897
802798
365055
888296
941750
465955
483864
933746
757654
568066
546698
644384
641736
720804
547767
840390
523831
429624
976233
378377
268368
1106713
356183
1047871
400915
1127323
487456
570491
1216552
644834
1334900
489764
479978
1534837
760571
1574504
352623
327253
1419060
1416628
1392851
606691
1486226
1386245
366629
1483478
451792
1403903
1304094
533083
1232207
625375
1233277
516091
541103
257594
444993
461074
447061
323152
238784
278299
507935
603997
483642
508399
370641
270205
467801
417051
345342
730238
456387
525678
451397
542548
667754
604204
546721
452128
597898
489571
668989
674485
843123
737346
683810
496709
386779
785939
864790
475439
942246
518974
745815
841175
706221
1009361
856854
842158
1042639
1100134
933508
681271
1040035
750133
798730
714179
844814
720545
981581
947289
578349
714807
777828
677708
720895
381937
779805
373797
691300
863255
556019
857332
561963
447123
430659
749918
412517
334078
240873
389345
414828
601016
596432
619420
869617
629157
400826
783851
284380
977372
1059731
368188
1024664
183991
308196
1218292
1314268
366442
1344787
522466
1335320
248101
1481722
180402
1366936
176986
1180230
187130
1130693
344111
1075028
1016311
1067352
1036156
543058
806425
870568
945018
342463
958966
257120
336870
1053733
352343
391833
1127265
689085
1096667
1146869
774063
1179965
601602
452931
1341495
1440921
382626
1292314
449939
1339201
548585
1428941
237541
136348
1263049
1299058
1304865
1398601
1226316
511561
122978
1367139
193764
244931
1404805
317480
1460201
249330
1542455
201356
1565952
1581021
425667
1525419
500662
1516849
1373470
396755
458979
539707
619562
1500924
695861
664732
477900
1581358
546263
1486053
371073
1576202
1594831
423047
1695143
1544201
399435
174371
1474505
221432
1269900
206775
1352730
1470933
310515
349011
1476054
274125
1437505
340222
1481154
272931
1534132
1539490
470559
253288
780278
289442
832080
364454
977265
309884
1040398
383667
185221
1107285
1096482
363264
260661
1273348
337934
1140456
490863
985696
537809
426737
1141708
958623
526471
1007492
1087896
1016286
429447
961247
237127
1138681
202679
1121839
1211571
1276715
475589
1322530
342214
140595
1359797
1459257
313654
1236890
1314755
225281
112391
222692
1557282
200868
1250042
269468
185669
1311508
292465
1451743
1422514
1353227
1364687
1318381
1110324
833112
1303031
1219233
1061932
396805
1235442
342808
1178247
231827
1148359
314140
349444
1302754
316378
1434300
188343
1610657
1679666
424953
1802778
246170
277491
1909560
256564
340305
1992393
2073155
459426
351612
2239092
477705
2065951
2128270
560723
612323
2232123
742917
2338046
594198
2434587
728640
2356493
779337
2367681
2451252
790567
725038
2602493
440752
2668602
2742680
572759
655437
2888430
765553
2970985
2765009
502386
2735236
212032
2245123
370026
2081086
2126182
455359
1952163
262797
1932010
355234
404794
2151162
2173257
618136
2242658
2424004
889640
958220
2512375
952124
393769
226999
289267
2706555
375734
2365574
408228
320448
2293916
2382401
284504
2170695
2006477
391890
2101416
478406
2262969
551930
2288290
2145917
491643
514702
2219883
2274304
509354
2319814
424680
519435
2423481
591457
669581
2550459
709254
2507180
2662078
843918
2755359
934129
2660401
776757
2638739
2617712
2604335
517749
2578819
362106
2600744
2620229
2813817
491165
2905388
2896132
234433
259012
2938988
328687
2875361
340722
2838875
2935598
420864
442038
3079151
596622
3090862
666604
2372835
631588
2315536
816594
2371711
153855
2329771
2231412
2024330
400431
2044429
186493
130169
2182911
292678
122988
2364291
310030
2351884
180629
2248125
179185
220060
2392020
2234123
346403
2045957
477254
2228490
2291319
306421
322634
356995
2471689
431152
2477680
717107
2759757
814256
837761
2826195
2867610
914781
2813125
928404
1079775
2859866
2635540
1099565
2510255
2352353
1268011
1351392
2373606
1362495
2474631
1549046
2654927
1515480
1416773
2461781
1496225
2557110
2429355
1688988
2499064
1632275
1710036
2668571
1090469
2466636
1071105
1235119
2638148
2521298
1363871
1274554
2235455
2279793
1144534
984705
2327475
1066220
2290283
2228450
1258024
2039890
1336727
1776898
757400
2024576
864985
907521
2113784
978781
2223909
1069969
2183433
2240422
1165201
1256682
2536531
1369166
1462220
2805682
1534189
2853333
2890295
1696160
2964490
1777140
1613317
3038750
1079163
3075331
612106
558871
3091933
2952521
460649
3065494
3076232
615133
3134371
229226
329394
3296734
245500
247409
3060900
3023586
335046
190820
2988471
3158288
310334
3161565
288560
208195
3397013
350172
3366105
320924
3461826
3446095
397088
3565016
486797
581865
659011
3566067
3018451
694723
699396
3021416
783251
2709273
845513
2659904
782219
2719975
833614
2646004
798508
2716571
897029
2685216
898517
742157
676131
2685646
2664949
666821
2568743
705026
2265100
707060
2358210
551021
2341395
2223336
740082
2214132
923419
2020694
1022624
2267734
926588
2311643
753734
2393914
796282
2544030
567290
624963
2568275
686029
804824
2737908
2693568
788565
2788170
886291
944304
2574995
991794
2615010
1032298
2679672
1095796
2411315
883717
946337
2320157
1034811
944783
2448015
939331
2187308
1037707
2291244
2399537
1284638
1259365
1059456
2278447
2245993
1129601
1963985
2015008
1309034
1226590
1430450
1116441
1201385
1077089
988208
1142529
967672
906161
964096
783035
996020
1013011
937848
1079771
1052764
912091
1142634
967166
1014846
934615
995592
701593
1003916
776038
699330
819541
976265
805767
506761
1077705
512747
1111888
599297
1194162
1255759
1045919
1027407
760076
766345
974052
846229
1049732
844828
1074927
909560
583822
660964
807825
831587
958097
829011
859975
682293
925646
696968
694010
956857
712138
801484
1027939
889102
938920
988120
1083644
738097
555829
1133960
1202733
645491
1232117
425223
1110100
852902
446084
309619
484271
403844
566734
588641
469596
222632
232483
320654
755431
674222
427710
360976
486881
564963
597854
538585
489630
293159
441206
178470
53261
187133
220113
253676
187512
804211
202618
787243
249227
484450
400673
539634
338122
710352
370444
668072
431323
663117
336392
380761
360491
443309
232754
287881
374711
560220
493185
544557
330870
640632
378712
397062
363580
223723
417707
339590
467480
336174
554293
352717
356018
631237
617385
327854
548321
413042
647526
390333
409579
607627
628202
662132
607965
641145
827657
886730
635408
701197
516700
628689
586142
595431
646651
661439
663675
496685
503551
765031
595273
847945
780442
283262
800252
876090
789527
505205
276466
500502
508747
326406
530109
405566
707225
296512
779758
312909
885980
169621
978868
197615
210035
1071331
212698
1009152
281984
332985
1199865
367609
1020098
384379
236678
1159839
369690
282886
1336963
1388482
1436982
1490190
565274
1480303
289310
1495935
359629
1594671
1536114
379799
210108
1586678
1302605
268894
253622
1498331
346795
1466737
418732
1178096
189639
1244553
174212
226575
289063
742938
742954
473417
773628
215794
197085
760750
348478
397365
478075
491980
580943
661751
673377
738763
824083
745405
594457
748777
650276
573065
348022
397716
484415
454637
275263
657232
336623
285884
576988
668739
275234
711329
354919
783343
325657
810434
450076
510106
745881
941688
662917
900879
341436
285446
426782
140644
210390
555105
608611
501671
364262
555432
457984
206745
724646
351829
493411
498555
433179
212019
294956
734766
544019
474581
218238
411329
250166
585234
547705
360702
651054
239856
743779
222090
285596
665991
311511
247264
525469
492965
238774
535692
224108
348966
409596
409245
275643
529222
538609
333489
480421
400986
352684
151958
684843
198908
745233
368880
434022
389144
538685
480788
570381
481533
499867
537020
593174
645979
628780
646640
762860
859092
769367
864386
639889
941636
895489
492738
493724
545328
501377
634188
601145
793126
614473
513945
481040
295393
521257
396217
441840
395565
529964
469170
421482
644073
427196
450898
595843
255512
261338
390140
337593
367741
337889
749925
920339
784066
164494
256166
708097
116596
611142
215930
427347
224876
516982
258773
443217
689129
501293
178508
273026
180052
838282
372748
553657
335635
460503
532646
609953
540925
780543
693659
729242
810821
522971
509815
697271
639920
422021
696204
444583
600755
615501
518855
562480
628075
674643
608975
715758
1050914
382627
884137
482462
745303
475652
667180
547392
744102
262470
332394
749139
414155
724411
602573
507334
420934
472382
743552
566036
303065
253748
758400
848797
292687
805487
399520
863454
825032
914113
404108
988360
948879
304824
943073
833194
700954
414912
687383
228899
323938
302658
383374
491870
551510
305064
372735
289313
478224
276893
263247
357517
311998
417367
515725
529780
642453
649755
789537
220582
237555
442086
166918
351903
446776
338458
373571
462181
413443
440468
535497
511421
538815
643187
593747
675850
665148
722949
560244
701974
613770
450312
693915
405382
787857
518529
893869
824235
593502
720360
388566
662786
693267
569938
609276
759075
709619
688553
895444
770001
543677
1011367
420570
1189578
526574
907686
578625
963123
616340
1025815
1030727
632508
717787
706407
803859
1293546
740753
1137023
915908
951717
758242
996017
843945
947134
1068866
984584
1140720
1074601
1238272
988575
1274467
1084641
1159209
1142328
936780
791628
1234091
1079370
768873
853599
1249349
976091
1311429
955878
1031627
1403406
1008990
1031489
1343933
1417653
1188829
1180157
1615859
1238251
1875326
1408322
2051338
2036606
1461818
1473399
1469443
1407626
1546185
1098619
720730
1458068
821100
826937
1650657
1747790
919610
1763210
1035095
1927761
1136523
2040467
1271020
1878365
1369789
1473877
1343568
1339322
785099
1370009
870205
883411
1254963
926791
1438464
945077
1486170
1014737
1572270
905253
1465761
1561182
968511
1013459
1333925
886948
1510695
867484
1462765
951904
1028463
1093234
1575495
1460837
1054710
974349
1487384
683462
1191790
767251
1269473
808730
1112181
621091
1064469
709052
1198579
765802
771099
1284910
1368222
867546
824733
1190758
879527
1253937
942063
1308102
1110299
1173850
1337520
1228146
1414822
1291537
1196860
1037632
1379612
1009081
901911
1264048
1262721
721606
771599
1340527
807752
875412
1523655
935140
1580298
1643657
1104703
1530551
1165678
1615287
1514505
1189383
1079590
1153773
1245505
1149791
1256567
1267900
1337525
917726
1425676
973236
1408252
966846
1407814
834412
1331972
1020023
1020654
751173
870586
845662
948788
934396
532008
921432
860146
540930
717919
603907
630577
740417
718292
842609
805632
826087
879662
831500
730332
865702
807020
923486
719461
653705
753011
541045
835823
607741
475288
978161
504041
1068765
464775
1068591
360996
999644
325600
1056984
246155
1255447
1240395
448474
1145525
954054
992305
336794
179637
903964
964190
251108
1020544
175298
196902
1178827
364207
1063777
901905
417083
428412
864895
456874
502479
931564
900467
354876
690384
414314
275516
257371
585965
737782
360346
896860
176951
961046
987203
383774
994371
185414
646086
212090
319226
356348
501746
357338
614293
189646
620791
330269
578780
684920
657213
457146
703280
884511
740925
725585
266406
358639
723836
325073
417232
631206
229196
116815
410944
415615
461734
439464
282432
324523
328635
1145808
931246
376687
473092
423736
528657
192814
455672
293818
512179
609754
236486
310883
298516
781905
611891
487731
607090
217564
637228
455198
302602
497436
213315
569595
526828
403432
488361
444758
350608
657396
361470
819009
506209
635717
585237
681577
399086
597987
623769
449680
683662
489675
560760
675798
522300
698849
692755
461316
764060
327574
535856
407271
598993
406307
486636
558120
635715
455367
661853
624347
723246
473417
657382
451269
493856
511769
475124
494685
335260
589309
341199
618606
507793
398313
419529
503319
310056
535696
380442
407200
375591
491047
462404
403752
161501
612707
216043
557610
557688
399968
281322
499540
524308
372043
542323
426341
443126
863870
827106
400392
413928
408612
485624
418784
198697
449283
225022
628395
306653
657972
473956
475685
600701
532206
137126
617381
686527
216152
133958
659948
670241
582261
525164
595538
173396
122520
577315
215806
424992
210643
568091
389657
158101
743768
800655
240943
819664
268274
253792
879764
315252
616540
402681
688090
746248
572404
669488
810723
757787
905554
815732
902096
985318
1055685
735107
657806
1244402
727091
1039701
784016
855591
974189
1010746
650863
765500
846372
604093
805580
560688
828505
647321
875679
505525
754078
529332
721465
489898
189079
753295
249307
796906
345875
657788
722632
775680
363140
329909
754897
253277
905720
289056
1000058
478104
1019363
578216
913785
644278
1089394
681622
752886
750402
1272857
480149
562988
1392013
1325367
737781
1463148
816840
1523403
880245
1627260
625597
1520816
707248
895158
1693276
970043
1785406
765453
815182
1919882
2007427
868060
649314
1973423
460898
2135662
475548
2106082
571694
1875269
627982
679148
1703920
711069
546077
1719929
1650446
579308
1637730
720490
1730383
587622
579189
1908854
515678
1918973
209871
273661
1973441
1996065
476315
1985785
238923
1715411
400239
1766393
493617
1862022
1740562
507382
527398
1590916
1524961
344360
440670
423583
1656641
1687120
1586367
355087
1581752
222637
400200
1441071
380057
1513009
422401
1534841
478578
1496567
313769
468086
1618735
287590
272145
1828561
448155
1936061
610090
1824995
1906480
742148
1707872
772288
848343
1743862
1817264
825298
1784256
904887
909961
1927192
1971535
931920
1830670
1899879
1074687
1997170
905274
2190982
1813591
1151130
1089945
1846892
1273314
1902088
1376398
2004382
2095912
1288063
2173616
1469655
2173620
1377414
2225086
1396040
1258092
1021502
1060721
2507929
2578821
970796
2421445
2521260
1075244
1022659
1198841
2776949
2676467
1253521
1209190
2763835
2747950
1186766
2584440
1293168
1402855
2279927
2236125
1502709
2243879
1668036
2193731
1571430
2236328
1430585
2351280
1465860
2263041
1542152
2334220
1511807
2325092
2369769
1547532
2390709
1732894
2008259
1674457
2025629
1687792
1945339
1681552
2030528
2186241
2261128
1974483
1930686
1892854
2164702
1867950
1592946
1830599
1667314
1456828
2029793
1474490
1459611
2112003
1422957
1456828
1750211
1842831
1554657
1709753
1653998
1382625
1256080
1403439
1324955
1350955
1113307
1146427
1248202
1488462
1272981
1305934
1650422
1403564
1427930
1642604
1354377
1767826
981154
1952862
1017078
891713
2060913
897408
2069201
621865
2168625
610516
2291009
672346
773275
2568816
734802
565974
2611496
470992
2547931
2567631
421387
430884
2623412
2698643
623806
453729
2862779
705872
2980256
722015
2918763
481606
484395
2678935
419920
2754526
2798973
510264
2632116
2656637
2591549
2305064
2207681
2279136
1210867
2157022
1877617
287381
261060
1751911
1871362
1906708
1998638
598309
202846
2048756
268988
358932
2016212
501923
2096638
683511
2176399
2143114
709459
2239794
773187
2362852
954088
1031802
2526491
1103773
1067183
2400112
1149156
2248690
2330773
1188658
1195446
2446440
808467
2485833
815119
2506542
1908111
936088
821547
1957984
827777
1862228
918953
1941953
994393
843108
1972834
1643847
843185
918898
1743418
1841911
1100362
1085423
1944360
1121224
2074394
1067670
1739869
789575
1829542
810783
1814689
870978
1999374
1058662
1987982
2087346
1020636
2103572
788249
847134
2198778
787973
671148
1987338
649066
664193
1936682
1818188
1884831
588425
1890674
1861445
400564
1766909
357548
279756
1829883
1888690
203934
297902
2073820
2119922
2292442
665631
2227700
225247
2317470
384733
441956
2269678
520525
2270072
2061329
678022
2136597
771083
2100485
887535
2245734
1067001
2320528
1038568
2408454
1038257
931904
2435045
846555
2420476
933642
2569801
1072455
1069704
2500595
897159
468406
2630865
544904
639950
2698414
626988
573702
2940331
667136
656470
2562027
491708
2686159
2550288
2568006
2629677
2555074
2578866
734202
2629550
2411034
365417
2480638
271594
2671627
428185
2745638
509595
433265
2730157
412633
2615540
424764
384375
2592893
2682048
539596
2757077
1795737
327762
1974782
2048582
2123788
2312030
524754
2386640
2477325
2524267
2610541
2535479
2209789
890342
2119770
195813
2141894
272633
1803536
193178
1872698
320711
2058798
2280341
501493
2350283
322744
2501347
278068
2448238
455797
2550759
391133
2691722
555970
2765165
2740181
534298
522880
3008102
325844
3108199
423851
393795
3284671
431948
3330407
3274746
528767
3372683
616992
703937
3636162
767300
754551
3521753
852009
3439996
911028
3514767
514220
671526
3312117
653039
3376242
3215535
740267
755327
3303284
657238
3350993
618531
3397585
618110
3283215
805144
3412315
775211
3430117
3476296
916837
3464566
961096
3483745
1086233
970845
3611705
849577
719718
3679942
622688
3771720
3646863
746915
3750047
850184
3393115
3324179
794766
890650
3167643
797793
3351481
984935
3429581
1032612
3376707
1122445
769286
3515692
704677
731258
3523941
3287538
617057
526660
3082509
458052
3160233
3201603
442288
3164875
507481
3337606
606779
563215
3105100
622397
592944
3186730
521082
535531
3346033
3338600
459942
3243179
428416
3266763
468040
3280090
589787
3172489
596802
592188
3125974
590510
3262691
751870
3430652
753695
713686
806008
3517322
897900
986144
3123042
927804
940658
3284102
997207
801274
3323732
688006
783603
3404937
777943
3277056
512324
3239506
431353
3292604
463616
3217357
417850
3160233
3219037
294996
3368329
219098
3217952
281202
3251692
445999
3298318
566025
3354032
541521
629209
3615737
699931
779674
3662944
780025
3610165
675547
613199
3657340
780443
3559656
3393797
588469
3567579
757051
3661940
623638
3645095
3721181
797036
3601361
694971
3587562
3608085
636434
3293743
651745
735625
518258
3473329
488218
393929
3258856
375687
3317355
357079
426489
3489293
3370217
3246240
542471
3315051
655684
528886
3419065
676654
3482279
629580
3521471
611513
3514010
651070
3684822
755776
3710970
662285
3482169
737956
3581078
3543748
804211
3718534
686355
3704362
653244
3884791
686275
753444
3787508
849560
3612505
756976
934856
3877236
3932967
898930
3910004
785288
4007563
849868
3741087
1008346
3735244
947060
3783815
816406
3765750
897671
989290
4061377
1012649
1089911
4086084
1187134
1380109
4083107
4129624
4105641
1503163
1462182
4122336
1483453
4251678
1332856
4352457
1418554
1450335
4532762
4613357
980797
1016387
4792280
1003061
4731395
1060114
918563
4848409
1001198
1085629
4831363
882268
4336283
900537
4343176
847413
4400386
867168
741515
789898
872868
4276505
930079
3746783
901036
821489
900370
3465177
956367
3614227
1104404
1169669
3899038
1219707
1107289
3894041
869819
3214721
969028
980598
3177480
1029591
3243588
2984754
1309252
3231802
1270062
3318874
3378511
1263726
3395655
945815
3228561
840115
938731
3314921
982151
3437074
1070361
1165902
3581526
743014
754174
3649691
784454
3751276
3660779
886116
3759736
734119
828623
707430
4057815
776208
4131498
938222
4232080
4212129
1029229
4309710
4401540
1149951
4441423
4379218
1321511
1404088
4486645
1592263
4398688
4537279
1703013
1373830
1166012
4549598
4572861
884398
4525069
4586596
949109
676379
4711483
723131
800677
4765437
4666475
891483
4385690
4386024
1072415
4199517
4043940
1253149
4108009
1109622
4270678
4232678
1372030
1207912
1269942
4339447
1373392
4233418
1386720
4197551
1470533
1465361
4390520
1459989
1565317
4468030
1563355
4606470
1613734
1567648
4681168
1659350
4638782
1848880
4344228
1925845
1926807
4382723
2114077
4312672
2284268
2368403
4264370
2450175
4012939
2219249
4136102
2099047
4204687
2169775
4278260
2150221
2166082
4084358
4165304
1670262
1549381
3979235
1476047
4134548
1416647
4133371
1364411
1417564
1382129
4168765
1376797
4227424
1456463
3859288
3897906
1320032
3619595
1142294
3574928
1161231
949469
3643138
678630
385995
460634
3808440
495956
623116
4057774
417177
4160108
498158
566304
4232118
334544
4241577
351323
382203
414003
4324781
400366
4185615
4172485
4221975
383197
459692
4306397
325572
306554
4317723
4417809
397517
4499855
326905
282897
4443970
4335581
459007
205504
4305957
4391107
368535
4413050
4495877
4399776
4483846
544898
4242630
265070
4146005
347523
4107065
441038
3871022
3421939
317322
3420953
392197
2812358
421375
483104
2792844
552501
621020
2839489
683924
2852742
2985928
864825
2996388
829324
2783322
907642
2821285
979897
2918901
936791
2994555
642378
2947872
694389
2586734
666578
2582663
762491
2596359
787145
2613238
391180
2319645
435384
2215658
1902507
1873156
469939
1660654
1699817
1753081
1689223
1700016
740400
1594361
238484
1416986
334925
1275464
383199
1269317
454758
1346825
553053
1359317
1142454
1090610
650201
1135389
1138530
1176337
1338360
639995
295679
1469281
354356
1468908
417840
1469377
515857
1416328
555600
602069
1391206
596434
1344750
588069
1442108
556529
661911
1699048
653387
1746926
672328
1812670
837832
1184633
927835
1270976
1393284
1094949
1178960
1393678
1470267
1147920
951623
1579344
838645
853077
1477992
953703
755751
1570185
507531
541867
1740454
1836066
674021
722456
1611022
822001
1648516
914683
872223
921983
1892008
1869958
971445
948489
1997206
1078727
2190792
1130516
1961335
1153165
1933760
1207087
1257355
2036958
1138789
2095251
1123127
1941284
1217168
1879006
1947747
1176952
1922151
1221808
955830
2118703
1134658
2123381
2153562
1143583
2090806
1161725
2086484
1188941
1115574
2151400
1254782
2201634
1217634
770962
2387666
883850
2275426
976033
2369436
773525
772089
2102066
666083
2077057
2231800
804843
862625
2231193
2290880
945923
948119
1868030
1088952
1383100
898688
1312137
966080
1473640
1004562
1574712
1092640
1647978
1163566
1221805
1302768
1377932
1286554
1448843
1346981
1369021
1568916
1561397
1681187
1416487
966428
1842412
1811973
1085789
1673083
1151919
1769454
1747527
1270291
1792479
1622049
1369026
1666427
1416477
1409906
1706240
1313959
1824646
1347903
1975453
1386604
2076437
1139735
2140947
907207
2296844
826497
2255487
2320065
528318
552988
2234651
569126
2389592
622697
2492815
810135
2409049
906088
2277312
2216000
866669
1978409
895526
855630
2146001
925946
2111950
904300
1900672
704063
1887062
1869478
486527
483300
1965108
415205
248501
2031875
303651
2130806
303781
267988
2219853
327778
2317598
410192
345903
2461530
312399
323088
2432066
506003
2523978
538993
2569829
2536035
574658
2599868
618169
655915
706467
2733270
787162
2913977
852860
763284
3097042
832112
3178509
824304
772670
3262800
970209
3436162
3398613
1011672
718722
3474147
3381550
823838
3376263
917436
3221947
3313332
931542
3410499
598732
3213017
3250140
683137
3306745
3220713
604244
3327702
765568
3345925
940368
945764
3491883
1005395
3665875
903696
3716319
930192
946184
3865220
1020164
3887551
1153635
4082907
1339042
4016105
1157257
4081576
1116480
4157324
886651
4197302
4114092
1170237
4251486
1257316
4447235
1438436
1204360
4135313
1075650
1154077
4169402
3877574
1292566
3973215
1311701
1288040
4134676
1429343
4107362
1393229
3865574
1205241
3847380
1279129
3944949
1363194
1370003
1375300
1319355
3945065
1247735
4137818
904035
743432
509978
4226646
453571
4241131
4431490
578596
4210572
4098197
262089
337170
4194498
411387
3910027
597780
610510
3883620
3869949
623422
3960222
678106
3937191
626152
4005474
622318
402205
4090241
4073646
435682
4171961
4163216
4145937
363064
4086455
4117484
308930
3814276
365520
3743027
432079
3638818
519143
3682156
634296
3528044
725069
3673266
817257
878469
3357297
3321449
965171
1036160
3430232
1116409
3129429
1161198
3241922
1218284
1294094
3320499
1362984
3475557
981612
998934
794154
3681055
916480
3804219
772962
3895935
888247
3862052
875379
931897
4023441
905054
4033421
1040609
961479
3753262
3812307
978461
3884312
1162179
3944684
1201717
4085471
1201592
1182992
3994291
1213476
4167667
1290416
4089163
1463667
4081295
1386736
4156182
4195941
1275462
1404886
4274935
4302205
1405202
1441010
1486623
4587310
1416555
4731635
1381830
1473127
4876216
1508150
4906882
1445806
1634653
4821411
1149331
4790951
1223669
4796734
1498459
5090442
5170833
1654938
5090462
1724033
5034331
1670147
1726366
5210848
1508655
5340780
1579843
1607433
5387711
1675783
5581566
1858540
5505644
1895006
5251610
1793665
5334167
4760647
1773865
4846527
1815470
4880043
1885644
1871228
1787530
5018605
1755273
1760995
1736562
1791873
5253021
1275087
1304972
5322912
1366246
5404012
5376779
1371052
5458543
1072720
1076366
5649845
1151447
669540
5718359
5790860
802544
5375405
5033425
575966
5076546
728683
5034620
5074206
807232
4886818
5030491
837223
861114
5204067
763588
5212387
5109303
756055
5147623
5186913
985378
5096177
5034916
1180827
1149681
5028543
1330937
4955399
1386083
4688838
1460884
4589008
1447937
4407558
1256856
1272121
4425121
4423207
1304152
1368169
4710937
1371920
1363088
4706903
4796127
1364158
4976998
1294119
1331035
5026556
988948
1018084
921183
5210650
5256621
1046687
667576
592257
4586654
602717
4592062
664754
652278
4680616
4611472
590658
4564303
4546998
526156
4611153
703410
4534873
601743
503554
511478
4627931
578303
4721817
4776209
4638923
587050
4566102
263378
328487
4685846
382623
468284
4804451
424453
4761842
498406
521268
4884627
594284
284960
360709
4972464
356864
4914427
4916066
292151
5005816
326776
495760
5144536
563965
4810434
4809044
759154
826924
4648370
535702
4638629
599275
4641760
733423
4552740
447187
546416
541922
4748791
235978
4815469
4849374
246151
4855027
4648932
213279
4592828
222683
4555436
4431472
4290268
434147
122111
4138324
125551
4247191
208412
4424140
352120
4434536
399059
454975
4490902
425338
4580742
363993
4382886
314731
4482308
412199
4528473
380388
4615537
4461438
384683
4352846
220539
4142149
4215271
297439
4089088
216327
3593994
306217
3725714
197023
3686850
3684114
3596677
3669331
3654627
623723
3720048
220778
126133
177206
3770883
232445
3939201
3860640
423430
3921459
343567
4118700
3951606
3993231
4071414
609909
272409
4026313
4158399
328138
4198818
271641
4111890
448853
4165019
4173755
430572
431448
4131609
526551
4031311
310827
327762
4109873
321981
391930
4193707
4259192
492451
4372703
418447
4336483
409187
4378624
4307523
585164
4415389
330478
4577136
302101
4626844
4645179
270995
172141
4627949
4699927
4284538
317921
258955
4358514
4317494
265089
254350
4211765
350312
390969
4107439
442652
4167679
460299
505833
4241556
287348
384515
4502033
440678
4546611
512969
4572999
293343
4669104
377684
4644077
4527025
448043
4441562
533923
4514507
597241
4404314
748410
4440624
764544
4459504
894041
4649652
936137
775305
4821588
732892
702298
4698286
4665577
729312
4694197
881385
960848
4889170
4942639
5043057
1099146
4650172
1194831
4802238
1114317
1201445
4880294
1192504
4349250
657447
4481061
4384990
598427
4507729
647232
550434
4431836
668700
4509635
704085
4697155
809373
4796855
837186
4819655
881422
4858510
4652003
915244
4691994
990951
4743709
1154098
4591705
1175785
4462242
4463761
1167054
3761907
1153762
3837837
907384
942344
3939147
953889
3890020
1013847
4051763
541763
4248650
706871
550722
4266927
4210159
581127
3918940
554139
374766
452593
394387
468376
4160007
220640
3578890
3665380
3681007
439402
3684894
3745918
240433
331141
3880511
3964705
4002247
439490
4074872
205612
4216738
246872
4156034
432909
4312368
4130002
549132
3874078
516613
3913923
473513
3892460
3857446
299658
3794433
3744660
3612686
3686949
854765
3864315
360572
3958923
146031
3980434
3695792
438819
3788573
208556
3939033
233972
171404
4136735
261222
408536
4076208
257807
4160215
4092223
212011
4153206
4154381
4237848
421930
4221411
255351
4268483
442267
4390726
289855
4416556
349611
4472327
364086
4506875
4497730
603494
4572858
280334
4541897
300111
4428886
4245791
4243511
4268652
506016
4194887
4198722
259764
4222291
268422
4299888
305796
4299478
391574
4336954
487760
464061
4390443
524074
570133
4446012
512240
4505151
4321526
388064
483261
4374149
462170
4479538
492094
4545008
4572090
506629
391104
4628572
452475
4660174
4550300
483733
4619238
636857
649556
4633854
635138
4756112
742306
4814976
686819
712320
4804584
4500001
4592840
860435
4570021
816539
855222
4503652
920291
4568490
4382676
853350
896389
4328589
859825
4332795
935061
4057288
594582
652909
4193496
4043763
832664
4025050
711276
4028640
3889851
599841
3956721
604987
492581
4030395
442375
525024
3895185
649651
4030150
709057
4016580
681987
4082494
753297
3871481
746512
3702054
725889
3720331
3502262
828841
3541815
3567074
594423
3653116
647409
662580
3338359
3264891
753106
3037566
670463
3074172
2698078
677577
748004
2751493
830075
783100
2281962
548362
2347921
148854
143470
2446313
164764
2418404
2471209
289407
2618903
358046
2717627
140048
162958
2745081
326349
2787346
375326
2193896
465071
2075959
2166513
1935511
1995246
777977
2004876
254294
1896181
1959658
326821
2008519
2081720
340218
2125856
427552
420949
2263274
2145553
408899
228220
2117781
2042134
337365
1962095
443926
1997387
444085
2095359
455947
2119132
447620
2216198
366758
2245613
434276
2223745
528607
2290194
461219
2278712
2180325
435508
502675
2205685
2235651
682983
2301542
2331900
406833
409073
2502805
2432154
352582
2472299
226136
227297
2501732
400512
2109441
283654
1888102
1988342
1899428
324994
2020778
2041931
1987105
1877464
1717040
737330
1656281
1562546
1380861
367327
1263794
1410903
1510118
636225
1268606
1222567
1026077
391736
276463
961016
343266
1027685
845576
697318
334034
682633
391970
453147
619762
593048
515728
634626
448077
506285
635315
573893
551327
480951
615949
460101
635919
559644
650187
561232
487997
708464
672488
754540
666782
532395
682009
210666
830036
342691
889196
977544
1040994
1047250
695484
997963
617145
936426
374127
975895
1021346
469166
998394
988556
643848
624124
1092824
474069
1132771
523902
1170102
582990
1170374
567830
1227396
392926
465851
1509902
529555
505994
325810
1684203
253850
1576155
1238501
1296997
1354931
1246322
1211706
810211
898968
1382690
1449504
412709
1495587
1451064
409630
374723
1503029
1492803
1331994
537641
1347515
1330673
547751
1329213
1206188
1301449
1038387
760578
710931
829046
714508
773552
727113
784923
789346
527704
643949
632975
582658
710691
624330
620500
908897
695496
767603
773534
673872
606512
756862
611899
931317
641440
877774
700142
1029127
561387
830619
586919
792476
555980
447294
669087
460616
687528
783370
552551
561252
983609
738188
1168001
598196
607215
1264259
685670
562220
1349869
1356812
574679
597620
1308164
746481
1280982
713233
1485050
901204
1582783
1006759
1681315
1028625
1078673
1139555
1971035
1312753
2032700
1856145
1230796
1710439
1191866
1274463
1630890
1412144
1721062
1434735
1753788
1280258
1703284
1267056
1864958
1450181
1891193
1171455
1185164
2074466
2064763
1214761
1935009
1943372
1880684
1471315
1560398
1532783
1970955
1558071
1660755
1511091
1674262
1606373
1707299
1751848
1505741
1368132
1809980
1211637
1941535
1382811
2027314
1341239
1963653
1923527
1429615
1914668
1395298
1980124
1372866
2039277
1456076
1530111
2104730
2183346
1662334
1682529
2239660
1764489
1735100
2368324
1632561
1651061
1680741
1523736
1466680
1703328
1447475
1375595
1727755
1714131
1383532
1511575
1348085
1537205
1243570
1290403
1577403
1558201
1314874
1487258
1431164
1360763
1418528
1481083
1143057
1406747
1222883
1238822
926011
1009131
1072897
984391
1155976
1130198
1038866
1026623
1240445
1272398
1054771
963811
1439001
841430
1307119
785341
613428
1407209
1241913
594083
1181344
655192
1278593
534571
1342473
429018
1325188
492312
1212321
514940
1157348
1211029
620608
870814
644474
733672
764470
748465
847997
817495
746504
960288
980828
665205
997842
857658
1024964
1005872
1187357
859088
1219024
870509
1122247
1168709
825041
1219909
889007
1413420
980462
1464053
1075652
1384939
1031122
1477814
1505157
1131249
1505977
993948
1545017
1598689
1103718
1160393
1147887
1175136
1687533
922034
1527483
809449
1414917
466120
1480263
337051
507391
1685858
559516
1729822
632345
487296
1783225
438958
622870
2026026
359550
416579
1976401
499938
2040097
536108
2044809
2069556
562652
1754395
555787
1925277
435373
524935
613153
2119461
1965189
673125
598676
2131576
561088
2329715
479000
2204560
2111081
2016583
465980
176477
2048626
260226
1787591
292707
1610383
464089
1710569
512588
1796751
605234
1497591
488102
1031493
449906
1092866
458765
1112359
379860
1300128
402065
240480
1378861
1290884
365595
1466089
1478551
1465951
575533
1221160
1022500
729184
1115090
654109
1203986
673225
1351241
716866
1435226
788413
756446
1610547
777968
858539
1582321
955245
1651050
1040284
1398788
1421529
1071078
1463855
1244542
1561769
1273486
1474934
1412493
1467649
1333136
1460436
1319974
1390837
1334434
1376468
1420185
1464082
1472485
1542503
1563207
1746992
1683255
1722905
2014432
1725428
1698508
1959398
1513986
1892184
1386642
1340452
1877936
1066076
1135262
1927625
1109185
1796579
1711469
1672233
526911
1868046
236507
1862659
1971622
440663
2068573
272573
2234228
305970
2008524
2168686
324442
2250490
198766
184567
274968
2420390
2511894
320660
2610630
482245
2475766
493988
559731
2664058
2319336
207852
174517
2331771
2078344
2072572
426987
2063520
229904
1967561
224295
1912614
1789500
424353
1833486
1843852
528665
512472
1877981
1738691
1827010
697483
729661
1709188
790699
717887
1714817
471226
1701069
105721
1763862
214482
1687464
236448
1351704
236671
1395995
223413
1591310
334560
1550757
421284
1154662
137632
1263376
299892
163545
1454199
156700
1463468
284482
248869
1495103
1344729
293110
265277
1483900
309132
385917
1279589
1338640
538905
1363104
1435023
569087
1495151
671078
1475977
304968
1501882
1552521
1718649
496481
1734416
1629733
1551454
450406
1710684
1838137
591709
1923798
632077
1938941
315858
137787
2125532
2137160
212872
2219038
191744
2275346
254156
1748823
1776054
1826116
453449
1814024
1791986
298276
1551137
437488
1724278
261768
1689326
1785941
371891
1747752
1729911
1546378
1213213
1078672
1052298
965116
814119
265306
338273
1045488
396444
1047291
1126202
352776
304449
1352198
1101127
506086
1307449
1359209
749635
1432755
256750
244293
1414542
383433
594425
592071
407146
666297
530053
666472
569212
836021
426651
869902
581656
960916
335974
1085905
1074343
1130613
1181720
1082557
731958
989550
1075650
321660
1173399
1240073
985830
1035865
425461
254363
280835
948369
909747
252265
927247
997159
1092040
1236447
546920
1218575
282686
1098604
359590
1275631
456311
1094226
594329
964379
416430
944612
576434
839724
645381
779746
690231
791249
972371
864576
937732
858509
945520
806016
714393
1048879
682848
756490
1030586
880058
833456
923709
840121
775257
904795
911038
895171
1027280
969678
1007330
1138558
1027934
536025
1129414
363168
1104499
918843
371615
305351
930408
321276
323835
915867
223817
1065664
290959
1173855
390208
418607
973435
333992
1065291
1096308
391309
1260683
566634
218205
1351952
343596
1532839
1241084
322814
1221392
1251397
497560
1297744
1384080
537853
478590
1441514
1410680
490601
1457081
631462
1519099
494378
1608386
253434
1405229
173239
1475804
319498
1553167
262735
360145
1563054
1634430
278126
1476499
1388302
1372262
1483133
1528903
1598894
970447
1744612
310534
1748261
1981312
1950353
406827
2132042
1975408
1979362
579358
2057770
143613
1882538
190822
202913
1957862
1995302
1945618
428349
263001
2114031
251699
1897515
229236
2082874
354968
2151021
2105726
1987283
356048
218142
1973480
1821290
365130
1866002
