471830
617692
323394
155777
684314
157125
888320
1105950
163207
358966
259178
585668
692629
579336
520758
716191
552371
1006336
85239
1501331
183407
2155811
100116
105154
362280
312028
334679
142293
411512
3449970
310773
2591366
445771
384792
1769181
127800
410128
2155749
498177
2188061
736113
717416
924059
899859
894271
2959355
871714
651833
436760
598358
101387
4530756
4699571
105303
5480990
474745
6000141
5871654
380815
223700
310407
7220566
176760
229706
99310
8033235
8103292
9183726
106971
268907
237178
10050429
100538
357772
414433
115448
83719
11586108
211978
154819
11991723
72485
78141
333097
453018
177853
244935
174006
321809
276330
176716
11026
212776
264167
211303
105004
220017
117916
20887
81091
143169
167715
185674
15615
71595
67230
22839
79643
13753
180600
245139
333861
389003
544069
424953
431630
296871
373889
274734
262997
215225
89031
19202
269815
294029
302090
429345
165001
413313
386017
213456
194940
110971
224118
138649
161636
155900
390545
37643
348879
215427
119855
103717
261854
624973
618331
609078
500830
336359
444496
443077
474093
219077
256648
86806
16726
22932
41824444
41741132
347075
41625419
314833
198266
296477
41462015
261780
42644787
256357
42105179
42615867
859927
42692075
42778938
42699162
41779572
883182
42000985
41878340
951348
668668
42177437
232207
73045
41743232
14377
41841606
40774990
40498625
40461463
471304
41043569
40221304
40381239
40502013
284255
40429606
117459
269214
252829
40671676
355822
40512028
39571015
723891
247535
40346283
40039873
37935640
37753036
37391981
252270
320803
526550
38018121
166212
38297937
38236076
102664
38633912
44840
38170185
79426
38140088
636305
390101
683951
996017
39894922
39812085
39745426
39579192
1946290
39396461
39175900
38782065
1958629
38698422
38519444
1187138
1442759
38276061
1518068
465518
38096278
634088
518394
435313
38597222
37906132
37564828
37134124
37346942
37419197
203582
187238
38338116
37875283
37618901
37011
37628810
110170
38723861
17699
38556721
38672579
38060409
43562
118533
262104
343202
326207
325339
38510281
37899750
38269059
88191
37780012
37783155
38274484
38204198
446262
38304357
38433393
933033
682926
38962004
187514
38966063
425667
39108493
160334
39110269
40241187
1593451
1676076
40865372
40779975
40728676
40364989
40470646
38464592
38871206
39032736
38743879
38730566
38245663
38436536
37818875
38141968
38317656
38387693
38270351
38508860
38526419
38485185
37144847
37545819
37377919
38227356
38273064
37274262
37259559
37481303
38037883
38116712
38370807
38336737
38770274
40889216
40744358
41076238
41220152
40907437
40403158
40067264
39114167
39690172
40563253
40337517
40393901
39758628
40634321
40955340
41008283
42158620
42271131
41968568
42590618
40906808
40606778
41481345
41926714
42910631
42922827
41980671
41933526
41958075
41874708
42945598
43608027
44448029
44208341
43939006
43924901
44109327
31206214
29131732
43989618
28763456
28419536
28187119
44202910
28538827
44850852
45052116
29997340
30047199
30167427
45496072
30183440
30187615
29440323
29440407
45903787
45929685
29351377
28997812
29353034
46271719
29386640
29327387
46293837
29531339
45699906
44219595
29586632
29735635
29746107
43653993
43556408
28582358
28298870
43690810
43332874
28182000
27199687
43554730
44176703
27544641
44213581
27391533
27505637
27488286
26815018
26859021
26355073
44517287
26402319
43992986
43937799
43668540
26790243
43914083
26378810
26152537
24116236
23630652
23446254
23147058
43692619
43909681
24008266
44419758
44483706
43936514
43337066
42567762
24451967
42641756
24606979
42168165
42153721
41964880
42384848
25565302
42433275
26443819
25253496
25180199
43172553
24662317
24373474
24533940
24525910
43769252
24328232
43713900
43647248
43060311
43024587
22609246
22725101
42929905
42655512
22189202
42444787
42375049
41825690
42046896
23085063
42796438
43058636
42437837
23937239
22280395
22351770
42619068
41719554
42260907
42222114
42549362
24311245
24479646
43588549
43117492
25015469
43250882
24688930
43249946
43209181
43040727
40849256
40788390
24300553
24312956
40623508
24549329
24675205
40773444
24829049
24567629
42235421
42199310
24483151
41956054
42028114
41762723
40801289
40755507
40657267
25692217
41114704
25604431
40245871
25690198
25722745
25700755
40826331
40686736
39570276
39052051
38877282
26612948
38481424
38704783
26465851
39453611
26912621
38784186
38569599
37448075
37460408
37337651
27807187
38090731
28713214
28770447
28597593
28672447
39139431
29618130
29533297
29374300
40228672
38472744
38021146
37482467
37436361
30456294
29795147
29815672
29294765
38005044
37939806
37894904
29263147
29091362
29022755
37973033
37846388
37206564
29516968
37097524
36401723
36110657
36310277
35384622
34929616
34552648
31077079
35077075
34691648
34846886
34905004
32136083
32038957
34823306
31750120
31804735
35447605
32460717
34819612
32529594
32711694
34973322
33688626
33757028
35018886
33181090
32462485
32522120
31637363
30746253
30684804
36536442
36703919
36755243
36754049
36221509
35766371
31969329
35459615
35321888
35086253
31802458
31863158
35333743
35206609
35037348
35386638
32634820
32994958
33293659
33210476
33398121
33058833
37518943
37520538
32467549
31723752
31628381
37620754
37037688
31412725
35949119
29615721
29284036
28789922
28714440
27995374
28150874
28256586
36429122
36378159
36272002
36669145
28983614
28778749
37320858
29064297
27718899
26409979
37408547
37595830
26977759
26748059
26536259
27444265
38872840
27048070
26664068
39472693
39677232
39801072
27443849
39413978
39934936
27370945
40023481
26176545
25955151
39678154
25794636
40162345
26268847
39931284
25726813
25888226
40218568
39865609
38571681
38532045
38295964
26193309
38056271
25098782
25052983
24986627
24808533
24313109
24483158
24467738
24034058
38965643
38729976
22855215
21908229
22236227
21895958
22819346
40953199
22449953
40890985
22423268
22524874
21619963
41412931
41583317
22297155
40092975
22107101
40302422
40276417
21990542
40390615
21715994
40255401
21889805
40204662
40286529
22098682
40384976
40159199
40213905
39281602
22602765
21463058
21107787
21065983
40022720
40188675
21247296
40541615
20982664
41954969
41812676
21824231
41921331
41187777
40958121
21937660
40623112
40707925
41145739
41086692
40287925
22701203
22878961
22222769
22584153
39838708
23420457
39353154
39576156
39157271
39062849
38842255
23986030
24029549
38364929
23967137
23921004
38426496
24045924
39138916
38916428
24705251
24782645
39144295
39400862
39376179
39781361
26015400
39560545
39066743
25282201
39280248
25317304
24882121
39454256
25361749
39738077
25365503
24812307
24886884
24839968
24254925
23886845
24165706
22943539
21656826
21709472
41065516
22465174
41677516
41514891
41292879
22983512
41285382
40794610
40727343
23676958
40847049
39979948
38441349
23615981
23531956
23214305
23133984
23297308
38994564
38903959
23882566
23792646
39022557
24249904
39468753
39717853
24599287
39776135
40292361
40492741
25518758
25492686
25215380
25073095
41294682
41437470
41335697
25817430
40912478
26524956
39460717
39593044
39235082
26701490
39909139
40191982
39082240
39241406
39310238
27725560
27767875
27663229
40410618
28239072
27457427
40160302
28001226
40143079
40189307
38717650
38571072
38553037
38141699
29537028
29452720
38380306
29607882
37848880
38161020
38210765
37935485
30280380
37267157
30008321
30090803
37799391
37881328
30908460
38165575
39006076
39051200
32213255
39480117
38865376
38830225
32044784
31907896
30431222
30203530
29633974
37814284
29765039
30186628
38558613
30143947
38447271
38127584
38131087
30015437
38564945
30003713
30182665
38859914
38756324
39486605
39404463
31741743
40015007
40097836
32390342
32336881
40396599
31724061
31593280
30274574
41073524
30592321
30457029
42137311
41408134
31805356
32189094
32097926
42268379
32069494
42356955
41037410
32792188
41542324
41406706
33643713
41802652
41857038
33403321
33216175
41949152
33117531
33195700
42203515
34514789
43084671
42865926
34677484
42858513
33938467
41791301
41075079
41088704
40843557
40735601
40668808
40570843
33659004
40704193
39820456
40165946
33443696
40163544
40189265
33316448
39912974
39445801
39462939
39743626
34180172
39908864
34227395
39883994
34503735
34290354
33721373
33845657
40520294
38704037
38222899
34187361
38746423
38798790
34375361
33728760
34061403
33889271
34151783
33113168
32687985
32632703
31281542
41447378
31997687
41736076
42472439
32652012
41724815
41922051
41784152
32555208
41270003
32560795
32070022
30277778
41903822
41387448
40704675
30590637
40689281
40816625
40497386
30717884
40364421
39367137
30353382
39311658
39388353
39250962
30340373
30423694
29835672
28611411
27903403
27819772
39740910
39546172
28076774
27867085
27377595
27281613
27098315
26643896
26042886
40700010
25913552
26035737
24682769
41056780
40754572
40638731
24422966
24200813
24121082
24072795
40908275
40842777
39270325
38860140
24126183
23822975
38680817
38453572
23900383
38403578
38957486
23696284
38817271
23394317
23406493
39569653
24091473
23414256
22982102
39807090
22936362
22925258
40021447
39606102
23567740
40028036
39802255
23890677
40348279
23019037
22955126
40014123
23192041
22987670
40052656
39823012
22127438
21965624
39411401
39531517
21365057
21329951
21072039
21842744
21824232
40247234
22168297
21324393
40553514
40584007
20967742
20748163
20512608
39824640
20642681
20291903
39324121
38673923
20699322
39403660
21042174
19964471
19994254
19412780
39697620
39662887
39324095
19542886
19024564
19159676
39518231
39110015
39111442
38411210
38194933
19625095
37875735
37324098
36737615
36827267
20588914
20197961
35970600
19800477
20044955
19735899
19476239
36370727
19324945
36319002
19468797
20102693
19994183
19793163
37153023
37014714
20800144
20796741
37481495
37608288
21293497
37446130
36922900
21066431
21430897
37249206
37112766
22163188
21622946
37774538
37787995
21527701
21275950
21161839
38510208
38550089
38513644
38570259
22391472
39925909
23316428
40209946
23762344
40107690
23778382
23668933
23542197
40460282
40144421
23063765
22949728
40767109
23369164
40878942
22835391
41161679
41121623
23354266
41483509
41593098
23853218
23823756
23908132
42009309
23386299
41963536
41047055
23547678
41578502
23122475
41823801
23436714
23554512
24516425
24426361
43061613
24669167
24356316
24257000
44035794
25023690
41266902
24516727
41047981
40328138
24973530
24509063
40505719
24694058
24329376
24568857
40953842
24722462
41099684
25284556
42063198
41699428
26334400
26062564
42104845
25493374
42285603
42117990
41955139
42188960
42410757
42550787
42447247
27617442
27604915
44446278
28926178
44640928
43337604
28218841
28320718
43546180
28291888
42733180
43250933
28489858
27371452
43475290
27611839
43556556
42544243
27743137
27419162
42977165
43017866
42951320
27658650
28192281
43395767
43370349
28417393
28180188
28248507
44436798
29227686
44793087
44539155
43664829
42739691
29924441
42700982
42764518
42392098
42494672
42004058
29743723
41557739
41526841
41805738
41473423
30829140
41800661
40698274
40161028
30785179
40241468
39640305
30843549
31192912
40522748
40758464
40079331
39726555
39103937
39113766
38756474
39332199
39332835
39406304
33195862
33143752
40112145
33131814
39973344
39789270
39711457
39506620
33853152
39874515
33894316
32535643
40080319
39927893
32858835
38861695
32513138
39282404
38440636
38339630
38606988
33378853
39015989
33638448
38724009
38539686
33984300
38064270
33655772
33574836
38525208
33493099
38024167
38231554
38187364
38130521
36961738
36575714
34220630
33668873
36675486
33742359
33732727
37186257
37291597
36566941
34446366
34643724
37124056
36636620
34695988
34693894
37376814
37192162
37994598
35992827
37684795
36197563
35334875
35123259
34846828
38279885
38360079
35057858
38344634
38147986
36530458
35526650
36222446
35418700
35631929
35203766
35281572
34838654
34386664
34140414
35905124
33599233
33405667
33186766
33205136
33508019
37611999
37719594
37929434
37913099
37576134
37284511
36649230
34868823
34723554
35822162
36109116
35158583
35010865
35158021
37091470
33342775
34994536
35085934
33784311
33797130
34080002
33866976
33831474
33695650
34262103
33148092
33921743
33579190
33422360
33575793
33616413
33138360
33189503
33408790
34858924
34784955
34525298
33307718
34352605
34200849
33702187
32459793
32522276
35436246
35587570
35567115
33623795
35604577
34892395
34932289
35504270
35792365
34892141
35567792
33973818
33796105
33678191
33098214
30327068
36413748
30403996
30225245
29786896
36762219
29914484
30037917
28803364
28944364
37917084
37812482
28143420
37915694
28166168
27947921
27822471
27962732
27749254
27971512
40350591
28719155
27981206
28001583
27398585
41256839
41232487
40921654
27183534
41197349
41348066
41306872
27376721
27798041
26049019
42286776
25838799
41559455
41443482
26693277
42048016
42186272
27663027
27734779
42803692
27477894
26413741
26575987
43503560
26493777
44166105
43221990
43304162
25004810
43286675
42715589
25296486
42832028
43014942
25153413
25163335
25568104
25762839
43642919
43535532
25977932
43222707
25979855
42517568
26126725
42895280
25721688
43198533
25870028
43031212
43007992
43090239
43214177
42978828
26846489
26325767
27181867
43664595
27234394
27211138
43832973
43742783
27645096
25893228
44053509
44215654
44012505
26368473
44017488
26379875
26370442
44132221
26383063
44119159
24906249
25253073
25188851
44998074
24692131
44896108
43993671
24566935
23104087
22900622
22795133
22499802
22436095
22297527
44185017
44076113
22430526
22365508
22471782
43467637
43385013
42864493
22671560
43051559
22694000
22961316
22925860
22734196
42588317
42171257
22370116
41686084
41610598
41576829
23029702
23058642
41728190
23341524
23327715
23273885
42372695
42241250
42581143
42667404
42952517
23480139
22554098
22500546
22507887
43986810
44038924
22973170
44575090
43911177
43886053
43658062
43461352
43379333
23721931
42014305
23596080
22892471
22943247
42513219
41756540
41885816
41723123
23323149
41689430
22672952
21803261
41888813
42070619
41603543
22658085
22942644
22911594
22811637
42576474
22598294
22353832
43109165
22457798
43481504
43101035
43074646
22474883
43101634
22720678
22516223
43355846
22640954
22377793
43517894
43039881
22442595
21997955
21587241
43895924
43701581
21845596
20895724
42639646
41654545
40701390
39810177
39633546
38840768
22135899
21316725
38961704
37984287
37909036
22279483
38607381
22578119
21810262
21875285
36381780
35481721
21952102
35922327
22249367
22172600
21926293
21617767
20985568
21029778
36340214
36091616
21193894
21578520
36672292
36627924
21948778
21990495
21955811
22457920
36979523
23032650
37165380
37143414
23664547
36627722
23752705
24317027
37298944
24605718
24374905
24090657
37161872
36474649
35711805
35728407
35567108
35502256
23821375
24310669
24320159
36135241
35938384
35784825
24580007
36000845
24325414
35787354
36170010
36294212
25870078
25467684
25633166
25950404
37291820
36787803
24943116
36848921
36906442
25175570
24964403
37038197
36649842
25531216
37075986
25786016
24749242
24462197
37185208
24735825
24809483
24193761
37607804
24020227
37714819
36934665
36822218
36907965
37107269
24987239
37013438
36882634
24338739
36232001
24348397
24252743
36172780
36179966
35936077
24255403
35839731
24068612
23626047
35793471
35775775
23500059
23188222
35871844
35864709
23537864
35106619
35145423
34872967
34864613
23688911
34498448
23462127
23709972
23674895
34864039
34065537
34334127
24079866
34141897
34014273
33658859
24088502
23829619
33147701
23986909
33291386
32847952
23271854
23834583
34217187
23706368
23350752
23328902
23248487
34589219
22779476
22622390
35287901
22836976
23044436
35546055
23185477
35466204
23636305
23865786
23687482
23329754
36795011
36193957
36341888
36070534
36348934
36100774
24121816
24287762
24239261
35795971
35604263
35972343
24527093
35343788
34775753
24609755
34488804
34510394
24230898
34664052
24339932
34859473
23872056
34537456
23397435
34414244
34418626
23640206
33978258
24043429
23683802
23452403
34567895
34222004
34239736
23876215
34013869
23946000
34397796
34700370
23824830
22258796
34893758
22353555
21921193
21893006
35226652
35123489
22355587
35587337
22415590
22540772
35089355
34893231
22279296
21444760
34856274
21751709
21902832
35074526
22090674
22493184
35465536
22558239
35493675
22333332
34795349
21346576
21159902
35014248
33991730
33406208
21011831
21812684
21593084
21564174
34274319
21757471
21747113
21905348
22315479
22149662
35790234
34877108
22653125
35099283
23114721
23357683
36476441
36462917
23216711
22939398
36567021
22980965
22751708
37205347
22700945
22070922
21475806
21514193
38391745
37862967
38328491
23106807
23407394
39038970
23365579
38270482
38391222
37773830
37654583
23956193
36348079
23932374
36278467
23958162
23850958
23241437
36221947
36212618
23194176
36196737
23184124
36302348
35763479
23114076
35116078
34389083
34144391
34185436
33960007
33902803
22695771
33783560
33940348
33862914
23474832
23257247
22464451
21831294
21811798
34408768
34133297
34269837
34239841
21928885
34352490
34836658
34767642
34527752
34570791
23247321
23303751
23018059
34808983
22670164
34991326
22840882
35104431
22768471
35379206
22647048
35410778
22728325
35213881
22390665
35748993
35498418
35323800
23040345
23260225
23876346
36647344
23681787
37087192
36609400
36442805
36351508
35545063
35435397
34705454
24411015
24119232
23978869
34842823
24177222
35031409
33704033
33983169
33710865
25023368
25117478
34468725
25177696
34396644
34580335
25256761
34415476
34523508
34562135
34208535
34303753
34204695
34510698
34648442
34332544
34561548
27575218
27229710
34545684
27797142
27579229
27745991
35328834
27770968
35094914
34503709
27141252
27274953
27673491
35203828
35129034
35031035
35465676
35967179
29361231
35908403
35241785
29523125
35068221
29540776
28539057
35318034
34988566
34941505
29191684
34984968
34332774
33428010
29101652
33404784
33765743
29000834
28873198
28476273
28674507
34258739
34293758
34341611
33428580
31997312
29367654
29362591
29047952
29049422
32332931
28971108
32028316
29570355
31351846
28332535
31572581
28151934
31485860
28507241
27746501
31794230
28260898
28046936
30962240
31477813
28763600
30951246
30334399
30530264
29523629
30773166
29614838
31018120
29509236
29483340
29232227
28937583
31796646
31716749
31917027
29371926
31941285
32018064
31895083
31733526
30323667
30311068
32660530
32454110
30658486
32714827
32735190
30986256
33208022
29910276
29853882
29691081
29697928
29570681
29678486
29454864
29430656
34564356
29433424
29061264
28874339
28300082
28674337
27323598
27712667
37592461
28904149
28377487
27586216
38276881
38051342
38077404
37293043
27979930
27936012
27406621
24765761
24848283
38144326
38303853
38358052
24925737
38762266
25334019
38269219
38256850
25540204
38464259
38233916
25374220
25326340
25218947
25099439
38502543
38393074
23539042
23099181
38792028
23371029
38592000
23491795
22640382
38548034
22534479
38796686
22676032
22498828
38683001
38704099
38656120
37670440
37279841
37316605
23796726
23343357
37923163
37893268
22667472
37387809
37383978
37244677
37090748
36687271
36970113
23548451
36964705
36952771
23936076
36783134
36811616
37042434
25260440
25215951
36927601
36840532
36459527
36122375
24975668
24790872
36373428
24634261
24192498
24823754
37755947
37797459
37504932
25400427
37770561
25602952
37676377
37760846
25314559
24655032
24299165
24386913
24452531
23993788
23534959
37671033
23762634
37904878
37930877
23069064
22964646
38012211
38054466
38290871
37527952
23572736
22825718
37091408
37022863
23340981
23691300
38286208
38258946
37987539
24926767
38039067
38160167
37785662
25226642
25453937
25401519
38320243
25416476
25532636
39073443
39228892
25646433
38861506
25780368
38605354
38925781
26116255
26232166
39088303
38849012
26141612
26004668
25918316
24975970
25059555
40137595
39641003
39673095
39706790
39672138
26820773
26006394
26101947
40474286
39531577
26370623
39231232
39166748
39004477
39340867
39510774
28505091
28605344
40064508
28058353
28271106
40593676
28710617
41144075
29613693
30034359
42319813
42183291
31023677
42136843
30748890
30452797
42183482
30538440
30123150
30453974
30719404
42928631
30373159
43590644
42621000
42749227
30762730
42938536
30870889
42793430
42281772
40980131
29924394
29934390
29672917
38449289
37882079
37800295
38058058
29879119
38214316
37398842
29796534
37317476
28688502
37797410
29191369
37537945
37414069
29069013
37650426
37450844
29355814
29491741
37887749
37268624
37155447
36652018
29815085
29370177
28007967
27887419
27560109
27489512
27586840
27429681
37851868
38426093
37739920
37638176
37724722
37665828
37978289
30069006
38471600
30477152
30619533
38748246
38892282
39345050
31759756
39754384
39790005
39755174
31771789
39796860
32252084
40049396
39861456
39525840
31287342
31163897
39428996
39096347
30703896
30377308
29112003
29670896
29429867
40287576
40022454
29687075
39881615
40565575
30378948
40693505
40997489
40705919
30562888
30309282
39483909
29970150
29541810
39582878
39811055
29925833
39846079
29896333
29777711
40071547
39720202
29689510
39203771
38764070
38761193
30116068
29999703
38683929
38669183
28775280
28815839
38619040
28531585
38773674
38514688
28565369
26523018
38977792
26932563
26937761
26315750
25474397
37988772
37985311
24597599
37585598
24350636
37753564
37465317
37480547
36870030
36351938
36494688
36509332
36184922
35886546
24669931
24635222
25040638
36419416
36482356
35528359
25737555
35463941
25775078
25334527
35668444
35045551
25924355
25955915
24836123
24722099
24558169
25265357
25574593
36587491
25121103
24921187
36488202
24707964
36534448
24401989
36788649
36405165
36664855
36251478
35995866
35086596
34412957
25368095
24892982
24695716
33281509
32113463
32330975
32039238
31922969
25466257
31277155
25318492
30974214
25591262
25609709
25432037
25456171
31498738
31989490
32835924
27689076
27737038
33025592
25760669
25429008
25572189
34514072
34599864
34041151
33954677
34072757
33664624
24820524
24821879
24364354
34720165
34611423
34378347
34271964
25531552
34156124
25640301
25296778
34110520
34249189
34692642
26253482
34254296
34168916
26356427
25451756
34378309
25483192
24994986
34575903
33216429
32862385
33004282
32797601
25155702
24550853
24503472
24340053
24197503
23585094
23293151
23160311
23896655
23518999
23401875
34591638
34566705
34118169
33581823
23482118
33549497
24125107
35402040
35027639
34665545
34635060
34802632
34507815
26979724
34449616
26683131
26766315
26248552
35022760
26728363
35333020
35612724
35376624
27396390
27643015
27518182
34821227
34729586
34607604
34006712
33882501
27911590
33980857
27099704
27174586
26852244
34230940
34172747
33800310
26705678
26633180
26647826
26637849
34833804
26639153
34597040
34339896
26838204
26929952
26834093
26099752
26195419
35138477
25750396
26053252
26162589
35910988
26251864
36572369
36593336
36325054
26558374
37205257
37141852
27501314
27637651
37337122
26522293
37261789
26545226
26182823
26076006
36695649
36263441
36273933
36196470
26339335
36234331
36313900
36392671
26963623
36593865
24747955
24743341
24231625
24228526
24019526
37224575
23249097
23073071
37308082
23241746
37428471
22181361
22209921
37708865
37847734
37064858
37011760
36506293
22822084
36560160
21839830
35858407
21691701
21773303
35937394
34309367
22093066
22098827
21309058
21252530
21152182
21313345
34525050
21607113
34515024
21796756
22125488
34953426
34947934
22350180
21465652
21540335
35017096
21832295
35186811
35579111
35582467
21781915
21694359
19207386
36881885
36442764
36736588
20010883
20204742
20189237
37348617
38082167
38043089
20937795
37980461
37768784
20538179
20360700
37414004
20904551
37667736
20469480
36619631
20384142
36611259
35790472
21175139
21674392
21139655
36538470
36559959
36564680
36614449
22202865
22276114
21450728
37478171
21582834
21328554
21284479
36431756
36587046
36584253
21521830
21546685
36329961
36249610
36668542
36283690
22114568
36169688
36264065
22225796
36362173
21637568
36257723
36462171
36679206
22477210
36690687
36485469
22919108
21477356
37051794
35215055
35189777
21056303
35460458
21571867
21480567
35947489
21593999
21719785
21778018
21864669
36642534
34158391
21763703
21702815
21602543
34748626
34586874
34518699
22021074
34704640
22208125
22143950
35042334
35310803
22798264
35061549
22922626
34897234
23937434
35838096
35877734
35047536
24335038
24314740
35627424
35889308
24387431
24628057
36560110
25530062
37288013
36867758
25773767
36778530
36725276
36600545
25923609
25989303
25740598
36135642
36108223
36083088
35711194
35503569
27925234
28003771
34955517
35008254
34665844
33745645
34079635
28788478
34058349
34018307
28947423
34355548
34262676
29529445
34818684
35064768
29657492
29633826
35148257
35139715
35049792
29720834
34865892
29824384
29512267
28857180
28252155
27807986
26998768
26620105
26795081
34999854
26072036
35094460
26136808
26301726
25999382
35903469
35611865
26136325
25817638
35520622
25528134
36584018
36852470
25742550
36848803
25987874
37226598
25068757
37400904
25125293
37492564
37637209
25889056
37240337
37270623
26259282
37073588
27517547
27489678
27189221
27358750
26477913
26313860
38586763
27191180
39058994
39239875
26903839
39051823
26375700
39837997
38934769
38874969
38558706
27953472
27674594
37978371
27157172
37421720
37777469
27974440
27745961
27882347
38215886
38108043
37933168
27957353
37701833
28714835
28423209
38523591
28967202
28931546
38604499
28273136
38184765
28408246
38179838
29175317
38436356
38809664
29807912
39484981
29728737
38897258
28708710
39219274
39466117
29354460
29507044
28941314
29037178
41070821
28538862
41052397
41320747
29001982
28479321
28566496
41619364
28880111
41736338
41353478
41346959
27233288
41614515
27240969
41582200
26962096
41574094
26435728
25714198
41665405
41287022
41255688
40855559
40751934
40929552
26123767
26338948
26162072
26312513
41585769
41276155
26490053
40209073
40579460
40337739
40733985
27988411
41020609
40720064
40741047
29110857
29204892
29181284
40919496
29222132
29202186
28681864
28600807
41265472
41357673
29121287
29254891
41237239
29371839
29449612
41726674
41855914
41316664
29284317
28838893
41819736
28834552
28894161
28875492
28118839
41781257
27949255
41239918
41239782
26991805
27204693
27665606
27658397
27940153
42555870
42517506
28063481
42570805
27276178
27089374
26824990
42520105
42999352
25990510
25880294
25677472
43507829
25318433
25680663
25704965
25655420
24629506
24690455
44475788
43738387
44049074
25115915
25320234
44322501
25319626
25317190
44810092
24681988
23485867
45243541
23309978
45172235
24654954
23452216
23765543
46873560
46926239
24351639
23930856
46873364
46995983
24006582
46934105
23351114
46711830
46524656
46530539
24175431
47257368
24402445
24086173
48157536
47196397
46784265
24803964
46279418
46389749
46300064
45578890
25958603
45758861
45716512
45173556
45540939
45644989
45590640
27037213
26998919
46108482
27928767
26952448
27107231
46739694
46382975
44798305
44082880
28306207
28145135
28172904
45220163
44946700
44382054
27561573
44215316
26890908
27339040
27282762
45061306
45282479
28084850
28102793
45729143
46190515
46071182
45683970
45766166
29415690
45887226
29502198
28930181
28660679
28218231
28314885
46873898
28557031
45989234
45903291
45689969
28736316
28297216
44942053
28342947
28706778
28892286
45676907
45243709
28913719
44845245
28937236
44743750
44502331
44255788
42748174
42596324
42209477
29431039
28966369
42092431
42125618
42086274
29827748
29538363
42490077
29433634
42374376
29629719
29216913
29355062
42627753
42247677
42144077
29130798
29637846
42942828
29585620
43629272
43311543
43395840
43593451
42573872
42575262
42776580
42316413
41897484
41577267
31083452
41407270
31003177
30888659
41634639
41490569
40976620
31218009
40372766
31433361
31277267
30335732
30154036
31493636
31144219
31383785
42807470
41673140
31756224
31771596
41890372
30389729
42556804
31232427
30932700
42692598
30931928
30967472
42667430
30811327
31225907
30520106
43338366
30598886
30683015
43579583
43572441
29685305
29239814
42795181
42877045
28160798
28050221
43155429
27569749
42797138
28079312
27574419
42998136
26645771
42853113
26859840
41789481
27230183
26665787
26289751
25964056
25957653
25493110
25318953
24355907
24182305
24174905
44666286
24568793
24586715
24575561
44539184
44319972
43691253
43301424
43181067
24591844
41681536
25119634
25304089
42892247
25622936
25338280
25283563
42973127
24832746
43030696
25130320
24469402
24741344
43510195
43564383
43419444
24636276
44170473
24692039
24649952
43922543
42780724
42789386
43225713
42626908
42388602
25227711
42375612
25771074
25681805
42806729
42781290
25652133
43044251
43163562
42846382
42657952
42558091
26319115
26330214
41631964
24394258
24257997
24093149
23831702
23746362
23622677
42029849
41865430
42061494
24506070
42358981
25236430
41358591
41485020
41337407
41055202
40110482
24691711
40178810
39686977
39064343
38818299
38670446
25504647
39140513
25413764
24859196
39151398
37882471
25233274
25305537
24595396
24498722
38694335
24225246
24181531
24182635
39163633
24692367
24365946
40039984
24393210
40259022
39254696
39161900
38647486
38961670
38757484
25383060
39202191
39093593
39111566
25422453
39402236
25071422
25003899
39290248
25223648
39559321
25043265
40011572
39532324
39347160
39344395
25443658
39600697
39765333
26108164
39297067
38612143
26383557
25986562
25545798
25259541
25309626
25129686
25135205
24686939
24835005
24398685
40327876
24718780
24550180
24367587
24373564
41166334
40770078
24457178
40736571
40724668
24174415
40866841
40922136
23386871
23405585
41313130
23421738
23420056
42050539
41879573
24128707
24121944
42294933
42096744
23728469
23697566
23531502
42319658
42499543
39989392
39936571
23370434
23302489
23422832
40014664
22749349
39365341
39069580
22720202
38842852
37617402
23454270
23043242
22411235
38306712
22480155
22449374
39275009
38322801
23787661
23814820
38878330
38468659
38176511
37488096
24109588
24039809
24183095
38293423
24166213
23675469
22966802
22583362
22684903
39672381
36950758
23171257
36914900
36849311
37190921
23447782
37432986
37167036
23594662
23295755
37350351
36426351
24465836
36304739
24426740
24442577
36370925
24902386
36119879
24289080
24456015
36690444
36947946
25176143
36953288
37060455
37189899
37131301
25282503
37482186
25416045
25215348
38523756
38665958
25726524
25601772
25317920
38783316
38311272
25053828
38652198
25187095
39229652
25047112
39198516
39476680
39219271
25698244
25744812
26202755
40306717
40083832
26311124
26413191
39314088
26618488
39704972
39880406
27456941
39702321
27483867
27576610
27065239
40462118
40261576
40151334
40173633
28464574
28080479
28207104
40463281
40305341
27989274
27844756
27881393
28114782
27615506
27429737
26764599
26768460
41572482
41604387
26876584
41737271
27254398
42000203
27224207
26658920
41781372
41645993
41317242
40317513
39784258
39046377
38911685
38896848
38948795
27714724
39206846
27500096
27315529
26739094
39182937
39132219
38765258
26583900
26650281
26082148
26043756
26108192
39319979
39408773
39453025
38906077
25427966
38809809
38685469
26734090
40054497
28002588
27958903
28315974
27890306
27757644
42511889
28307938
27924666
42820749
27984307
27769566
44092491
43738586
43444966
43701716
28212159
27856086
28263087
42702107
41983216
42469216
27583742
27299863
27814122
27715141
43447361
27489647
43720245
43467048
43438694
27958291
27690756
26552692
26171533
44670050
44110813
26669151
44615309
43980782
26438580
44798966
45107496
28096272
45239788
45005720
45038805
44425231
44249042
44256940
43743115
28489404
28129195
44008204
27467868
27320621
26702414
26644443
26721588
44303739
26831408
26969830
43822057
43864637
26897428
26069498
25865900
43405697
26150501
43925405
26397052
25547280
25411491
44498939
44944914
25907699
25781245
44496938
26246567
26553509
43546875
43495865
27008359
26910768
27008771
26936167
27277848
26954937
26579498
44346567
26623866
26422664
25965213
26165816
45544114
45305431
45849414
46162907
45557755
27863978
45266907
28104898
45188053
44980431
27620745
44331277
27605755
27910130
28059008
27981725
27268343
44629018
26168268
44517190
24640333
43994577
24988621
24600117
24097845
24396421
23791301
23829591
45073269
44906046
24031914
24086328
23159096
46430863
45646444
23723721
44635363
23555062
23057788
23041027
44978240
44798735
44727937
44191644
43603111
43431346
43215405
23328523
23045253
43677098
42713485
42796233
23651480
42625477
42164309
41924237
41771530
40486671
40925844
23798951
40923581
40812536
40691665
23163709
40674229
39185307
23865497
24017519
23301895
22859914
40286293
21471769
21551546
21458672
40862161
21104832
40544819
20876273
20982790
40604247
20990067
20873743
20818446
41778004
21031976
41912650
42093844
21207519
42099971
42197622
22063024
22373664
22180380
43134585
22878702
44130267
22742090
22767542
44472055
22383564
22535941
21774109
21807812
45331279
44862118
21085835
44855249
44647248
44088735
21126946
43987752
21173346
21209993
21079835
21061186
44612794
44584476
21685298
44500887
21807016
21782033
21367692
44905876
21468930
20373928
20359365
44697313
42560584
41898900
40438990
21255379
21437242
21134037
21225406
21236222
41815601
41801063
21597822
41814824
21510433
41347598
21894680
41806176
41313398
21684423
40072855
21984565
21812385
21402135
40097060
21694276
21612376
21006233
20944666
40832170
21069531
41347920
20697152
20642656
40201595
20700403
20753641
40395980
39813153
39752690
38899125
20503448
38769129
20771606
38480889
38536353
38833712
20329706
38885507
38903452
19759123
19625762
19048537
18933622
39488106
19083307
19699469
40414415
19488836
40407858
19521866
19473575
19536545
19532698
19360837
19256865
18908580
18737534
39827880
39921837
19330109
41110220
19922128
19075963
41090955
40588427
18926816
39990687
39727015
19213975
18285582
18215208
39380449
18523788
18287029
39180969
18598095
18660322
17989705
18135346
39801388
38550816
18350767
37699709
18654591
18526786
18526065
18480564
38100343
17996641
17807977
37507775
37177453
17903883
37200640
37151614
18114254
37310852
18106405
18120764
18327230
17227835
38721355
17310984
17364396
39024422
17231010
17720324
17803369
39451591
39633193
18878114
18542161
18392044
18220618
18418075
40706325
39398792
18904858
18686088
40239817
38708751
18981669
18958521
39132113
38934067
19242783
18839344
38846796
38780393
18785212
38729172
18824315
18643195
18882907
18396441
39477290
18430760
18505954
18418119
18261081
18204194
18191782
18250720
17649481
17695206
41610551
17619003
41714366
17718338
17762414
17925711
42517771
18508442
42062453
42469642
42361709
19363262
42592820
42762923
19785987
19660310
18588065
17685944
43134198
43015961
17925719
43139626
44120551
44058009
19259488
44088616
19188669
44338334
44340349
44175910
43322202
20075909
20037513
20054272
20322616
43993909
44084274
43968824
43027380
42941071
42726665
43074607
21503241
43047900
42333225
41177730
40751034
21937925
40044645
22252676
40354725
22354232
40502238
22146284
22382321
41272979
22426602
22521329
23260154
42209471
42427614
41833625
23762996
23980694
23847221
42343254
23546607
42311415
23391803
41721454
22892678
22700913
41527847
41421479
41494726
23594240
41281562
23667361
40617834
24051573
40729316
23868636
40798970
24077807
23736219
22559356
22590789
22573463
41784368
22719721
22554756
22350218
41720838
22225921
22254963
42414292
42541210
22890820
42430569
22605340
41971183
22805891
41554216
41137940
40999155
23203923
41224790
41406354
23518983
23774213
23699981
23629179
23275228
23029785
42493057
22826405
22972158
23131244
23002750
42663812
23517557
23596343
23712465
43878961
44037500
43805874
43814206
23951092
23928806
44688006
44236920
24918033
43997078
25342525
44162972
43393424
25396838
24611397
24315786
24439067
24448048
24577979
43705710
42495578
42677524
25163809
23801493
23669791
22820207
22834961
22764135
22527098
44661186
44554485
44357051
44070357
43306565
42628254
42701795
42328453
21827329
21563316
21047415
20784624
20785993
20178537
42373974
20240929
42145580
42289695
42235214
42481370
42425296
21217793
41742585
41613476
21761282
40722812
21402439
21149893
41221197
39884595
39986419
39145685
22354682
39276634
39256303
22502758
39545678
22593956
39350120
39381515
39342683
38807587
36640006
36391205
35607969
23265048
35566850
35179881
35320956
35886114
35851076
24747595
36127298
24672431
24495096
36513691
36512028
35401332
24774546
35707589
35981275
25333730
25222311
25201947
25156108
37312274
25859385
25688462
25507540
37702139
37882279
26017487
38172821
37230965
26858351
27061960
27271862
26516774
26795279
26649908
26616966
25963462
25669426
25680456
39677837
25883338
39647447
25980701
39455645
26103212
39614648
26051540
25944474
25874210
26077813
25924502
40920115
40575720
41363643
27182574
41911157
27679722
42319288
42432121
42054145
27842040
27980025
42326204
42352286
27249491
26793261
42081320
26344366
26434272
41492367
41249890
41111176
26327792
40453886
40332018
26431206
26480423
40652119
26717467
39889183
39887042
27063576
40886372
41019460
40467350
41295573
41030678
28575146
39963250
39762364
28733647
28812881
28834958
39764188
39756998
39586834
39624024
29735212
29984999
29055441
40375463
40329267
29397583
40501406
29727707
40383297
30028716
40671930
30375629
30449138
40291183
30781950
39859795
29808834
38668820
38585312
38648034
38571283
37645467
29191198
37704361
29460944
29852085
29099356
28758167
28545100
28239286
39361544
38923184
38939768
27579420
27132902
26925623
39423431
39516059
26990394
39256823
38312313
38416624
27270333
38915340
39085761
27214006
38756402
38592398
27275685
27468902
39236370
27310424
39611362
27928347
28162775
27810953
26818273
26553987
40588377
40826285
41270759
41119790
27585921
27651752
41512461
27608308
41375289
27754900
40878368
27486640
27679036
28035376
41399648
28319869
41339923
40520543
28220268
41028860
28759624
28576237
41112771
41605129
41569796
29243450
41785300
41706256
29838428
41476812
41556961
41922513
41990812
42139877
42325223
42427044
42314407
42238017
32467254
43310630
42526499
42843969
42427463
42224245
42095776
33824323
42250718
33650658
32405998
42314555
42408780
41032355
40534033
40471680
40338994
39958215
33295776
37599587
32763032
37647991
33638845
33874733
34253541
34158343
39911260
39700780
38414027
38688992
37435666
34821416
34900284
34795150
35281096
35189972
38738548
38875798
34986419
39039232
39059584
33641610
33530396
33845967
39388215
39733346
39296263
34633423
39365552
33632364
39516548
39671776
39868199
39832622
33881206
39514863
34355238
39857423
34299064
33957936
40081696
39130052
34199422
34037836
