30537
19959
26356
15948
15062
16662
15819
14427
19426
17746
18867
15860
33639
15352
30584
16295
16659
15132
20884
16914
22621
14494
16169
15646
18369
18802
18180
13992
15215
16430
15376
18242
55638
43689
15556
16356
20573
22332
18326
19534
18307
14139
14005
18038
15845
13321
21577
18964
17140
18512
16862
14771
17332
16352
16722
18023
14645
15059
17196
25915
14411
15678
22386
346068
404894
254985
33788
18130
18457
13196
13585
14416
18028
17017
13028
14327
12214
11620
17061
12117
15899
12657
16500
14409
14738
13845
16680
15235
20276
20973
16523
13662
22641
17825
15798
27692
15306
15673
16649
14347
15843
36502
20028
12836
20070
16003
17191
12460
15249
14451
21994
16027
12027
17959
13790
12590
14037
13598
15495
14097
13926
19632
14714
12648
16666
15717
12945
15077
13544
17515
19553
13145
14531
15436
12422
15752
12885
18301
14531
15858
15389
16422
15082
17616
30193121
30243709
18044
18073
13646
14945
17218
32178751
31282833
31480016
12223
31758980
12977
31855758
14880
15657
18285
19614
31923511
16646
16849
32423318
18038
16634
13293
31955576
31701588
31585360
14651
14958
22343
15396
32038162
13455
31236640
17942
15105
18999
23413
31740648
11748
31681522
14433
31652323
11095
17288
29728
21755
17412
32463511
32392823
14266
31851909
31895419
31923781
14506
30716504
27845
30631498
30250953
29298379
29093030
28976708
28989375
13059
28649520
28335464
28474612
25625
28130758
28086654
17631
32343
18634
28379875
19340
15003
29770
28573684
13103
13780
28755498
15584
15976
15664
13768
18033
15307
14725
29359230
29093094
29200610
28566672
26796
28371101
59066
14611
17313
19736
28977465
28107568
27682167
27319065
27160630
17444
27493712
21314
28018140
27475437
18220
16410
14262
16651
28898566
28708519
27528332
16588
27335638
27551662
26760730
18537
15309
27185824
18057
26613201
22990
14449
14890
27048555
26549540
16778
15029
27463574
27181074
27039004
27284557
27727688
11837
27541585
27359230
19944
15154
27488662
27594657
27491052
15980
27593505
16819
27659706
26987595
13407
26781551
19648
27329504
15457
12438
18745
25684661
19710
20081
15095
26592504
29065928
1677706
29090369
35125620
35842732
9896949
36375261
36036008
35918006
36575033
36012001
36181319
36440383
37548728
15394200
39273626
38209016
17101519
18675127
17616831
17839267
18300937
43294741
19581503
43736096
20142775
20956770
45450713
21239703
46928703
24327037
48486976
24292234
49305762
50439992
25903790
50617371
26137892
25771150
24483375
25695187
25683336
53902315
54355032
27483771
56350012
57299709
31191373
58578981
59275106
32438593
59675734
59834705
60092405
33798774
59833592
33093131
33862137
33276618
32749464
34135616
35188598
34576506
36154621
36154722
67384907
66451173
36797756
66929910
37413360
67601226
37411549
68316032
68524602
38027833
68479508
39149526
39001918
38655177
70358197
38812776
71001936
39202821
39104711
39013723
39151621
39712211
73114012
73580412
39814503
39174099
39310013
74189896
40265212
74634913
40730785
75612829
74302086
74371493
41972881
75034710
75006574
74970747
42721294
75469874
74935295
43788424
43660997
75592524
75327839
75133936
43983851
75302009
75789498
76060144
76057376
75713053
76122995
76517032
77259912
47917137
47689302
77512777
78284977
49106858
49353530
49449068
78762832
49488780
49307768
79695339
49317090
49931295
80742346
50564212
51348406
49892111
50103582
50593084
83715530
50690435
50661006
84101486
83846060
82902071
81905416
51507016
81290990
81451893
81854233
80926559
52739974
81371823
81478094
53915875
81959063
54346032
82187363
81686011
54345220
54107285
82039243
54655054
84007098
56254909
84803199
84504678
58135478
84745464
86321032
59845897
86622478
86172548
85941728
61110405
85651095
61678695
86393838
61507678
61561672
61813121
86801329
62721724
88722777
88490817
63890287
89144159
88840719
88760712
64931743
91572221
67773868
92614309
94512072
70565069
95560129
96134818
73288585
72888291
97069683
97080050
75076570
99134067
75718879
99337466
77082773
77281986
76575287
102054952
102143146
77285552
102731810
102981535
78981937
78467133
78205340
78827773
79102559
106077527
106369819
80427255
108651698
83013529
108581690
83200276
110729693
111171553
110970927
110712551
86430983
86444021
87135115
87555842
87934377
87411179
114095259
88073394
114405589
88165959
86929027
87301240
115547313
86980089
115959936
88005286
88708221
89147750
89596893
117213119
90216272
118048280
90842414
90713712
119328880
91241078
91145596
119847471
91610025
119902123
92098985
92366025
93042508
121956171
93877798
94619652
123631151
95172695
124362106
94721417
93799327
93924205
94406645
126953172
95783591
96406290
96927100
127659102
97554617
129294929
129342680
99226420
130747968
100196870
100964082
101237489
131443425
132369182
102604747
132615629
131641370
132134760
103228820
132878171
133141049
105440092
107152456
135612378
135772929
107521014
135866961
135298829
108497511
135273121
135975295
110457334
136368005
110808165
110398267
138779380
111190376
110856968
110270426
139585489
139559911
138872285
111896576
112577811
112861885
140700144
140131097
140186600
140720998
140667381
140887328
141181257
141031669
141151476
117138685
140470170
140752224
118053867
141198572
118629294
141739911
141695761
142250507
119669600
143482575
119925543
119870541
120638864
145033476
144095991
144002826
120973458
143937303
144499516
144629222
123234002
123366446
123289624
145674244
125267691
147201036
148935667
127088880
149221195
128754287
129535957
152460116
128833424
127626812
128295655
128670058
128981325
128115189
128315643
128604429
128018700
155386258
128390420
128473194
156009990
128972700
128651810
129130184
129239980
129521734
128559326
159130078
128879125
129243184
160251267
159703305
129483974
129671459
160325065
130851194
160494783
131557274
131678835
130653859
162093754
162288437
162323836
133046155
133754816
163602712
134435885
164222251
165120807
165366119
164127157
165057609
164816425
138411475
138988031
139359038
139516934
166669724
167118824
139637624
139952948
168381267
140499552
169020427
140042215
139724884
139356486
169706378
139718940
139586434
170864080
170828260
170926366
141436823
171403242
171171074
171789813
172368752
144250918
173620525
146286269
175946877
176424053
148362062
149285553
175779124
175499787
150367499
150884246
176050165
174900158
174963277
175764795
175958241
176028177
154428883
177117785
154825426
154826995
154422615
177563811
177768929
179043040
155914377
180244433
157472903
179807797
181734363
181331939
160293449
160785062
181734382
160869510
181621279
181846472
181931978
162146500
162401381
184252315
184071997
165719830
166116169
186130497
186639965
186364376
187147527
186815283
168802264
187853603
188553755
188599516
188599921
171694403
188795439
188918008
189003753
189849036
190069925
173152470
190267372
173498050
173387669
173523104
191079024
173336593
173627192
173747844
192994634
174402888
192816470
192969283
174426202
174218971
174562173
174531502
194852277
175236350
175555389
176109225
176585569
176555690
196505324
196788284
177260880
177393375
197618798
197526029
197759649
197604944
197547004
178819027
198323328
198754178
198546588
198126264
198273001
181295936
197955887
198099608
183943174
199321573
200874935
185669336
186002452
186104175
201813185
202173734
201456223
202280884
202378562
187594359
202748893
202750443
202992998
201970038
202235508
202293053
203231964
203631248
203756458
190816531
205286181
192708660
206025582
193615271
206775119
207716564
195269888
208358650
209112515
196349032
209901931
209353086
197469073
210233858
197555573
198617870
213468621
213039784
213159273
214216438
213122661
202458501
212981089
213752542
203212158
203441103
202875293
215353646
215410319
215472416
204612387
215924304
215921579
216088378
216157601
206399818
216487447
216981260
207127493
207208746
217427036
216786729
206241964
206378250
206061100
218222776
217841112
218099687
217726814
208174007
208895996
209576475
220125759
210576887
210402385
210092344
221611154
209778786
221701445
222139088
222470837
222667053
222589429
223183280
224133602
223912333
213352810
224631082
224696112
224148618
224012148
224072926
222873761
215257375
217284830
225973424
216468826
216375746
216677925
217207465
217425291
217080448
228714644
228793709
216981955
229871978
219062632
218723794
231638489
219297743
218929474
232454371
232416854
232476480
232640282
220748287
232743125
221172337
221110234
232811439
221236370
233305009
233536086
221780538
221296059
221436843
221673878
220897805
234614012
220522171
234823958
235567555
222156405
222201765
222155945
221176823
221477777
237881083
222603975
222188234
238342611
238627090
238568432
238785278
239586974
225226405
239860031
239832994
239950626
240022759
240124317
240261194
227209176
239393592
239045891
239584305
239815855
239626211
230076589
240421726
240615857
240175200
230845906
230075307
229931317
241630441
230930994
241775316
241248647
241333275
241362583
240858058
241099821
232998357
241422786
241581058
241508339
240523468
240698368
242148386
235346465
236451232
237991658
245586213
246156989
241386867
248346775
242678275
249664920
251214983
245169146
251693448
252464003
247148354
253731489
254852436
249009481
253867867
253586431
253642622
248446628
254082239
254547613
254961731
255155070
250773566
255798576
255482195
253401053
257799685
255414904
259105983
256016839
256131388
256784983
260524792
261456807
261675839
259410988
259907220
262746268
262830128
260663447
264608043
262605038
263288546
262900045
262842435
262404352
266300311
262016672
262384710
263234621
264252406
264443562
265720515
272542141
266923106
268341218
269629790
275569804
270070859
277933935
273767078
274865488
274540053
274936462
275995274
283013341
276776844
278315927
284149295
278402722
278642386
284358032
279282337
279169639
279759349
280313533
280848973
280987565
286793876
282574635
288411615
282730142
282467405
284001598
291495261
283677965
291853510
291791636
292829468
285964937
292098972
292205481
287634968
292983352
292772010
292729147
292677253
289334011
289537571
292280015
292864131
293058188
290666453
290348402
290136330
290622830
290542464
290511581
294726391
291676346
297152100
293491618
295423740
296493602
295909277
297573965
303052112
297571106
297675693
298616043
305225550
305403767
306833777
301271576
302026012
302255689
308702899
303106750
303463423
302903953
303354716
310865184
303544512
304629171
304784021
312674155
305703848
305613835
314104239
305537556
314942084
306397389
315681065
316165270
316273188
316760165
308046897
317330382
308423405
317361677
308614718
317810141
308697775
318794850
311353987
311779325
322048301
313105424
322978250
322722486
314739994
315313597
326017069
326084757
316739234
316373403
326713950
316710796
316295031
316212847
327840654
328396899
330035757
319259721
319074176
318660387
318927857
319063197
331682875
318989136
319473901
321138881
321529275
320837490
321481608
321593836
321072781
337070076
321880813
322206490
322005869
321867853
340014145
340083248
324329357
341595347
342099269
325771194
342762491
342776392
326135477
343569971
344101043
326713838
345183107
327061074
326668625
326028488
327133964
326720011
326969960
347218298
326101603
326196541
326372977
348223818
327280723
327597249
327423499
350777674
328434678
329675140
352502948
329908538
329818997
354791618
332993580
356424761
333699743
333948990
357663782
357393278
334419758
334594653
358251004
334726238
360187823
336367793
336938570
361369281
361822409
336669663
337921978
339217105
364223587
339361467
339744409
339096353
339314397
366502737
367561779
340699907
367979686
369706667
369972106
343294499
343060471
343478833
371649701
344414673
372125484
372814787
371782844
371998318
346697912
374487889
374391673
348787810
374549560
375700547
349483624
350242737
350663952
377260211
377839513
351007152
379586573
353798674
354275130
381446388
381967305
381130918
354543909
381462514
357161545
384655042
359546138
360490981
386497878
386309714
362833320
388434925
388114631
363698965
364195260
364842096
365526545
366160683
365428833
393165328
366778997
394451189
394644977
369430877
394594265
394902612
369971167
396001895
371098692
371189422
371238117
370546282
371202691
371022456
398277929
371313739
397243607
371392673
371090156
370318286
370450085
368975849
371815017
403903200
374168900
406956953
376895027
409944025
377872570
411354552
411752797
379608853
411636977
411613174
411108196
411300644
412030115
411914345
382439093
412314268
412891742
413687979
413673212
384213471
414170716
414167192
415058632
386015747
389600158
419306849
420780174
420957213
393790552
394711208
394847120
394871500
423915228
397344973
426931075
397865428
427136437
399031482
427851428
428975125
401978908
433660985
405575724
435970225
408063924
436608123
409010446
437588796
409774840
409184829
439912503
408990574
408454437
408803661
440190451
407971802
407668436
408049719
441231241
408525389
408937447
409723214
410017434
410168422
409806729
446170807
409703054
410444027
410848868
410963738
448283980
412212941
411715613
412536118
412491166
450456641
450731222
413773014
414408988
415194989
414432118
414560568
414728945
453413586
454009318
454553800
453773822
416839402
417686368
455261491
455454079
456428227
457815245
422673389
459750882
459193806
459916398
460224342
424517930
460448041
424547192
460839589
459121061
425634863
459110927
426634862
460070496
427358543
460875383
428140378
428223694
428064819
429383868
462961326
464078516
464486120
431816242
443561930
432385228
444559471
445359793
446159379
446258580
446559841
446574732
446958775
434977563
435112828
447657982
449057468
434471526
450857968
434479808
451557626
452457379
452957588
436387986
453257590
453356271
454155875
437407014
437320529
456056926
438734639
457055780
438719355
457658332
439731635
458455012
439981109
439785826
440136325
440182784
459454956
440001786
460155427
460169620
440834344
461054139
461454266
462153936
441519686
462653854
442438058
442502669
464754671
443341818
444340461
467257558
445207231
445333597
446444846
469952533
447581323
447794364
446189765
471752012
472150934
447251409
448170952
474853339
447944181
448491998
476552562
476952811
449328456
449309671
479750685
481249334
481349073
451604241
451093560
452088249
485548781
453445256
485948704
487951654
454855957
488847770
489247399
456043835
456773506
456293183
491647637
457536303
493449851
493847255
459441028
460244120
460739758
497247032
461713211
461407682
497946275
461737659
460690268
461154056
499046329
461301372
499347449
459351605
500145823
478256702
479156416
479756206
480556834
481655543
483154633
483955498
466604205
484954518
466521777
485754056
466850538
466572262
486855122
461756079
462160167
487853555
488254013
462656475
462672845
463255844
463269918
489152793
463655236
463672232
489353243
463953857
464454338
490153761
464653267
464952992
491012326
491413228
491711722
466356031
492229112
476556223
467153413
476956943
476970490
467752528
477756252
477773624
468751977
478554670
469195167
469246023
479159524
479254304
479854185
479871999
469969924
480554638
470888290
481255128
470964791
471238963
481927473
471346631
465252867
471316344
466051894
474156613
474045858
474249370
474296169
471153366
477465416
478112111
475252715
478039791
478428043
478837474
478767690
478686398
478990281
477351884
478353499
478550901
480849392
479251016
479364940
479750965
480149196
481148602
481266640
481749729
483780608
482948141
483647365
486262974
486799398
487189787
467556326
487352463
487624790
468555903
487454723
488227844
470054147
488434922
471553842
489552052
472960606
488902467
489452610
475252669
491063808
476254773
491936803
478253219
478350850
463655870
463955325
480249331
480952117
481151178
481128109
465255267
468958574
468976913
469272920
467159546
470655834
471256458
471656521
469056070
471854849
469955645
470054007
471253054
471553441
471652367
475260124
472953294
473653915
476357723
474651234
476452886
479457644
477654048
480955984
478349529
482054605
483155491
484259331
482052406
482748771
469657169
483048120
470658664
471960621
486950987
474260033
488651972
476159597
489752412
490854512
491346451
478955074
467648561
467848046
468547477
480755603
481155641
470247537
471151254
484455181
473946638
474646171
474946217
486654385
475345731
488354568
489253546
477946023
490053082
479346736
491454102
492352609
