20647
12427
5017
3663
3065
3150
3031
3717
3155
5892
3410
6906
4126
6979
3286
2346
6096
5135
8491
4328
3281
4077
6625
3736
3760
5548
3927
8091
9627
4561
3197
3883
4615
4092
5877
5176
5090
3733
7813
4460
4291
7322
3171
3653
3261
3283
4558
3294
4737
4374
2825
5841
11920
4245
3987
4663
3660
3379
3887
4183
6200
4515
8030
5315
4815
15861
3910
5257
8761
3203
3609
3009
2972
3958
3352
4117
4479
3772
7914
4477
4038
5799
4224
4045
3402
4238
3882
4174
3765
3789
3025
3018
4398
9012
3223
4624
3751
4000
5305
11171
3745
3101
8177
3478
32707
14621
2931
8936
2941
4220
3049
2451
4633
4806
3783
5072
4626
4303
6498
3384
4742
3406
3969
5421
10386
10165
11637
4384
5166
3538
4702
3337
8600
4806
7089
7338
4178
7347
2778
12365
8045
3648
4667
4184
3292
5226
6126
12248
6026
3859
4564
3871
3792
5104
2705
3409
3320
4423
3987
4843
5513
3856
8095
11588
4318
5676
3222
3862
4162
4824
3542
4462
4416
9527
4623
3496
3451
12319
4443
4378
3485
4470
5061
6537
4061
2912
3526
3094
6958
2941
3887
3443
4497
4233
4700
5440
3920
3248
3903
3675
3028
3640
5071
3273
4484
3221
7249
4280
6712
6413
4156
5733
25009
50204
41362
3440
3298
2901
3189
3568
7735
10770
4916
4157
4126
6474
4350
4105
9426
3774
3435
4221
3486
4840
3178
3528
4450
5458
3389
2080
3122
4252
2846
3659
3697
4324
3767
8183
4622
5148
8872
3142
4535
9701
9290
6068
3973
3337
5280
3817
4266
21129
21571
4569
8702
4952
3883
2847
4145
3970
3130
3580
3448
3941
3434
4032
12990
5089
8756
22647
4359
4574
3438
3952
4433
6459
3536
4077
4574
5206
4406
4353
4235
8210
3866
5138
4869
3229
4225
3875
9568
9047
9573
3691
3151
4014
3165
4734
4039
4961
4330
2793
3901
4681
2693
3764
4106
6449
3106
14482
7932
5374
4541
3587
4547
3398
4708
4448
7655
3918
4890
4111
2872
2968
4773
2293
2918
4528
3970
4395
5020
8402
3082
8976
3661
6003
5078
6247
4207
5151
3168
11607
22982
25956
5075
3475
4828
6116
4714
3411
2694
7222
20620
4074
9222
3402
3588
4845
3420
5540
3440
11926
5512
4823
5980
8381
3570
4406
5372
4306
3733
3133
3111
4415
5520
3763
2889
4053
5645
3375
4247
18289
6280
3556
4927
9422
9675
2634
6157
3519
3997
6417
4029
4204
3338
3572
5635
3598
4827
3402
2206
4514
17364
16159
5088
11264
345441
358992
349123
356873
354558
286576
320968
189352
395835
346268
274230
191870
148213
203908
245908
135141
76376
151479
163927
113038
94576
134105
109184
60351
141653
47543
42522
20241
196498
195402
207505
83316
52760
31934
41725
18160
154535
69441
23983
15339
33305
37716
304993
28529
41067
112341
24807
394051
246833
85102
53594
164237
163320
115605
21931
9401
106926
112675
85897
42507
21556
36041
110050
21202
186156
174768
204636
146556
58289
14189
36937
17698
107562
23282
139989
78978
36486
11407
153577
58960
146562
85754
40156
156065
154727
143830
161614
116420
28659
14866
20139
155426
12515
44084
17374
63145
504563
422022
78999
108079
102792
55571
74260
69323
88131
87451
132582
346088
99121
303550
213656
39085
74947
45893
76548
24947
178223
147399
219617
109150
76298
27635
21932
240199
220481
19447
298613
164537
178375
173180
115226
12982
68788
8808
25615
115081
162579
266372
334694
228990
363496
12779
72482
85687
100678
156716
105589
66997
10325
355813
301225
55882
13615
42908
6264
487070
120172
261484
34925
158222
70493
68161
56282
28203
76105
99160
98223
130417
77052
131160
117145
111544
280751
270141
66603
88599
88563
51658
33763
73038
291350
55015
223104
105443
38540
5208
33589
244098
10589
24985
36327
35261
163965
90447
81676
82416
65996
157992
83925
64004
100741
53344
24205
9586
55593
85983
360174
347008
133337
234845
136901
52850
38551
87863
163019
28065
212016
213477
170375
119411
80466
82081
65004
96152
95749
65851
39909
87828
668145
187282
42041
300301
170509
41959
56579
321155
152801
45471
36645
51636
130794
81765
70968
77743
81019
131505
44769
113340
184666
222307
93929
197109
46381
70305
41570
69113
13578
79116
80332
185441
7410
235286
82385
329314
206210
224574
193838
273667
230445
106700
69592
73452
412398
71040
56747
66665
233897
229268
270095
138037
84163
86649
87910
80296
267939
97563
66704
88158
57639
39516
9142
169222
15960
251356
111787
36891
41950
8253
188182
174156
121519
113815
41685
192257
66956
51274
191250
208071
43468
36766
56893
400553
199054
8178
32475
472677
242078
112316
95404
61616
202659
25125
22841
54676
186232
169536
59834
106698
6256
19176
74657
97283
90350
73655
104470
120944
69848
143589
103854
13304
23708
281223
113824
106233
45508
116432
199860
11790
168477
78887
22904
235547
122857
165868
18915
38110
136211
208304
20861
277165
52039
107503
92725
23287
9056
10871
439175
327111
68286
100010
120775
52558
216365
42155
42616
20454
68429
31231
78783
81007
45903
131352
127746
105515
132339
59315
60209
11856
480609
395841
120819
28530
7665
104334
106132
34560
22050
39331
16854
13005
93190
19969
219939
222005
15114
86766
153866
207486
126970
8532
205185
100755
114013
16299
55687
59839
14907
35416
19319
26853
9132
320421
211742
408607
44804
55662
183985
126174
88692
97890
71335
97859
138286
257235
33409
7329
11173
232447
94086
176086
145815
250828
113364
52993
26210
9398
66064
14917
8692
11092
20819
15710
11939
116623
24154
97174
24475
51312
39751
11690
54531
40570
26721
39994
28372
154419
119357
64902
292244
193608
99815
120881
34385
199823
21873
189756
86154
115056
115056
175454
147593
65106
73623
153019
102828
22508
32623
30911
29149
55098
178987
23108
6829
180145
122467
157873
44963
78428
286558
220939
144053
175503
268856
84200
51729
32659
34483
63941
6417
17910
9947
186606
40727
8386
302810
342033
92504
147590
234909
126848
12483
321695
21492
164921
22756
77565
67109
78678
102412
127269
44848
218833
309298
267356
25656
35376
8308
311169
57483
20876
191331
58302
131086
34808
8208
60533
38563
60191
31863
267656
11382
18398
237648
52257
64994
131840
145225
96381
208975
252328
313117
206622
101179
14164
22802
6338
128189
154339
45014
152144
112825
137234
24023
83742
150128
158431
125427
112381
143462
130889
24160
212713
20592
22627
207289
82859
297040
110089
60949
114273
115932
109571
64375
44349
159182
46167
29373
42559
168986
16342
186037
50762
182276
15255
185989
166846
48633
51987
267664
97420
110887
76003
84839
79609
76176
77724
46656
95747
64234
43764
74779
89188
72222
29467
217462
168105
99360
122448
97042
23880
31946
90996
83128
50501
11153
157696
179208
128734
18180
118193
420667
188279
21087
360240
82858
34758
33177
91115
60147
6336
198305
231437
315626
150063
30650
24469
34901
79530
135131
93505
83687
114628
120441
34135
133207
39165
167034
127443
62678
206294
98605
44632
282611
130364
442317
70351
438289
22615
24447
47442
120554
137199
80591
58951
12395
33960
48171
36556
62867
90741
71692
84657
233556
162719
126780
24587
121980
14823
6674
28103
57496
104474
87479
154646
192590
208667
57349
153853
24527
90168
40982
118024
93580
143411
62347
78964
20125
16882
10045
9602
18714
236189
43986
178799
33056
34493
93823
10658
178474
154308
66638
76552
85546
63956
94990
21401
89156
75450
76111
15105
11378
99684
83202
12813
62063
72969
70300
31936
172005
10989
320024
31329
100645
46761
410833
218523
119694
68634
71548
71055
35360
46323
84009
282303
524469
88892
347037
144468
72482
128217
100424
54870
85290
11123
27535
90027
78835
102969
147399
110244
99146
18840
12306
45732
84061
80438
34243
70121
8304
72267
126786
33973
31950
25062
6008
207935
176466
99922
11152
27903
84988
226042
102745
17900
145326
139899
108848
226520
16771
5981
132822
53286
177213
28893
16764
23411
314435
44627
10852
34937
347906
177203
295494
209140
74939
8344
74976
78139
64123
64644
53890
162921
42921
90869
78514
14467
7530
150656
149305
300441
74362
257578
66837
52091
128458
39121
47440
24259
69189
14975
218423
92272
282550
26654
7724
249114
140997
13409
226210
92463
18546
72198
26148
27974
242352
36444
11783
178631
78038
121750
136297
130451
19322
12278
42049
176734
16513
53037
374096
124231
478330
152099
56114
100400
124174
205776
17889
113203
31087
100055
114426
103504
95510
29586
10628
17838
73238
60820
158648
120856
7472
183283
85385
45386
77744
175036
10408
200834
161711
92228
101459
55202
70318
253567
196977
47044
147021
16455
79337
65125
46212
12388
68007
148892
225988
237677
220347
156456
127225
165271
126272
93904
54187
10298
7475
243790
117066
299605
53810
108638
76823
76760
223082
210759
40583
128813
101367
133287
56585
160910
17776
26904
69398
205692
87423
230405
41804
53912
89739
82035
132449
60262
67550
189712
64866
285789
59502
44366
350523
18493
114093
214425
42599
12221
184592
141494
93174
151994
59194
56954
27129
68013
67284
128558
94431
174675
104748
77537
8276
14096
303123
218101
64552
234984
152149
56356
17568
409408
379741
161728
135564
38653
269289
46420
305546
87304
73969
41584
19315
135843
157395
19723
82667
383775
319187
108889
112320
84263
29277
29036
135344
143120
99163
23194
169548
26748
138873
121088
138955
65335
45870
24592
140986
147583
182562
6704
130772
105344
24268
191026
58658
192389
81561
117351
74479
33920
118429
117135
50101
48069
32927
68972
68501
89813
130821
70110
42907
56357
34715
249984
89362
113476
52367
58676
242071
172345
110712
154899
59918
111017
118442
327904
100977
45256
87905
24615
28649
16868
69863
63102
83021
65372
135838
195337
15346
165783
69070
44783
43054
76283
93506
13970
20058
125356
58859
176173
75567
74132
65756
33333
228344
71543
235106
65019
71879
63234
253692
199059
253857
37211
63289
71648
174350
16478
140164
329915
326886
57307
98164
41304
53506
53119
101591
96034
53005
99206
50083
72713
70976
66773
301200
96990
39457
15436
10240
84308
517312
491634
56098
70888
201336
35605
136791
107766
200764
129944
72280
50437
177766
374093
25794
327808
180085
82649
38092
7762
21540
10141
10341
9965
10195
21492
15960
59315
53711
14087
30912
120375
46519
22846
22802
277314
224992
181126
45048
119419
103062
128232
34043
51712
85580
167839
46917
97062
78778
10847
15365
14060
367871
348449
55068
27302
70368
189884
32094
347636
224268
19515
61708
392429
97057
123274
155543
185583
136414
72795
299507
168205
293476
102861
94773
216473
63875
17978
20837
248619
57898
84404
25361
51835
302791
243189
74128
162760
37165
67659
20379
116715
95073
7528
42025
30810
472300
241906
661484
250672
50994
85105
94110
125346
60550
132206
12820
67939
13959
56494
181958
211600
59493
33874
103842
52570
199114
192693
217538
171932
89356
47983
37487
239651
43268
26751
274236
160192
70859
49082
192123
39327
75465
83549
90507
101522
18207
152237
167933
78350
107259
126688
117497
27268
167624
82902
21805
39478
20896
196756
26101
50942
171418
69779
22050
14154
38121
25574
20194
71215
106854
54686
6361
111261
202981
180428
52717
227146
36008
8031
88047
28295
63095
17650
174267
60851
207731
79589
21075
83231
19202
66558
46731
59762
126510
138398
9207
211628
62286
227177
29620
80110
6273
12662
29071
12567
65305
37298
20803
94804
44758
39985
42546
88027
85427
66333
113967
81482
113163
151740
232295
50168
198810
51323
34528
58816
68430
110100
168074
29853
164002
94591
60553
25076
211234
166368
107283
129680
94648
270200
8636
44235
8463
249023
211015
117074
132873
123614
42839
26764
16841
56854
185320
93003
77863
17599
37380
154599
154361
97399
61900
128127
56940
76681
33142
191687
194573
77487
165202
88480
21463
51516
235775
62761
75469
328890
90649
210040
105735
62082
46720
29780
48604
80314
40608
73559
60086
9818
99152
57095
29397
154523
107618
58150
64848
76841
99683
155479
107698
84460
22260
243733
172475
55511
59957
39664
62856
67049
177058
97973
46506
256663
48845
7183
52976
22092
392827
236977
316943
66074
148002
88338
174728
29970
13923
225167
299507
311214
122772
130842
211808
24725
6559
97185
49734
188518
194811
39116
227718
44695
21381
138091
149069
26765
174444
94437
154712
162522
150463
202244
34626
9902
211146
120938
71477
350997
285997
165419
98373
98719
85043
30245
16633
71724
63461
125011
257032
272644
113758
277141
210949
107025
125795
59020
74235
75133
66791
72505
99755
80698
62271
32482
19338
149102
184424
144897
116948
29297
23633
60149
27507
15744
136028
164091
118156
26144
6516
205117
87464
17368
10388
12363
24032
184966
134494
180416
160301
125790
185012
126221
24052
59649
98989
453216
157453
51319
38466
693632
318084
72644
229221
22071
136562
84928
6063
160420
98274
65611
6590
105084
118720
96331
6394
115750
105516
115399
87564
118527
23051
21451
127567
67057
59498
8145
63091
15924
62360
41418
40619
6413
107674
81658
68648
67497
75635
124524
186507
206430
113905
49729
49212
147401
32323
9977
94240
110811
57556
32045
43407
37586
18068
22307
135993
279994
24021
193787
79548
115049
23991
48839
30277
183695
58633
19416
71194
53845
95742
465906
307032
82017
105197
65692
15130
42655
151960
24432
60194
135513
140672
138294
12077
15519
44220
185068
145043
78111
31632
180717
174470
42503
105403
404639
349245
144882
205718
90977
153865
81946
17708
63606
15237
185774
147405
36295
103342
20927
70963
40375
25494
286710
63004
443585
65764
140377
39895
40383
17046
15429
656820
52124
310065
75425
49694
23794
99518
110957
89966
48821
137222
39608
100031
92967
145214
21142
19994
34666
43438
165263
153772
54374
44318
97341
44760
187820
159534
31836
60971
251151
20408
127834
55697
35446
150352
72132
58359
55923
97315
97917
82319
80320
132938
54227
196219
116003
51998
138515
78612
128096
265880
35196
88090
29711
17836
11523
126835
28641
34820
529858
338958
72213
68406
62450
30636
79561
13146
66834
39436
132300
53030
36205
417413
417066
13923
87366
23921
35733
100833
80497
67417
135173
76860
16791
55239
15722
118398
83308
174097
82587
56032
16917
11774
60097
102033
151022
39906
10032
56207
204521
218825
67710
69585
85604
53189
19908
131524
142863
21394
59062
1792730
1814008
2504031
2329425
2662664
2585211
2717069
2773287
3965001
7070363
8218436
12407895
12605382
12811737
12880599
12970709
13476164
13910456
14032062
13995353
14329067
14850327
14895560
14839879
15105794
15128597
15215066
15203805
15218663
15222708
15790212
17616959
18270411
18407363
18529207
18507851
18994520
19017571
19631120
19797087
19864713
20016922
20494303
20895031
21070752
21255078
21627493
21353096
21967782
22574996
22746155
23405907
23812860
23491064
24483273
24775491
26651326
26627004
26686605
27491692
27382538
27524797
27555308
27474512
28097308
28694702
28777568
29270250
29376967
29416728
29383334
29721965
29927603
29991913
30125685
30286956
30622150
30770868
30678800
31068708
31121177
31617784
33164457
33998652
34101801
34379703
34272329
34553027
35065387
36113655
36626901
36626479
36573081
36781721
36856028
37274123
37563885
38121744
38199685
38267279
38142794
38352346
38073968
38536911
39721713
40233717
40368928
40319763
40384289
40701344
40802276
40979089
40998964
40947501
40978251
41040911
40937159
41679328
41687842
42154898
42266974
42117419
42445664
42950540
43340204
43308024
43423021
44202005
44320894
44447758
44654873
44947932
45064921
45322835
45536727
45599298
45636396
45918663
45636065
46103169
46621769
46880912
48849595
48855156
50088194
51229712
52068223
52287506
51863835
52270448
51708344
52560784
52025209
53399400
53915345
54967922
55401009
56156753
55756368
56346340
56316053
57900285
57958248
59377641
59140012
59662294
60758574
62005291
63771136
65040357
64408197
65273489
65449872
64982943
65322257
66101968
65768834
67095657
68201870
70461934
71266495
71362142
70925527
71852644
73424033
73941371
73515724
73950226
73994531
74514784
75706279
75721001
75970226
76549788
76498431
76406893
76847654
76989336
76844812
77849166
77540246
77946631
77677964
78268277
78553480
79634676
83317442
83265318
84312731
84606723
85144945
85269362
85805243
85896161
85923509
86623470
86878622
86944325
88453263
88255658
89531581
89774349
90441592
90489113
90094741
90238306
90991756
91072592
90484677
90572714
91341967
91327105
91988893
91306817
92866746
93585138
93001044
93127101
94005022
94062212
93989137
93628512
94534990
94187081
94920630
94483063
94919624
94768036
94990687
95128251
94796955
96169740
96064781
96586871
96741398
97368626
97694010
97637078
97682304
98426078
98700838
99153208
99212572
100508319
100529941
101320666
101473369
101397724
102246593
102675585
102837626
104729034
105435348
105915834
105612651
106678831
106152330
106944048
107869214
108097890
110330012
112103135
113501086
114869983
115102821
115932223
116535688
116746139
116906242
117160285
117395394
117524064
117768964
118352072
118710397
119018207
119575591
119837070
120908529
121031442
121113540
121408923
121854249
121828111
122250619
122672125
124073606
124735408
125855909
126259343
127935205
128837213
128506338
129097787
129019629
129394758
129839327
129476989
130146418
129817488
130404431
131742627
131492664
132007617
131526208
133173663
133421406
134065487
133834979
134503318
133985134
134887524
135207430
134964361
135037515
136003863
135206461
136080066
135279059
136179662
136248129
135375616
136784557
135906205
137041230
136076239
136136034
137196263
136457288
137786631
136729433
136711572
137882463
137841434
137802483
139282495
140522375
140641614
139819925
139875830
141126255
141218592
140382944
140457374
140654030
142645068
142988121
142128050
143677433
142915480
143141167
144550618
145402950
144561503
145902576
144950314
146573766
145938644
147448064
146368657
148091681
147331451
148658666
147876014
149473835
148570602
148456097
149908224
149670006
150746299
149944423
151543987
150391724
151492584
150774272
152173734
152355162
151305466
152641813
153504474
155011669
155198286
156459019
156136662
156221630
157333943
157063927
157892494
157153474
158283013
158892264
158928799
159505332
160487158
160372269
160348277
160776817
161152383
161508461
161577950
162359385
162740947
162874560
162995603
164235520
164294309
164930124
165061469
165075773
165631033
165741653
166270197
166641495
166876657
166968521
166870885
167168082
167951568
168516065
168964602
169195526
169728041
169740828
170114335
170557824
170809675
171355207
171079410
171693857
171450431
172490022
173145356
173778336
173536692
174316789
174590654
174836516
175575545
175831857
176450802
177253994
177950490
178017965
177620290
178591433
179294186
179390053
179324627
179850595
179735712
180624329
180634004
181548808
182225757
183406207
183080418
185100079
186749176
189225636
190648119
191186713
191129679
192211937
195342918
195502978
196315769
196994991
198985277
199188138
199747105
202380230
203230303
204546289
205830006
206417469
206820767
208969307
209194780
210323065
212808046
215169154
216322448
217266117
218018094
218647252
219870690
220214064
220712597
220945493
221075623
221473163
222692224
223462511
223598061
224478606
225236375
225795249
226266796
226734236
227552864
228066015
228264066
229099182
229648501
229862189
230538210
231461565
232035397
231796561
232250609
233034784
233533955
234155068
234968415
235223700
235363562
235843624
235796833
236297603
238483524
238100979
239168725
239005089
238991166
239548701
239637371
240307586
240323056
239906856
240839143
243881941
244379745
244294975
244409877
245098143
245242442
246039776
246422405
246806942
246496566
247235585
247281077
247915545
248432082
249490861
249689537
250175426
250136594
251272471
252408833
252970178
253414307
253609536
254094445
255703496
255882034
255457103
255441247
256135201
255757622
256694210
257098136
256848234
257655920
257315807
257979542
258101485
258960193
259136355
261096502
262198896
262991217
262874159
264450381
264570053
266239092
266193663
267237532
267238741
268406101
268455003
270753066
271252977
272820465
272423113
272570527
274442499
274700056
275148783
276183915
275645590
276750996
276201124
277393459
276464283
276557424
278000709
279682696
279262061
279139612
280636008
281840446
283110595
283851082
285250073
284613295
286075476
285137257
286455355
285546167
286838538
285833795
287103784
286070422
287582923
286632666
288046098
287902006
286928644
288221538
287213489
288467833
287827930
289061240
289127929
289615877
291836368
291272720
292821902
293522874
292951043
293449633
294482943
293520930
294460248
293815808
294569185
294185315
294758127
294077889
294577826
296650298
296256861
297645199
296668873
296605840
298842382
298401631
299441833
298516076
299612244
299205985
300276736
299592003
300646842
299568040
301825340
301602318
304090996
303132756
304536014
304442160
307438561
308029070
306803937
306904007
308608129
308283699
310914997
312703804
312466181
313898546
312820631
313684001
315371318
314239056
315727388
316691866
319708408
318937314
323085499
324014700
327212340
327095090
328801438
327381704
327459452
329486417
328929060
332060495
330583392
332147258
331778099
334492404
334568300
336541645
335562506
336871137
335763186
337078244
336742976
337963357
337318811
337285552
339067326
339085162
340788470
340219410
341374760
341083459
341844715
341308078
342377582
342098223
343246227
342952224
343894908
343402645
344196415
344162752
344137110
344752079
344313023
345150462
344807180
345525001
345595581
345514169
346160487
346201567
346884932
346895298
348074634
348065282
348651763
348416055
350807359
351366039
351823219
352309397
352256917
353540141
354805360
355242069
356877557
356770742
358351819
357626738
358535895
358156042
359235786
358489936
359204818
358544001
359590177
359147117
360320450
359724810
360021298
360786009
361282642
360646508
361591786
361116560
361986203
361953921
361245599
362220755
361340728
362382991
361931780
362128437
363132818
362423325
363522548
363034632
364077420
363865170
364514373
363913697
364590310
363763651
365136296
364417698
365293839
364922383
365890638
365167589
366638206
365921752
366923363
366295737
366746454
367931119
367433456
368482808
367855159
369580518
369190405
370881521
370237118
371664989
371036637
372490949
371603252
373050077
372449221
373321362
372752370
373759240
372934884
373818625
373112465
374234942
373452365
374267141
374089770
373594383
374792917
376360787
379090455
378890649
378935179
379554888
379626038
380329265
380496293
381520753
381796054
383000221
382572305
383236710
383263308
383860790
383671654
384923257
384603840
385615033
385221346
386047226
385665791
386273623
386249722
387175277
386884824
387399151
387180390
387871304
387462906
388103722
387894393
388217680
388495163
389196420
388944022
389784754
389299000
389955253
389544640
390219970
389818091
390801447
390386479
391354546
390855167
391621244
391241201
391741555
391253507
392355608
392518946
392334666
393146124
393011865
393772316
393679940
394492617
395055732
394496578
395184872
396532185
396250430
398534124
399222736
400256838
399822445
401901611
401163422
402257594
401342973
402780015
401987029
403242068
402641338
403769822
403104766
404608257
403779670
405189013
404311893
404381660
406109791
407127377
406689491
408412869
407372015
409704901
408572360
411570345
410626010
411849876
410984052
412317849
411907870
413380236
412340173
413834809
415214125
416537791
417742381
417619327
419901886
418413120
419155464
421335520
419926984
421571689
420160720
422154965
422896154
421759386
422258592
423936413
423056951
425734309
425614101
429419700
430576582
434920069
433312211
437180212
435937266
437767120
438469366
437842998
440269571
439140695
439676044
443161660
443316083
442838027
443101364
445102801
443337197
445730885
444597712
446330862
444866052
445254059
447003663
447033954
446097695
448558267
447477996
450161389
449952630
451493671
450257049
455241664
453653347
455998256
454641009
456795533
455226850
455200811
457760981
455997805
458158017
456233099
459041856
457552053
460231088
458379643
460659204
461145060
459124640
461974554
460251083
463457195
461865105
464825223
463923040
467721145
465900204
469297761
469393440
467231430
470911112
468606937
472162660
470073539
470216994
472925672
470582680
473301209
471252218
473732401
473882600
471962589
474282649
472517521
474782463
472884178
476531372
475555604
477852864
478516322
476609150
479034077
476951381
477128034
479779935
479754304
478411413
480651778
478607215
480670727
480943846
479267302
479757458
481807152
481853863
480543341
480787670
482843573
483013204
481144281
483129371
481198870
483535254
481594780
484023889
482191937
485222479
483365877
486199692
484838320
487630261
485910867
488803909
487476714
489878872
488139181
490643264
491224433
489696246
490181194
493127316
490878333
493499167
491070587
494066221
491388251
494113228
491539663
492422568
495773256
495954491
493416702
496422180
496063997
494081953
496851453
494828881
498059967
496471402
498906680
498753292
501334120
499740297
501805979
502273083
500882434
501772261
505289080
505486208
503595040
504231134
506921570
505219764
507192685
505175811
507822624
508348685
507139858
510331665
509417856
512948252
512000770
514789940
513710819
514683148
516382021
518303229
516862660
518679409
517701425
519381637
517929084
519767671
518162944
519908074
518200065
518194771
520109436
518627681
520485517
519072695
520902239
519562945
522364129
521943382
524702260
523430496
523580185
525283226
526171997
525298309
526742744
526092355
528102184
526944009
529052538
529713478
532653501
534074890
537237366
539063894
540456256
540659267
539808738
540295324
541541295
540507742
541932271
541508563
543106943
542335628
544201323
543512485
544778102
543814324
545638004
545272129
547422808
546981911
548560763
547672390
548740085
548984822
548860064
549318581
550339038
549910382
551077170
550401293
551376926
551949502
554482048
554158451
556440545
555505460
555477671
558082944
558022536
559355357
559687635
558929554
559317097
560587858
560761388
560288287
561469535
560965055
562167142
561740400
563080165
562435209
563400335
562927968
563643451
563218231
564461190
563889599
564895601
564783313
565627112
565298613
566046108
565878884
567047230
566914316
567818328
567399824
568161040
568030811
568914612
568265275
569349779
568904740
569498206
569369335
570197402
570262551
570801092
570531603
571280717
570988011
571665491
573582758
575820304
576692988
576240545
577329180
577537817
579805675
581909141
582874034
584744030
586425426
587259785
590906577
591300204
591565202
592370984
592366767
593161861
593132276
593802934
593521329
594156362
593724996
594512348
594699967
595701570
595485509
596507604
596351953
597478410
597232889
598384226
597999049
597970566
598545668
598257243
599093433
599055414
599692415
599638280
600642884
600546270
601195974
600797774
601075307
602156621
602459505
603986380
604041518
604326761
604735529
605527992
606261758
606509645
607238946
607283949
607793214
607640771
607508059
609795101
609497127
610259475
609964947
610577389
610559860
610924996
611698992
611815922
612102110
612027938
612269275
612975610
613023103
612913522
613407018
613169626
613445178
614306604
614675897
615044775
616021644
617007085
619012653
619652178
620920186
621593923
622024332
622267513
623894900
624031495
624185781
625352593
626789875
627440925
627809244
629485594
630160635
631275488
634311954
636712143
638671095
640392861
645119341
645491059
647206424
647913340
648522327
649698132
650555762
650956262
652632854
653749131
653844582
654197661
655198160
656589539
656687117
656054571
656842536
656335052
657124969
656692513
657951104
657444605
658615940
658309418
659377357
659791409
661035637
661190480
662018087
661577137
662052114
661839186
662649941
662701613
663618561
664176855
664614253
663994762
665061756
665386256
666988438
667452820
667860475
667787927
668770313
669231701
669517885
670066703
670219136
670938795
671022959
672135460
672186233
672740452
672400334
672867526
672850080
673092861
673682060
673975632
674257081
675316688
675748800
676759571
678255739
678426640
678633656
678783596
678969891
680941222
682236193
682238984
682564429
682559184
682831019
682825396
683516393
683357986
683811667
683602684
686443195
686758151
687031226
687807864
688150114
689088222
690346915
692241003
692600810
692908121
693651981
695072362
697019246
697585514
698185384
698630207
698916671
700449580
700551531
702098152
702076191
704014952
704946666
705115400
706222708
706169973
707062910
708500471
711807806
712286186
713364531
713972073
713641421
714339928
714005394
715148243
714993096
715191530
716625064
716353240
717393223
718379172
718374273
719647285
720913847
722601683
721826644
724190090
723421333
723513267
726371207
726978652
726636515
728100548
728317650
730649098
730833072
730152539
730499928
731673832
732672423
733984599
736348583
736857380
738503656
738052951
739440726
738690458
739884901
739344692
740054254
739834966
740291450
740284815
740778228
741297403
741242711
742000069
742369501
742239612
742968722
743703906
744563294
745578624
745997859
745644245
745777864
746155418
746227746
745883293
746389784
746980837
747467643
747541379
747654316
749141774
749234660
750490384
750724415
750933113
751416360
751995207
752626581
752776155
753101595
753335145
753916235
754023395
754579011
755674336
758123495
760594120
760711813
760846414
761160248
761842998
761813827
762007569
762020712
762136241
762977433
763283711
763925431
764882131
765911992
766568409
766867716
767419725
768265581
769379090
769750001
770274294
771325986
