50351
28097
35310
24377
24306
34228
40651
48232
19423
22132
36462
30036
58492
30873
10206
22318
6158
29973
33273
36695
33730
22607
26340
19696
20125
18882
30994
16719
31180
27649
21361
46463
56814
33838
17593
17868
29074
21505
16241
33819
16529
19609
26180
28645
42607
34667
57407
50786
10904
29279
21771
26091
28743
27487
5853
28904
9475
26570
18946
30335
21927
29803
15343
28942
26296
19967
24537
27909
15503
31359
41188
17702
6759
19001
28878
32417
16773
32603
57114
31205
48827
33155
38101
30152
33996
19279
35339
35011
17650
6161
28156
13718
29138
26102
18139
26062
73881
68394
89454
79858
74118
17060
26407
31839
18993
28379
26054
31458
23644
5571
31210
31667
27503
37934
31562
27560
19246
9212
29048
18241
28240
38098
6422
28481
5048
20460
26383
25364
17414
28261
26350
26000
16010
24007
28125
16935
38962
9709
55418
47275
13590
29693
28375
17699
35869
44317
46455
46988
28801
15785
26324
27315
28346
18726
22515
22340
29908
31492
29562
19855
32183
31068
20400
5312
41680
38488
11023
51152
23719
26873
17987
17462
18774
32826
33506
242531
253906
20280
99914
33706
45018
32625
47537
31338
15878
19859
16090
15125
41923
42109
20114
29199
17582
37239
21097
25637
13789
5559
29312
22940
14615
32031
34181
16264
25663
36049
26543
25625
22802
13516
27669
14252
30330
28621
21485
21422
21998
25271
33417
25794
26934
20105
15018
32096
14559
20663
21411
22201
22620
17438
11765
24042
17076
17427
27346
21248
48586
43095
29871
41425
43592
28319
53689
58513
88016
69117
60547
6783
59682
37273
24996
56694
21513
30210
21683
21811
28236
15684
15028
9627
16689
27964
21105
46525
25774
19532
34365
19429
23749
41690
77521
5559
119018
99905
25748
49976
40052
52744
15334
29290
38065
35011
17049
20323
31056
28322
11017
28488
16824
26643
23023
30687
20693
30720
18242
22293
34896
25397
18013
23169
22136
34371
42136
30820
43698
6574
32583
34359
15497
32421
26694
18149
17026
27709
27013
18428
20829
18631
21975
31793
27712
31066
21207
28831
19067
31142
44282
14804
17747
39623
48759
21312
45484
22734
28506
17734
39589
30472
19205
4454
35631
40046
46917
30367
27209
39791
30493
33096
44696
24889
10962
7167
17989
26359
26477
22673
19611
26975
26659
21219
18439
26036
33870
28611
16140
15215
28020
30416
25252
29417
20936
47502
61146
22158
19556
8852
24821
24985
15701
30269
41177
17321
32248
42867
10443
27452
20037
15775
20163
27267
32821
32381
17884
27407
27631
38026
30278
27457
19718
24532
26725
28477
25778
35406
28370
30272
54539
27398
18641
19773
24064
27537
16433
23567
22988
52307
53725
29222
49936
16368
22936
29087
25990
7993
15202
27753
26295
37097
16521
16661
23809
5299
25534
24092
30440
19675
56222
28161
5078
26655
28929
19452
24778
22832
18057
6326
20212
12720
18617
28256
35788
17924
25831
24395
27052
25517
22497
26407
43492
27678
33444
16594
27545
12700
14974
32080
27704
17511
27778
24353
41250
27405
7844
27131
26812
30926
18165
27937
18264
16047
30600
28247
27042
18549
18058
23616
18692
14139
21090
18848
17601
20364
29311
18998
23005
25050
34402
32846
19816
17520
25090
70129
18379
83539
31668
76244
16358
30492
18047
32586
17604
29427
20398
21919
18739
49660
30214
20524
20404
26687
22559
32163
44291
49216
20917
25176
29941
29184
13593
5576
17277
16702
4874
20012
36504
21758
27830
40744
31834
17481
22672
16147
39796
18777
26944
17010
30166
22212
41866
27463
28368
29394
28903
6297
14990
24747
15694
30583
20461
51776
29362
24207
18590
31233
29324
18885
5801
35808
31660
25081
16706
25747
16338
18057
21199
27444
19439
28213
26652
28469
17948
23410
26135
48080
16880
51947
143297
38077
82548
59366
109633
62532
23119
53044
34892
15693
18906
17292
30753
19456
19634
24903
22894
60428
28652
16409
12039
17723
18491
23546
28703
17814
12407
28535
33671
34574
30542
37213
36504
47554
41138
27892
86584
100529
31062
22634
19584
16966
24296
16594
25238
17027
43253
25969
26349
13063
20446
22678
20093
27083
24917
28533
54229
22925
15316
14641
23379
26819
15342
29613
7440
9616
38592
27725
62116
21904
42105
15981
18157
20759
26931
15537
27593
33861
14906
16827
22868
27447
17859
18807
24416
49062
26787
14546
20295
15462
15790
30808
32697
16954
19326
31860
22104
13097
35183
43697
53958
38079
17585
16992
34130
26547
27851
18943
44586
18057
44084
40834
5551
28379
17084
17047
30128
16761
33883
25097
31569
18271
15764
18465
19897
29651
16470
17065
11614
31377
28191
33144
25961
16889
19437
18760
16836
18450
20304
23436
17480
15089
28366
31129
14711
51871
28450
20734
25064
22069
20141
31599
19777
19436
16877
21941
13199
6571
31168
22931
12636
25114
16931
20616
21489
23395
15515
18462
27413
17782
21335
44069
54344
32315
38676
25786
23583
14947
6456
26178
31663
14741
26774
60646
26429
25588
21803
28683
31930
59828
26636
14970
22425
17991
26782
24218
26786
19873
13853
27654
43219
59469
28690
26085
51347
96393
64997
12811
37442
27689
14828
30220
17883
19931
15046
22755
41908
21628
20956
19843
20737
19894
42549
54556
55318
21178
37489
4959
15264
52745
4968
17095
18703
16531
40389
19707
17099
24093
15264
21796
33079
18184
27471
14678
19000
23819
5802
25308
30831
21354
19243
26037
16668
23224
19152
21448
18689
29319
28786
16783
14821
26102
19381
28949
16727
26178
82234
19848
57063
58570
92155
74640
127023
134833
106803
98314
174825
27206
37451
91290
108488
169900
20413
29433
24081
24331
25029
24403
41936
68019
21512
18238
19928
21389
30512
25756
14967
32130
54013
88273
13744
15503
27642
29269
26452
17424
18960
17784
35518
44641
23174
16921
13401
6990
26819
5736
21826
36588
29748
18705
25410
15641
17913
63762
35574
18000
18729
20254
17406
19268
19084
18481
18250
25693
9992
25917
38084
31501
18057
29669
16287
28787
26853
21280
5449
26610
21360
23658
12461
22479
39855
15051
16566
13221
22620
13429
22545
15681
23007
30905
17986
17728
37659
57762
19306
21196
26358
29030
27132
24089
15846
20409
21721
24965
25853
53179
29792
29520
34815
15490
16782
26150
31233
36599
12200
20516
19186
31215
21599
31980
35611
20388
16012
14966
17368
17428
31323
15876
27233
45804
18907
15813
25680
23787
20149
31081
30412
17770
14574
13550
16029
21201
17009
18432
16559
13210
33223
42449
25986
10892
24797
30305
13977
26479
28859
20719
28718
30761
15836
17681
18846
12652
16929
14090
20061
18014
59677
61474
72687
117704
91150
74104
70126
51037
79235
5718
48815
17235
17932
154040
327962
328158
427094
325184
308824
416302
289280
399281
308565
480325
247548
203003
146618
72962
293481
56045
45084
43802
72064
294076
110628
97133
132649
73207
228419
203866
102761
282943
61558
269233
55211
184435
190193
39101
77432
198575
102121
44008
120626
41690
168417
28077
50482
130679
89404
58814
70751
36039
844532
136842
58779
66125
78291
105192
220173
76183
38250
91968
41496
137446
79064
58016
51143
43488
128298
113727
102148
71803
136377
235146
63105
543621
36465
47524
68766
191829
73344
181949
56504
231176
54449
39153
80087
46784
355409
102742
50621
160134
339414
98918
223431
203868
95911
49069
71958
294585
112921
228779
127438
81153
59802
288784
102913
61330
145085
62378
110146
286135
128788
53962
243470
174635
40303
58173
185276
160642
112303
101298
103021
152876
128467
24985
516943
143355
327653
279328
145385
137633
128360
72443
29407
64017
133060
142006
49076
124438
163371
295023
411057
37582
307470
98474
62924
294748
65794
188509
88112
295647
200138
216328
83526
67334
111707
189064
99213
173430
187891
234370
217674
150099
135732
170183
121086
359341
100180
81715
83841
47132
57199
152452
35061
43820
50484
325587
71079
180397
51213
62764
156575
145068
222631
143321
266026
125277
63290
70096
188466
191786
96251
88086
57060
53537
102737
55608
123508
73599
59550
391617
44446
126356
414159
150937
32868
496721
337575
86374
121680
170598
41016
176651
32410
36312
57788
68925
47547
72346
66525
111268
31372
43694
303102
137946
356565
39707
254208
82037
170653
105420
59335
135577
79762
140946
44148
138086
50633
183676
64875
302324
449589
178464
188087
101528
31299
188939
332573
52454
148963
39027
227777
77779
480659
55635
249371
82045
703685
128491
38349
84323
82084
277100
28223
131041
120552
111518
240290
131891
115443
114672
154193
81821
492017
84365
145477
149127
252928
114073
133390
62170
128737
319808
92644
301294
157142
33657
39079
114698
192862
252173
343193
63388
52156
312876
41521
138818
46069
104819
34913
155353
302104
191050
483584
282693
43485
344267
242081
48101
194932
116495
38526
66658
481465
250135
113617
165635
95681
167347
153418
382820
70162
58508
271222
275052
51889
59289
333598
45820
47563
122383
193487
393018
120655
187648
171200
131381
47508
75057
32520
145489
43788
102400
54491
140752
377781
119262
300932
42793
123504
62940
81166
78421
33208
248562
270415
82096
41528
132689
181992
21187
316726
105937
30647
62765
136132
154596
114765
196896
267980
232623
158221
16049
40170
375142
72322
90886
469280
299706
106991
38239
759686
22594
341161
287778
82965
545300
100217
102533
79052
155152
94518
91131
48043
316787
51304
322695
47245
134182
113390
172946
107039
151396
230877
213493
278931
125009
49690
186614
51643
72364
266785
227034
85491
348038
385364
44879
333664
218873
55772
292370
128581
170328
156560
394514
78135
101350
59655
189667
39803
111989
345564
272877
166474
102995
68677
62454
42702
66314
380319
56841
49871
977761
35739
243896
68410
109740
38647
87438
89570
277321
99458
231773
103579
442659
70862
586634
261976
422736
162944
32406
32336
114734
136449
141884
98707
135207
516471
62691
206837
48365
414828
161932
90305
73277
108284
36851
58433
98651
364842
144276
45787
286493
410972
54082
37878
196383
183111
53583
212274
127194
537715
70208
67067
615416
210924
87253
36615
36246
403225
77061
64407
29311
159956
188514
421835
73409
319536
214705
230944
50118
33226
53483
263463
32711
68284
99382
187308
108233
765836
53742
85512
48671
42730
160539
29183
39400
37991
59703
86809
301434
172579
200976
396782
43638
363251
64781
204004
26388
269354
64814
41863
133157
353018
85847
202469
163229
36595
34656
609584
37867
111233
39550
46426
100699
398313
71686
618769
453405
34373
133826
170774
52993
255128
288171
117087
290326
144925
524658
349757
108244
212758
351735
204363
108594
34476
45762
181510
121697
152815
39573
90260
445349
69915
71354
331711
63289
89243
142009
62445
485477
898689
340997
102002
42470
453285
106265
59354
66933
126269
145125
111370
30211
268254
247161
25302
360049
144890
105127
129323
370911
296114
125311
362259
68847
263684
76675
63218
129638
251554
183016
276836
69839
70675
259952
50350
57929
167311
120390
74934
124848
27389
160399
237974
87860
132178
110973
103295
129935
166670
228864
165279
274368
245718
105441
121287
29401
71426
178847
100721
396925
43759
318941
339054
76973
51478
129214
84487
282316
41724
298010
150097
47734
266416
36400
42616
47594
96331
143865
124481
127784
298956
315979
45622
124586
154547
70225
35528
30823
46806
55922
32730
59498
26458
139895
59748
105169
45214
84963
142922
60152
106720
202992
90427
140179
233939
28933
50007
351810
35154
44611
124308
58707
194294
342854
71577
144037
195278
136868
291558
55210
42033
209959
84415
140324
550410
35458
110242
38625
378796
46311
243697
221523
61652
49197
40213
52643
126444
385379
88286
168490
49384
91639
235481
96591
108724
42877
269100
110681
170342
80467
308315
83371
346034
169316
62135
100204
125292
186848
194758
116730
114021
1102636
1043844
670274
109129
425688
284335
249023
261735
231307
129532
54571
157272
48562
126065
75577
144868
364756
23724
204911
145698
57071
218260
140178
37015
33559
69598
176983
65853
93768
228551
136670
119695
29650
146878
196805
94618
295317
112023
61235
166715
114847
51480
157111
222062
210317
498271
62174
134072
182617
302178
34413
70268
52652
398025
457726
237238
117170
129100
420412
46114
45064
363254
211940
49837
47622
473784
203979
35954
158986
361895
267637
203327
49959
321577
408481
90559
46338
366471
251915
150168
314124
139980
333598
95677
40599
158357
36568
141237
227242
444339
42842
50346
339846
42708
60433
192614
130650
102180
106791
92472
69546
48377
58228
77550
181173
93890
41449
104981
68123
107727
302521
51899
99111
80660
88033
44112
115686
229685
146307
41190
55151
38911
167329
116443
54995
101952
124396
88286
204477
114103
44182
25515
56088
172446
68748
275361
256955
40305
129714
142668
151405
48983
55250
245545
99504
210253
161555
90940
61563
529320
93264
102459
778080
231309
131244
621014
337035
46659
114301
184524
74129
173623
221619
175205
47758
51860
189136
215644
69736
149012
179438
117679
76491
191661
55420
65039
135053
42624
74698
133512
36972
130234
58094
823547
216706
211049
105174
221449
49068
63712
67327
354430
40716
172224
85219
37820
135362
56881
65750
41662
40208
151564
93496
41421
139568
339670
95347
366249
193630
128455
142966
83713
95813
137671
45317
129001
141261
115538
292540
199469
173028
334526
142621
66589
35644
66967
95083
53814
95463
57633
29492
124048
289797
26297
34175
417905
108655
146093
82934
342339
87546
637946
36906
212522
268453
264128
199772
142133
488153
31474
55348
99931
129485
51966
233833
196891
33647
85209
71365
421995
45910
272576
587371
129419
262001
125232
47038
85215
49667
155078
281752
80836
49667
91161
89051
51404
130664
38377
52845
106012
120096
119657
86198
44413
63020
96075
266158
298258
43153
504247
47779
73572
65352
91830
266921
196947
222834
482885
51963
104099
62760
86321
77400
650677
158680
98982
148114
172405
113564
274022
172055
652206
61379
243094
75503
171484
146110
191764
70860
144745
84066
623578
65661
77749
151936
190339
152940
25927
143853
95862
336352
170242
272649
122327
129719
71833
223928
149574
70597
166594
152325
89362
36269
50057
176243
133041
73362
940166
27927
218702
54125
86496
210643
26110
116527
124814
296739
77022
73156
191317
164152
358518
142438
169425
655320
209388
341278
217908
272802
38113
100621
68331
135718
157408
62605
27703
176831
68648
55140
70040
193638
171334
218598
270126
246464
39106
45854
350458
46797
78703
28872
55506
396458
266246
270411
169136
70693
103596
77350
175946
35032
328474
313595
36505
148487
192457
279922
103459
54793
116660
265267
169569
145556
79111
134060
48869
184110
199486
421765
40129
133106
179332
144776
69075
39057
83929
336075
64689
200804
432634
60908
42174
49834
125747
60553
321700
131492
36674
52195
61098
28891
281254
52171
30741
122547
84017
103747
66526
86263
147727
130009
259933
148124
102087
57218
190862
324058
160853
165217
151423
313705
34091
97624
36050
41690
52277
424833
43599
57826
233146
41243
300535
339995
125813
48107
66963
63546
44062
293011
261351
44881
150801
159867
94928
34660
178034
108657
17254
74477
63611
42551
124626
275722
68304
145715
59588
164295
72821
35782
354944
152575
213936
52348
290314
36533
298950
78168
68566
152269
449072
32217
128312
355702
170832
345211
57616
54186
101623
204569
93900
151773
55022
199217
467030
47173
180400
181054
37867
45907
59564
331853
117021
74478
135785
390499
317725
38576
183214
94727
30487
64961
55577
180718
103895
54259
130795
91920
32585
665909
211157
90760
221044
400031
146807
27558
216692
22078
36678
143161
30818
78750
356986
273531
39843
94349
151096
88652
272858
194989
414606
211866
61036
310809
63808
133672
97515
230974
195005
341138
199271
368717
196320
34356
325120
55529
459722
81381
418098
630215
85511
41030
32814
81104
269683
136972
21311
281393
111387
210968
81238
251139
112954
41380
182935
117771
43316
75239
44680
130192
63711
157932
58040
41833
156841
258513
250802
195585
439279
124060
170084
28702
316930
87239
97972
91660
247252
42402
115049
35599
261153
41817
308809
53122
83129
47521
170580
106483
147076
208654
682607
921813
83297
80683
235650
100933
224691
97024
89074
28526
151586
47656
39217
83656
37674
66373
148547
268009
53787
86274
189667
223731
807313
277044
142034
131550
163926
261145
130147
63002
285160
53893
216428
104276
579394
340673
199178
21522
75744
101479
35844
132668
527520
65898
175226
35409
60672
42237
72811
402459
58691
144928
107614
122956
262339
262468
295620
104721
184694
265666
121915
151563
72282
135138
387042
41403
36452
66098
165876
201159
139489
46182
80465
94651
20793
282691
75020
89769
62248
40103
48555
136905
84615
179140
358015
49824
39191
117849
563909
127818
30736
622617
39993
125070
40695
107208
143765
38929
254214
161562
45238
266486
114675
106258
672509
43211
163613
376021
67723
180575
36453
46646
125829
44759
89514
41313
173550
85508
120487
132782
35764
252711
343156
66872
189070
126345
43454
59942
90904
99719
128437
40660
100191
265030
157218
167450
368084
491989
108540
165257
84922
203496
116065
223939
73825
104003
160745
54709
30822
122752
91718
153602
36658
210965
235667
29728
123764
114033
91427
304446
183226
145163
70235
33593
215141
202600
150438
39760
47513
134600
105359
139554
72291
75555
44651
51140
64423
29136
141072
207105
266548
66032
24415
87945
190702
42371
268328
331547
166855
91361
26523
193145
182074
416036
62754
180026
75430
121146
65115
831296
144667
57604
39094
42424
34455
99449
206687
170065
219620
127768
45582
279997
369429
200848
48636
67432
78716
206865
133068
318893
108631
40442
108025
273468
70003
68674
285160
358870
566075
260613
170853
46033
253518
111479
41109
384907
261613
216624
270047
34271
41639
116310
174934
59169
105904
78516
323444
38652
117871
317471
103784
72528
41305
245704
41892
242758
330190
450999
350638
240049
37645
216257
347783
213769
186997
244133
165455
139759
24421
341417
88846
225636
135074
126000
213609
33331
243715
30120
38576
41033
384106
152914
446119
18106
353320
126480
116536
179813
199798
253720
31574
75385
111797
477900
186182
357633
39992
89204
38624
252671
196862
188199
81844
71344
377899
59930
194763
263232
144170
75102
167068
36248
50224
53591
109072
84921
148432
308824
23128
124689
82228
74617
42617
50029
239978
71545
35922
122230
203574
78479
154385
41759
389901
167408
373163
354046
82464
29051
234406
61012
211656
279882
282617
132674
197330
345640
34472
156699
372752
71411
112540
169962
373699
203985
44791
655263
546540
410184
99476
30987
243276
34003
33850
44649
45800
260602
86999
76556
76308
188200
79940
49009
79693
105001
73684
32839
130803
17703
216799
53248
397306
78934
200488
39052
37593
241552
47000
42016
271168
140670
107097
44805
144124
186992
259152
161189
158909
104415
443904
456949
42215
65992
273150
60379
234758
112607
253912
127288
291813
320171
280573
42724
157230
159631
64687
51870
206313
53272
31228
285057
29931
64613
163916
315474
758898
58127
112642
52574
78519
146368
268787
160341
248064
177895
33493
281506
118722
227841
210201
162462
47842
59623
86039
259668
209930
353057
127347
166928
214203
89574
172745
38815
439941
97284
79997
99107
124373
157203
85399
41245
67033
375433
31941
187272
36932
28719
61794
65553
232195
82990
254547
36649
127764
98683
47894
34144
100379
87807
81581
251302
41795
208721
209581
329896
57817
69478
92638
78072
77814
44918
549261
181435
72571
40823
319800
223109
150707
155702
213967
317174
468546
214495
93228
58457
35126
159645
213765
70850
165251
347925
218359
22118
26320
117163
233268
213972
252343
33103
35629
381749
148226
113505
362514
31377
340054
322281
114250
115286
105469
205359
238048
42276
319503
252142
115443
145699
191956
144432
282131
216427
570615
76121
146038
535137
118556
71772
296871
54182
59324
66735
246459
156847
48566
194402
146778
166481
126967
31640
45241
118980
132778
32169
89706
192402
104931
116484
124603
36618
408160
67931
35960
172897
123331
205071
165364
41270
160012
233750
174380
134076
40748
178662
30392
113689
152303
113279
228230
339417
269836
145689
130860
134981
317542
413116
103242
134202
101391
117587
284351
699059
260938
182186
99302
34384
503955
594412
57086
80628
243730
35456
193081
288798
185034
37720
66846
191136
64596
67598
46358
107992
243942
84309
393215
487075
64154
224332
407395
134377
238566
351598
173361
150293
168372
251510
137702
352191
49008
55827
46888
731285
53867
296884
170223
77121
190363
42699
79977
39471
449397
202215
223035
42261
66814
306122
411414
49080
33511
28628
272170
351593
114818
58549
135447
98582
24435
53549
409965
211638
150538
276774
97481
164440
152947
27661
418698
341628
253072
117719
88831
26566
109550
39814
78130
85870
225500
263446
34318
535504
56525
154490
133832
52287
138779
166039
52776
179820
31656
336617
101365
208435
124261
313481
194778
37035
50747
161737
234261
40229
126946
149612
98457
57063
65908
332050
31400
81290
64647
198448
35008
561258
98617
233754
118056
51391
78982
300275
108538
367124
44135
141763
52359
148200
199739
68406
106915
209205
67482
64107
46546
48079
187806
23494
86668
255210
138740
77347
38652
174509
180640
128629
236746
41287
137314
24887
89979
370401
286964
155742
247951
27440
57875
285632
150562
81215
146846
74226
100292
51772
167778
38877
68736
76022
63804
77684
41641
113263
180923
97255
69743
120927
69935
36401
148837
151741
257403
65840
27076
250071
91734
934934
38830
90721
196707
248233
41149
205252
330868
107242
104079
179801
236951
275505
233515
42695
103247
143871
83081
35656
490339
105680
41786
54368
173900
37342
149159
85050
339341
63073
316195
156596
168599
423989
255261
182760
427822
144501
267082
72739
70664
74121
96203
97444
45503
1026519
447706
181831
57305
26510
239738
56582
128673
184777
226284
331407
46755
38450
100803
120772
471981
125335
54766
183043
99239
237846
123487
337290
56418
28042
246546
181467
287967
125819
38208
35714
338680
38938
167261
514471
82043
529520
64497
68647
47198
93788
37593
166696
53441
344008
107858
156586
72107
48770
391823
45758
88398
343573
177438
256457
205111
97200
80580
60586
36752
322434
126647
157071
33686
43716
44865
314964
207326
133802
31941
69299
142647
205586
101877
130139
78640
370362
146362
34300
52858
267264
401875
27020
343266
76194
32002
184844
63608
29868
214531
41017
388724
209605
33508
43954
133542
132472
164575
147829
225756
100482
161565
133350
173627
38067
61275
254831
140594
100871
156153
332418
125580
26389
208102
39624
69212
56847
70419
31962
30131
37533
202590
47390
616966
121112
266207
35172
282473
31875
118558
59193
72210
156948
57960
141499
240544
551137
59333
244630
451543
131425
103923
414086
50769
174175
220083
102904
182428
86340
191447
84832
401490
894742
51285
352139
33133
157376
61313
258500
22686
76299
38031
283746
132721
38659
166453
38475
26984
448672
234378
98683
116232
100704
60339
589790
136799
122738
162636
42405
170255
107352
35822
137602
128369
46139
310518
67444
184120
293400
53350
33466
47766
153802
143305
115162
361063
133142
62224
254498
196277
249628
174302
116181
294685
355375
144599
79008
33434
203558
31387
172462
280078
195836
224719
37924
424744
185154
130170
31413
61384
80705
103868
58086
177268
265012
79583
115972
292991
300748
51904
576672
236050
34187
39707
142541
38694
44708
229368
57850
742254
92142
36294
46028
79148
55590
27347
147772
28208
231444
94008
34195
525667
169611
70008
295776
114517
31258
196111
29225
78310
161674
37916
52670
51936
19281
158370
143940
168618
59464
260433
279614
42631
214487
98260
564392
144798
175505
38267
53860
128863
248992
216142
34306
71800
63946
92067
196328
144376
41037
129669
125257
437966
187427
483625
289032
160447
322871
109783
76345
38096
68384
74041
67309
884170
86235
90010
251778
191917
31800
80460
228432
74307
521281
41591
64326
107990
235771
101277
97827
87417
267087
33859
211785
224394
314249
106237
428929
130842
34538
149323
70790
47401
254547
284542
91822
76981
567742
77881
59194
58341
33654
214247
185922
90806
93770
74508
321574
235688
591064
35933
166597
26961
50929
43684
46431
38769
72349
75346
31685
170124
273905
97285
499883
179694
39508
103067
190252
263143
180046
1276106
69857
145343
303578
199519
81044
275600
106684
240440
24419
37371
76594
116567
293497
150010
658868
240473
214259
93369
240625
174585
142342
68404
200484
48523
118421
112459
581731
162059
99784
86028
75880
120109
117146
44013
70197
506843
53947
121256
83498
119359
170125
28351
199112
85506
102990
18810
162597
74802
70282
292588
154275
267535
127595
22965
144354
43775
123938
133073
118034
245439
197284
97150
93744
104462
44300
38979
162066
298476
78799
251396
163822
325078
296465
505098
130916
215953
45801
264151
54413
116320
40190
93974
205822
122498
158494
107006
48667
115330
103519
51806
54500
225784
95494
72647
144607
57868
205922
111146
98747
121080
178764
243491
131984
334857
328519
133026
219942
34647
91215
53483
196944
353403
114876
44956
145078
78148
25335
494384
41849
193325
256287
39955
91075
115295
49600
66795
64992
34687
52262
354098
289315
97639
39643
102688
323389
70467
72273
375308
442065
197576
33878
86771
102495
296796
38979
171664
88825
118192
278090
76158
318260
64178
92898
36158
114464
55288
39141
104117
38013
184944
37477
28956
271161
157154
52720
140556
62685
110648
182419
117254
395981
38609
82451
87270
104761
52627
120058
152899
204899
56732
166258
184069
109034
92166
62588
66963
79169
692493
41873
153772
288614
139094
88626
136587
63782
64833
40558
25882
297982
44959
39650
80941
58744
323931
70540
372691
424395
334540
30483
74864
243586
173340
32145
125271
95008
118462
35148
156498
66602
134126
51082
181370
47140
51758
170534
130893
120768
78121
120598
90931
168398
35316
50662
175307
55242
47391
42067
131660
40355
66078
136460
158529
182274
63517
51622
72446
156994
230416
293102
127576
165388
34141
107629
50642
130714
58036
45781
84699
240045
190509
90878
201791
244653
189990
35792
438266
51134
264880
87340
71790
32233
64120
108644
178397
79617
407053
147599
173191
155077
34291
164644
30196
253897
104085
97104
42292
126605
56927
280888
188854
145985
144963
37302
54886
62973
111298
79612
113070
759302
102014
101591
94226
78972
97936
347265
66135
212450
239494
28251
340940
142915
78403
159551
42165
135951
198514
42371
66493
104431
236761
76639
61343
165524
499658
42390
56233
164501
262948
73306
36170
53992
111890
283860
100472
92811
121577
488730
56334
191675
123366
107804
34900
18831
140039
194427
37687
46484
42093
609540
64994
146554
62249
138507
87155
319561
280900
253041
117088
37945
146766
352486
98926
125405
78907
192414
47218
78343
266273
87050
71536
198701
36318
243819
342237
81189
52749
39932
334143
261119
145653
64242
51823
148277
191525
38135
266044
429501
115322
154934
166638
165049
102015
264507
73890
122540
128822
144896
41459
157486
103132
88506
38623
93605
160349
94571
120989
274037
140191
102417
27159
67204
41033
383389
253522
286558
116945
90980
38999
217195
473615
79321
116460
54650
148704
48792
30278
90361
156196
347557
178130
95696
125989
50414
103930
61871
75172
262717
102169
38184
28423
100746
234190
45780
382122
345931
52684
134522
179965
174586
94204
37371
154511
45971
64606
337772
45520
145427
31355
140982
38955
43474
168138
228729
38102
136082
42690
101201
33345
152451
208933
46456
80651
72450
270880
129188
59103
65784
162301
107296
104267
159193
277293
117085
99840
31964
119407
197551
141431
38340
57753
73351
122448
306430
23297
97481
25178
66526
152421
55230
464953
35408
165522
35510
79569
99373
29962
32202
86393
287543
66254
106298
78562
343511
54711
590248
283034
297660
105892
160148
58612
130535
262690
124838
144141
210175
438708
247582
205028
593577
303700
32928
43683
200820
86750
211770
221268
182104
397083
105382
160613
73819
199254
56709
154997
38988
35541
109460
883801
100645
105760
93662
32487
88276
96631
72995
45192
76253
85606
229657
457098
34871
530499
472516
226711
318461
177755
81121
33836
243556
133655
233874
82742
165347
86324
194252
76346
97909
135535
39782
48349
54504
97148
42673
100024
40319
177139
160999
88206
77014
428731
377867
85109
77257
333054
60142
572374
83626
122821
168137
59873
105543
206047
86257
178423
76878
430812
176277
43430
146926
29816
172932
29568
139707
153017
210431
84381
188232
169836
159110
70688
169844
69984
417976
246460
202820
435489
172323
180894
186703
76449
70766
179902
378759
151940
36977
946918
285003
212961
32588
197200
231019
132070
201262
109810
54686
134256
401206
281179
117146
153498
311423
210621
40964
525586
126173
330309
40650
112936
228382
49879
258262
252489
120731
241937
108288
38094
54408
204224
277313
112258
138882
180594
50050
35738
198214
304166
126247
57244
35993
118136
129233
27305
145358
113134
139607
217919
73654
27813
50048
89189
55548
184707
35806
84894
193675
67912
122015
69909
156289
51344
86258
100096
114863
27561
95169
140906
168922
174739
426235
80845
167202
158308
444719
36955
87279
39353
147286
28007
34481
176872
132782
324279
174272
148012
30469
61302
299307
159866
152164
55883
91437
136380
297287
50694
144989
129116
170552
166521
73428
787386
96386
38554
33759
113347
41617
277128
31022
63487
449927
35538
649082
226562
135626
391602
28439
123519
245562
345795
38655
190403
40468
343283
164466
67646
90290
92116
101410
75683
109747
44960
40428
161174
86926
157472
101596
80685
412748
308096
184682
92429
35546
198329
114026
409876
36769
311565
74847
366646
65144
198754
337811
48557
187864
455675
52417
100871
464203
97295
180118
145501
40059
71815
47545
430181
187778
31840
84156
164755
85498
329136
300930
44601
40311
186086
58938
100125
73171
67239
52764
30477
185160
105002
124737
161713
79327
30424
388558
69555
63147
59710
125302
199486
303548
123529
36183
154585
55125
333802
410153
124252
579585
235585
64810
58025
36499
58885
621122
68692
189345
104942
90134
37539
34224
238874
36452
47346
174660
64878
289054
239726
406324
61807
239225
45481
154997
165761
188145
43005
404488
181130
157868
256365
109885
41317
54715
101163
71158
223727
33195
123828
59677
209707
114209
56671
504446
48374
234937
553090
132205
314989
72805
79469
69870
33783
439059
244842
112215
64211
766293
182377
84223
293764
136080
640360
614430
67851
199589
73585
181317
152159
43322
263169
43887
55745
176439
67597
43220
39210
50242
102132
122925
550229
281240
225099
35814
291983
129294
41020
124573
117646
43373
32229
28367
412080
39511
31560
72044
225210
564214
118779
345763
96763
370290
474813
204255
43748
33435
434638
51606
59954
26079
36903
41576
159488
247453
37966
51558
438518
31185
45125
40030
66510
203946
189022
39072
40597
314737
257394
154239
231542
69568
145203
64161
68909
311843
408670
42380
53523
718528
103766
37184
83887
185050
102487
93652
55864
222914
425362
709069
89060
112300
91216
181452
177925
104454
40898
264913
216584
439722
167523
145315
172959
305184
445030
362876
139828
41448
57730
50906
58528
81915
310462
418422
224044
108725
101505
144861
108450
446809
127796
117330
374362
79922
44249
131994
77948
126248
71068
112290
192312
46929
57432
219851
54507
23703
21198
35926
53899
161037
33381
61554
603277
68398
209999
45609
53842
371537
39567
343060
160823
115362
34515
27805
492850
172850
371440
91750
201630
284279
216864
114270
369058
179838
361248
97845
225586
135219
186132
48118
155006
161268
283251
193055
151316
130343
28353
41150
189475
91252
605924
117116
98653
106821
142679
374167
101948
51171
233585
228512
484115
104866
180849
140722
34641
127118
39340
50690
263724
74835
44763
33689
124178
98761
449187
375402
86920
186826
115197
32212
258947
623034
54235
86838
102861
164267
61101
355094
252589
218090
159570
146653
178456
119973
244231
57616
165835
72222
49516
69577
184172
259147
137797
24804
66640
273009
179906
167045
185978
147774
266882
50961
507369
315170
167513
106118
187381
86472
141517
39913
380208
99448
74449
44243
81538
60375
43959
86195
113600
139954
151858
96348
81667
180757
51850
42457
131545
255380
154419
100211
103798
188656
172594
129640
110493
458699
21002
189093
159612
45905
274814
33876
60301
40010
54930
49419
159700
509403
33284
49017
76388
160322
137881
122498
118179
98798
118783
198237
174294
51458
197247
240280
99738
82185
52172
131381
36789
79732
102481
299367
555681
212850
30818
207015
46368
180732
40703
707989
95525
65273
45906
442592
73154
58758
171852
40181
183936
93675
212807
39370
286685
165877
69932
226448
64982
303931
328278
37885
302462
30961
401034
53326
110362
86591
39716
87818
227600
90290
148761
51069
97983
311876
53287
87574
193645
89478
282911
264034
136442
46219
224602
719422
47127
75618
46352
150155
169358
90371
274673
133637
78502
97243
122622
173911
387195
97888
63249
124193
130356
68321
122182
110505
60357
84098
72804
36560
172872
280395
160249
35699
52726
229267
89174
223370
111976
134323
33469
65075
471632
117037
103613
97946
39778
49527
177296
141344
248381
196571
393633
112311
160750
338271
683401
353412
42493
117399
132530
145267
131521
88382
85205
585750
356118
349869
243996
358359
129638
425010
44829
131102
73801
187797
355266
115637
48948
154002
189397
168566
118200
88540
39886
127478
212131
67787
393108
188311
91437
319608
29445
304888
57472
103832
265864
149318
44470
88978
59408
51655
299676
344707
258584
273215
227308
129555
36473
115627
331869
182963
179487
221590
156333
58204
39009
670103
185338
235872
200872
279660
159186
33248
115349
26184
218784
165733
49132
49594
52464
114963
127403
57639
388046
386580
74225
66167
93842
227227
36494
35791
44051
207722
268549
144205
99653
405370
57594
147699
58030
205221
204187
558628
284503
46964
156559
306950
40682
107915
97489
258276
107980
105763
281257
308413
366282
147440
63569
254272
244668
235144
236828
65497
49225
47483
71027
74548
51551
51755
44505
200245
103929
42570
36017
215090
40245
77848
233929
144678
90621
60827
95138
251554
123655
153627
105192
159531
100019
194742
151002
37274
158039
40341
145183
102756
97361
51478
139161
66166
349271
202998
103537
135486
110085
94897
56546
31830
145244
263359
46829
112197
156773
171093
41416
55872
54199
42487
32270
21699
208327
24066
426409
281577
91273
65156
60762
229355
63127
32709
315924
44983
225005
64238
583735
323492
59115
181417
197008
82964
61851
207131
292863
157430
56087
178303
308845
221561
35504
35981
63515
78668
280033
328604
55073
123936
24960
111268
27329
73123
48510
26452
142113
100212
111986
360124
219240
259961
21471
108954
114068
68586
240331
30224
60600
157847
40016
203562
273141
38680
162378
49301
193259
42137
140481
215191
423012
149767
206247
211071
27145
44679
110099
256189
390363
35426
70688
67709
139037
84301
95959
125871
60556
280290
35052
44092
68442
49349
45836
48006
50919
62247
41716
163057
336600
281203
200086
319441
736879
37970
53129
235153
417120
44476
59038
145771
81049
168037
35396
201264
56232
42022
82495
60988
40005
36436
204300
39614
126504
90177
202152
311894
97304
172973
55864
284137
232492
161567
166517
211466
32589
123479
286016
121473
34407
99068
63883
190559
151483
118777
185522
61627
73310
40361
141070
176526
25052
82928
28559
475253
157929
90659
40207
98050
38945
43848
348641
36692
109078
121523
200041
88636
74703
66168
167399
34204
271988
199236
152295
87429
160173
62982
35792
224962
165256
113208
139246
34121
200572
80289
218606
41671
119297
39441
27948
263581
72678
87743
386870
133721
32983
91921
267183
131311
233144
88266
318311
436912
89288
138293
24487
35390
29545
350682
38943
171619
113394
36804
28891
109935
125540
413821
63612
61350
91566
111444
127412
32399
281820
165730
211394
107718
384746
86567
397643
173366
44489
45900
355683
37915
70404
21985
67685
38914
545583
67318
37265
155587
224986
249625
172419
136451
115462
43304
40654
78981
64086
892663
94348
127763
146752
202818
165660
85529
197864
315902
187532
352344
256810
211879
135264
207800
113425
418661
100997
81182
31823
380160
40702
130412
220796
37880
90388
35740
117832
47269
56371
109416
127277
91556
29243
269229
184694
96358
79043
139024
45136
68914
44394
77052
41778
115473
124232
37118
382727
124323
194335
41392
56160
257536
42121
119767
494151
127030
369408
377407
151874
201853
67831
108136
111648
153644
169979
452628
38579
88403
165161
306286
92525
130762
328464
136803
99649
391738
118910
680860
505221
289486
164681
34676
139611
66657
225062
52741
175540
70884
23474
44422
66000
37704
46638
404777
194206
255812
172166
154010
109356
234409
177687
115618
95936
170740
278984
62987
131623
285721
31410
117506
32424
80846
101806
306650
50406
123974
135472
35244
157940
136187
67637
36825
65351
103082
100804
46446
211504
79281
221087
58884
29602
40504
69823
340653
187513
124238
96662
114512
30652
133459
556973
32545
51224
39959
38431
335764
307002
521732
81185
107625
144841
156206
197404
48712
44324
124816
190698
88353
133532
186841
169053
41706
282480
197748
102944
144609
150321
56636
116772
124913
18957
512728
140066
95376
214439
68448
150400
59104
448627
41136
483866
55049
39626
298447
41423
212485
133018
241995
72195
77600
190857
50233
93942
113808
39531
116607
294537
173630
110606
28811
188108
108579
125852
395477
108336
55796
301774
422686
105473
464288
72010
245484
172287
285856
41910
126788
265227
32620
33952
42687
29494
69786
54333
95336
36186
198794
196235
158353
204545
91893
468005
33686
46860
77767
213166
219918
70505
316527
160095
31737
34254
81695
394955
36654
114281
276404
42398
51216
58416
56403
38596
46932
144410
139016
111858
109315
254404
99781
271777
545948
34015
128978
62134
60273
87806
240612
78189
111774
104734
111746
55145
71700
131267
555558
121072
30440
224863
58070
153696
83022
145303
121039
107098
54099
287837
37474
49048
213860
47671
143360
50950
89094
75632
202908
181428
85217
322991
55142
46651
59420
193804
319814
468298
28334
151476
81840
81503
155884
127946
59446
131261
189269
295929
60619
32875
292308
123503
123685
37519
35776
50403
110019
88511
104357
68639
194531
130248
290421
39146
197282
303749
303056
102296
171875
151542
325414
61879
549918
31776
413174
71336
116646
39882
262935
64811
613983
177427
83157
38549
354751
81445
73444
56520
402970
98857
264548
121096
367386
45773
278668
35730
279443
36821
262372
236052
85241
67609
139559
109263
79766
66080
161655
149406
116596
38547
175678
277101
251544
254438
86070
81183
46016
147976
104868
336832
91656
58868
258564
207571
119308
115914
333039
81784
87719
130639
73739
102047
37495
401150
230811
54074
203053
170162
40330
204121
284333
384150
247059
73182
278438
245530
48989
53627
44471
73118
116274
149364
38979
61839
57053
72867
51228
187243
63550
448216
230003
184727
37812
285992
41953
248855
154991
34736
53731
36108
38885
186481
105487
267881
232684
184552
44513
65759
28797
138769
116547
64948
365898
101592
32977
83478
51388
95808
29095
566141
266311
18719
34512
220229
532661
178345
31196
78077
141608
300923
45210
411681
34115
337372
155193
117981
120442
457623
26752
55364
666652
83975
332312
166803
161226
183248
98160
104316
70151
74136
193574
47835
52754
47059
56037
117360
47605
100736
71630
44545
175713
27607
646397
452198
205621
279387
46144
119466
41068
51166
61071
102991
166073
232199
56066
168474
300814
79281
103477
364034
73210
64299
127925
245742
155401
81070
85777
30855
81933
131562
211850
54557
160673
83514
91841
193074
265863
300190
38943
184693
477601
70308
124261
186520
94903
165710
36658
138091
297415
25390
192547
287025
36049
212379
87777
66292
55582
73847
194864
47360
421411
222938
225809
30249
257833
77570
106045
171479
57124
57235
518994
438491
99094
76081
292981
39635
112898
97138
136417
84519
104518
451838
113827
231569
238862
637120
80744
164111
295015
323070
182190
89140
289740
111298
75358
46620
33692
67088
189729
389733
225063
421438
191329
95349
90751
78007
42562
95831
363417
113442
342925
136834
46954
213559
508411
34399
36034
60495
71365
134705
148541
140849
31495
101885
103499
48589
112897
52432
482825
398597
161682
36440
200040
36732
180166
91382
177486
48376
57831
104681
56779
87291
553922
26639
277758
117042
243723
111622
143975
182319
36829
181691
98483
97952
118322
284074
107136
207186
150749
151202
197786
277053
78071
103895
72002
38374
50297
238460
508427
50671
296367
37474
91392
220556
82499
282536
69420
140748
52863
98401
122383
157038
224618
353477
53111
98192
566269
69081
156137
314797
46160
72452
62486
124582
33799
371527
238223
156672
114860
355359
55853
147308
273598
100286
402454
41408
436210
66998
51071
59260
192179
23396
402381
184457
160671
298895
183604
45482
45863
174392
44147
60596
303012
487402
85244
76545
131862
61598
51973
102998
438968
172501
43040
299595
65905
264126
110096
171076
471372
186551
112452
165571
40829
47714
66775
75880
455031
358787
132554
162412
38280
220164
109520
190153
145240
63200
176646
38339
295019
48457
39756
124407
192479
422698
72460
42831
255617
277425
46930
103992
362120
146073
45022
82267
88773
305790
45163
369252
83202
144962
62133
44625
180597
253138
29460
198093
142982
43219
87290
46428
61585
126692
140919
118564
395387
494509
68465
138480
127841
55198
178989
449006
44972
54852
59456
54538
205186
272577
267472
39926
88225
193556
234422
49581
195382
124339
137048
25468
310194
324231
329149
127611
75786
115632
64371
80781
29589
169340
147944
66068
43101
162851
440899
144074
54105
302509
148644
44622
54963
51477
591321
126526
111131
45898
39780
86235
37450
195100
49768
74868
113645
113877
81217
119133
80867
118791
216798
177887
292570
116778
337513
122035
39608
177518
42994
111135
33118
130544
162095
579837
81617
37462
61320
35740
161759
194686
235024
113814
23596
141346
51417
37545
264828
209298
301724
143424
90524
53666
722511
82127
189062
100449
111501
117144
101603
192862
317935
183120
36925
187657
131087
319608
112297
197783
83260
81758
432627
300833
208424
52601
114482
40562
221032
15959
32937
25195
141877
106925
288109
42367
73019
63842
64987
96223
67050
84976
80784
40527
60438
105054
84908
129784
132354
163979
72850
137444
159218
139923
217647
37238
361071
41058
38051
33158
123079
82545
69026
38013
75785
28328
218914
136751
41194
61869
38602
94481
45857
62142
395269
361461
33586
151308
84058
42233
97120
203392
189853
204797
321248
58768
108592
116036
247883
54816
96995
82849
376490
126312
147451
134686
166446
364510
809088
173202
91593
87844
228975
72104
65330
159475
419281
85731
190867
120561
76954
490813
225261
52297
59330
113407
209417
137697
112064
125976
296452
131790
74096
58135
117209
43983
267027
39073
681093
46645
373161
337345
46005
161009
165573
367324
208609
70136
144937
134936
40823
46562
200315
36117
509150
88368
433650
44389
130503
68468
99865
29998
98872
34825
173319
52131
200295
505391
189096
132264
384810
81834
268891
233189
110960
41310
289361
80293
156471
252605
236812
170821
39394
179320
208703
19569
47220
28016
214060
91433
49758
365022
158724
75842
80930
249147
458346
31849
84983
86107
39492
41572
18392
40055
354134
372517
27115
160587
202487
301855
81690
190493
475362
93155
47919
409488
42575
251633
41879
38900
38759
33189
33614
227908
56264
375047
151156
136194
124525
140173
186778
71712
149350
467363
122374
105365
345390
392486
111377
61133
106386
453874
127261
50936
67275
168679
75189
217800
86053
215090
156385
112849
50349
422155
165208
142724
249183
460386
140144
80313
284861
289383
134042
67202
41061
130280
178432
152244
41778
127399
119641
39295
124489
376908
70294
472580
44833
84311
44547
60925
56114
416516
113171
116739
43992
121665
479575
183434
239482
63088
40341
259035
142814
47954
140097
181436
69144
49516
44694
197767
178110
95628
157991
70737
99506
119714
29862
57660
143780
167958
833119
99346
296765
113061
54026
134434
168700
66978
475820
100714
90881
40721
53586
288005
52311
38716
48861
49102
53945
208297
590336
37570
79447
96824
146537
375831
127832
93177
115861
409464
62868
74225
241407
66111
124308
42317
46916
68054
77180
39137
129739
636454
93561
60767
186607
127609
215763
248651
147775
98729
111502
174508
65826
72991
177378
34693
499743
55033
99947
339473
93373
45838
595260
46970
49393
197533
257117
210727
319779
152764
67303
39167
47561
71635
371358
49365
216068
220382
78324
303951
306888
192075
225910
305636
39484
25140
64832
176022
52421
66215
29631
37989
58746
171265
347495
130523
388998
93754
668485
42812
133288
44961
410922
103101
59396
297220
123021
145133
468575
18148
78337
244310
57027
40989
54574
71426
152898
112877
47581
454303
267810
55127
55603
60338
62815
39011
139699
367348
88464
383814
177409
204189
65214
54470
53095
56765
59220
237234
373860
40685
31981
161459
54470
317222
49865
122595
239198
93679
39064
54946
330443
282139
249211
71209
348404
78081
72225
77224
45863
99860
47700
48423
65260
89368
174884
75775
54258
43214
327424
287167
38699
140852
570455
371078
252681
79754
26284
135080
39794
129891
713068
54623
94900
165796
249619
35976
127954
161223
153546
162283
44397
276308
286966
49681
108370
89942
53491
75257
38174
46417
59934
47339
50119
366538
99097
36131
73090
211188
62369
197220
75594
56347
55060
179114
44700
221966
129224
30285
45210
375354
251162
100988
32157
69315
160907
32430
215443
95557
61356
291688
49428
125695
79449
52115
338630
462826
171850
103085
388097
147700
52921
37544
169455
82461
177465
55076
395957
95135
157265
164672
51916
381592
299883
49280
101567
92134
39195
159333
234948
191615
259694
41614
39992
51550
308118
377922
37017
140723
61124
271808
161388
343111
45246
117985
66968
44496
224831
135179
133623
128770
408987
438979
41819
301201
180522
75321
525380
72461
171105
190182
175784
792967
31631
52667
92075
41980
62335
112599
81457
32721
26367
86671
51539
297791
139559
56859
64384
168445
45030
48336
212464
36289
176090
87744
79211
203817
154564
97883
65110
125931
132931
137129
132977
82424
186053
132087
38547
154249
71817
56375
125455
191867
237369
156960
40242
61605
56639
127645
41971
255176
376928
34665
386831
66061
268989
173157
110157
89795
116184
145694
51381
51683
273978
190601
153728
208693
114359
270500
44204
47117
86277
67690
229596
36879
37593
205103
82137
200318
54746
207365
69704
61590
69548
64069
177096
201301
397800
653256
100804
362839
40876
32040
174653
39282
93577
123882
53227
70410
909046
108189
128712
237291
68263
203068
39628
36751
164930
204358
196319
93903
48900
50983
114835
170433
421322
232608
596022
491315
44789
278770
595810
121682
106125
185958
72874
96782
59769
66041
40547
205006
59761
150899
42847
31252
67871
50417
494683
323960
100732
96719
250501
352759
159623
42688
256472
371063
81643
235890
47333
40273
329709
774677
233192
39388
374429
33751
173325
549560
92335
126199
103160
108323
37514
247068
81712
36016
81414
755509
31416
96236
174088
71968
264348
414829
51026
50037
88542
66176
34821
54404
31865
43852
93909
232191
42780
247090
320717
55848
55629
276297
127722
197119
351905
162206
28983
96352
38744
186377
154960
286721
120571
95801
43354
51068
49057
33255
728314
320323
175791
47903
64599
127139
117747
44748
167069
204876
175290
250639
289341
676978
99914
43802
81434
56510
45679
70373
108408
345413
51307
398408
188446
218979
26532
82154
175730
36914
122825
315480
57577
39763
34383
47727
65112
49606
143038
65414
120510
48247
188128
153893
88806
92656
205271
289726
200529
91657
44398
112479
109496
38741
200125
108756
104548
313140
93441
36433
47595
113573
119946
119362
69792
121267
291757
232052
207717
209507
148667
37879
483518
97529
119362
30943
42437
131179
42112
122853
351337
274431
182510
52904
54817
138822
25991
84674
302515
74631
339325
80121
85891
50415
432579
313353
44901
33960
122870
31236
40536
57246
230428
284402
424195
226646
339791
23897
22760
272648
32359
51695
99021
43174
142505
99148
64420
102523
107359
91509
106804
196974
398633
206426
344949
35648
36927
336114
312202
88030
38412
343456
37683
42396
61369
278606
324660
250544
66377
112662
145882
101540
47307
51543
51295
331103
71018
130536
140873
38757
215249
55647
224816
103638
337218
80175
154332
99887
92674
91072
143608
69986
57650
202904
32953
43030
98287
116821
93685
118761
428428
143381
41200
129933
410349
84859
17492
122789
74460
300419
172241
69464
92772
174948
99683
490125
71066
49832
73951
126786
124719
218958
161655
341942
313567
115349
64547
42358
52901
154846
122183
79077
28372
31864
164217
138697
33715
33835
145935
71349
65962
38207
572415
40107
97175
362729
76287
186101
280081
115806
191996
421317
52205
175022
580066
83256
45487
68090
58781
41490
85382
86889
33535
110842
141544
89625
106464
80530
110192
98694
101735
99435
176214
44753
31753
27001
123689
97149
98393
101374
51144
59573
47390
69387
129017
111205
37382
166217
84755
324126
459752
353067
269723
319781
217010
58002
186784
42432
36327
43922
50734
288158
101333
71868
97168
109311
513388
224002
64289
149706
39237
178421
347689
128375
117871
127168
120673
21905
114798
103150
103109
77698
28605
99094
249267
185574
42168
92946
59758
324486
100743
73527
168492
75037
71256
86457
369550
307374
55118
391869
217094
133916
112924
143647
85921
59513
138192
150460
34808
85102
32890
234686
49196
97796
172504
377236
129036
28947
144029
40382
190589
213574
170514
50379
31820
71549
34720
489557
129729
143616
289923
38414
62927
126108
31954
291092
114759
153206
157314
219544
39199
101837
139797
152611
201282
191052
180088
108498
262365
38161
212009
247919
54151
149136
329363
47458
83973
181569
131289
48566
73148
79769
103444
860857
67273
61444
40015
386453
89161
277857
177276
114759
121441
199059
145961
97315
41472
234710
125404
173131
130873
167109
222303
74484
228594
657272
44100
118318
164885
198984
110703
229031
30379
43859
69772
62147
47715
197388
57713
341846
74705
83673
191489
57149
70952
40648
415234
264292
253077
199663
126123
36821
43007
415803
126438
251985
111039
142293
319577
330954
178180
35642
115753
579616
200746
138989
608148
135101
74225
52477
105433
46008
40833
172362
73763
135134
67888
218116
50808
357815
313344
53230
75156
72537
171683
605337
38729
276384
129147
114578
314380
164746
34137
237458
47573
308622
84988
44173
56180
107312
239202
329119
320383
85297
250333
51012
254490
121448
40871
111819
112703
224531
128812
32041
172901
186082
800011
140873
45557
136455
771872
35144
96544
196614
52014
407930
156142
206557
66560
224085
121991
186386
46416
29726
73737
517157
43169
112079
287089
101165
46182
187250
37726
99079
137182
177338
102006
42902
56000
120323
230377
339877
864898
47639
123996
305453
48999
180643
177582
85134
140444
849202
422795
298497
127612
101844
36531
182844
160679
115954
368181
95098
46473
490463
64283
142199
280111
90870
79801
108904
39605
181012
108985
202268
288970
104623
79557
34790
347183
85525
179830
310926
319607
355548
169530
45056
264856
69661
475627
85863
63540
299025
79996
216398
65207
33295
176224
48144
132928
404081
46811
39811
365753
150963
42552
43326
65093
159692
164569
114528
75904
168262
206885
167273
69806
204382
84598
66550
115292
37657
84954
39214
124098
617720
138639
88093
181794
37678
291200
48004
293534
114587
61884
126719
100349
116351
215358
53332
312468
85001
61755
379116
202939
161781
130852
166620
57960
172743
97095
57302
102661
54466
86292
27964
70728
202723
264516
497691
132547
128613
80628
183333
134809
213074
44750
92707
33365
286882
31671
155486
27608
84550
186723
84750
114942
523605
237223
230297
91477
84087
60597
136223
111153
71273
88872
85598
267280
313903
37271
40976
328177
370797
41743
62055
45499
101027
249500
124760
31338
53942
93502
74511
539393
99360
73501
237342
102975
33179
132078
42989
270179
141027
229651
127338
132233
83265
69609
147527
334995
76996
258371
331889
409354
114737
91213
66785
190270
307315
65255
46016
56312
55574
291966
56847
310718
149980
125517
191754
106845
36625
63287
41148
392724
112265
157912
443092
35405
51782
44563
49036
37188
58239
354295
207834
40533
299207
31783
34031
142401
169587
254739
148291
121393
237277
208953
44948
385960
100203
425721
34139
264259
204684
308756
63185
158882
163279
97030
146841
36107
251464
290305
34561
157955
82532
95996
296967
119212
60742
144136
322968
107437
48702
94091
388702
395426
322666
109185
232718
80955
61010
75062
272607
170241
89839
65084
189274
98468
53137
279885
68615
313747
185597
322972
316399
116286
254337
44072
220571
537951
40828
455910
81551
1127670
1054704
872586
515695
497060
185613
456297
159750
301879
113225
40234
135841
37349
284099
74676
448050
158189
221884
59911
70145
315323
67960
41505
96735
301738
211418
45542
147792
116199
182018
264375
31718
136214
434101
78919
246977
94836
62469
90747
87234
184311
32952
61208
114357
277730
230710
77632
191961
59052
47938
196612
128829
332876
37075
71435
124414
60742
179718
107225
212969
115295
44829
137418
59996
61862
289566
416929
98912
73598
166372
262552
44863
707064
246645
38940
87912
222919
202512
388262
144406
109177
141838
69524
93951
67052
277132
399328
43991
58355
95146
44354
281813
85397
111735
167839
33221
389362
39602
185683
435712
143038
99178
139760
105606
62450
523599
340738
114919
28057
152894
59876
81882
95218
122182
291327
49272
92302
33263
237797
69187
121641
250760
76951
77713
126503
80685
154402
47364
310267
251971
82903
150276
120483
145317
161326
114476
110356
330073
455809
155382
183723
110746
254049
173816
177278
254806
37546
438896
127645
114430
285413
95942
142035
30982
205872
114779
83157
103075
26913
46032
267661
38204
253795
53143
183257
274728
386733
71654
74861
58111
188261
241532
70244
244526
111257
164481
99557
469104
57746
92226
142225
55127
248320
192137
35211
153749
74143
143805
29346
42152
313753
255573
120734
149341
546184
111493
103016
176548
199744
167389
54740
36368
126249
35686
128835
277591
143607
137929
122275
35473
125122
111879
220180
60858
489620
163514
236060
88059
475727
208957
161296
16293
441437
43676
60199
50521
49320
116798
220521
264743
139506
95385
47895
169410
75429
197079
108497
90349
254707
41466
42569
51210
62802
60999
157924
73647
167855
70157
161258
81370
39022
41395
36541
246698
73861
195763
95372
158916
343053
163868
30651
37121
109015
231805
305432
47461
273814
28779
126968
323958
242158
199862
80762
139702
160727
42723
101180
369105
237596
61393
244066
253228
263081
157114
109211
204911
37343
92907
127721
154772
159310
39675
215288
96585
60357
32639
55466
152558
89939
43903
51895
56415
467306
115007
143734
137683
132004
56764
274442
156275
48833
115320
156487
183158
130968
182550
69142
42126
321718
63732
83939
98606
43266
84416
31901
297738
182784
529266
554753
171341
65767
102389
251240
334287
101304
26096
291275
176672
61610
195444
193057
146008
105118
40474
45721
385842
37895
64268
193132
229855
523117
232741
280097
109650
306049
44970
90699
26392
67883
102809
65168
97603
154035
86386
36245
71077
206877
452305
39100
240439
163962
178911
71273
46570
228929
93165
184293
41653
49084
149543
182997
95357
117664
55344
273708
513679
174284
332244
336345
200311
384258
104248
36983
373776
263333
125810
115245
30926
218450
128090
34477
151281
55024
1155841
236365
128506
150759
79498
44901
73741
53147
244145
70398
436043
62470
47314
141651
319238
88146
229712
101321
146762
106204
34924
42779
55556
103735
51057
51785
25922
250651
621408
197627
129432
128547
39624
50369
42870
180402
139303
52522
143033
146621
296076
423489
58547
247882
212693
124872
141963
298835
181908
75073
362596
83754
133921
334755
332782
80569
127458
125988
304512
109211
67887
371282
27373
85180
68804
42014
203690
31351
249415
139163
68023
220994
384643
167765
176536
124713
93558
154869
44895
242319
222356
61831
50637
38457
406204
219156
133497
56206
34859
46546
438929
306396
55865
73961
51934
182198
47181
32666
227450
467377
118699
27826
166912
758207
44636
67115
125276
399946
58574
156538
217847
79425
345478
83918
139276
122734
50370
57144
333490
259431
385259
97520
717947
53432
39079
270376
154846
173903
33534
344726
264000
87743
152305
105582
268682
123559
213871
192965
55690
343073
115118
196160
59030
99774
133841
49252
29710
60007
273065
54723
151003
25991
65547
210455
151336
41361
49577
139318
31952
53895
285480
170074
39909
270753
284501
37345
257139
44465
211480
28128
29918
418248
331278
442297
116903
86798
42490
71539
44337
115059
71460
194833
104196
184378
127094
141327
143989
45246
151825
283945
296334
26035
266303
194335
90803
150675
75770
83612
81687
117170
150109
37184
165874
315744
47158
103030
118525
186855
87287
49024
316706
47203
85524
46991
101931
147961
51716
291553
339701
271121
152913
286972
486027
266820
101152
37608
48106
25872
133568
134162
41840
162571
61565
81203
80073
31520
369036
31019
35212
66575
59957
174746
26605
128432
191607
53722
66734
165498
168622
146409
64168
32251
114347
29519
171014
54384
193731
493929
84541
33735
75327
44900
48642
482664
37204
62355
119738
209671
133094
122270
43994
363737
81466
75828
329280
429656
23635
59476
312481
37712
256318
156247
336219
93409
85804
152566
194595
168508
411507
105620
599054
30859
45057
74434
148973
122385
39501
358660
185898
505213
132987
58340
105508
332613
39358
162141
224665
49932
194603
106968
29833
39926
415780
145494
142313
258606
63510
317916
161042
43141
62054
461181
46224
51303
45378
51667
36610
98760
35615
58726
142940
290863
149804
40469
61457
48420
156215
74537
122815
114894
463242
203138
163346
309101
62344
105820
137715
244938
87286
35668
221034
71030
51164
353806
107265
42960
415396
69343
122029
32172
108592
106220
326440
145485
140689
480948
165377
125019
39846
247764
228828
205818
157284
343277
44022
351042
178143
152090
526722
83393
52742
38431
374900
69441
83284
51354
71073
182976
134003
110489
143776
134804
108886
223290
90816
65399
99787
372720
70998
62784
125375
114001
41533
86510
124448
81979
327713
74409
81498
27691
83884
361739
373543
50469
55064
55420
267213
64569
63184
47415
154570
162154
299646
240309
123890
165087
83046
44939
59336
68977
173891
74689
27444
210606
361915
128202
42616
140090
42423
173743
206797
163332
442826
79586
30442
130231
35467
346310
164283
468537
50911
51661
36546
137880
292283
355023
205470
149121
408922
37145
131888
340323
260368
85331
80665
110343
200803
190644
56068
34145
99378
366642
69806
197865
95165
204648
152947
102160
134696
39018
69794
228757
89228
110143
42293
253336
187326
28234
35994
61919
167979
43315
229489
61975
47856
60027
221938
310956
28342
45009
87214
58569
63696
35153
338794
127398
247219
134723
236076
80113
108766
141748
154821
126907
135442
49206
123911
155658
302616
70591
314604
201895
251830
282507
211849
31065
45540
53401
129051
338583
497186
204075
41262
139540
455114
251060
232378
96751
27821
125144
183651
438737
39545
124806
63432
146902
33207
43221
58693
146490
26713
36352
195485
348126
142748
131166
58471
39740
174068
236052
174429
33044
126975
55727
51261
316508
194496
167901
121436
174063
83531
53994
237141
154130
336638
435247
56313
40331
81803
111634
109563
43481
68260
100001
256781
165954
139728
252176
76104
82249
231184
62186
43397
106699
60033
265277
132806
278230
295987
321646
126217
40957
269010
212080
41470
102838
428160
71911
132649
92106
430817
199874
219206
182951
67662
124757
263368
518857
44069
276918
58985
193146
33437
314908
37622
98629
39461
491475
288351
158616
204149
181822
39095
49258
145944
312383
35799
217021
93519
130550
125687
81789
28193
59931
239233
155490
72041
159215
116225
388866
38416
54369
190893
203404
164945
226437
884652
63563
64337
164489
60518
260092
154295
122358
37912
346727
61425
101204
36434
120681
35898
342536
202163
283713
63372
315527
46788
291291
46620
215885
48161
63419
74792
382189
39281
218714
44093
35250
108604
34998
37351
27423
86508
172976
35240
421284
334337
32534
69089
409493
155016
54061
440928
276713
165407
71781
308755
158944
59458
189567
126211
312165
152425
234503
37373
119551
60331
335064
78893
26944
34680
34479
197536
114129
105035
179045
502307
310875
93563
746681
323218
71933
358120
183036
224876
35578
180831
79386
34005
153456
247169
98599
584670
389315
81989
375411
146125
33232
142141
100440
267987
216703
50606
68399
82748
79337
43145
59161
98519
194376
363116
89043
67952
106280
173972
698347
30926
54388
183633
90251
41408
51395
32361
53206
422050
128757
179897
32454
107646
329980
219521
113402
62096
486745
39459
40953
64936
78991
126855
329242
37370
132079
131080
208670
326415
269889
45728
58705
100449
36437
38835
33052
247952
157170
262816
72967
63874
658966
136225
143385
50013
203136
46416
32944
94747
199398
416720
42289
39358
156580
90280
241479
35692
139928
116409
136145
192602
211759
85771
113369
199230
38503
43347
48042
72341
537729
33356
47249
182156
51868
181732
103246
177739
294754
194794
93308
38444
27246
572726
55579
204281
117262
397148
300386
277316
120447
389685
97399
643948
313699
169167
86160
101424
240583
49150
77680
91104
41592
83193
99773
284530
110367
169807
38941
42489
77536
62502
307992
44090
46020
29661
202450
40390
64027
74447
441778
103322
180411
128295
169485
155609
44424
361203
294467
56961
254985
253826
35355
29820
57165
39966
271839
95191
21556
37296
321549
79333
328123
239890
117356
236161
90249
107339
324633
108952
130688
95763
112136
61918
329036
294121
43859
138865
96749
245173
82848
406303
68755
75701
515059
158660
257926
121050
95128
152680
113130
72981
294851
128761
44013
89197
118309
479778
57236
261205
33547
97977
154458
275900
41797
33716
60998
42731
36815
50225
77011
95930
51701
35975
91141
191278
169554
106601
100402
55153
811232
60403
104783
80633
59483
43669
143754
50273
193234
460391
42287
43459
58309
37943
166475
159104
275995
171556
91043
335014
578512
331284
95272
194923
167926
51942
679922
144946
178800
68824
66853
223052
61789
215571
296143
89763
39027
35067
508703
113012
207939
376063
108101
124026
174425
193869
159119
810612
35700
204447
59808
79097
99984
154575
94198
144440
40567
44205
59610
233406
90918
81831
115591
84493
43934
67374
172781
76235
67173
102601
433089
116009
257768
201633
165679
169461
97049
235336
290201
34463
172821
92451
117557
279935
36316
394433
65210
133715
219492
326910
128827
169971
92195
66195
288130
92528
33077
177199
225388
106034
84008
39204
360911
94059
32464
75783
40572
98708
83820
97332
140606
39378
57146
262842
203493
401081
65227
229542
132071
717096
678204
76745
140103
355977
154657
134266
341247
134816
300996
184285
88403
99179
47830
241512
156338
34566
71786
190603
54042
249795
96248
153410
100084
438488
341961
72968
130837
61930
50762
92139
30054
48403
210349
238703
135670
410807
166236
50346
124884
35034
84725
47095
105396
32883
113647
55048
220182
61380
620424
38689
37994
31437
94254
50687
501949
104420
41427
70791
442650
147942
62268
51240
29687
45557
300110
64528
48537
93495
324275
250553
288228
31377
360571
439391
91135
174916
37759
678964
39469
56133
231852
71819
198465
392479
108806
48161
197819
437639
97101
136574
342377
260292
165499
500568
326417
109810
135506
380188
155169
69286
77959
106537
85647
522826
76589
202046
72473
68394
194477
176744
67254
609577
389216
381338
135299
277814
35660
46608
139577
601124
388412
147180
72051
67196
48890
272096
71254
98327
43251
136186
64735
38698
124345
179486
35583
337863
67750
50308
139992
74516
756831
259307
176273
45255
52252
42310
206151
179454
42254
155348
133514
53683
89357
101629
38165
32613
182447
110630
34721
421352
211512
253008
396461
101045
98452
29268
53215
567906
111582
48571
24811
50323
178271
36379
385830
297827
128538
80140
127179
126918
99167
69203
69854
72911
119321
103598
33096
371533
63986
58986
43559
189404
58429
66692
190317
76215
56413
401353
35220
180158
25755
30427
91645
161018
337028
41968
41464
31073
416458
77808
46904
158973
399382
153174
41922
726163
75590
36855
123991
92567
187578
189852
138831
200345
66873
26229
54580
280938
535531
98423
79100
42715
47992
135958
201621
102363
338133
210979
181329
255072
420096
60933
61528
333453
62779
62394
204677
46277
93459
162122
141696
124408
68622
35985
476846
31718
237587
511739
395130
424570
119202
749115
89550
57225
252848
58665
50285
381972
40760
152859
354619
358249
373636
113140
68072
75355
49907
308365
347126
33352
35012
339166
61961
156476
27338
468266
90851
111298
230212
208594
337684
236058
59302
59344
446981
72650
91871
75458
83588
86542
375667
101320
58513
327700
188656
150966
86928
118378
290474
323682
45365
154285
59351
135079
49586
186365
153239
184522
103092
564067
36407
31695
259891
79998
258910
38273
106867
69256
30572
235494
77135
166935
50400
436351
247093
277818
112060
117153
67633
64499
363255
75347
71434
396923
187425
118314
264435
117657
107418
89470
239888
387070
110318
49129
237676
330986
68498
163294
378468
191693
157639
170237
89215
629542
145373
223908
454280
73146
396036
38586
121491
29869
128259
47588
243978
95093
181119
246074
92440
127679
402913
186142
47336
329165
117857
71005
695697
33745
405684
92264
147353
38056
343989
351519
86118
32754
111884
269125
136966
282331
259025
252844
86854
92661
459021
337935
245691
252731
397346
181138
37088
94660
95387
248778
96422
104962
480421
52497
77136
127822
75758
38945
45697
155621
157101
222425
143253
157808
26408
47285
118550
119235
158178
42609
120442
224440
341342
251622
133868
363976
50792
40481
52821
77573
289315
278036
88235
20160
122711
228574
43510
554269
46231
509793
452485
89109
38805
191615
199222
349031
363981
66687
34066
153774
38625
1043893
31428
36447
186742
241411
184966
172231
133545
37179
32546
84280
234680
171436
89844
289591
130659
406420
67432
38089
210676
44597
119330
135442
79253
41346
141120
112145
51455
308144
46260
53545
364953
58083
83714
36224
304648
178629
134123
65489
159881
54430
213015
55202
278982
84815
58803
141373
381142
168505
306231
399516
27912
56081
209343
32693
75632
51125
68682
298408
308121
59282
35828
174083
48378
46915
62708
38779
85185
54480
34079
51422
76829
1367521
49122
141467
226595
79523
257839
54686
162081
45961
381858
300066
28521
41752
298588
98832
100398
49851
42024
90971
124946
49911
139886
91128
41063
50257
286903
236383
59304
228738
41124
71411
521948
37699
254390
260252
193620
232690
64884
39513
46778
669766
54417
101159
83862
428712
60004
113515
50829
32492
214503
324351
193384
60815
71592
218053
243701
201926
146441
43955
25935
49430
200903
168898
160406
186982
278189
168095
29695
405902
34677
78515
153227
180007
302987
33566
178171
51293
134143
114093
54761
152693
189102
77028
48887
42871
58523
62248
45343
303830
99767
373094
329746
143135
105832
88571
62402
227409
224419
28286
313834
57591
81226
226028
44834
59060
59939
146878
93969
161081
551762
44750
109937
101746
130980
32096
44422
228290
123148
186601
598286
56203
139941
241508
438257
38012
270711
380984
143773
35736
43037
122123
175887
455211
258894
192609
99475
30341
57168
98664
32659
40759
34745
233222
44042
140994
214190
158862
47130
204270
292882
30214
63697
24325
181130
107593
230820
47498
192572
52321
32278
123215
257740
87334
76943
217673
204096
220733
63518
157374
229721
32230
50704
59882
290024
107421
240730
246275
262809
143813
295616
20960
133036
177964
169661
110597
39064
75894
85137
48982
34999
34693
39239
260714
138825
656339
57079
36896
146708
53420
64535
59674
143168
56394
83459
87542
221787
281537
112198
124414
469216
539721
437883
76050
78606
163053
40119
165473
103680
169528
282786
50012
32643
106716
186302
163858
68671
143583
124670
154538
156741
54800
69180
361218
61416
87176
295828
51282
439134
92487
307257
275319
63041
174589
108721
356685
133608
126827
89920
120682
53765
183950
323275
205734
339001
236694
672627
228614
160912
108886
88970
186902
78381
53964
21027
46732
116918
177094
382467
129588
295375
34125
79250
297076
89042
38148
160865
161504
57673
34980
794717
83140
203339
303805
69647
121862
66819
40543
205281
84517
53073
299387
138132
78051
70633
48677
192002
48246
157556
26810
253429
330673
58413
164253
36281
258430
36483
35533
41705
185825
67236
246347
43871
184022
52789
62543
274699
129954
264997
67351
127693
27200
181928
85026
178310
229837
229624
205447
41737
133651
214871
40042
99110
217936
551114
33222
191509
344152
107603
77808
39848
89817
197347
147622
71068
146888
57487
36035
92988
157733
113426
45006
41976
226027
57716
137968
71943
558554
116783
159978
31156
86897
199027
84817
63190
304338
219997
39363
537087
227807
71826
158824
46454
84816
65485
113404
154323
111362
100930
374773
67942
144256
88249
40260
276846
70557
39658
53955
308942
107449
54228
157733
165723
476508
43375
56918
297149
77822
156226
39207
156204
215639
180957
64587
57057
43569
335579
467917
56933
122649
300821
44282
44235
69048
66031
358088
437369
163086
118739
165331
149742
160497
80050
129739
146235
268475
67514
185835
76553
332466
260767
40796
64151
160410
139382
56296
29543
108156
292323
220436
217675
36157
40891
96702
99517
70636
92477
55642
44975
184468
46903
94467
74839
63235
57723
105899
201556
227633
54933
35669
83781
35069
63453
368221
90313
59037
72705
185035
108839
172146
556957
167742
38954
319107
34619
42366
56896
102947
292930
58949
122290
133092
207884
84212
47576
308997
139774
120039
127246
496694
67344
38813
33538
91042
268951
304045
53280
192042
145421
196661
82225
65824
197661
70866
77536
259133
129724
86045
86554
20948
94467
107396
190347
81316
213540
99980
143552
41846
178169
40943
259928
115665
82898
67371
93988
39960
65271
40569
276333
141911
34938
201662
146570
253233
171046
193439
110539
131292
83918
220594
472870
127601
424111
311087
87355
50628
206161
164830
71648
78144
261535
83259
227939
49543
175433
103310
115331
168758
167076
286841
112611
46263
101099
123694
253814
72964
149451
62119
148445
47549
150188
110468
428750
32527
132927
393256
85515
160211
42177
95288
90221
167946
29014
250866
38519
237720
302985
57803
64435
92905
531174
106577
49863
84697
296070
146553
114274
81265
157098
272466
76305
376722
42283
202443
94536
112409
78725
186450
84766
74288
161604
535309
568345
222539
115490
30536
101263
67617
45773
119406
446595
109915
68420
287675
44375
62747
267328
41123
129691
218644
49478
79123
56822
244497
46644
399595
81573
77102
122102
89410
79582
35030
78044
149712
96046
39205
45757
479203
58066
125103
445909
310112
46176
233283
148644
539073
224449
62708
94587
30562
168165
1073732
55901
86510
255142
46688
157982
50352
28957
262406
310971
151072
85123
73112
339083
128488
54187
140596
213162
192026
248738
168483
183905
503749
216800
142385
225284
52738
164738
230879
513368
399228
40674
208015
351939
95416
69487
27040
162467
150695
615433
45959
88653
134754
145325
163934
40562
94512
69092
40253
51293
71051
236819
52028
27734
103891
44920
166686
97779
35077
41594
252997
295720
269633
54996
91146
89410
91815
798251
99850
711765
62557
336708
43320
218328
129381
201068
184141
182922
211344
58893
28602
442588
28685
38770
201752
51288
109681
94293
239105
73576
38657
57436
34632
454589
25984
258100
36888
141604
43830
137494
37492
235036
90831
28243
145446
58955
186206
423552
139297
36319
58077
124533
44043
164396
29272
33573
154531
36816
100075
57196
27674
163158
503519
94408
90255
42269
63301
355337
94486
54595
68843
91948
224783
143158
99858
464303
93090
107530
202353
200009
36134
101422
398663
176664
169569
311446
184618
167731
202891
61331
39996
51503
103410
72317
139354
112543
76796
124789
563136
33225
100547
70252
28545
133853
268357
35327
528506
430630
150128
190582
40684
86553
137457
198581
37565
59141
185596
100046
26906
22941
87879
61790
162361
32971
33466
87434
574967
111852
176733
69456
73945
105712
320871
28391
115158
33952
87557
31792
164138
49265
168546
73998
60165
337890
39260
205765
67213
164084
47747
67933
125710
217426
32877
142057
368904
33168
114820
76969
66492
48924
203715
67398
100075
26062
101637
182796
204908
58791
216624
39180
236793
267610
148528
63934
364748
66135
542491
362644
53299
85446
305423
312173
46988
38452
112393
31380
362986
125932
74937
36736
211763
75525
299690
72736
818008
128958
50179
64227
90220
72059
40230
209051
77868
170540
241152
170944
113562
394031
188388
60979
97736
46768
564454
111283
240076
122608
366407
35359
85378
416324
41012
280228
141132
203199
173034
35262
146705
124498
37355
50056
142017
85168
31928
131991
37191
68221
93767
33313
34227
239571
131744
73233
507623
54775
188146
31141
68994
249596
40322
96581
330399
74003
215151
69188
113979
35632
221254
151076
71015
77104
61569
161914
32879
490061
119549
178730
54261
359908
131822
71173
120869
403447
38765
179859
314135
46488
69961
80635
24224
93604
29253
102369
280686
239535
260415
370507
91051
41340
134178
271127
120323
188939
284903
712655
83852
57603
113474
84147
78745
128581
84918
102097
39970
249806
202049
156174
66070
267928
45435
56480
190434
91116
71190
69271
181433
49749
77720
313696
265333
134351
263595
204822
216910
83966
115897
156068
119959
56441
114644
198310
158520
35117
43352
54514
173097
94812
67378
433461
90895
74067
56352
219235
177124
41063
232416
109514
126708
329813
50982
132671
104479
385562
227627
210638
81858
163285
417660
185250
68988
355208
60542
50895
40268
192847
78098
251824
146046
29284
133497
153200
38118
52257
48175
78565
31924
107103
250804
226571
89836
37779
521938
423844
44642
190850
248545
61782
258862
220424
183231
106534
196237
63615
46668
99604
41359
315095
332331
145122
304170
215106
171211
150532
132121
241455
50742
112236
99667
39378
50540
102153
73521
31543
163622
146781
45177
179804
313167
146708
40465
109546
38770
50453
178982
46948
136427
110315
307752
142271
46589
360662
115970
240732
251050
300636
24247
94169
49876
49606
142563
210865
40185
207803
123540
170793
154880
149572
35839
324648
102010
57871
70639
151601
185657
176887
255236
246473
141809
38125
87481
28420
36913
41098
298641
46820
60425
194221
103302
68185
76214
195454
157420
100087
123931
269845
142025
248650
86432
551932
60451
56633
57118
38916
56177
697052
88312
179774
139075
72229
63005
32980
132195
32439
87813
45872
260470
54125
42175
31305
173795
40221
81291
330264
181436
99484
142564
168783
111446
205121
50145
53062
57816
62415
228064
37028
69273
22590
111175
59841
76425
49054
154501
106624
251285
126303
64165
66400
56021
85120
285524
60308
60380
64277
230410
102417
259480
365431
34204
119286
69179
28621
373268
110867
260901
174870
223912
316477
80591
38480
61623
430801
226902
409912
145154
114398
60168
30300
216137
270704
447354
49904
66023
50961
154644
169360
46711
109677
117788
118404
229065
310699
34778
336791
602720
106082
94931
95360
41076
41548
40859
96537
505477
355611
247309
302358
173235
148232
222047
410087
52714
120439
255458
100579
408869
61599
31893
42829
155467
207242
71392
320397
33252
111913
305712
54813
132423
437447
112339
261604
149805
66088
250781
493662
83761
460228
97076
134714
394776
250752
63660
47708
63394
45534
489164
86010
141851
113773
145419
68466
143876
175733
256265
37847
193561
46681
36032
162106
114034
49855
66572
176114
221245
53048
232358
246165
40076
456598
99479
45717
70232
86190
41937
40419
215397
39495
182145
85310
127308
66051
459975
214185
158989
526256
41287
51153
42929
146774
34448
352727
199108
73386
73401
337701
575380
212973
129731
91383
98884
31630
45042
190602
78689
48826
43108
61491
54873
37518
835671
321817
29735
231571
77608
110011
386515
72755
111351
258150
349480
60458
37071
44915
373602
268342
392659
153109
123489
41507
482917
51113
218847
259715
121707
66873
36970
90273
112767
85142
514366
553318
227955
90563
241713
437663
217678
131065
157134
99286
327042
76636
70313
191332
487995
141450
40102
208079
511321
339341
179212
98991
183543
289018
248886
184158
42447
107628
292491
77757
51333
31118
53373
712263
32751
67856
45185
122588
130627
495277
286317
103784
124625
629914
462573
66485
56794
34832
77083
649451
69846
122330
130989
306044
30552
239135
27819
216319
48391
132558
129160
38755
92147
51631
35233
47062
41583
216541
151171
196145
110749
320166
290080
236816
211061
189416
41612
114168
106855
58642
310453
244144
40435
370898
214782
96043
74944
127468
76833
83570
38490
118502
35498
68471
65930
274394
171872
172172
37064
141462
86480
197738
158417
100621
59448
59986
164071
490725
66923
212022
33521
86398
164534
178549
69907
156569
106636
377751
28025
125280
115840
198463
207841
71437
64776
911618
130342
158808
91159
569863
89661
34640
346023
180232
77455
338748
110155
135902
49615
136660
49542
237067
74136
62878
40579
263129
113998
133568
183317
134346
557505
44325
55675
328518
109451
57325
92804
58232
264506
50150
74776
44930
91201
135566
36879
72677
63620
61437
153491
139223
1062114
70544
1072572
954021
48510
718670
747756
77273
656820
614324
366863
323336
286669
230257
209377
216298
205472
185709
56194
375416
55150
69245
155095
396389
73543
104382
45834
43362
130842
50892
366098
361913
109895
350294
211579
524457
33672
76650
37999
57378
99099
59809
40366
39551
614186
241399
194522
115809
65368
34160
55781
389838
262159
86251
365881
258071
50043
154798
87523
147188
53818
51615
227447
316984
335180
114613
646200
191934
79693
155778
288758
144368
33137
58646
29586
49522
139809
145886
58051
29941
23019
40214
40578
193603
146048
325839
112413
37171
83421
241244
185632
137435
37739
78681
79677
63516
30075
57975
302092
208667
57779
242478
135794
111983
168298
41908
146117
86221
30690
85771
85531
114356
188179
509377
57408
73587
247579
215783
543253
58613
204981
827348
55105
56170
40322
126814
46019
172064
21954
54392
119348
47731
32644
220778
127088
127753
108686
42717
197602
62505
132196
350542
115250
154662
229235
38584
254813
49601
190627
84597
503795
204717
40419
95253
260284
111835
27063
134488
42519
150582
31012
146779
49591
48964
34593
131904
197840
41649
46962
124755
180041
189454
426161
1067099
272408
146536
150396
157754
431919
44860
36922
282746
41201
80525
76384
291390
114642
436141
57274
76404
142452
44011
185110
40590
196042
411102
103020
49918
63567
111544
381508
87136
84739
44216
167532
246202
61840
99641
341617
284558
135670
496680
41720
54226
73447
38877
55900
91904
208940
48154
199149
135438
710506
38828
70045
144991
144054
79397
37688
69347
65287
103233
357001
158985
70174
295028
159971
261153
114390
34582
44077
127418
33531
29042
35350
93626
56135
205220
112135
274165
41793
83002
76236
31592
430508
30212
202459
359555
362493
40142
304218
53434
95460
114328
46141
262137
688636
44899
174173
60581
63889
185442
44369
61566
123926
84454
47581
43220
156876
140406
32788
29361
47444
49260
411922
116627
530223
228933
131008
64129
135299
45776
60740
76399
459740
71870
160497
79779
450625
302694
59825
50521
330333
150396
111920
44490
55756
44545
366009
76262
104902
39794
148162
604551
75137
33121
145006
42154
39568
41662
142690
37717
96711
92843
40615
524954
32358
225366
167369
309862
67963
62055
372958
58046
114971
62785
458650
77028
149163
114921
118687
426949
105067
43490
567870
307329
119817
39418
96004
590995
90154
165173
137340
53117
345772
64994
214838
70173
129965
62144
80816
81423
32499
187466
100764
101036
66602
47595
213512
300955
212767
184307
93677
65347
44926
196075
344234
57722
36890
164204
114883
218155
132382
297080
62353
63487
59173
46903
174037
183678
102527
121578
239433
210888
191134
294790
38354
75715
51321
276906
370205
81065
223649
382174
90939
404305
185708
661517
109952
113637
75552
108702
134868
101964
179687
156134
188584
293994
41184
63558
59287
123174
239264
133026
88277
42546
266887
229072
352677
28960
44820
198517
61565
40330
529635
61073
62870
29374
316275
169061
110431
52366
98876
52792
170982
41931
286895
437597
44916
119701
225351
193438
74124
45191
54025
35258
343377
42180
143950
239385
329181
61871
84160
314804
35796
618171
113885
88578
154809
121593
432081
212556
43329
142679
46905
230110
177683
36389
253133
204860
196625
55764
30357
99435
287333
72127
48271
351141
172963
117768
88202
126816
92678
66662
85558
62068
216592
62497
152047
111040
188717
256240
171321
45192
222931
240122
143368
44429
62114
100814
87683
36748
311259
69313
42168
67210
281522
192336
56311
116629
51348
63643
191046
103055
130853
142236
38695
228889
107891
533134
146798
595426
140028
137689
50841
67760
225372
122097
227509
156195
303495
56364
42828
58296
161637
107396
124406
458551
142295
159686
148365
177704
32244
200905
140954
143789
122509
29683
231160
181186
338813
95193
26202
105693
54049
131860
46235
122325
334778
206106
155924
119276
95354
34776
43046
67624
39162
458800
521145
55375
51528
300474
38038
47748
147840
188712
90998
78794
651227
81345
122621
263176
83863
110664
42043
43490
57900
73066
101552
289863
39849
68332
31040
35987
101046
83968
356237
47605
56209
313949
77703
75448
232836
267315
342177
38722
247253
158835
39779
69868
114477
52566
107539
92440
172045
282353
163846
817774
53672
152158
108784
92427
64736
39433
78980
171029
66763
42432
132802
108983
175555
208782
55884
132875
416130
68753
646046
278297
80481
805476
34965
227067
103888
93719
97078
42286
118299
60562
88802
41179
182825
91858
43575
81109
75064
76099
47138
46545
98381
186012
47271
216853
138950
307424
364864
371034
87867
79417
106533
153445
155259
134462
192694
168925
494040
52524
334287
58304
41013
39450
273092
86419
96102
244089
400153
38534
218082
31854
55780
23443
90253
33774
284020
40612
387198
193939
50002
121104
190757
40271
228119
75066
103782
424755
96751
40691
70780
89869
207523
228172
43973
159736
370505
68414
36328
232653
197933
146251
310286
165585
124164
89225
292188
189394
54781
118552
92416
41553
115861
83495
66712
156185
58347
719711
304337
68765
254457
38635
109360
57294
95531
155959
346381
87968
87689
181211
222153
41029
69046
149919
109006
93671
282683
61495
159348
142097
112781
420972
33557
375193
39311
145386
289833
378498
56938
49833
106042
70351
312532
184883
109170
439280
84234
223523
405398
66429
366040
285286
115377
138280
83877
30969
120110
305478
251365
43708
51820
264596
338610
39043
76693
138805
230763
174675
63013
110224
249271
422361
148038
89525
73023
101434
290376
128921
94969
42612
173482
91657
252632
68716
62281
100492
36102
260662
84326
56105
180861
440389
78038
47323
39704
42688
176786
162734
106873
350267
82456
426777
193887
94037
486878
72929
219234
183053
202955
60684
85824
696204
46457
33920
203736
71000
242482
155703
65699
33540
77065
38928
192438
75954
401400
166265
46380
125338
44218
354400
812096
214691
48413
20063
41619
61832
245888
31706
191551
82611
27058
345158
66907
110458
219978
507249
63250
59593
59628
48024
78351
156803
79524
49724
130747
244979
143068
412112
195550
42572
200602
172227
382409
33533
66979
79484
24362
82659
95010
155331
47781
238136
139930
235102
212800
138068
118906
198429
87443
52471
82689
45224
272852
52678
44168
184410
105707
97734
64545
52949
193613
97956
133654
240092
65711
158024
103094
63743
31404
42405
172714
95025
233694
205684
70208
136043
50746
67984
389509
115364
45380
374118
407255
118705
527275
221648
39856
365955
135275
249576
127070
286219
87071
118452
73468
204687
245282
49667
119253
258049
298295
540608
211744
117033
40034
87969
54394
177163
102498
447594
630011
44542
55237
119990
175562
76206
228337
588269
182356
111193
45063
40785
61873
50912
195877
66110
332759
77946
44840
102732
201134
57080
390493
167511
49851
301616
196028
80553
46592
28673
184555
65780
33514
105109
157990
169477
164760
409876
70738
90630
44000
157965
104442
201711
36389
97431
90145
76766
100784
147759
104248
270639
115606
80587
73083
87460
265672
66724
57444
46537
285667
137356
57602
53036
850273
63000
122080
291441
133830
205115
51955
31264
208832
426434
704507
267426
45465
42259
41338
36671
131640
141465
40086
154871
35865
401372
60443
237525
33964
52952
798294
35409
108006
72346
260684
134883
38058
46405
569185
336058
162883
145421
133836
40164
37687
85589
81555
72492
52720
112093
40211
328955
335064
149638
274268
210258
541115
72012
105315
38104
78732
97847
45807
111728
151605
251778
110730
38831
105917
113591
45089
44059
64006
155842
99531
99497
292973
71643
162979
45171
261142
105531
98018
77075
55146
36735
295913
37459
214890
174826
155006
38859
83637
174019
60954
95299
94590
37207
129839
363737
247915
143155
97437
50785
185382
126313
394986
98860
99940
65314
38218
446204
158191
88122
210802
38556
180661
36939
247347
237931
189812
59794
71197
269351
201506
67968
288297
51736
168231
42505
165322
129284
160308
353011
100621
42355
234885
32509
121114
41494
88253
84052
46783
143888
430124
231521
318567
98245
30892
126469
105167
148657
33216
100853
255364
84877
35281
304719
167711
92398
32779
93713
398801
38188
314810
79116
28242
93361
150840
33597
49483
271369
149374
394057
27234
65359
26109
74471
71059
396353
129447
364171
59358
98347
79440
217300
76694
173245
53645
127691
109730
252994
34925
125825
45733
244730
358770
154980
158836
221920
122241
50748
316349
131355
118601
144534
232575
182544
292947
73442
82610
124011
192982
50911
456878
107319
148383
83483
244729
81380
153522
187881
470337
46051
200549
30936
156698
61651
98861
32703
75227
97243
365545
108697
314057
96545
44784
172154
148332
34748
39842
278108
110894
275014
157680
44029
112577
126000
84925
41320
73358
255189
103022
56101
125369
297065
77861
102356
33650
278525
270928
160131
41200
231406
84517
219224
464055
243034
48920
66569
33745
30528
575624
95622
95394
45628
78398
88764
40061
168495
61490
252713
416373
352923
90430
362175
26472
150173
100201
56824
254010
172306
51752
387828
522354
277380
178315
29628
226176
93073
123119
38355
47105
301552
166671
131071
37442
36231
537935
179479
105604
37996
109101
34045
88154
38143
105763
349313
72614
405666
153789
318354
252791
79024
94560
184805
35555
284340
93148
110069
376111
61264
169535
89383
42028
102561
196945
115963
79595
46197
169300
92820
45862
35165
491133
124197
92220
33781
213953
104004
44919
148299
59483
240764
151695
36559
62966
39659
69145
178489
129207
81241
47645
104376
186473
102777
78622
169488
32055
130902
119513
134584
134320
269526
39830
168697
178053
92464
36159
68964
265774
225927
35655
47319
48231
298699
181609
50168
164812
49262
47134
121564
122983
113238
157381
42268
57276
45754
263626
342265
60038
46699
45666
35652
59794
314308
257230
26926
491729
457228
101268
351565
84493
79449
379158
130862
141659
431149
205418
287013
436509
244087
76865
97260
91883
393264
136864
38709
79253
38082
260341
40705
239073
378043
221967
130227
97352
131604
65680
178856
187444
215241
82085
116239
42287
74151
460117
173872
43224
295460
151908
178987
126350
98519
167359
115186
517500
91485
24336
111710
37157
103206
118660
131500
187113
126842
52026
271480
253401
85993
84808
231067
320989
58373
140169
42678
41094
189891
48514
69210
44505
233667
42903
135898
198833
41861
173093
40908
60068
256734
122430
259187
85084
92106
107164
99721
101918
182434
78675
47910
95466
247222
155529
83712
334254
119124
54746
57745
53570
301922
89997
189386
38570
257115
76695
244577
80187
285608
74811
371345
39885
61170
40652
41384
78968
113671
77876
163274
103624
90861
55851
127354
389665
39166
106292
166949
120387
31762
77774
83127
111968
106582
153606
200088
51043
44744
58436
47560
150630
225746
32172
174323
284105
211479
309938
51568
60448
30357
48425
61428
51212
171959
215505
250759
199796
83698
661570
36363
56727
162352
24008
161443
170656
81769
271252
117345
341793
162582
121463
120654
431877
620034
97180
38772
133636
72868
92553
94219
258159
80295
43794
173605
319566
254560
50941
134253
221108
43853
384901
135676
243602
148484
63637
29437
104080
136014
44622
52530
44286
94494
736634
234739
130483
38748
311394
129517
233077
291543
92187
238420
244495
132557
332211
231232
466430
48020
36071
235253
41097
80036
159892
214597
127826
68003
126068
44363
86107
48393
59976
47650
365741
256417
223525
51282
38148
42405
32061
453151
202012
60304
124367
36195
33147
36552
408403
175872
198883
296872
733085
96627
71458
111340
55024
286057
230915
332250
167081
257473
103863
120298
183933
105296
76582
224819
110314
153013
37669
82414
237406
297029
154075
368222
47822
139307
37839
120328
78792
68667
62353
466297
157675
85537
183446
236630
61252
138321
85824
180743
286651
71736
41374
195486
104359
76155
146931
40093
146169
265167
50725
370745
468542
47986
195971
57810
175170
39476
209506
474262
247943
212476
104087
216854
135296
289830
52952
79122
172199
47600
883906
338776
36510
47083
160658
307439
231168
133799
253641
280796
162691
558040
73641
107709
85694
601863
289850
142682
172913
83842
142642
90955
83915
221299
340767
87100
265267
126964
51763
89060
130383
32762
67988
313336
