1271504
933311
1421669
1037362
1171173
1057112
1706057
208652
2005274
642381
656190
750358
807353
2413038
1794611
601075
243291
2722978
114731
205327
3431845
237453
412141
3869190
681057
3965795
750382
728575
649727
4200598
899987
672369
3334667
282523
76902
333336
3825008
900519
235337
3749552
55119
4239113
4598303
144903
47445
5331521
5184365
432355
5391904
268991
250389
5461811
29299
34256
197326
6045020
484922
504734
7094270
387556
506484
384145
683984
7920533
248712
7677328
447937
181449
17296
9158986
68262
270864
9950675
327287
306894
207456
135631
177397
16662
12688569
576842
569413
353426
13756784
14872807
15337515
2341771
2242952
19942991
21207723
21403114
21587178
21846248
21737042
21752932
21522671
21231063
21565290
21877650
21425189
22183582
22348168
22554516
22902524
23486679
22450540
22507960
22361928
22262750
22344549
22260933
22288428
22407336
23726751
25182197
25404024
25827382
26293251
27025455
27572258
27332719
29026144
28917437
28619432
28902731
31741874
31167295
31147164
31285266
31384189
31035427
31019683
30887234
30944098
30861311
30969292
30927751
30742943
30425356
30131254
30047028
29545930
29238307
29708924
33269901
29870876
30099700
34120572
30261669
29313023
29272350
29506047
34917509
29517638
35294158
29668916
29505292
35858874
29863990
36499151
30116546
28128156
27948800
36662849
28064011
37242756
27774901
37483459
27758563
37401061
28052313
38029904
28494734
38754123
28612891
28620772
28826193
29143883
29400872
28952988
28709882
28558024
28523173
28225998
42227328
27861951
28028081
28076773
28311712
28218682
27953904
27301933
27250326
26681811
26245751
26384162
44027576
26453727
44555407
26491938
26641119
45206028
27158680
45234777
28217148
27648942
27673819
47085769
29533837
47995570
29671767
29635240
29484755
30014242
30318529
49329637
31200892
31099730
31307967
50287839
32249324
52413660
34786744
34781474
54410947
81625691
64235714
64339489
64526452
64504183
64263004
63119697
61849379
82723614
82919031
62683454
83347591
83512855
62829982
82942329
82899631
62498903
62438483
83092421
82988397
62682066
62454178
62369637
62213181
62264231
83617554
82774502
62648133
62535339
82721659
83343007
63149804
83748757
63578541
63350252
63469594
63294378
63285914
63372791
84302540
62796301
84558619
63525803
62836114
84740252
62071681
61901377
61086416
61002649
60872762
84639832
85193374
61712994
86501600
62128009
62027416
85967264
62953754
87452421
87042465
86870870
86387968
63955563
63558725
62927932
86285508
63185406
86012801
62268036
61929503
61144746
84873419
61214273
60925486
60543819
85833605
60305778
85695617
85176061
61399685
83553337
83328851
83206383
83000346
83382173
62158489
61845378
83042289
83272490
62285957
83133273
83065047
84113700
64030453
82932773
82733735
64379751
82437780
82516992
82314673
64728248
64841681
65108436
65075286
65127994
65171219
65512882
83723145
65772238
83916400
66559100
85408402
67587256
67270955
67478447
86737155
67535364
87246390
67361386
87503016
66642050
87599326
87384174
87376831
67234057
67225908
87727365
65301846
87820660
64922854
88003487
87472298
65019121
65038869
64605610
64473903
63805928
87937239
63906077
87562753
86938683
64534240
64810134
65076741
63965606
88100209
64244065
63092485
63028069
88393580
88183146
63225182
88505898
63426773
63477398
63407924
88793219
89031736
63954843
89056881
64332806
88935908
88793798
88214482
64976924
87895811
65331921
65195720
65184966
87994708
87799854
87469490
64846931
64859582
86322486
64358528
86681324
64219729
86526745
86500312
86191359
64581293
86560994
64712032
85747881
64751777
86225310
86406261
86559737
65790565
86054381
85860682
65757246
65847914
65921628
86329515
86287971
86102464
86672250
86421915
86403971
86327336
67516477
67434802
86308340
85758723
85528197
67887569
67824989
85497010
84444971
68728563
68325990
84846262
68147650
67992156
67656028
85666136
85546223
68126693
84645613
68361472
85577385
85523375
69149617
68822509
66650752
66517981
85734946
85218755
81244821
81348032
81364380
81805995
66765143
67112401
67217004
82931608
82963820
67343946
82259081
82213121
82414318
82451859
67694497
82566998
81816851
68283114
67711877
67062107
67086808
82500400
82155406
81621853
80248796
80214471
67847654
80053721
80138822
79607861
68468048
67830006
67875255
80494034
68154407
80487769
80422976
67319955
67317985
67288516
66724552
66896407
80797107
67056095
66456081
65814695
81794461
81786212
81598341
81531267
65439161
65599789
81966675
82405954
66393755
66442044
82503417
82600844
82574320
82483032
82404238
81866483
66805933
66804366
64830002
64041144
63538530
82334830
81746123
64113317
64848637
64929661
84079195
83612692
65587715
65469925
83157174
65496137
83495098
65860183
83881026
64597338
83618742
83229269
83280066
81429375
65286889
65064908
81097009
80795488
65052707
80597320
80914276
80106962
79829482
65495575
66088439
80634535
80827969
66429990
66369426
79976228
65546192
65698067
65713729
65672012
65458607
65592519
81472282
80529711
65882915
80509811
65873867
80490907
80454400
65847856
79929300
65284317
78065377
78477745
77787764
77446522
66082665
65480580
64856562
65200626
78498053
65897657
77448084
77154486
77345813
77225052
77299992
66611508
66561580
76761413
66540846
66530393
76954865
66224756
77507761
77367859
66904730
67079470
77352541
77005285
77024053
76929700
68643178
75243402
75002612
68768290
74630599
68738121
68710633
74600420
68162696
66928227
74952731
66771351
65952372
65064828
65297412
65510026
65294476
65364242
65206694
65244062
76646101
65540646
76918299
76758746
75672081
65686440
76081952
76030211
75324474
67012340
75808069
74972292
74654161
67169645
65952383
65171870
75092503
74735744
66077773
65699976
63695790
74774232
73877904
64014836
73612207
73583765
64116826
73923306
73845575
64964141
64254128
64366450
74196149
64597287
73646027
73584443
73389799
65112649
65152967
72888314
65220209
72825197
63949100
72168582
62728172
62705803
62378361
62288283
72469810
72739880
62577593
72849077
72905650
62565262
72564178
61986494
62081284
62123074
62571858
62495043
73921278
62495754
62683630
62649284
74158730
62750778
62692911
73998819
74138797
73136471
73441684
63004934
62746268
62398476
73727654
62488369
73644114
62288856
62250447
62467956
62135250
74186374
61894528
61558225
74336536
62037156
72392775
61713265
72104938
70782833
61726440
60994500
69986799
69540921
61292994
61366828
69929264
61583996
70841486
62053588
62032601
70910162
71174241
70564031
62324308
62272126
61991863
71431027
71998733
62736046
72085952
71034919
70795144
70443207
69532582
63240344
69178340
69252476
62697024
69371699
62755435
68835820
62828517
69253074
63370621
61957521
69625512
69527744
62194711
68904070
62815450
62068524
61474939
61176774
71360008
61466735
70943702
71057384
62064688
71184574
71086677
71020288
70750954
70538203
70817239
70890282
62979929
70458581
62434379
70701765
70631368
70566352
63015376
70315180
70292613
70289496
62698562
70109285
69936584
62806302
63235169
70882554
63451107
70500795
70432419
63190187
62731241
70498582
62614711
70702748
62869509
70939607
62494585
62203385
62226089
61739449
61677891
60777971
60150438
71681399
60112385
71697274
59863318
59483615
59659495
59102351
71500983
71147967
59142516
70084836
69251477
69399363
59621586
59528625
69639220
68805672
59776717
59509947
59547035
69216080
68510420
68464817
58936390
68866405
59184520
58139489
59022890
58210785
70238911
58245547
58821564
58958441
71170121
71081483
70292623
70355946
70548166
70510688
70277655
70378713
70518983
71561279
61952224
61573507
71371120
71357902
71178706
61437797
71447689
61481425
60607109
71595809
60578460
71070359
60472288
71349748
71690821
60571374
70919287
60416220
59630015
70644942
59859104
70756102
69386537
60011840
59359716
59041242
68755559
58812442
58715115
58698630
58091938
69207119
69767453
69749697
69231156
68496754
68570172
59344435
59247236
68659578
69253890
69367936
69772295
60438235
60151186
59784957
70068777
59819677
60792629
60917273
59864089
59751376
70650230
59977900
59496982
58811432
71128986
59109540
69904946
69948054
59532494
69503300
69124010
69158997
60132954
68969082
69084226
69039410
60968530
69307762
69146359
69063433
69034258
68724551
68727137
68727738
61016118
60348823
68181896
67958586
67530099
60635216
59082863
66957530
66948812
59678651
67012143
59982215
67366300
60216820
59982598
67524802
67758828
60381724
67589321
60193803
68459073
61243512
68704190
61854924
68916759
61576950
67862650
67635664
61956813
61932453
61779732
68002833
67752012
62628851
63066843
69026932
69043969
63013914
62461060
69570471
69418298
61452558
68798711
68868300
68463959
61422842
68575028
61461687
61355807
61370197
68185060
61420172
60987825
60407476
68314882
60159008
59182552
69688546
60010295
60122981
69992579
70167048
70261262
61103028
60524731
70765658
69106317
68905891
68858478
61012215
68942088
60961259
60903952
60821313
61277532
69214646
69104630
61614086
69328468
68492150
68679329
62112906
61392830
61839746
61793994
61689140
61853859
70412095
69602500
69601985
69419166
69114709
62594412
62857346
69718678
62943985
63141015
62975263
70618919
70405798
70316599
63719987
69281676
69141922
63935082
63445661
63430042
70198171
63820720
70545935
64000551
69984811
69836300
64538894
64661583
64431351
70819655
70256362
69952407
64896361
70309589
65266717
70354218
70347727
66953804
70334073
70343528
70492092
67689578
67764266
67796932
67635224
70970806
70765615
70300750
67283862
70469874
67566085
67553442
71006460
70327929
70970109
67966969
70865378
68193723
71172121
68186294
68053737
68105351
66981122
66450357
66356438
73000905
66489208
66335615
72600526
73222214
73059000
67722620
67575296
67323978
72910968
66633445
73008935
67057672
73328621
66940881
66939870
66694128
65966433
74972509
65453082
65425110
64371412
74117097
73755442
73708266
73672388
73748485
64541530
64288812
74312677
74319483
64923628
74595366
74706514
74185383
74071356
74052851
66087441
65677692
65622355
65449348
73711843
65367078
65202140
74224657
64878851
64969054
65137770
74547975
65173773
65384744
65663034
72729233
72648430
65598644
65888576
72675639
72473075
65856111
65458528
65519069
72717094
65173844
65591486
73988670
65926488
65740009
65838391
65881390
65548189
65261112
74511865
74726403
74733620
66188734
65279405
65331420
65864471
65470393
65253104
62349224
76452698
62050891
76550681
76343836
75805180
61931347
75912434
62765727
62794850
63020057
77598512
63144592
62561008
62585763
78289207
62899827
78596717
78183889
78187736
63077153
62972500
63138132
63039621
63391030
78681948
63437317
78618000
63579377
63571591
62481949
79088496
78738245
62825091
61528434
78921114
78506089
61957513
77939288
77705665
77003364
77136699
77158871
62866333
62735533
61942094
78187268
78065316
77851926
62762539
62935459
78202433
77867835
63587311
63363716
79368577
79533029
79231002
64790791
65044905
64781699
79120956
78189721
77958129
64699719
77649575
78059563
64346244
63613223
63310003
63447382
63159219
78638216
63196262
62570433
62104158
61896068
61862586
79289324
79275342
79121397
78840412
62150232
62120123
61145871
78191146
77530060
60715948
77543020
77538018
61039433
77711662
77827038
77811453
77508433
77140730
62026659
61849519
77836415
78103597
62847208
62102532
61802065
61393456
79004456
62051175
61611622
79725991
61822504
61864815
62102231
79994838
62172988
79719106
62392703
62258567
62058948
79725069
61799140
61808237
80158082
80165056
80092548
79721376
61475083
61448883
60222559
80612136
80149918
61617883
81286549
80884061
80878441
61820064
80066843
80318229
62929309
79518907
63807625
80408007
64007693
80680451
64406848
81098405
81155268
81053389
80885313
64537013
80863790
80802396
80832184
81035735
65104604
65160507
64596286
81850255
81976104
82103505
82440774
82276995
83652260
67184760
84583360
83842968
83774629
83580845
68440635
68264276
66883524
83516394
66848464
66709222
66362901
84103630
84446129
84360951
67306078
83407973
66578854
66491387
83995383
66629170
66900513
84785436
84847779
67199300
84542180
84271880
84610905
67441221
83713766
67476227
67446676
67530724
84335599
67036001
66765161
84075625
65236504
64222501
84174074
83868456
84217770
64527601
84268576
64538832
84368874
64831033
84302225
64781475
84265468
64739562
83612306
65113056
83518492
64114372
63861462
63569353
63818652
63944562
84222797
83953001
83981684
64682946
83950563
83602447
64780547
64364399
84401516
84166511
64892127
65203758
84183639
63187688
84127505
63031810
83964882
63297886
84017342
63387257
84113879
83034249
83077091
63800802
83379392
63611845
63397198
83136828
82752202
81906924
80851215
80750661
80484616
80352678
63357821
63476941
80505694
79418015
79085000
63254283
63306712
63503312
79362180
63015194
79681782
79162972
78992980
64020759
79111791
62796243
78622431
61686336
61774966
62308414
79338362
79425874
62596530
78363385
78210978
77721061
62980056
62934895
63349266
63378405
63523164
78570432
78564544
78794393
78221510
64542999
64407846
78197151
64646695
64590523
64206585
64106195
64003320
64201863
79254282
64415036
78754728
78440059
78258417
64054076
63849244
63914710
63812940
77124418
63977128
77201043
76671156
64835597
64921604
64053443
77103164
76590281
76502215
76146126
65107227
74765726
75036149
65797394
75132223
65549561
65517174
65537017
75426162
65467089
75636414
75748621
65639201
75389236
75127284
65456278
64433201
74909467
74792896
75151057
65422084
65061713
75552804
64959602
65024756
75477332
65284801
64993838
64632840
64518527
75791843
75307332
75047864
64963675
74754260
65039161
64545882
75057000
74982588
75197165
65187356
75164212
73776719
65330401
73405877
73220209
65704932
66045050
66265507
74321988
66364045
72752527
73008543
66699392
65810413
73035589
73023511
66801781
74125993
67178887
66513942
66625905
73595565
72996982
72560463
66821847
67373191
65928228
65512014
73893569
65282506
65116025
64965580
74854999
65484185
73901144
65392034
66073590
74928697
74545340
74513910
66865304
74780816
74982456
67637319
67936574
75702128
68120136
68133111
76097548
76070491
68488620
75906716
68982523
68968255
68731831
77162880
69008630
68920345
76640729
67542347
67455959
66513544
66539046
66511707
77274217
77630221
67075194
66515324
77557468
66667285
66015945
77763829
76401211
76332790
66450796
66641445
76908992
75794090
75676327
66801719
75840493
75920177
75482780
66780807
67151863
75257879
74730083
74672351
67785026
75100138
75121064
74419852
74404703
74339317
67997188
74768011
68440875
68072131
68284426
75315469
75764427
75663638
75834210
76362265
75762566
70354122
75834739
75135810
70667165
75329642
69667182
68686675
74857695
74796074
68215793
74844545
68449584
74461692
67580805
67583158
75001162
66461088
75342576
75628551
66827871
66829057
64676072
63512388
63473923
63663877
63298565
63194775
63483603
62547436
62618791
62409929
76924771
62174993
77328376
76283084
62486680
61825818
61268303
60631878
77218852
60882041
76914843
76425258
75690821
61060388
75447063
74588595
74063724
73538907
61355331
73455124
73526066
73882163
62169598
62095675
74603719
62435719
74503330
74626744
62130729
62046124
74730107
73888131
62083937
74121626
74156065
62457736
74354819
74662556
62973268
73645173
72715774
62442050
62284433
72658060
72752899
62471670
62444579
62046401
72859031
73314384
72619376
71958585
63016595
72192515
72218365
71323635
71299691
71407960
63884572
63576999
71841029
64211003
72457944
72634437
64777908
64427253
72549265
71923578
64598769
71808252
71538991
65229306
72057458
71643015
71637883
71486055
66084646
65802557
65656958
72924050
72678879
65979438
72205758
66050674
65923410
65845394
65914973
72726383
65932908
71807104
65792747
72020987
71201363
71035664
65903334
64999782
71230313
65247998
70717206
65139832
65107604
70778760
64810560
64456801
63879814
63907648
63377303
63298401
70807637
63043439
62381075
62403025
71581583
71509010
71262354
71085145
70523023
62617707
62586959
62687473
62715072
71029841
62871540
63383630
63192113
62679685
62667474
72126420
72052645
72313546
62872850
72400939
63060378
72467453
62929429
72637564
62429177
72944574
62412022
73373407
62727697
73427890
62158917
61455125
61205695
74206470
74453502
74589135
62427189
74396622
62840650
62790451
62470413
62085386
62665505
61750670
61925518
75534904
75537297
75443337
61937721
75925334
62223880
61895494
62244985
62388697
75873113
76183059
62976369
75987650
62637519
62524530
76281166
62877394
62146692
62140953
62142968
61789022
61265823
61146189
60760496
61083782
60094398
78972466
77396056
60038220
59861187
59752553
77958118
77734847
77988482
77649203
59636840
76731094
76500759
59530398
76872287
60524057
60874323
60782627
78622278
78432152
61760851
78189630
78056367
61949705
61437826
77937237
61664853
60880730
77994393
60258939
59595771
78547626
59617231
59468837
78495081
78216998
78245164
77876219
77657845
77651694
60544042
77635032
60499081
77882300
59721007
59975474
60026248
78320554
59846310
59660536
59498136
78518977
59701190
78754056
78824733
60395723
60501518
60335416
59708455
79033445
60043161
79128384
79145006
60787734
79179235
61105145
61474274
80503242
80198115
61435435
80165457
61600120
79873612
79669025
79464474
79900010
79719046
79633015
61820201
61681579
60958428
60768275
78814488
78751178
79071009
61272817
61161319
60767577
58523350
79256575
79259404
57089766
78049686
57131550
77011371
77014068
57576928
57260387
56815625
77886112
56959121
56614760
56658423
77342160
76362102
75833790
74677001
74562105
74615554
56901642
57663831
75077880
57610796
75408125
58382824
58291110
75243474
58152750
58163174
74965339
58050375
57795154
75125223
58342385
58079264
75907017
74416853
74081842
58927378
58470612
73761248
73426829
73122629
72835226
72813400
72951732
58677680
72617746
72736780
59042683
59404811
73302320
72994435
59449262
59131251
58854830
58819042
73629474
73708880
58232036
58144327
58074451
57866190
57655307
73977761
57712280
74468212
74537571
57711634
56776699
74949609
75023449
75182611
75568822
57918338
57825480
57914001
76441133
76186723
58709615
75219068
74558710
74712058
74674764
59247999
74487157
74340511
74443605
59421680
57663122
74373247
58118367
57400551
56081990
56233631
74374634
56262814
74048276
74247186
56704073
74562888
74556827
55967587
74194662
73834916
56059378
55419810
55161548
55328936
55227506
55518698
55321967
55182531
75480136
55638733
55551193
74226829
56111514
56189749
56039498
74241457
74000098
73098097
56334138
56153324
56343047
74088781
56831232
56740719
56896840
74303802
57031918
74974629
75424928
58116481
75913645
75921617
58605575
76254037
58642531
76263395
58472013
58880625
77118006
77304452
59792299
76803189
76569699
60683382
60596652
77754432
77621697
61606457
78735066
78594159
78406871
77924624
77616991
62319133
62596935
62372202
78031896
62158945
78610537
78584243
62611400
78740203
78477174
63006225
77948450
62764732
78001469
77983476
62856981
62456299
78185607
77896687
77819299
62581716
77255484
63176511
63493437
78300651
62439943
62467147
62406312
78600647
62536045
78087591
77812797
63155009
77666327
62543738
77581202
63151684
63039118
78129461
78156822
77838182
77905140
63063433
62921830
78087560
78527103
65573222
78831844
78685570
78576158
65810909
65869083
78388693
65355782
65286199
78577991
65128131
64820593
78517763
64774779
78500510
64523820
64555842
79266275
79066156
79002060
79373524
79234469
66682476
79187833
67019657
79522348
79961700
67719135
67594326
67363448
80599983
67328509
67313604
67434885
82014458
68161789
67885485
67439391
66588625
66465711
66053203
65434777
82997090
81701227
82070383
81856771
81835942
81673239
81648696
65962611
65862555
81620195
81418484
81417310
66229084
66488683
66175433
66044605
81408325
81211582
80990930
66639339
66608711
81164267
65966628
79747724
79907766
80312657
79823389
78927178
66503618
78926802
78931302
78368517
66709864
75751727
66555461
66699657
76066015
75500411
66526919
75616651
75464901
75466337
67038489
75499364
67422764
67375831
75801008
66837684
67031520
67166647
67620150
76975528
67254367
66428859
75412829
74861686
66496507
75005446
75039208
65945170
65901925
65636386
64914738
74893187
64696141
64884842
65041595
65191870
76365750
65102454
75760131
65574840
76016714
76482602
76048687
75947852
66433603
66182478
66082229
76285655
76360131
66159125
66096096
66145914
65919802
65928710
77142369
76668175
76523191
66506548
76243980
76063706
75725880
66140233
75236354
74954857
65942169
65782418
64911214
65187280
75874504
76010209
66128164
66177922
66140008
75005829
75260455
75105367
75175649
67307917
66773547
75443573
75597921
75209301
67089614
66243771
66101557
65350170
75743694
75805449
76081572
76104193
75454074
75141426
67262013
66917719
75659774
75866395
75980761
76049818
75218082
67584872
67581562
74744826
67866499
75286171
75789323
75845878
68584719
68511081
68437843
76688296
77140255
69384343
69358746
69372648
77142999
76602607
70011686
69377443
69446636
76294013
68214979
68177033
76358273
76408598
75667720
75943970
68917466
68073091
67608107
66285817
66220190
65739486
65807599
76185355
65741536
76168934
76372905
76296488
66573897
66368694
65329162
77314941
77196998
65629325
77582734
66211701
77536084
77592187
77731990
77868943
77241190
78161539
69040947
68659804
77923585
68709634
68651063
78013923
68914001
78197603
77364033
69371240
77934027
69671512
69193147
78357478
69662425
78440482
77539421
77351017
69595522
77469651
69319987
69449521
78269600
69828352
69803089
78174974
69649548
77974210
78271946
69746988
69827583
69900037
69778596
68662772
67810308
68134881
79462037
67739326
79600447
79176522
67856842
66886110
66337596
79229633
79533174
79644979
67707860
79088980
79068591
66702829
79468571
66314906
66082847
66165357
65894543
65213010
80044454
78145949
64963911
77677339
77103689
77135262
77139965
65520199
65338617
65354712
64994034
64402185
64033303
63826147
63656854
77416408
77013399
63856932
76629375
63993501
63469003
76580564
63999735
63329131
63277332
76682137
63007318
76605116
76385650
63121240
60483018
60112453
59907925
59674459
59643062
77254001
59912355
76369131
60020479
60411385
76591586
76132775
60481421
60176277
58006914
76468692
57969593
75364810
75744859
74634819
57950129
58250289
58594285
75890971
76001452
76285088
59397515
59315924
59140028
77145807
77108016
59541874
76817435
76643414
76464804
59257088
59395305
76640565
59841158
59862560
77240373
60026052
59700832
77414412
77685706
59173741
77972019
59812339
59656182
78791407
78751516
78448758
77437315
60362604
60578300
77391606
77363694
77269855
77031692
77235623
76510847
61578498
76977589
76792901
61111175
61138579
77130614
76852333
76419777
74563591
74763178
74806471
62407699
61543194
60856391
75015690
74648108
74804869
74890742
74156061
61396978
61711898
74587815
61609640
61238878
60950649
74835914
60802039
75454136
75024948
61911261
61474439
61473275
74929392
74656193
74281581
73842174
72543052
71500058
71795127
71560109
63223700
63164790
63179985
63307659
63483239
62916057
73031886
72934514
72938007
63271686
63309040
63318171
73357692
73242572
64449207
73795994
64546309
74274100
73544365
73741872
64171361
73394993
73165800
64706756
64444694
63559527
63570052
63634747
73617207
73504838
73228856
63058070
63230344
73616538
74458977
74298469
74057988
64588873
74153991
64842963
75047936
74798497
65622341
74797160
74651752
74543540
64962604
74296518
74364303
74341173
72831527
72748230
65884623
65416575
73101947
65172886
65186420
64994588
73378879
73582916
73082237
71165325
64859823
71395760
71093917
65225239
70683923
70797103
70807133
70450645
70997642
66449513
65360878
65524654
70479967
70476468
70324374
70300515
66238725
66203160
66268477
70927142
71295359
66843735
71231259
64687145
70966037
64836443
64275369
70315045
64890061
64621464
70667547
64099353
71389414
71134259
70983118
70945380
70791237
70784718
65407733
71617903
66227631
65242566
71631458
65521502
72065809
66397783
65920841
65875395
65824040
72585451
72370430
66198867
72532405
66362059
65730526
73364997
72802883
72749027
66260850
66154645
66175795
72618440
66804302
73585349
73825266
67917584
74063250
73498865
68172752
73065417
68444073
73424668
68402118
73344226
68577468
69067473
74215253
69215154
73387259
68792436
73494370
66357183
66644907
74365655
74460909
74267130
67986359
68097393
67907980
75698334
75633000
75202038
68043539
67875018
67835449
67245592
67093665
67101409
67352590
76452718
76176346
76170167
66912607
66905064
66869530
75376278
66347908
66296508
66236753
75865861
75530973
75472690
75544204
74824587
67310371
67367635
67376924
75145222
75361355
67464838
74699651
73993441
67638888
67500785
73931670
67735669
67421640
74137088
74131668
66341414
73895020
73398482
66179508
73860018
66581358
74128543
66763671
74219044
74926560
67872936
74321207
68191241
68444340
68489246
68577565
76162117
69212698
76670764
69286470
69005965
77446628
70641036
70581454
70642859
76798510
76184409
76597885
71104355
76077003
75663978
75325221
71391750
75083080
75179931
74573970
74274202
71702546
74415506
74872870
72975755
72518347
75977941
73257262
73383097
73868037
76914913
73941748
77259289
74557996
76650533
76979328
77605299
77118840
76489614
76469541
76204519
76259694
77208865
76671063
76644633
76824210
76688773
76416738
76245398
77363763
76676186
77917129
77138058
77058792
77518219
77698637
77402637
77413108
76715027
76854954
77809063
76659764
75896221
75763798
75970105
74632341
74426167
78912888
74852056
74627235
78212727
74604733
78448157
78523140
77520210
75588565
77760328
76251024
77993678
75907329
75140536
78076042
77958763
74770389
77922677
77662459
78103070
77817951
75247758
75059995
77527750
74326039
76696316
74215418
77055962
77005234
77551165
75107422
73806677
77304605
77218957
77097626
74442363
77561684
77660356
77738637
75043011
77322579
74668692
74404189
74451304
75376047
79517671
75858967
79389503
76083761
75036854
75106680
79872874
79745831
75096168
79878606
79957216
79927578
73673929
73772465
80030402
74174359
80325232
73829969
73707010
73854678
73486007
80337116
80199248
73675204
73595834
72791175
72543042
71563120
81279461
80902080
71506692
80669010
71607281
79861229
79738573
79247606
71974905
71865827
71982139
79678456
80163158
72514809
79853143
72945126
71532196
71375191
70840368
70879550
69731253
69750093
69761512
69772283
69812799
81696220
81317305
69189888
68840791
81080542
67827209
67803257
81263504
67723181
80260043
80425867
80375131
79757811
80910422
80186362
79878343
69379382
69361572
80399261
80163833
69863985
80233091
70151885
81138282
80601610
70417424
81229122
70863276
81394773
80949323
80591917
80630655
72015693
81041811
80960668
71788808
71746737
81266865
81562803
72128832
70692566
81968678
81519391
70236863
81875980
81811788
81548304
70257263
81848061
81784638
70572415
81700500
70189129
69982467
82392280
82516262
82384643
82226442
82201487
82588889
82848615
83287803
83176337
72878318
83334067
73335881
73013607
72841973
72498957
83877030
72189457
83265185
82924818
72768593
83346825
83748891
83557340
82724043
82891647
82808601
74274645
82932718
82298078
73939538
81793156
73024893
81441415
73608537
73433334
72534690
82007687
82284177
73060952
72823170
82588192
71961351
71745396
82958366
71657529
71448790
69833476
69789930
70171060
69569078
84303967
69717816
83530621
82925504
69877697
69791416
69826498
69820139
83607231
69685516
82453955
82491911
82273636
70472250
70547390
82235134
82298921
70952780
70888783
82724669
71397475
71609084
70432832
70411696
70377175
83370199
82420959
70136416
82503552
70117700
69662205
82026031
69377209
82092508
69403756
82351760
82053016
69598001
81614028
69228624
80427274
68630021
68572271
80944965
68006878
80958186
68033129
67824116
80046932
68017926
67254636
80159061
66938495
80446333
78902644
66835959
67382970
65911904
79896185
66347783
66247593
65549813
80107188
79472207
65860540
65288884
79768221
63964987
64082246
79693567
79510128
64021513
63730789
79452121
79232966
79298822
79057375
64146876
79733141
63847007
63613632
79536985
61722285
61823127
61410148
61399233
79825196
61038115
79573232
80024843
61576349
79769548
79342735
79532192
79300887
62420384
62401055
79525812
78873383
62229198
78697915
78489591
77962522
61833575
61913844
78144349
62250311
76437615
76148017
61896976
61645847
61559775
61759733
61693142
61709865
76343205
75697389
62308418
75677380
75223778
74977258
74966320
74962415
62946098
75692026
75617692
62999420
75965690
75902190
63286709
76293751
75982918
74900994
74476694
74254929
73585946
64701653
64151502
64524798
64520620
74715712
73827450
74231776
65039990
74311210
63756440
74561107
63813904
64160008
74656948
63930378
62986070
62805092
73637431
73246448
62687440
73749914
63105031
62877220
62792900
62712619
75211830
74360071
62774800
61259366
74548917
61496677
73972926
72783281
61728101
61933835
61845374
60843893
60857584
73357133
73298011
72905982
61328059
73454611
61705178
61439686
73038445
61699494
72908850
62009863
73922978
63015049
63530625
62866585
75040649
63189992
75355582
63712891
74993553
63819938
63553681
75171853
63669319
75279693
74878000
63806670
63774118
75246963
63705297
63288281
76130565
76247746
76170941
64937172
75759155
76217891
65484100
65107743
64970795
76450895
76091387
65197704
64994458
64954425
76034525
65582861
65497703
65523187
76698793
65419133
65198673
76790477
74674366
74379922
75062935
66564311
75269348
75217907
66827883
74907227
64246102
75004038
64451562
63949731
74867544
63478834
63126573
62391032
74995948
74377681
74375761
61340428
73464156
73351628
61336894
73472476
61428320
73588907
73615204
73712213
61218863
61100959
61220294
61029120
74340199
73939127
73886412
71907581
60813695
60353099
60087746
72279006
72210170
71811923
71618429
57776068
57342852
71502316
57339696
57603597
57585431
57468775
72228877
57283421
56758044
56320494
56140381
73587088
56164949
56259073
56343678
55771245
55737209
73844435
73870166
55986034
56125229
74024492
56209838
56084559
56185081
73972419
73891754
56214533
55787438
55576808
55467959
74454435
73544409
55779081
55777529
55549158
73787742
73385875
56020233
55933665
55479082
74612474
55662686
74780365
55682900
74332415
55428732
55475139
74674297
74255986
74713594
56188173
74851420
56256680
74362834
56488238
56494782
74585207
56847983
57243773
75512685
75110731
75215287
57460190
57543768
57636711
57192579
56941980
75959060
57227227
57187185
56698267
75844725
58104364
58097306
77600503
57684896
57851935
77864313
76885212
76771108
58172815
58249363
76729691
76756689
76881702
76854782
76831974
76595368
76677159
76536211
75921471
76027751
76147065
76050227
75569445
76293624
61422319
76302320
61325677
61153189
76428588
61643573
61790329
76993866
61619719
61560063
61502653
61375103
77631840
77552245
61115552
77506335
76723216
76489518
76229525
75722046
75331661
61864822
73851196
61197128
61225444
74396464
61468483
74673669
61606794
62093923
62066345
61885213
62017364
75388932
62040809
75218605
75263632
75264218
74952083
74985622
74285488
73570437
62243428
73653350
62293906
73449250
62216016
73799962
61905581
73950072
73608903
62017024
61703848
74092693
73709839
73566082
62087875
62502354
73444015
62754850
73521580
62205608
62070023
73390629
62347768
61928011
73653687
73507039
61329139
73685085
72439185
61108110
60659193
58476158
72930169
73115253
59024837
59040289
73172390
73646858
60362374
73855639
60179909
59972861
59904554
74124524
74344199
74046368
74175924
59775920
59919825
73900062
60160799
60118444
73924200
73517366
73450967
73036078
59959522
72853290
72947318
59283898
59331261
73282710
73589215
73549625
60452031
60438783
60251544
73808841
60923156
74330285
74571772
61035739
60713311
74363583
60324272
60778660
74882401
74847954
74736073
74466721
74451978
73605271
62150349
62125986
61636485
74260817
61298564
74213612
74235612
61451357
74278565
73593930
73545445
73265682
61948662
73871680
73549720
72785962
72989397
62429396
72845363
73283708
62480789
73481087
62448312
62414482
62122303
61798062
73112328
61659587
73335824
72923877
61809383
73117375
72890625
72422124
62063633
72352824
62073671
62020583
61571046
61380121
72699794
59748657
72479245
59576157
72307012
71827756
59645042
71013164
59743937
59450224
71030168
71103306
69845492
59901731
69777918
70207587
60585203
59972260
59905489
59780304
69911458
69546379
60035625
60045076
69605098
68473148
58842313
58534535
58437691
58253221
67882093
58405950
67832845
68051823
58926271
67404934
67479514
67588184
67279184
66401346
59771770
66786223
66283179
61006882
66408544
65985354
65864175
65795377
65568538
64759065
64709576
64749599
61521558
61094067
61050338
60289453
60659012
60411997
60284445
65822095
60498119
60631143
65501555
65340792
60780975
65280097
60259369
60372060
65582038
65327450
60723283
65190940
65126687
65125198
65623259
65485463
65481191
65465618
65334452
62670355
65714246
65454803
64365115
64250877
62783949
64583286
64652189
63016667
62598652
64102174
64443278
64881675
65361432
65701321
64921749
64086991
64097925
63916654
62292549
64183575
62389575
63900347
62300864
62330834
64379006
64264213
64064263
64370924
64392469
63470211
62836197
62926061
62544133
64935191
64478293
62490685
64533918
64421748
64289064
64165838
63970624
61715911
61855162
64537183
61820512
64463026
64474212
64274014
61558046
61495281
61416752
60961644
60817867
64436060
64608909
60912970
65086545
64889240
65004542
64891782
64588016
62152797
64337960
62372266
65162437
63228937
62626859
65171925
65195436
62628694
60848642
65428061
60780957
60857146
65264387
60985495
60710347
60757186
65776817
66482031
62049313
61410027
66437175
66328246
61135484
66369442
61285389
66354813
61246979
61204355
66428874
66293786
61478568
64846165
65183811
65560078
65540640
62543177
62419179
62316509
62491622
61836779
61831494
66146336
61435370
61290026
60426918
66645434
60504904
60471391
60746128
63462774
63321495
60741663
63280355
60898795
63002459
62854216
62529244
62737159
61661980
63351302
63213946
63079919
62460149
62639465
62184859
62891917
62514243
62739318
62584779
61109745
61028825
63157269
63579665
63230068
61773494
61838240
63392186
61601190
61390086
63282703
63346703
63144307
61717823
61703120
62142383
62152740
61905614
61448302
62263192
61262518
61268406
60854312
63321227
61348991
61126614
63298736
61471292
61721498
64044055
63989425
62124089
63882740
62125965
64173554
61858371
64206520
63549804
63395090
63328183
62194356
62965408
63837051
63533858
64344438
63922183
63376491
63309147
62485118
65671400
62126610
65081445
64999961
64167578
62481926
62447881
62034427
61995007
61971532
64318379
62230319
61671284
64290923
61899571
64271535
62154727
62009843
64616595
62164445
64668134
61693936
61206460
65386735
64998421
61094932
61137052
61095185
65139250
60828654
60154866
66101140
60530354
66213817
66209274
66099148
66368910
66163095
65986059
65593791
61276809
61563265
65705339
61430021
64866468
64715982
64695028
60925119
64033855
64175671
64860171
64728525
61840115
65098571
61365220
65973601
65313379
61513173
61663324
65380285
65321985
61701550
65306206
65554883
61919643
65623212
61743474
61638653
60933139
65985764
65210396
65134681
61222729
61180364
65313865
65063590
64643952
64243272
64146497
61406168
63285780
63163959
61883300
62454091
64095499
63884765
62345381
62568581
62492993
64668937
64615469
64591464
64370227
64414364
64074780
64458248
63761104
63660177
63841782
63797368
63719354
63297022
63693786
63686438
66190572
63772372
66714394
66689676
64722672
64782438
66989851
64963045
67381846
64915423
64115586
62892821
62206820
62274728
62277430
63076166
62712245
62813045
62719979
69663069
69491869
69295109
62618376
62454933
69342183
62848725
62878779
62734040
62630511
70421059
61154178
61128974
71365775
71070302
71230054
61854393
71245328
62390510
71189655
71018188
71507505
71551250
71886009
61659442
71419559
71223807
61955484
70950575
61919943
70880180
71054248
71257207
71460955
71532561
62530928
62334626
62468893
72634102
72505709
71602564
71601664
71653468
71643115
71405581
64393957
64008462
63790733
63280342
72137922
72046601
71799462
64030934
72133022
64345014
64359085
64415070
64413378
72586178
72542627
65177744
72860083
64599331
72672294
72980012
65530448
73045494
65420301
65530276
64881579
73497099
73649994
64865078
63877257
73772921
63818500
73606302
73551817
73473672
63777778
73349187
64028497
64818413
64330695
63733168
75280169
63971967
74854948
74544784
64209427
63925667
63905222
63250364
75904750
62459292
75682771
62389480
75785504
76171963
63255850
63426407
76018032
76059052
74878857
64081397
75293323
75098664
64123161
75337760
75504063
75017312
75058371
64979390
74948396
74832085
65237123
64876832
75081101
75082654
75183720
75037830
65297170
65153440
74439215
64090285
72884645
64292586
73123756
64190018
64178370
63977792
72879398
72775367
72404882
64233324
72492663
72240827
64444549
72294518
71802362
64404169
64226927
72033606
72372512
71147296
64440602
64550719
71346641
71268083
64480140
64153492
64181775
71259458
64041038
71718228
63531416
63083477
63037677
71999488
71776886
70448135
63271422
63196843
63059435
62987833
63398434
63401875
63155918
71929885
71692520
71464258
63485711
63884547
72304912
64351744
72552058
72516395
72498583
65199198
72865534
72830519
64524658
64573067
64234401
63952566
73185529
73061226
72976287
64139392
73158620
72490715
71909102
64725276
71983970
71839672
64817151
71310645
65061151
63762967
72010949
71870336
71051667
63310477
71163393
71093899
71045989
63509834
63598145
71128716
71165361
63410243
63338509
63139510
71963672
63863110
63729931
63567526
71910000
71613458
70868478
70753617
64652192
64389163
71294395
65464280
71495696
65359238
71861534
65437802
65391688
72172012
72056352
72421417
65981716
65992260
72659796
65730756
65436672
72011046
71396987
65781044
70220085
66158469
66061259
65543272
71177201
65914814
71502686
64927505
