58109
39445
45911
15178
16599
17139
13734
15470
15570
14394
16961
15645
15803
15238
17577
13400
17400
14777
17969
17222
15418
14961
14041
11097
21019
14517
12940
13339
22450
15045
12970
14292
13471
15729
23022
12379
13889
13085
18357
15734
17661
14334
17016
13897
12588
24049
16591
17707
12922
18548
18175
21754
15758
14241
13197
12048
15923
11994
18474
11303
15256
13295
12450
47149
273579
589045
130819
15002
12203
1055089
110003
151439
16482
41340
14481
191440
22618
1039309
102224
13204
250663
47798
664911
48699
18939
21129
12852
1191111
388953
250369
13199
232008
15140
15966
24814
16026
12028
14004
16397
935119
13228
19741
53327
15626
12761
13172
292959
189464
570435
12927
497040
11761
13499
12321
1051145
38049
13484
12986
331526
17818
12414
17186
14699
12153
11484
26108
15010
2314910
13127
215075
12883
460544
14977
11964
12715
988115
242794
174844
24561
114173
18298
680531
344194
158822
396470
106057
256084
517195
71884
13722
300210
80865
12761
298315
145176
214996
83721
143316
12494
14104
700449
15759
11921
465890
13599
13994
204567
178490
12770
555332
191506
411843
12347
12834
12981
25588
14660
974300
16223
11889
644880
137169
191875
56040
13190
12467
812395
70858
12309
142831
336311
635738
13532
12279
12485
936627
325798
113113
166437
11232
339826
226588
220727
14200
488207
209748
91771
16298
12165
12376
15088
1078811
64588
11324
443070
199101
21929
619593
13190
897859
14555
13980
395862
13330
12617
11620
14868
16949
12338
13292
1707917
14568
188654
12171
15898
14872
418743
16263
10390
11388
1377789
2077622
289240
175120
13355
13352
390596
45167
13365
12079
11768
11977
22874
16736
593752
225263
12149
546131
214408
13228
188074
15971
13389
15602
1385350
14505
331607
14842
18105
582564
100223
16362
338579
12124
23944
14034
1056007
16256
23633
201416
75925
30264
35538
57994
14402
121059
264609
36166
20732
12224
9674
316820
126258
54669
14443
19832
14529
555727
12311
17030
12318
13005
678190
663102
12515
15238
1151688
42275
336278
301954
105929
14191
759074
11682
25155
16374
16766
17177
853742
200149
16175
12247
866704
321985
189268
58608
17146
931129
14752
17883
13381
576434
95877
131357
24640
35896
428901
671049
187358
21580
20443
13018
15934
1243120
576380
19382
16374
14423
15068
812636
232181
13899
13781
18683
733019
11596
15630
10713
548224
11878
26451
646977
17350
199073
155327
12483
457344
165789
79705
79900
13742
230609
813548
606041
255853
297436
114762
156809
1062190
548362
722960
795214
647465
1522401
425037
955847
1041271
148700
216038
1670253
1121156
232741
964204
47947
111333
532954
595301
2101217
2028156
156304
143152
86427
716125
160461
515130
620319
370797
228148
1003912
886384
280189
1023084
272100
34788
121513
853953
911541
870116
913566
971257
746476
1186337
896663
1004687
273634
1293778
707410
1446097
194280
365530
235434
263104
47971
311557
336819
620679
493287
516447
209192
280674
413043
205648
472346
173655
405820
220229
911744
663310
894928
137694
277197
481732
314602
1074983
664941
1414802
116344
538422
529038
692277
799971
316844
311325
228029
313369
121996
69724
723907
1147251
424406
1366958
398661
269929
306654
214583
931721
546205
623815
384591
260015
60570
168582
390393
317970
844989
728599
583258
136242
300982
78806
1061530
508848
54478
1536732
517562
844670
186154
133263
989985
900988
1255452
266573
176737
69876
149171
571410
401057
679418
268986
832524
150610
1080285
473306
539908
483097
510359
597560
284554
801166
453924
99884
62419
24567
281700
1814648
1272585
236567
703607
265148
801968
103439
1015271
1291262
477218
131160
635398
1441319
1570002
206774
1796941
331870
226523
986038
246273
1011944
677158
79745
1073175
93934
28817
960765
281989
509964
1596800
556382
69506
517440
29920
207344
2019081
1362490
355483
419332
509787
551563
594066
634389
687387
159959
63554
713475
44652
169857
67394
528583
2145784
123311
627905
2871697
321760
579293
55353
1555908
946903
413522
429528
330325
450995
587519
773610
644368
1623238
813153
115644
1682682
1615847
387344
848374
528754
518960
310905
573548
128182
436489
591596
36975
198130
523232
1324822
337298
203602
1453860
55655
109224
191725
757886
344270
145388
328518
487921
330365
376285
375764
939551
154202
225096
906906
899829
942678
1953647
1502169
138466
866099
365827
194161
138586
243236
640570
301196
198070
112039
80767
890120
466555
818634
139572
103806
53234
255740
287562
792705
493805
922816
544786
189231
310593
158648
228653
2225635
348903
1818415
237380
177098
70274
463191
1487317
667037
1943812
1035441
133726
1136262
566035
650692
311032
269585
791348
527746
137068
153478
104986
96495
913926
584466
388715
45067
541597
447584
42859
256228
452108
1687061
893322
301368
115132
2198005
150427
1035104
342970
528788
151949
1263677
724387
2426010
2438136
521594
978030
643461
942429
1014052
1196438
834032
273563
396324
397866
235377
132056
524307
545193
338136
99670
244121
1595744
1175284
456323
382846
148474
2737319
396067
1507928
154283
282623
531409
293695
38948
688250
834095
777070
998855
447637
996863
807923
172148
400797
635653
578790
616696
387216
289716
405841
402823
1422843
519023
1156969
1196697
686128
583022
1209779
633519
526688
214711
627676
102690
570085
431140
770726
752165
471031
799702
290982
603624
168124
850420
205923
793449
35479
1173265
555231
1461609
692552
254901
482763
115168
169074
552530
593097
223493
274078
428084
580155
292983
27200
709391
182694
596328
939110
737176
302880
804875
888234
678539
543811
1233486
84699
141977
156634
212097
579969
789189
299833
669570
775956
535692
435870
1811648
48183
399611
393550
323841
320708
855088
1243310
1473974
1332165
544623
1886805
346935
171713
203765
2390806
1051157
665525
138605
540249
1024457
1015204
864281
182220
189737
31880
782888
804492
93236
146604
141134
480642
699619
538634
362183
1575961
1177503
320696
191209
218513
379912
389369
677732
261469
543990
780113
52956
1229841
564274
90112
1028003
638165
515035
67671
933970
774925
891617
215413
739126
286457
438384
1008235
547223
1516503
641619
356000
613784
348026
89522
228743
1458341
226481
325056
53188
2755702
1388272
62462
52031
965751
164932
601149
1406671
1227730
160858
1164963
456348
178334
134423
127681
78955
883355
140352
23744
110620
179218
1003716
1038092
872978
895383
275730
2464639
2430265
934117
199881
826378
487224
1299859
740435
567183
461307
328025
71404
391123
220402
1040420
854528
188130
120666
288725
162029
335703
93882
50712
921792
1331454
863194
252184
1086413
719170
459862
429229
777131
714467
195868
272762
533449
1608741
116109
767177
392785
660490
47235
42010
335338
107123
157538
306106
454125
252095
48199
1134433
1339689
280193
570877
1118948
1403068
749473
32209
279354
148942
102475
1614845
814668
180975
177965
232531
397541
572683
956762
30522
1204547
994352
571945
101515
713189
538380
1843139
61192
77956
1737219
244857
336787
229260
214140
359602
450919
378505
431776
512681
236540
382505
564558
547185
508636
236327
154360
1878081
860737
663630
80691
180759
1345761
507965
225616
32829
2050313
1065327
71127
180990
2030740
632454
202501
143690
273130
842839
27015
906309
590009
721527
1548228
282119
291723
1559997
356818
489269
1892165
1331830
223726
1204630
606388
242335
68206
174069
1139166
1071932
848001
664246
222673
402338
198918
251888
268005
192195
250196
765305
336367
1040994
162543
241359
1078283
94535
399143
318898
289768
892645
968141
1606931
507102
551988
441740
495970
469698
452100
456442
273629
253220
509839
1410524
1251768
75595
421646
332423
170679
513085
291652
386894
464158
168499
743267
181962
294654
625075
515112
752940
100297
311204
279385
198161
832679
854085
845288
229429
790259
340683
1815608
925166
89046
1244466
396635
337616
505118
359095
40063
1114904
1867512
1373347
894135
186335
129865
203392
443827
804721
551697
428590
678683
713134
194148
790809
236252
957855
755149
373292
1196730
277057
1006604
753906
339554
390392
309785
945832
105701
488279
491673
45294
369385
734617
543555
247805
338358
276179
195041
384961
643857
492259
336681
401575
434812
258818
767245
425789
438786
395738
1115073
136277
1875672
1118416
2012014
543510
545914
288380
708091
749560
157613
624118
256120
310564
246098
443269
81255
245007
1083426
605862
1607101
312075
856665
340629
301672
487836
76760
70093
29246
24986
118714
242176
827787
183544
163617
986055
534465
263243
536891
63434
313152
381809
1030234
574219
121666
432857
1449525
84787
73781
366376
1156752
815407
412508
188494
568090
546062
706251
1022697
57663
822978
436837
180702
404729
591551
247764
1117862
1124480
473972
237027
478437
644181
1087773
1679397
3142371
1134322
412718
286955
520799
644190
740820
750459
310291
58256
777031
239063
734108
405341
664101
426196
172696
956633
314862
177609
39946
1105240
1017362
720669
499187
1352157
1147480
574883
36741
58630
121737
404945
231558
1091026
1110069
647950
650632
193506
851655
435870
361626
1115158
759729
107747
551111
703392
463983
363064
1536444
567102
1224832
1161263
352910
1169767
102583
342565
133460
263793
131754
1719140
198290
1730945
354990
482442
30469
56847
898874
128571
28477
102838
43649
319701
40357
49227
1790061
1542195
1046658
403331
104302
314510
448642
397877
198757
1309887
385894
119247
1686774
1492710
1330568
1345177
496339
263978
60907
522229
1462729
1051067
384074
40765
721098
800123
1415628
129282
703340
243790
2236502
338291
88643
176425
206874
2872138
843109
330011
328976
593053
670064
670742
679124
568434
638331
565299
1434987
438172
381608
427402
934906
308994
1063917
503958
464027
883284
221217
1200956
437929
948983
43502
304094
599025
759083
127452
243479
1515101
223901
1133884
269921
251614
476414
386677
887696
1350143
1906596
40645
53976
426524
1305736
933092
421944
768236
744227
883982
1453929
1190831
141472
1782235
400898
648976
173955
98844
1335183
1257117
1120354
239102
524179
853833
290200
66564
880564
253771
1171957
1267059
207861
23962
1624355
517389
820499
283480
389664
89706
237839
196181
53305
273525
385087
503337
1583042
1216118
898206
222496
323795
514829
596224
850148
903720
271157
761691
39582
34992
962761
616498
1051385
541063
715500
949613
249817
1158626
952368
1063238
485704
405471
119458
619377
1434577
2201933
1884427
1099023
318364
364530
725855
1015329
542765
1750769
1009184
487488
980150
204708
701733
656254
340392
619257
1035088
1037207
586228
1693334
230067
1320999
454834
56791
77071
130738
1437294
732201
1330676
647933
295951
267356
551072
817502
286522
51147
904989
140816
701759
186674
1334955
1123460
608666
632205
748724
508435
473842
803673
658986
58544
891392
613836
616297
39080
468964
383757
312003
138078
1019927
1426243
1437940
701049
409137
305678
161838
145686
684735
297846
320837
1238150
1206034
210803
818116
907289
213330
236869
1969329
452221
470271
249874
134602
241290
849392
1974939
1378742
464674
1729611
892351
574683
167303
727537
453587
473750
50490
69475
768566
739564
488388
441491
800592
1519812
765037
164997
502166
301349
266469
584383
90749
823274
599297
444621
159400
569755
266272
39969
133906
251632
371628
1445606
1093141
426249
1183276
127779
84928
1232392
1202232
491208
133289
1002146
815751
1551822
187017
150551
1515166
1945931
1177933
187758
1232412
176243
966018
53333
521055
765007
794594
421209
420949
453747
925242
330139
184516
136116
95798
118069
670423
88325
25781
52782
864602
897166
355187
737930
42018
487405
172139
282594
614821
508578
287641
234313
93531
51276
1993131
1725043
891492
577836
1127357
1182742
403221
535918
1077047
978882
700999
763167
741786
890969
448429
995566
349502
224861
644519
619985
189642
591145
256778
425467
456009
62903
48415
36673
893264
803575
423832
1140754
188017
1692416
1335961
24666
367301
2585431
731256
814415
2423722
355894
2263775
1007518
1186127
607394
1234571
556813
301466
32667
42077
1485997
338221
421287
47534
251697
1809447
1449615
300188
943855
155604
238496
377245
158825
1394302
2815914
968705
292191
34247
224342
3949657
1452086
305002
349555
541534
677698
348398
788908
733313
28896
1084046
380530
1261710
586330
1081520
1181722
1154368
1056420
124767
1027129
187109
140003
370017
1430606
515235
1522054
963908
336662
759750
271672
236034
443766
441556
496905
344344
29417
445222
854537
225925
971497
311475
624819
264840
752895
620221
899148
788466
1144387
282271
1020031
393346
225614
636845
667741
1122288
39101
916291
1186027
205570
88517
1340069
532350
814077
68542
1026380
1235903
494700
772310
132680
73104
102348
406816
273636
696593
342095
820191
63185
1266181
320635
1360797
453823
174073
36357
62210
137451
38694
158057
384204
56420
513992
263953
38899
208784
523600
506265
392026
564491
483999
384664
661494
35167
138037
1247429
1047442
55468
332458
401700
646176
997044
175850
911693
525384
359094
108181
1229603
930072
663307
763071
572781
1607999
31739
257268
41965
1464421
1180986
695122
705594
743023
207092
100482
63450
337706
1101831
549382
441133
99480
217329
857582
880267
564933
366346
751401
342205
459685
192586
1146916
1081441
449762
990053
462272
129567
268641
1397840
308519
496761
1956493
545105
1254333
622682
189311
346818
198255
278228
235730
560158
351799
52445
834298
562034
337094
176880
385787
1182425
1083894
537693
176264
440290
540395
487075
410038
125193
257653
1285302
92834
817677
968940
396854
1161227
923848
388560
49952
131770
1280858
818316
821986
977586
371677
36969
54478
76961
188746
102926
1166842
734274
485801
562793
1064891
984626
388785
110303
97935
529781
1194002
726550
1798844
950329
659883
645698
353439
577653
1310716
510962
326343
1554044
106870
622189
82489
397118
587507
575660
520445
142219
442612
319120
1170008
851363
747219
1011854
1724822
1912730
125015
521068
1901079
425989
1274427
627335
298892
597168
274305
40945
492805
607955
1713876
1369125
98133
944108
66184
133530
524443
384097
826139
289785
527298
153770
252290
109275
288016
278120
405538
1114826
1160026
983775
292751
234177
327664
476959
35511
680471
280488
117479
51537
1087448
697636
423056
28061
773137
624193
979501
398351
123447
306365
296020
1397237
1109799
578421
384994
1079792
282070
952341
323408
653326
575485
658128
823776
115600
116636
87368
2726444
352101
221757
225990
234586
198289
648498
4086969
1893027
329209
442735
520752
245727
800269
958939
590784
1193035
59868
620983
256092
685740
696780
675398
820665
669310
632688
239353
813600
462736
369188
279181
214690
458455
538086
97008
428567
37761
392420
451607
571755
746032
504296
35610
293958
1231569
677331
214441
565122
287607
388297
571376
811449
622544
147085
104154
753408
720963
1346282
466337
31940
1185418
756571
903993
1083832
605770
582619
1157281
1717020
82249
1787397
550005
1132217
338623
310790
414798
397091
206328
518235
331364
1254093
777179
103877
1587149
576983
935512
1209257
1255437
831824
1444721
664096
1386454
565296
1297181
363125
957026
532778
419059
405890
760813
128253
100928
605956
548223
334920
246306
365278
1852219
2073491
2332160
675629
1099074
991505
454333
340498
111247
1636427
300327
229494
227806
575463
416014
379896
299837
184986
118241
894099
134400
432002
132190
1591794
865072
60023
188517
419403
830188
106812
182867
87279
811696
199719
817250
62696
114480
258737
1976416
1508423
373287
516435
416681
257521
333482
142221
396911
384362
644950
215810
875027
549840
759266
588507
108996
213731
1082663
1230545
1152541
1393900
900580
629414
560890
186773
144929
761569
850027
342283
1792487
187149
621505
219022
126014
47961
842586
453665
430542
614397
990606
1075487
507654
2447850
73566
620995
40548
547464
232409
560605
392924
831619
427762
39383
54037
636353
291042
91922
618074
497633
449873
846890
72342
45514
525534
308283
315577
760314
718175
358573
939759
1088000
391127
24175
1318995
767624
74590
56095
1510161
874471
1416286
842574
882941
332463
306687
57612
1445726
212255
52438
1594625
843456
876928
590021
462248
522636
516221
613849
693333
611953
483915
209687
28886
524797
199093
139430
275966
1240300
218428
1533923
604188
896579
850444
387000
509297
396155
478797
167918
264253
765563
257756
189367
1020977
1082434
347014
296134
974325
684303
396396
572440
256970
1390256
153398
314035
1284609
494965
320892
1357920
1430499
815881
1229954
85587
330764
1143636
368253
1054222
181895
324962
176996
32128
196389
1169426
1036849
1245762
317994
129365
35713
48809
596706
377511
158195
884525
780530
165442
42420
265097
429898
2000894
319466
419898
262900
131376
584222
427339
433806
4531648
1225584
56682
170515
3940302
996341
351308
176716
141357
865625
454510
305998
113745
752653
162639
84395
533471
216272
154680
201060
398633
699663
33258
630462
568427
440157
246631
52202
310697
790598
642433
401987
808558
541211
931760
53656
534680
190021
180009
1123844
1587071
805878
721058
480589
121416
169254
960493
1002115
396760
76320
314224
148790
563389
695426
34785
223701
143307
71516
1397004
278924
34917
323268
1447983
529418
159457
406184
348393
219147
500094
606830
503521
611239
346212
655250
432737
1032767
308661
59581
60506
76549
567988
1460789
1150656
546548
1483405
1289450
998607
301221
528860
252757
43927
307096
245121
402285
847113
1962946
698536
140962
3093218
850716
117449
280933
118683
1769006
656610
84219
438090
269321
1089560
1480068
1559299
37466
1186865
525847
84884
1301060
309937
28519
1160049
726100
711867
468749
579281
802217
327275
1174978
157721
497616
1509017
500906
1132238
640191
298527
35956
1416518
1551794
1512318
103005
525099
1427574
784657
1454524
308002
153953
213770
243458
957602
995103
25748
100643
1375862
495963
104041
788604
498682
339462
481374
332466
401110
181885
466097
507725
565096
226989
561909
1043082
868796
1731753
2186249
1187991
1781555
501479
538309
299439
896901
971565
1255557
190339
294160
317059
326650
522227
243274
992720
935669
680421
59416
147732
497551
157487
69234
121200
2596214
2220726
418137
603922
244638
115870
803788
434700
991172
200350
133596
793839
426394
474528
452007
842131
867198
614063
324229
208083
720718
561390
245166
1126279
498201
247977
116620
113546
1401774
200833
44626
117471
1144440
120817
799833
1286482
2836869
2492241
485299
232798
3201142
1822197
2662496
314277
1277949
746607
260825
858778
41841
1080044
460985
167037
856921
1074767
1047988
749312
560587
1107513
165179
1429796
562343
1636064
898959
368048
790446
361690
242221
42580
68857
816706
1065897
608019
1065018
92086
30245
427113
316401
736772
673105
885470
773412
198503
534887
1835787
64871
655411
285883
373314
24543
820826
734342
165852
116021
439992
311528
85345
529004
776233
331511
286577
1713480
1432095
527332
1075870
171642
293648
122699
1398737
215542
1011291
150951
100132
203735
363598
39801
908706
964383
181375
106378
211506
727662
530364
29794
166117
965787
334451
1177887
713506
1097471
1032058
419922
347984
314558
1238943
431471
1461284
1235445
127050
222760
649986
414452
143316
1299922
38267
1349871
450756
471163
521220
165190
84928
614180
353819
311854
220025
504838
582358
2418928
2511785
389083
44782
84768
378693
176886
1002190
131317
968068
152423
34275
496575
774711
177798
55374
234234
1430694
1376465
375027
786109
482697
251263
76899
1481340
455277
1526802
151377
1081339
1120389
312381
463072
238164
404912
649518
2424863
424245
83550
60326
91689
63122
241920
625216
2153723
1002112
2062404
340264
291924
580165
182126
176181
408834
903155
32151
293062
802413
3073776
2776471
342431
387551
331779
230763
240867
1646388
491898
93165
896083
1078950
776278
415538
1113446
988828
799048
25281
1051618
106268
78575
164896
184339
332445
513603
992472
932336
76848
724600
437020
261992
326067
698495
98423
1539579
1395083
243077
961666
1008350
1012671
1944631
630269
578758
1949196
896291
554984
673000
1469222
961205
1150405
220278
378539
626211
567525
297670
271418
290585
153200
55714
341977
386327
201371
413608
1108296
442377
1183141
1451410
1005875
822939
290698
724478
553856
807675
366212
64356
87736
122000
108409
251642
369624
1421063
1229475
1151039
498191
846908
721290
903605
514486
664080
1067778
827825
693992
746326
470014
299016
209279
1606385
1686428
415705
550944
353728
213499
201790
47181
120804
155610
36962
1392212
563003
178336
1778122
402568
35798
833424
299519
351301
488569
372611
1117854
1021902
1094690
256791
515677
631881
921658
1385329
665328
1350454
239370
1634359
1121541
121378
32616
1379607
273310
29074
93786
331547
91816
1383611
1615569
606342
1065271
380807
45639
969530
1664198
1827590
282107
844166
32073
752782
426712
1227537
588507
322798
885122
414804
187868
61211
267785
154118
84126
380180
1388438
1405583
619096
107462
235560
338384
1096330
110137
630054
2648006
2483694
142548
717077
672026
618348
956886
432135
337500
525462
580368
161443
1323681
29384
185356
120108
73079
116371
1440240
1753107
1261154
244547
1422436
120040
1580483
786926
243892
145262
248237
1086963
404647
554678
756075
202404
1712844
1073014
1724696
411069
722437
1241982
1081753
503919
54876
583557
1448798
456507
1551749
319325
103615
136141
733123
601417
1138315
330877
1465008
619888
321545
341857
1716799
1442451
409154
182047
425531
629242
1351096
1183408
160647
1197440
720562
840572
513064
516600
596720
821634
121176
991378
787197
485079
707186
776026
30490
578327
656521
2209233
221043
171903
116886
64102
256235
2509577
415806
1314815
334526
817976
324908
816793
1296302
1482988
714311
178862
935823
273537
497940
638896
485714
28109
208701
634326
517339
1090237
681943
70611
247479
704635
1279928
213333
77437
1783105
1532550
721104
1242902
235357
1248490
956719
1253909
283601
238879
837464
689140
92935
1476823
707985
1222743
380800
839769
954470
833755
637443
455831
2056933
415643
1848723
621886
916812
38233
195572
1290665
368761
991114
232604
186021
609503
548213
120527
544310
480960
534731
200075
69868
732504
347279
44802
355926
391767
265496
1013085
467067
33160
440943
1408088
1343768
221490
205802
636177
1018658
923036
1582720
831622
444736
469836
1163739
112674
105122
1041926
183930
230350
114452
313957
1432263
1106550
843325
473311
1535297
534276
1561589
253320
614314
594644
465372
428898
1114367
472312
254697
155321
41523
1546790
495277
1002822
325075
326783
268444
492888
260980
463171
1805961
1855481
272608
349136
130988
494684
47302
954446
1317979
749777
53997
140682
1186542
519009
387805
327324
94587
121479
387297
2084721
1591306
786978
1035928
985260
222680
120915
449337
1028962
223920
203831
201241
1135981
919096
1594677
203547
603972
2580440
2247849
701744
28969
560512
607547
276517
268604
670173
598208
269353
279031
1070240
631560
431488
31974
1750164
1280470
107442
1341970
797765
1064685
443983
541808
1274877
640106
285426
130670
679400
984558
646257
1561309
160326
1441808
1010687
43229
603083
1931699
953751
275569
208181
1248084
284839
246860
1739607
1672172
458406
972642
781100
497056
562361
55695
1397456
1240939
985067
247322
1159110
1533628
974064
585828
373209
1421058
279543
399663
272377
204156
92407
339727
1812989
718361
1888961
182510
566966
419109
296443
1279310
1218188
1142642
564102
644768
722158
682494
106524
486026
452646
301418
187668
77546
773277
765946
890740
198969
539862
828424
722801
445242
1854577
251719
1052671
989481
524418
1524128
732133
161181
444526
551593
373759
588153
331440
450644
415484
355379
120826
193523
367686
544026
492941
564779
406344
317469
2052231
172767
410943
170373
215373
2941509
2833284
951072
638975
400763
558880
305179
1500284
205625
187832
1397478
1224609
1506140
350407
171286
105472
2205042
603413
1911713
525595
873339
115939
1021713
1162013
519716
95387
56393
618690
462641
42327
40242
895313
795273
52639
1157495
198043
1227757
891269
1096090
543148
351465
87331
38382
705967
411706
530416
101369
3409864
236462
3518084
630218
161795
108956
650942
438920
290792
157544
962581
533185
587406
38692
44779
1959150
664563
118163
305459
131999
1870135
179156
747745
931050
1224808
1122773
194394
609642
312751
865785
1127836
571613
387217
151308
563473
535663
636765
229760
200825
957240
1043315
1562299
152232
540706
75785
521828
264059
477800
576545
1020776
444643
432059
202707
115880
1384185
1232086
662758
315016
291393
705341
744089
1045010
782707
430411
363328
184034
800143
187048
355955
405836
754336
448612
136207
76995
119744
191868
375961
150680
699819
766128
412547
230063
565644
900905
254035
1435649
491963
1843180
405423
404617
46624
1770243
1185415
255817
181097
163361
1323211
602584
668384
357215
38517
694215
628789
99332
879355
400411
376961
152540
955676
872432
499798
58350
596838
381798
80568
1077710
733300
301351
1692879
636980
162504
1538975
659776
495326
246690
307915
285600
207863
414575
101463
74880
102261
271719
247342
579571
116324
559937
634585
332811
506706
512276
517069
819178
101926
190684
849025
773523
562862
872417
841994
1616563
1071530
903829
288862
347129
191408
1324253
281744
299021
82924
972243
962151
598399
451458
194959
575085
599214
811026
254614
342645
33162
299642
1422950
892271
326753
230654
653185
756973
216902
408939
265761
728092
209927
216692
78998
30052
1555929
118132
1566152
509679
578439
607823
294143
462017
163388
703130
1208176
198198
27559
116762
1206369
468232
773599
717529
986626
985023
1079484
107849
185548
42338
234980
157019
1361405
482206
1278731
445026
354341
518078
115494
41656
137083
1389407
1746421
403744
1019237
367195
633890
140653
1146444
540918
767619
465256
1453136
1037502
642037
105945
2444058
500069
1706413
790622
773086
625890
63650
1188902
503811
1066285
197720
171986
205425
534275
765224
295156
1558803
1546185
1162928
1671621
937417
822879
721644
58963
52694
862422
430752
382476
70839
77479
397681
646160
102782
228081
1148946
212950
60882
1150357
354772
134206
1304201
1546511
1504730
484416
451132
431459
192357
486297
665827
767418
242107
246704
63235
78844
844582
444915
611441
172946
223932
239864
397875
724366
797990
539992
385107
1636150
1429169
1294380
178066
411932
59554
376716
713532
848120
162553
149438
628223
272380
194237
550088
924030
1226245
2187476
489054
838643
414697
3085449
1840155
936632
739777
303470
178263
1141156
646827
484986
75766
152442
368342
886736
892347
364301
657155
828047
880502
35321
152485
609812
122315
211068
1591731
119639
1372105
386702
110510
496580
511027
932409
258002
969225
1110196
279905
555100
492283
673771
332140
902348
701527
1927778
983806
49388
1811511
132226
452017
666659
793113
678687
1319975
1765044
1823344
471463
124218
427028
305109
124418
170142
697952
4192678
403090
3459576
292276
207643
81870
40088
571742
712036
401962
617298
275366
448191
101495
1153191
1209037
755437
55579
1345049
798803
673913
1651955
1062978
941853
41380
134195
142632
388761
45179
1576268
66867
1458593
231076
771730
1030985
1290411
152886
886784
393000
216943
2049215
130832
1958075
330544
102748
488120
101713
339862
444189
613186
313041
125622
1021324
387582
214717
460513
303866
661565
500672
239235
651686
590502
317562
1507774
47909
908093
1096321
701179
1566253
41249
999024
265231
911504
452866
272190
544871
100456
271325
42334
93222
168562
178986
907656
1036650
651177
268389
148897
1125722
165785
34196
204503
158591
36488
481391
1776104
109635
70871
204838
1186154
162081
202176
1081058
1023744
340471
273113
1162061
636955
749274
546366
798095
296638
63444
176359
282297
449305
385726
729478
871603
1226282
819453
178772
251541
858068
261938
354984
1291560
1265052
807415
552401
1168611
1268904
1265483
409876
528719
493958
569144
221810
717047
1123887
88491
908825
42272
57907
56095
301166
86368
256219
339003
203243
136114
1028042
71071
912611
261352
1089240
328757
335060
763403
721899
1056265
849808
1184484
293351
38204
302377
1364009
1425125
323999
390632
398831
1421025
41715
512974
324918
659430
273112
746716
511750
79313
841481
63206
604623
368747
64340
448823
487081
553427
218681
420744
892579
768393
637029
631844
617746
475367
506780
357673
356383
53193
483346
214101
153696
28478
189925
321764
566255
200155
82536
362925
106112
1197227
129588
779855
1933683
954141
2206622
481920
2163088
897073
963741
138191
111672
417627
619346
741977
454808
830730
905540
1265753
455149
287097
42331
460879
148591
364053
229557
330408
665012
787271
914977
57704
450170
2712178
2425364
503246
36706
318280
64142
658534
506348
244570
77374
499482
1489937
2325485
2391055
222394
400966
658218
1220662
738573
273587
1450483
399552
815622
933070
1128155
833251
1388891
194758
137063
86596
121217
80490
198436
803295
870658
45927
110829
1053384
415457
230745
596006
71412
246329
886340
1170388
1188252
125604
1491986
1199982
442460
857368
474304
409276
975631
1965523
1790308
1486356
405603
1414307
970556
437137
35230
1601779
388482
287248
1400314
653838
186450
115738
1618364
445963
1045863
184848
88483
557679
713924
140399
759092
327921
362129
801175
713387
265426
253789
885964
660883
290509
522899
1529604
2091875
1805718
154075
159903
1324861
628927
354653
615361
357217
925931
435066
579364
693462
313757
75412
877811
678400
166995
387687
339099
807706
696712
586064
461660
98320
202043
573971
36037
1294517
1472640
689740
763292
442051
413919
495608
973337
578225
257804
132133
392257
48481
582043
542580
155049
121991
741320
430883
221740
86612
172004
214325
294097
95918
1334382
1040985
310106
111374
494162
220582
685834
958045
1040996
287436
1017370
290112
614156
440810
933565
750442
353751
282363
41929
165682
112456
2022721
802040
2249037
964896
373344
230781
36710
551245
637847
1014189
177356
887264
422458
74932
698024
137561
487916
217069
430808
458245
534994
469598
554180
352129
202721
32894
289483
149102
172824
678220
241909
84890
41713
235490
1221155
623841
568143
619123
682114
1120082
388093
965231
538308
144598
470379
377610
280519
48438
412769
1025499
251576
246620
125916
1199907
393367
311249
654543
32594
281884
1687781
442466
1562940
510010
667503
818558
210468
155888
300983
242309
443911
304484
93595
2381458
344337
365527
42282
151948
2682618
193559
325741
1289921
855858
406696
678702
763350
1347610
401943
62218
141312
165647
138941
502555
573832
640412
1110514
1593727
1175323
446034
255880
1007153
723115
393685
1441065
121066
349535
1745778
435394
1862457
627179
652600
695175
319247
232251
141301
111292
419511
611820
766232
591097
1125353
1251090
1187088
557107
1450623
1336801
1102693
197732
249771
337023
902242
202919
584118
272603
47419
889250
861450
104930
272527
320051
833342
832493
801575
453824
220528
491043
508360
208522
342646
788517
557846
1380222
924581
1067614
267874
331161
58312
135580
42476
260400
1356245
508733
1731872
492765
217577
2127678
1234963
1737544
486656
443655
1241194
1180589
215207
1632150
876523
409935
393617
180681
633696
484410
282564
2339649
318767
2349725
331137
393313
602448
212712
506625
1064995
178996
1258171
466698
164557
480061
163400
83552
484864
52444
811023
1020704
604275
183686
444893
1186038
1000209
435597
560850
517192
1203439
501688
173582
342232
712919
1308545
488174
1460829
1269285
712555
1143434
879896
919710
2806230
1295395
719076
185335
204842
586998
630954
997576
1131399
394012
606436
110779
1362441
549233
43086
1459193
415583
211491
83516
449823
1228206
266792
347941
1487167
610145
274014
467324
117551
74880
939749
947864
216925
317356
659224
1043052
524492
1419217
719196
151805
732935
95700
308010
670868
112281
160966
845337
252930
54986
604954
365915
278725
509506
242144
916552
204448
1010567
47761
196903
222753
424247
393487
371337
828882
646366
508237
273499
333863
96231
144291
633455
582438
301387
370074
616139
543919
335296
1623376
92892
56188
626033
857424
929465
969885
297730
358544
530442
1757976
1284995
455231
87685
412098
434086
66748
459720
285295
300312
942467
382054
153651
381625
1785935
332499
117680
1293303
229969
1270043
965250
951539
47002
160367
511171
294785
36220
51867
718428
803178
850196
167527
923321
623750
442333
1197774
1041079
823758
163557
1209521
176738
27883
55922
1449353
1370117
883142
1164121
633773
1437743
585311
995776
780806
397362
93646
633477
1094201
1216202
566617
435000
408620
474549
108851
587898
220018
807115
694790
441985
1213391
1059047
449698
1078960
