64465
76336
143321
139671
33368
34861
31264
33187
26807
32242
33333
31789
41615
30838
25335
27264
61586
30615
30340
46547
5358
27070
41029
65191
30533
24925
22613
37476
39896
36939
30166
28208
29175
23707
29961
29186
9419
7372
25466
28265
30017
25055
25744
28827
38693
27919
28339
26854
26286
29826
26414
29055
32976
32194
26393
26984
47742
61014
40603
29715
23390
7809
28942
29594
27475
26401
43954
27747
28982
24938
28083
28131
26251
37311
29365
5681
29766
26208
31048
30944
46601
30317
5736
28289
43685
22259
5699
30525
25757
40807
31005
36617
58916
23784
24716
32407
22517
36828
41626
52074
42038
63520
78532
33451
58815
33160
40718
23836
28564
26296
31416
16916
25042
25188
29601
30517
14064
25877
30342
31295
30533
29759
26228
29455
29231
27189
9611
42744
25626
25958
25833
27373
47132
20856
24451
19389
26015
28608
35182
38621
30910
24321
28648
47013
21990
40273
48527
31003
28796
47245
49283
34039
20830
25423
33778
28735
22493
29853
24429
6298
6353
6244
25410
27658
21476
25385
29749
25082
5689
16952
27322
28726
26864
44156
23763
26418
281794
157706
47704
105829
77687
99039
123139
33495
13173
58183
304937
64570
65862
26506
134197
56036
32238
27393
34934
224557
29668
325249
129220
57383
69571
130187
38753
103042
82857
32188
42602
29960
178036
27744
84075
42782
42235
22514
374770
36228
24010
166064
33316
23816
82042
28687
28170
215615
29991
27740
24213
29927
27652
314899
13505
218267
149229
31955
61568
72246
100850
31070
49246
37652
171091
89415
139461
272948
64948
27368
25432
30508
259489
26098
188274
39593
29922
162039
75835
6428
43384
77998
39716
28727
245478
42262
30144
25042
23798
23932
253825
96131
78003
26695
37402
69499
47471
30261
86604
49622
35366
70157
42962
21460
88729
26097
108463
66750
44803
110780
131530
24980
27330
408714
23991
32837
32182
552017
30867
52250
4479
26885
44883
69343
126874
69635
56080
25413
42090
4243
223282
22788
53041
35275
36361
170023
28117
81665
153125
31275
26976
149197
88180
26329
85285
83309
159690
32952
84501
50097
22086
34604
35345
14057
5736
252494
26759
63848
30084
37310
24269
267494
26960
288876
80780
28639
25185
293628
117939
72354
32524
24243
19477
25529
323134
25391
208149
45773
58273
154793
27311
235498
36987
82117
29926
41065
31982
28945
414607
26020
213977
27295
297914
88719
23359
30926
252250
31461
199975
24518
24331
232610
3667
75992
68045
5939
164432
28537
72152
39278
41389
86397
98569
202661
39304
79478
38782
30637
24350
58385
25497
158252
112682
185705
66179
105951
242100
26380
24369
44374
43200
350244
53221
67180
27328
25435
35517
35892
23546
676407
34720
26451
60547
42530
56549
163930
75100
41372
28649
23601
291379
33542
92956
29188
229739
106520
234484
134341
33410
29613
30320
23878
27176
290860
25246
34945
45966
31294
56943
434414
93444
66029
33647
93166
50046
23938
144313
63163
32497
82436
23867
110972
57505
285766
38880
25944
33595
249413
189756
30322
80715
47054
109587
95838
22333
30909
80498
65461
32326
52677
35958
24931
495773
27734
96906
27826
158577
141732
5965
196693
116123
33797
221105
54991
116536
34466
28369
180557
33961
25748
26006
15600
24639
28738
25455
804888
72816
20843
160436
26882
79141
24800
97582
27349
244104
31991
155809
22365
137919
25826
17479
22357
42921
29149
333402
11151
123809
6241
10554
22120
275479
45099
177346
23101
42036
59380
95958
17939
4933
412379
229565
40230
140758
28553
27179
24220
4723
13679
26308
230588
33927
43617
27035
47979
59961
317791
26334
26653
243104
25213
26235
23715
30639
26305
20443
463487
41346
150103
46230
182615
60398
27035
24907
31522
5563
678058
10166
23649
30605
305930
20393
24103
241353
24688
102845
56745
13903
81263
23878
33225
26652
103133
20061
26195
121270
171179
23028
74142
23998
24794
18673
512498
54480
104936
21662
103636
93918
22553
42223
27418
16932
135039
22652
28059
30269
341492
21323
27282
181182
34544
110426
37368
25419
23343
101685
95209
49553
19115
32063
107289
48515
26961
26755
285439
46825
23167
22962
32188
25063
293167
18089
238745
84214
78933
43822
50054
63228
59655
29435
268519
38180
32629
26893
30867
19884
94583
29161
26015
308283
472642
176885
354522
25526
34020
325334
39674
20782
4491
196236
49796
27309
92209
42742
22994
170645
157760
26122
63987
145620
22719
442718
14995
24328
25728
319820
59564
23795
23275
145646
15496
32182
24492
690900
151982
21133
205773
136035
279472
26685
101610
58588
136385
75266
24487
23294
482608
22447
461808
77925
132069
9771
123708
24232
181552
24455
107911
18366
29837
40299
252016
53709
25637
37226
18508
126207
24302
29630
101066
139358
45538
100365
65968
21534
100475
12980
27752
315125
115677
143873
81140
12790
147733
49593
58531
27424
23921
168788
25751
123117
163133
29377
21022
26987
215088
16023
93602
24654
26839
44898
320587
26650
196396
67219
50346
27687
23086
25328
160399
43660
21282
71884
23871
155131
21841
38342
119416
20854
225875
24292
24961
117369
26536
13846
416414
26688
25629
25927
62772
63732
83983
27969
17900
25183
31066
29272
23781
33437
605250
31893
26732
30536
124829
16751
311115
20592
27239
459080
196785
5134
130753
69360
84676
29107
18070
244484
29559
194808
22955
41325
301702
79716
76318
16288
33232
21002
32608
23658
37051
18241
246320
198360
138552
18350
114800
30630
24078
20474
21745
30265
247557
19949
31864
36692
55716
271495
36121
21899
205078
45079
32363
25024
323318
15645
250978
109039
161305
28271
192272
134888
31098
27849
244304
21317
126067
40880
26623
85409
23530
81313
114753
20348
24463
25991
341763
71883
26284
421622
24109
59773
22841
30540
23478
304886
18935
61368
26963
28092
54148
23976
36475
90605
86936
57716
23600
23169
234123
22929
22585
141528
182317
24929
28847
257730
25395
84031
55781
29065
27569
182266
230722
25683
57837
181319
104670
27946
29173
117771
106474
13890
202393
26388
68303
37836
52400
29542
338317
131488
26711
23406
23148
20360
16415
20084
582966
14417
180162
23800
30198
776719
57735
109684
30445
68895
128224
53230
33362
33713
26570
49988
443502
19666
92143
131387
32154
287129
26639
254428
69923
25743
32240
404836
23849
28020
268838
21614
27342
24171
382951
34270
65963
32276
26953
421975
115333
29989
57140
316785
76362
49333
139179
31177
23410
217199
18281
120596
33084
27967
34416
41521
24532
202012
17290
202716
14483
26669
18369
27590
336020
41642
86003
47303
26392
382989
23483
15895
26135
306682
23446
422391
18905
30036
34408
471699
53701
17771
71823
18516
22639
17233
22310
311640
30089
229609
21001
18418
35857
22228
23990
24411
702516
70498
29243
20720
40032
168156
24009
23215
324818
112058
21819
96575
288325
159640
49709
55947
49413
112578
35447
140193
768185
76894
353424
161245
103897
154338
97913
62039
275975
251677
305745
304936
147265
411851
225327
427650
283103
59669
39322
512463
343182
192337
187251
98954
49338
113296
44146
170525
31773
667326
47497
137669
79220
65900
58860
830518
41876
120874
412838
68918
201696
105185
69735
148276
111356
82676
39239
262012
196517
142905
32505
114443
495317
536925
725115
290387
117464
175388
41502
224645
63055
442575
350903
97676
155532
304795
250024
36179
189539
73795
94110
110572
189162
196513
111428
164240
49830
50921
55836
59508
74191
569482
96813
556364
80021
66337
213274
186293
101660
192122
37763
129043
53068
128345
62846
98185
368348
113997
59181
501603
173118
42996
50113
402503
166288
279280
208553
195297
251003
291879
510069
172316
152791
335819
391816
133117
402356
164813
135314
31984
98821
176077
143268
37756
218811
159806
369116
406611
40187
574091
403148
159379
293132
119578
236903
276567
301339
273970
211952
263653
57805
119078
243792
99313
336055
177117
395449
214112
362716
145219
169503
120898
477763
103904
384822
87767
39899
57354
157106
52123
384104
390659
224789
218819
82646
303147
156443
127145
396764
297240
71331
213861
258121
110088
80489
129486
524689
175674
124680
208527
453536
397202
46750
539620
183365
117257
60318
106903
57935
75825
347511
435722
135734
258480
176248
33548
206627
48566
81000
59074
38012
49423
42810
119297
35523
54558
312728
434759
356201
48380
379932
318978
163749
169145
126425
147161
74686
184142
186619
146347
53550
223368
262112
113472
296926
324631
460478
213003
180741
215434
104907
40248
182080
196535
116822
186148
112005
85875
147962
38497
182612
423871
308915
68162
100487
481998
57087
251715
430391
368967
93867
142553
129852
41311
67654
90542
348280
121106
232154
662310
458234
111404
282910
278711
496356
107308
80052
141484
170968
160050
109693
378336
289108
89581
310985
90893
433911
389682
165442
40465
118515
223453
282495
255389
238719
64257
88996
87426
99670
455361
350331
138106
144493
162919
645105
29184
33871
625324
155212
149639
822866
307310
522965
307319
163111
67517
405463
257992
72737
354887
147453
66109
42941
273194
314538
387837
401663
189344
116088
53921
592390
363160
76574
164105
399430
315188
79033
34023
299439
173617
283816
107593
41118
303427
485569
479715
536377
218497
181432
211769
133962
215714
309929
386047
270780
35915
43863
303924
215397
130591
223720
150124
154963
238535
252299
34327
370138
325668
150671
612338
149812
443881
154329
637336
141778
856736
825288
254871
198239
562062
344194
640499
169365
84254
159089
219822
414206
363737
168101
240507
213692
580540
85167
247436
165427
36824
42965
343970
51633
317668
172679
255421
105265
333106
193152
111976
42720
62516
628671
253958
74371
665593
206088
579031
181998
233629
40978
680675
221018
35458
116607
569943
292644
380063
502039
242453
109830
117554
1231441
1006415
116957
668371
105534
65204
382006
65224
368177
94972
181779
397199
42637
531486
153744
517085
188363
39957
50506
124037
499500
158784
521014
118307
78344
244585
98546
263951
199166
195382
218833
94617
114820
37685
89588
135866
29001
530372
477898
200513
430782
326774
390205
76349
103672
289571
470904
340599
93312
396573
321809
272978
26844
506482
718212
161937
801703
287097
120182
77029
265080
77687
41145
186788
184528
555851
487810
325246
286637
237334
43984
35797
56979
260152
29840
69275
107806
182743
114721
969106
87563
813119
41818
24706
248771
227369
98422
120117
130141
150972
295641
249123
202707
572486
447819
370231
108353
247247
227930
266768
92334
100494
172940
357354
91120
205781
167329
34577
26852
33024
744719
713354
131812
69284
143746
394414
72525
708982
467509
46407
134926
778889
212645
252463
334139
385605
279109
129488
631604
348706
581576
165475
215344
204045
196307
143968
114086
209582
89860
87066
117048
35491
44733
159513
124771
251965
154664
31277
275126
183169
93375
125679
247890
320137
270132
177399
84286
146874
150002
47196
211497
193126
242477
200292
35490
84688
521770
70733
790899
434208
128161
494381
112016
167468
243453
390767
281804
36530
131761
34563
520641
293642
119305
151263
127525
86207
111308
491213
440193
727889
413539
170003
121391
117844
103854
67870
42147
189633
57482
104466
305394
229998
443419
174643
414113
191299
267631
149693
189412
169780
32183
236159
167900
200997
213183
249713
66863
310880
177535
51506
93073
477922
35141
52518
381587
112069
47395
31311
52317
43941
134127
128553
34746
492151
421054
330853
363962
388938
111820
94620
77710
35427
70255
124444
29450
321839
321275
135405
181064
304369
314527
89609
142383
224725
469946
403095
90814
330840
46457
49230
55091
147366
30683
199000
104240
64596
72653
84825
74282
82989
95198
268671
125214
93002
153675
112995
274810
62475
328362
373232
272953
79087
98375
433498
34613
361737
404924
458407
244703
313821
179554
231447
219284
576240
322624
569343
97798
121671
251796
445373
54795
106243
68622
615593
114359
61782
543217
124802
207599
121815
110454
82423
75171
340277
188913
409910
227662
209928
382835
491851
205296
157508
556674
98718
204796
33985
160910
41302
280471
46505
126208
84915
359231
81852
46450
303202
218635
197721
352223
223724
41422
175749
48835
138820
188130
191024
49671
77240
208665
186128
324647
264855
223515
181268
57853
485924
90356
455819
140306
132622
423211
187765
95340
511663
153329
102906
82464
43254
117284
46314
335264
415180
170588
74913
93240
115520
113669
487904
212817
142230
366198
184021
68673
336133
47851
177337
88878
216850
463740
430052
474850
344084
416214
49063
34847
320469
375947
286171
170847
97676
477327
95957
113876
128824
94655
295056
319194
92406
361754
201289
327358
337805
282224
409641
79708
31028
440850
260484
128115
684683
550436
340762
201501
191438
150420
38574
168073
155211
215664
249526
326780
32146
57450
538257
137422
104976
70050
578121
359820
173866
43846
105599
68993
94789
485527
100906
89927
512020
293649
243551
226363
124633
146666
94387
170854
91113
172423
163252
188239
237367
159843
345834
181952
161410
263477
210280
137623
306760
334535
256105
243037
94161
207507
152339
302571
436995
526259
321454
88577
77016
780884
158181
198178
179386
170912
155062
299021
604842
51230
347471
211099
123569
202357
172786
179797
54168
493158
447199
185688
130757
74530
183149
70797
372690
186739
54114
48929
565927
133010
40526
385632
73972
259984
137542
188492
41540
63849
125762
56104
224141
222635
380760
214313
116093
220106
31612
67803
305478
65955
338720
164939
134022
352562
271391
102066
142099
292948
330123
408258
180700
90412
194483
136790
375448
89839
133921
280890
944120
607789
340427
230650
80287
79084
301821
91147
64122
38598
290851
297924
413580
379662
298580
350692
635228
45733
801742
286039
721238
421017
332173
490372
35254
101754
391241
311524
92192
241153
158602
422315
36717
281550
904437
263930
43027
92068
37558
164696
60212
65499
131587
1336051
37127
635456
111583
171955
70927
40968
207814
91887
33010
112685
247002
51970
25410
176683
49248
55171
223116
152649
60546
275374
161752
250793
291460
41325
70753
44480
73779
521368
275403
479212
37336
48518
275805
136623
102319
186722
327220
97053
324705
59449
134111
137041
85675
303734
199356
450897
273443
213077
44325
81491
257393
356363
260717
132466
475883
229842
168219
305856
52913
40925
31093
317853
250274
248862
65332
208036
218335
92332
125814
97189
93193
100081
165325
211853
155399
33587
147795
83464
519103
480508
266105
291381
117431
84739
350305
159268
56684
159092
145537
125589
46897
179423
125788
37657
1165585
986963
308279
88466
27382
222637
239262
130404
125113
128028
240031
177502
148946
165520
92613
37319
245343
133689
323630
112518
41729
32236
29865
49476
823781
859357
395308
146819
470119
315119
83670
122146
72386
217478
205841
100223
177408
99652
56202
65534
247185
160893
203113
443433
231691
26603
24157
593147
376139
111295
111231
76175
390946
321052
275960
427465
96385
229808
77103
239335
208540
347669
335167
340897
145404
202688
300485
99623
59701
113993
545303
171584
396808
121709
193895
118574
217188
369047
426885
41313
122105
362839
131837
74601
32936
71757
501015
392709
269688
427860
54540
30695
37446
135292
65584
516586
428698
146701
75392
104524
88435
270241
66590
32922
141176
172127
97863
71344
85468
222827
268331
260761
255962
235004
135943
319773
254537
166111
354407
300699
324071
38338
79126
34868
570192
456197
84352
275230
81616
60346
57768
355550
129390
397355
151360
167936
109465
46371
99632
52904
37023
63867
89234
267709
147661
70288
387088
323858
217206
36938
245923
122069
72674
153997
276519
68914
261265
173342
199713
68098
216601
225361
69750
95528
166148
280198
431073
172658
322886
42658
81175
144507
26636
59884
470207
481223
247380
32441
154105
86543
60424
32193
103298
34322
124000
429130
146551
81648
553236
214975
127052
161186
672360
503916
108656
37324
34358
38414
224298
209563
82589
196569
114318
174803
495597
511276
541842
195410
232201
50281
118199
116626
90777
229024
130562
278799
145077
185060
222191
290282
129733
220551
227921
39828
293532
311846
298211
44345
367501
103071
186446
54748
156311
166531
162581
113728
93253
335905
296236
96132
164410
533362
36695
189784
44443
493520
118165
34282
714457
252032
377463
288036
279952
124244
399237
60421
177217
194384
554769
111381
30844
695678
361658
521205
46831
187123
662585
276572
82835
873156
391979
150903
337990
28488
129422
50932
173369
44632
352244
172691
425355
227116
164290
167877
159077
295050
357960
474101
301417
413426
295581
289030
193032
95649
605697
310138
255910
297453
301266
429875
72573
201939
122513
275844
94141
325467
236729
29029
61021
183496
67561
44221
996100
71989
215179
1127845
96449
43253
316360
195314
161605
181379
122103
77422
73543
79555
52892
107786
97688
227033
213495
125504
74029
103875
51416
176879
61206
26550
31737
960755
935342
475768
396988
378844
161907
261385
50609
98580
135482
78331
261539
47363
289401
238522
419195
208904
163241
535319
240048
81900
166942
126323
293616
158836
175876
170535
219629
212046
85645
89898
76966
224287
81778
43502
224755
123902
231959
100029
55518
209952
38795
57891
102936
378471
361622
265070
293741
528555
71379
258350
61261
206485
216612
180299
67810
265878
73097
186260
156364
290542
102962
164823
88846
99701
164043
135804
89241
121425
221558
107523
192807
209099
122204
251530
158151
40586
132587
83860
44010
273479
33770
741247
107026
97500
702056
175948
83389
145718
153454
257424
279845
205126
46556
57213
93800
45362
59169
64147
109023
168463
47997
82715
75254
912650
705833
190046
285540
45835
334819
201327
63391
197368
30726
203580
284873
255706
62854
445149
391317
175014
205740
200068
140642
600976
295763
323546
387556
59806
204926
118486
164155
171116
170536
163286
111985
119002
124459
390670
44356
35401
293302
270143
172060
165586
71376
443740
150670
44005
235550
160961
46332
18446
37427
321102
403618
680459
800899
63607
581166
133283
104728
70143
79011
61080
29489
644041
266120
600681
98983
77617
43916
76471
86516
137136
124525
275863
166450
439175
466291
62530
89319
37612
183565
165695
258682
135803
191142
351048
236596
79515
120993
169310
190344
143728
818902
188133
38575
28986
39820
32573
92966
326937
213636
222164
343827
378199
78537
281208
200788
288685
67143
68204
517318
310829
33474
106110
282635
1241028
1039874
564155
162809
154766
174446
35402
249455
381892
452594
354931
140243
294409
48559
61004
280409
117748
452113
248564
113209
333574
46287
93396
333080
309305
80620
305793
449580
356375
58345
61735
139316
142736
91033
68840
188694
297377
272055
315681
265586
379628
199267
298697
29117
185317
648777
335021
72650
770493
408231
166865
175082
45951
105224
72475
83717
70317
57754
32090
46604
125485
108992
49200
52154
117662
358561
275548
110330
177733
174000
109451
313068
96217
169630
201293
202651
99398
208800
186510
187187
124463
25641
258435
33554
37319
49394
256645
46736
89566
127520
104210
133049
140481
34032
96274
34518
30162
80551
113925
424232
394586
83227
170653
304701
308354
100564
50289
79922
185082
128589
240801
290981
254259
257855
228127
172033
557264
580988
208734
330205
184688
33915
462621
608864
303444
470421
118498
122861
112986
69154
147111
231612
93655
395477
89547
35265
412076
231798
214837
373786
286134
196947
581153
363888
77649
160477
373887
120022
386944
385909
153507
107259
104443
144044
377878
255836
222957
191308
39265
179199
215394
108705
115831
199514
240792
533098
234469
33634
238484
132807
262687
68393
39838
276529
195335
430995
218268
129708
172400
157606
96198
393360
79242
487878
512062
98897
246765
40519
36960
135501
136341
172232
160623
88065
904789
853315
63168
240815
339632
190014
461657
34469
58876
196921
218492
62253
236175
114544
509506
279021
609243
268839
35854
168765
495104
57854
50787
544411
281720
128319
70239
91394
295445
28090
54226
156561
203581
169123
317611
118672
46071
583834
86661
46310
593886
183458
36526
182681
429342
45648
44147
385258
111267
177737
51234
119209
480635
139487
535005
111645
50639
58843
219862
101637
88887
43056
384021
113712
63230
38103
505161
87361
38186
50213
308263
592498
502444
160827
177765
42457
76167
91095
477512
416410
80924
301710
170471
249899
79452
300236
70397
189918
217154
272237
352216
277810
225842
232890
439928
28523
28344
104339
68007
85848
752793
323540
845693
453961
238525
294176
114078
456334
515501
244157
95238
551531
61108
185217
126241
236187
230664
305172
29736
370748
114400
235975
44241
60975
260074
390200
120015
619093
219698
35512
523003
57151
264768
158102
417530
285740
426782
307930
485413
515403
136964
423130
94597
293348
311605
475851
110932
53707
712664
626491
222891
537564
123320
61816
438367
344141
88384
80772
231340
207455
201806
199326
187471
163731
260551
150648
50493
112875
139758
155090
109746
192457
110653
109870
117586
31592
490867
468205
95623
184997
132252
229291
155564
23283
360299
240472
341571
298523
167702
180371
31876
107664
177858
113211
364579
329321
495643
140977
389302
127944
315677
534337
105110
536807
165714
198246
266844
696055
454701
421082
91709
193119
186266
177390
251593
328069
112325
503200
314685
238636
24602
381959
172215
181523
164218
179172
247859
36848
62605
53742
66226
30189
114974
421327
267217
82255
109980
137685
131543
169907
182571
397471
348795
414405
402021
270327
258785
228452
93068
133789
353982
148148
275077
238274
139674
174750
252047
152482
135594
136195
123172
72630
304530
337288
36518
33758
22170
469277
243805
82195
301955
326533
335507
438010
355477
405617
123797
216788
78288
35779
49715
191670
306755
362892
58059
483836
362113
347315
206783
415732
427596
346217
258915
278466
155000
466989
330858
160041
37406
357196
339733
127453
546679
266836
111449
32517
87810
263145
226827
423000
259338
31787
396539
158806
48356
358069
226030
149295
129617
49433
152387
230764
209134
280872
225748
218620
336686
59498
31539
317362
215933
183556
57566
115305
194555
84046
188198
64605
179195
488561
371555
100497
119101
247415
755251
217193
124556
242293
214106
31453
113709
505019
177901
394844
73745
234801
179064
183095
180112
127182
347195
264424
31340
398142
226682
93195
199775
387748
288743
67187
90446
123119
39401
400865
264245
78475
190084
396779
198249
44551
500916
416392
406742
279119
685491
227775
72659
137646
99020
133246
183765
201171
150778
117688
121914
37980
132230
152481
256545
70145
28328
255593
94940
987384
87747
973609
241843
246468
28248
197759
97383
520780
97144
486487
225816
419168
223198
37331
91297
137984
84520
28151
96622
757032
33625
48493
651718
142809
199222
89994
358689
308941
404509
211560
320935
429710
402886
434552
430171
318762
269291
84580
66206
79229
99960
114286
46395
1155220
428846
1182895
223924
226999
82567
59858
148193
183161
334046
319447
47901
35743
94784
116194
678991
130085
55223
638340
262007
235009
128611
424500
383026
230717
70139
175928
305217
408510
153828
72682
341202
35386
192817
240517
117550
75217
340381
515676
362612
80384
66955
200534
44063
194529
128186
188014
225892
155130
397219
60794
71551
132432
482198
417645
164706
119216
147082
269975
369615
347563
34429
292679
166621
137297
152423
113989
133375
139094
31621
56373
52200
272291
183131
64579
99858
79075
183009
38451
252913
69810
300585
167779
141546
164971
331589
363661
363078
163718
204724
209756
281170
173910
208463
348167
271388
92148
47166
62257
302805
29048
278688
208823
230702
44771
89310
208909
31850
44792
327224
326590
121139
70466
145714
226614
310624
157855
310221
169273
26669
68301
377478
137322
105945
147029
592189
126246
29142
532677
234864
85203
118703
111949
94808
63305
59867
225896
227015
596955
153409
263210
41888
395501
110085
316142
59820
94852
150725
65151
94674
222338
79582
618613
306609
37722
96693
38945
66186
1001617
547792
199070
119428
293624
44304
225016
131697
262430
87034
279409
220330
292635
200855
159655
121642
291737
29505
223834
190386
212357
65966
212462
26138
242359
347408
331635
149296
106259
514931
65961
30659
66693
183198
249551
68928
99152
319860
147593
170091
182185
67131
330294
99359
240508
84478
324544
217221
183281
223276
149896
178701
181718
182593
283829
187529
94778
99524
104296
129124
298289
222189
152575
25058
299957
240238
352998
476347
136780
30499
527843
208717
546855
278202
201333
100615
83111
212890
256825
182410
149986
435885
256624
206090
163763
160059
405403
185482
382998
106613
441662
197067
143464
79633
134835
135673
67464
312736
87612
50740
33756
165645
222970
170699
313982
376955
509194
355441
163480
185171
167953
253653
84648
224529
490224
103009
453754
60851
149292
97306
287886
311368
313428
97385
266457
49719
28023
565675
432138
491956
75896
106832
89805
100638
174847
73345
175323
115766
131766
175435
64698
37200
77662
30619
631130
596473
133490
99404
159511
217603
44050
109735
273192
177551
64284
72166
114789
189018
134703
77741
101959
394856
171520
67233
34781
39858
295223
231611
253585
116170
62579
35439
59880
52099
290359
274775
198058
287861
176529
158829
248585
474469
594775
584296
64037
234699
191391
51656
1354229
272593
1112897
58616
197034
110611
774046
581279
85371
121240
444452
35587
143692
40754
356894
469553
315846
91663
35085
532421
216676
432470
107216
225073
159844
259543
566624
530847
72195
373108
151266
107208
144357
123760
76154
145028
191563
242813
133205
326191
287073
668066
638363
65429
123681
347501
339200
1139386
43834
185187
78476
159927
1347653
1322247
191430
730086
27271
330324
162857
271311
225022
327945
65228
268290
62298
81313
156230
161878
397884
414148
428545
224085
209416
225709
95743
41242
237740
30866
44839
250967
188656
237456
76443
151048
222225
173956
197302
140007
164827
151583
76268
288653
389120
331233
427172
188128
439743
65118
67699
613763
528709
264985
138394
125840
532592
550476
231817
92844
96597
79248
36129
274283
206968
135488
128910
69106
100950
293863
127168
76711
295496
323202
147447
328499
122901
109393
83960
158720
298219
55934
41743
75563
65082
80654
594466
405927
283020
1010077
35561
44060
78991
75565
693351
346107
197999
124602
322436
183797
90582
237076
255049
310997
251988
329927
358223
212799
30608
56602
220149
537355
396302
81688
276095
294083
480565
137591
42598
145007
188184
31661
241206
114300
351756
355181
472289
511656
327919
316561
132550
365552
534138
192500
35231
85622
81646
749497
345472
172414
82863
138853
263432
417922
82841
55599
390181
128851
109518
50650
33293
128002
130165
184052
50539
56440
43544
302375
389299
190921
194159
40136
43112
110083
513017
405491
86302
123799
111383
51363
209238
244025
215632
204651
167884
174707
100344
91477
67500
66265
85371
733100
724736
176859
292598
279495
90868
125918
65779
62446
37481
34848
46878
429510
327482
77142
65409
348986
389309
379692
335822
482637
37579
79899
632955
175411
29897
342044
95376
240461
157697
149220
47416
143017
164586
187292
35882
29013
210257
133780
267167
171489
111301
159463
175815
33871
50946
52952
261802
198343
68440
128075
41186
81145
174738
276598
176720
214550
101010
107739
158976
222227
356305
401265
167333
34356
227614
131471
140606
89940
41355
98020
290153
185573
313909
203682
319046
421255
218445
434822
58105
280677
87240
327188
67486
102568
113429
186906
91019
414491
139814
567441
161550
32212
162812
27345
423187
87106
279998
649843
437615
333546
747030
119886
956636
341940
78242
241201
38197
1127029
150333
93356
689651
243426
72868
83492
194965
33063
141215
69758
487138
24352
634956
51257
658885
157771
75281
41046
122065
465212
400049
229897
294287
500080
63660
125798
113875
43149
23235
148676
721767
200593
36134
52769
682111
36845
150825
312802
141073
344152
76063
199149
290147
287931
279306
67086
265252
353704
430533
180613
115858
223907
108488
32611
176844
195113
119149
140461
115257
61919
268146
230812
102341
247430
316089
164046
575872
170195
457309
36203
198142
231823
210860
258048
87012
41242
65391
79378
266889
113779
364589
42421
112711
265893
46567
82678
314027
248410
209868
328683
239254
162488
112479
108619
140461
169903
382121
293636
47001
67220
259898
131718
243449
104256
27709
65054
44237
376391
86318
75784
104440
29189
431931
397187
206441
125512
283749
104831
228060
149724
287473
208615
183603
179591
76416
96914
209598
303847
241606
104068
408792
120572
157990
134405
157421
131235
242493
82857
95584
227804
68484
126609
57472
31885
459759
83266
517611
298821
306198
252803
136900
73086
110176
33370
167589
179138
82897
92640
92777
139346
194831
65827
181225
227111
23391
105880
382575
374925
76425
106931
149320
117726
86453
93980
279581
64254
58694
120648
451193
94654
161429
118773
33468
830968
128934
558834
134621
150156
32228
52465
74319
120796
478105
614152
462359
30257
316567
72230
60038
409206
544229
166734
88328
849303
872660
487791
43397
613420
132593
376435
146286
469037
235396
424191
80129
303973
121523
218026
319478
335792
71050
383416
247287
599339
492560
500588
256409
250007
309930
259001
222833
207199
96858
196259
36925
181726
65273
88984
42040
332183
270016
38960
452446
238131
159862
37889
62156
202168
234667
322756
267815
73527
550435
447953
209880
151730
74530
94047
114936
413434
260433
201417
349117
233233
537695
59279
489612
536730
159542
441483
402010
80669
585968
312280
148960
131540
76405
223187
181820
100337
95226
803954
804593
132994
155995
275082
61361
71579
377551
173601
443583
185012
72045
85202
196650
338547
32870
130632
69781
415497
289283
311371
225744
218180
190790
174277
79290
566454
69607
78650
30117
40471
138416
840135
594558
799422
76891
49767
1108351
481785
64201
71527
26354
1141245
183096
411325
351642
199302
104102
55159
52901
510706
281379
499299
163493
426792
526036
252601
530253
108471
329013
337386
130011
223729
31324
360136
246046
115794
491704
108580
284525
76688
249342
271504
298071
214610
182068
179723
61218
318371
265900
34345
357123
90386
157127
161876
137076
294886
220539
181189
117326
233570
230313
210799
111760
132801
214648
194133
128879
225137
303295
958873
339114
631921
499800
548479
158619
197089
86734
170092
111497
334632
611213
454629
612495
63055
459930
365222
185444
366663
253802
291573
308651
316717
219840
205339
60476
163069
339595
282268
318115
66815
114064
61461
198448
131178
504110
473918
360801
408368
128778
488107
129103
165825
355700
282922
370869
382080
107287
420183
160907
156875
222674
207907
294987
240247
169815
389377
232257
148721
257738
103776
368445
383936
114891
159851
209461
203112
38984
92806
33197
52529
215929
286416
125534
1307237
1160337
1098492
430244
32218
845802
825176
512801
506080
93663
418488
382982
314686
322610
359021
168924
427099
32771
171277
82504
1106327
886707
303759
36528
42084
242003
60501
87594
275577
241173
179634
118524
155785
428428
93982
371754
35945
63896
111321
85161
70877
128999
194050
194598
130020
29058
424754
363709
148985
55879
254047
312580
407004
126290
780324
794686
233898
624743
64408
112048
84588
40430
409504
40839
505809
279797
426057
262207
100298
250404
133259
68108
238918
54068
353636
162887
391577
392186
185487
32453
182108
332829
298772
79116
158815
105848
33659
232349
36241
49092
687003
694669
155764
492933
36960
382477
234015
451249
344180
308912
81022
67836
44018
68074
605195
152490
38019
45627
543791
148635
203821
286689
392927
466260
37292
30940
390913
326921
84301
37252
213669
186103
76026
62680
80181
144725
391279
281815
214574
312029
245162
337626
403210
345815
115794
212921
99554
162886
108677
522410
57380
36544
214185
139786
940627
1020278
217334
178215
86431
86339
393188
28656
40112
36563
55081
152431
30861
32797
201743
568691
145998
657079
49146
77831
28790
203450
68997
137658
103747
137762
36818
475591
111964
80782
562619
230376
58835
78479
145065
107781
167503
35323
172715
461602
466892
186927
121729
215528
310977
504410
520434
268381
120446
114910
718774
29675
779569
890885
672565
156243
476898
351348
289313
360611
46373
65287
51186
35374
626879
103690
499075
179496
170801
34478
82123
466328
415809
250004
296166
31948
251044
470121
98395
574335
301650
419209
77233
195554
145381
633751
392345
65655
126418
207015
476703
399702
503069
136129
29589
177005
34831
43236
546301
232365
546524
136366
222179
176794
108987
161003
172757
165720
140107
412966
45546
99690
199716
31863
60105
77184
142362
126784
645653
131867
656765
75675
38714
55886
268177
416130
390540
86552
93493
32552
519831
428654
55377
647050
92259
255610
199848
286114
129655
159889
413485
80559
327994
193993
472234
443085
399098
252919
227920
236873
184115
169978
343994
123934
94912
158147
104807
166680
788731
111543
95984
97456
132380
94954
979058
413949
268110
429980
487124
110916
410331
138709
27320
117703
37824
47931
423590
315569
99813
124874
69536
89259
382833
486887
85001
183291
113719
27281
255667
1063971
51855
81669
722154
252368
213294
350852
302463
221743
393688
151698
330616
295255
243591
58655
61633
272671
50517
243994
257838
245967
153504
29778
62465
466138
173180
442999
185990
310538
410587
291974
497313
359549
166226
395922
189833
94435
136489
31495
476538
89686
446388
111302
82809
73864
79109
109324
139923
210590
148858
217733
179824
184232
117377
74476
163938
254423
284154
91624
97011
267565
184119
158729
118617
55596
69750
231299
457680
29597
158881
450895
47985
329610
123453
106752
219782
257543
212241
501453
38878
272559
165866
104954
354661
191817
86107
81478
106288
201298
237355
255466
180358
94962
80778
48811
81518
386285
101572
386176
80939
171998
222240
303508
208406
31119
385862
208296
31713
178061
29510
695870
421790
118564
439372
56280
480638
179025
626374
293444
291348
345986
320772
214928
309537
421032
611604
395008
56858
76129
31864
89186
99949
741207
150507
46848
94055
710782
62306
74978
278576
756928
560807
84011
257485
133139
43353
229965
148950
673362
664546
270564
86113
261139
256528
220483
273559
391690
69467
233338
99271
35146
62683
190517
454052
64654
375812
46963
314200
233486
184372
150771
41205
211294
162867
70611
40998
398516
148416
438519
326136
204584
243575
176702
72777
156495
310598
35683
182741
40168
107973
62394
183525
254387
251284
48429
541991
548375
407502
474499
307039
30146
42186
92952
679460
99090
387575
118920
161303
254818
187873
43041
251097
133461
207759
89529
168849
75213
33506
439436
575152
559656
103333
75427
101002
17764
129394
631649
444171
217807
39591
397316
311097
48231
514654
151522
39046
306287
87396
234872
119726
234100
282330
308659
246497
273597
46437
508936
219586
372210
112053
37372
111236
279456
352040
159313
32130
275467
417348
153350
465658
160634
104645
121061
265702
344544
341192
29618
97092
90138
375701
98652
82157
32574
346496
193402
58059
185367
77183
249467
93037
511832
302772
398091
152555
183154
191693
136011
341705
168411
376148
423480
449987
113406
151707
242476
127904
40231
87998
212192
315691
395477
223154
399920
43870
223088
171561
231229
399587
558811
481476
336698
378437
398964
278243
268655
687978
28747
359745
194978
145843
632116
136442
409277
249977
294156
245095
60613
187860
100527
39750
38876
232985
250965
157516
104373
1475407
1291297
1103360
1102445
1115741
1132662
201983
1128750
1120860
1097032
1086182
922997
152406
952086
32686
961503
843487
97663
807798
56448
795699
730958
630886
511472
467251
146078
360071
371867
72642
431455
197409
108207
471302
223163
124869
59901
41045
141053
356371
119941
401750
164974
182762
70942
47151
215871
32322
390180
463755
196379
278477
75454
308693
313723
50027
488613
328488
123067
154935
213127
72870
216450
403369
326875
279134
178852
205803
79671
211986
448652
157767
56746
535756
265994
80507
311935
256632
262288
90926
142321
224969
47714
380416
365799
100837
167803
87172
156777
54451
35781
161958
142276
206171
95065
149076
40097
171585
116372
314213
262981
30066
323317
262289
183194
244487
41747
129109
54497
149397
271998
313943
154744
432750
40419
43302
227187
431640
609047
575992
205317
332249
351581
104578
74983
382244
73089
63532
181266
67647
92478
121894
57696
53989
466093
71776
83015
85423
481764
187674
345743
40312
367463
193618
500742
139941
30438
34107
521258
313578
401026
134005
142261
177137
182280
58267
176996
53841
376301
397667
371963
329705
217961
161197
45225
227062
121815
310171
619884
175294
68358
591891
227320
179203
529164
500173
289638
265415
102486
58017
404802
154981
332216
118574
121206
130592
64768
309677
296593
148526
118019
466389
163270
291035
345677
25475
447138
193353
68307
432398
211574
261824
141999
79039
562278
521554
90454
210925
158025
112242
233536
158788
200538
85960
251052
121645
263222
78973
88072
266263
74403
86121
406088
122122
34807
78247
626599
385523
238367
77319
317673
549873
514451
220195
180374
78188
112463
339330
24270
188515
274116
140277
63001
129444
407824
220695
36553
69872
212285
135776
116480
151629
167937
127802
92653
29451
70485
75582
77342
169297
298731
385327
520519
78633
161989
34934
43724
507086
402892
353392
34510
358493
71077
249273
75883
58911
26966
79377
102649
60823
31578
258315
304559
227282
134630
197863
242972
374229
167199
140930
115661
490797
65288
53409
81927
60319
437556
93515
143698
161591
87065
195323
929552
344655
974503
307369
213249
189436
130346
149778
202296
110413
258465
494055
373786
28914
137675
36704
613588
101738
34759
102056
263614
678647
99552
84883
555935
56239
47277
77494
27410
305707
187264
107123
175583
124545
34525
259413
157603
185117
147029
30744
50505
167775
202722
264435
39484
118606
120667
482594
377913
61000
152157
247966
379948
266587
201208
95349
151318
71150
88045
118470
102447
123062
150260
419755
404176
171335
111087
89458
121404
169615
328420
456128
333804
347909
215559
111448
100413
149660
397177
206291
107632
294103
249491
513402
408156
164979
33590
126369
665681
67893
60991
483023
240582
175212
82774
33682
34043
57689
25153
51573
338822
361942
268163
197649
199909
78782
151382
185373
95820
176926
96958
181741
95592
248177
161372
412571
303346
175988
125022
284979
27758
202918
114991
28368
179122
74762
94871
52686
100943
111824
121678
160784
62783
42339
61788
459564
220312
597849
81013
330744
269717
332232
362810
304815
195819
187873
144151
169006
561874
40070
53689
32861
52157
456198
630746
490579
386948
143261
177901
228034
159700
200579
153112
163185
125868
88436
171225
198882
190456
439875
282188
395155
103509
221914
232722
181380
146843
113788
244404
511597
250931
144802
81740
84567
211746
231232
155672
250749
76309
60309
82365
185285
312611
483581
48440
33210
213072
131609
188117
44387
960315
114902
43711
975012
119441
212103
55906
177306
178787
408953
417021
115282
79408
74623
91922
117390
108942
53064
332407
394517
247451
415031
106758
302812
191319
79467
135951
139240
238841
166985
189629
162310
265152
36994
372454
82588
63952
187526
151067
191522
92402
1082827
211676
214678
1091504
75391
361016
73526
136055
110291
153042
39198
82467
39114
82928
342472
274867
49338
42453
22314
44743
535273
129372
395080
200960
261481
104758
266175
642214
125773
578262
65766
59563
85037
255542
79358
117489
104862
112623
58754
65551
127131
785667
671477
158078
219141
47345
166701
130331
209316
178890
194954
136093
287761
39220
52330
243100
246193
141305
81228
96256
55438
219688
357205
234154
330218
118878
108863
85357
193239
329273
528845
507558
155954
84734
161215
158978
183498
58732
247913
194757
415993
345873
297520
95686
143476
118501
40869
168437
107677
114789
178836
185959
168778
198922
117283
343119
319544
191271
307747
104162
548916
539986
324794
321500
58868
688466
567216
407288
63127
111267
34417
249330
62793
618739
178464
87191
36301
936943
424258
142844
120705
421120
145484
264435
109040
450298
390528
275168
41117
310048
304062
260768
75658
259582
296050
114739
152672
77214
62701
243844
149123
250922
139496
180517
263139
403658
246953
326143
73901
41504
152378
126819
403634
411813
129052
254295
32849
254218
304912
176961
36407
96838
46757
228149
40038
29192
38199
73874
205749
197971
176911
186646
351420
185241
103480
167023
145280
154015
168714
56348
192305
359686
371773
387496
74793
542528
600770
243554
489150
266781
248600
273668
292801
123915
108330
202283
38321
608383
417702
254545
316920
347930
188906
204161
112130
137502
235793
275334
135841
428480
261445
356996
92634
38766
427308
78687
41617
104553
39710
736571
268055
22330
414051
39780
287278
212251
172662
37891
141171
774368
412428
36335
142647
930008
118056
455766
36291
56793
1099547
770029
69639
325556
210136
137763
241922
104386
261961
177731
58180
36957
52090
354206
223069
66445
96356
56026
107753
175533
35693
370975
459625
211179
115099
923394
64801
670408
103284
202900
248681
167959
165221
404020
346622
367147
84233
324514
337382
119861
205742
147098
219183
91542
34955
208249
336115
110169
450050
185985
174411
102054
30622
185121
151799
157191
76284
224796
196764
43645
344059
357493
366664
49508
90200
570392
229811
491887
198728
234783
67372
207855
318270
188409
34284
233203
164409
224258
196930
145723
237435
382751
77519
450854
172798
126533
173043
73509
210583
32905
256653
117243
337017
192327
174940
83577
205475
72470
434360
327176
286113
160984
206322
457388
124617
28913
104780
296207
143487
1061998
703114
145334
29863
362171
389875
48448
462412
255143
99518
27677
48943
194796
68517
177246
122068
123721
84765
87903
89624
250428
149994
155985
265634
585024
93909
493078
171933
140924
153576
103316
96202
139074
90579
37594
40782
57224
81358
182237
420688
120782
478979
194843
246135
242781
363988
50021
146176
52780
35531
36848
41663
263801
169798
126049
143615
129603
149470
281977
580182
72936
88759
613956
178876
190737
527669
183118
79270
727348
589793
56398
73928
31254
250658
386358
301838
324823
165159
103346
73602
456782
368533
236126
243361
151080
66029
110738
403732
391041
159062
253720
55845
91821
288923
172981
50284
35054
84806
525553
315406
292032
235651
297054
195886
73091
218897
51749
222617
132265
158283
297372
346820
53562
97594
747901
725342
304354
66961
127650
34862
243440
706366
158827
623576
162532
132286
212127
240006
252100
58503
329427
303203
441623
499268
454414
403564
153767
432157
189886
457525
82434
129870
247737
482486
581331
440925
136714
132392
436085
357241
423612
145572
290974
66500
371118
507089
186008
480053
109681
298964
361307
217248
224338
449023
146487
132202
156506
308387
35980
99213
450435
238973
149399
174857
175803
139498
287152
54348
208298
40355
134099
325747
260225
195139
165450
293986
256205
234310
275303
260131
127429
360966
83239
331956
374642
470282
72661
273056
115402
117355
119550
231969
366445
266208
267038
114444
155938
174738
238140
189062
141880
97973
508545
447737
172160
474951
498192
100892
26922
644239
338247
259493
87098
32886
167639
38891
57341
48141
531320
101053
535183
177396
138162
185669
149069
242426
214123
312465
131155
259902
111205
380096
363362
71110
400028
100075
258709
365272
40419
112329
932144
806517
353220
137578
92581
122272
35735
172821
147361
115815
79432
250851
258525
234128
129008
138927
132476
141366
161877
292558
181332
115339
119251
152251
119260
31376
170804
43616
375749
267643
102810
25616
133319
211859
127954
158976
76001
28021
55241
30976
397715
447078
191038
221539
103737
119959
33754
136273
129183
50185
135890
47375
35713
170850
167583
119923
205298
317419
292163
475769
146513
89824
45625
555220
189559
331163
60329
97169
99633
190575
178166
301045
449373
448938
181659
75716
127757
119800
384258
433349
755105
208460
27190
504946
108368
39289
319885
261619
185385
312941
82941
270563
93336
84901
30358
382675
104766
286956
82964
120664
130490
69507
303076
271660
263517
136143
144320
141341
207306
343863
361846
245212
40863
40596
41118
78067
165593
180898
94142
79287
100925
238067
159062
58332
390804
300051
307043
331818
291990
389174
398084
391705
152763
99051
117493
132829
200238
267618
381562
325094
60041
308967
236600
245786
61772
100029
88780
480762
129153
537470
272530
290556
529809
809328
112312
556398
89559
402369
265304
130005
225442
414324
248398
195488
110500
76516
118843
569708
538141
223841
61478
63316
104601
57428
278487
258054
481746
301311
240234
248722
252203
219265
109988
74483
958124
709971
227204
49050
199023
66902
67359
374110
382096
157558
185338
114724
155541
58175
155798
39416
49034
30005
35666
715705
246965
760122
226618
177757
145603
37015
51885
25237
178071
42367
36909
181559
111467
445949
106989
429721
179056
341911
384367
292816
146724
165200
193587
301842
839301
57795
625471
481877
93788
148568
131122
206855
60395
140345
153988
281555
354982
266414
103026
71215
283196
206772
72190
153489
74391
25561
317805
342999
234900
412463
41305
373711
627487
31780
501654
208812
269948
248760
267450
226303
132714
476375
79090
55122
364120
244502
26511
43307
29703
28303
33530
651766
221117
490502
47385
147714
121279
419773
398942
165782
146082
175489
177416
450975
245370
216758
109438
174696
109470
344729
121239
317668
458727
471406
157640
80069
211236
691227
489872
96972
182482
180252
420995
257195
205141
135872
145045
201461
177605
250850
170909
144992
222128
82650
231406
287436
120489
448004
157278
120803
111997
693165
555165
293891
215387
473160
41044
75207
40852
71135
56859
620030
482373
228238
923139
71842
483773
40475
110202
151350
188707
168183
139953
72764
195085
83299
441196
591325
337216
215208
72143
89365
153382
295055
828819
87121
448405
396982
148216
172677
281017
468408
218040
127272
94324
101809
39433
272633
41738
37119
52271
40502
52672
206717
606954
28639
71054
90957
140362
949148
487433
220992
186315
413301
146452
68620
290864
278056
165679
150340
68622
70498
134814
115368
159236
649122
192697
366531
220000
465162
147771
360276
112283
168731
39731
60051
178141
34875
648068
546648
136645
230875
305007
180408
111263
584734
99684
190927
274387
441492
313302
356671
217261
104186
81555
107864
359892
36432
265891
225418
85601
504888
315569
495453
220885
482494
321777
48787
72381
182286
54032
31119
132757
45891
53627
180333
406702
135382
386974
87879
983258
678913
153703
166333
400262
105904
50415
331673
425381
262077
471352
30473
76889
381633
61575
277183
73255
96099
143131
111320
51450
261360
522696
31630
503110
53753
106049
104376
153742
407238
425385
381517
176244
266061
47043
40770
25023
43451
38531
242279
557815
406454
70169
180428
216603
308484
32930
123278
279541
80512
24089
52576
549007
285876
235603
68808
658500
73727
413040
74154
41163
63310
178708
43021
172377
86272
232878
254455
130297
100223
315595
336464
328264
139459
563524
492899
610733
324693
97638
154290
173068
141194
706109
153982
90829
165310
275861
288083
162774
172583
139013
274497
184156
281297
284795
304157
96429
91600
62284
81050
41210
51626
63883
50238
46230
399613
95658
30689
72006
561770
268668
197442
63442
154112
128468
170123
42041
249258
331699
164290
77894
375777
293610
104776
36007
310801
158927
37557
268511
295152
144030
114421
296899
45201
264804
400271
461190
345007
279237
162798
106574
301446
154524
34796
25864
308414
160306
183292
240787
141834
104466
402909
149616
463165
470421
379414
99402
29914
403194
334269
222502
220376
233012
95465
181143
29205
248705
341207
374206
41621
261417
201929
264017
32253
78291
345315
299420
162966
144745
240841
131398
150217
131723
169463
154675
99229
105231
259891
162490
695583
284752
77077
894880
543644
431298
347494
337580
788131
34963
45381
258116
88242
143894
118631
74808
35519
32844
77706
34442
342333
125609
31479
77552
457183
196786
86063
211177
43993
205318
87657
76804
378086
160410
306226
139665
117188
179590
126038
262943
206327
190662
197160
161326
149229
92373
62608
177837
187704
153329
355617
32258
292374
57001
158912
151119
248321
399631
402077
382093
63090
290574
160272
103243
148122
37053
35113
641610
466178
174279
199017
142605
92178
76260
208858
106551
30270
237752
300991
123488
128641
78258
187678
291893
189050
38789
52722
403271
374880
226840
26655
56018
30313
368103
113602
144281
56802
67501
27946
574139
183391
47638
486769
65876
54546
81469
126062
54637
33707
66093
478473
400352
255557
54655
289828
58815
68639
102524
449632
63797
59797
344117
100758
164139
66231
114897
69542
226510
224719
67897
267745
218760
286995
227890
163677
498951
641182
402684
49036
261528
35042
698302
509699
254970
147487
316879
90350
381690
109875
175991
105790
69450
189619
226690
150681
80136
206553
71551
424883
449513
123765
486171
112484
245676
192976
56391
107851
259840
241897
221960
157971
106976
249259
356235
85879
394756
232429
178732
133050
164662
252417
181140
770257
32094
416048
433879
267094
224334
198655
288674
338794
535631
178379
275334
421645
427794
292152
754072
30552
164578
346194
73520
299918
276445
265719
56899
57160
73957
37695
55950
31164
29434
84581
622728
523128
257887
255902
339156
273033
277306
209931
249134
361643
265195
90194
147105
39553
163191
269084
333930
180657
283853
115816
83968
28810
34382
36514
24128
376176
357853
194241
322492
40938
409427
175343
72097
420263
202416
314277
147303
442739
528299
668288
291769
93519
219813
45590
63297
122120
417195
379731
391951
229428
228573
35077
257106
169089
31342
126036
374492
54790
338497
32777
59670
74192
49708
169649
64517
260159
151298
195298
190881
99789
238267
209338
359666
222019
383181
156992
104267
132260
145901
206216
97094
112218
344937
106540
45787
405048
48577
232448
129446
170907
174002
288145
324832
220813
205460
147174
693956
41295
110150
587091
148463
72440
185798
49527
35016
48993
156154
367047
357503
51838
141279
178480
58768
55834
34050
451973
375328
301505
151621
84666
137986
114580
109498
36707
163307
120309
104329
132377
343312
359216
266101
508661
705603
107246
43775
507677
496490
290964
51134
513873
170428
232189
105049
74774
203003
188192
206415
299811
402088
382622
59797
541600
227919
69087
46943
136094
92603
38036
684600
379499
77215
108161
92106
152198
126416
373843
110239
409520
114630
42104
412196
269257
382955
125381
273942
331014
429200
75430
63802
336541
249416
231235
276654
30771
222971
151250
205140
41300
132136
112283
79907
146342
98432
49077
44836
463283
559322
388807
182463
123114
160674
27842
214988
116250
130263
186971
264590
237905
515287
146529
132952
258543
269180
165067
199968
386212
55471
239786
74456
274908
259977
32803
124363
460870
367099
210089
234304
100655
61830
467840
163536
53932
180583
77634
126380
159335
193504
74135
49506
120379
93478
89200
242233
388012
430890
170261
251199
360312
404874
136856
34914
50553
88529
112834
757961
636774
79475
114727
355420
32555
123533
99856
126862
82507
185789
161008
181951
309574
260211
144263
296321
94973
220035
133895
278393
103844
39225
526700
333695
440298
162181
107483
72286
124513
158863
123798
354150
74504
176172
241936
170073
327899
65426
190384
287111
68661
38493
55197
552579
106710
518629
212908
271752
82986
305830
223290
124330
189533
351275
155832
121126
136126
130281
148779
126122
24671
95968
356620
248020
411740
183557
193628
317335
400253
179798
73855
75677
80117
684036
506726
325309
305020
47409
368044
281834
210784
155072
145035
144794
143237
135729
113128
83471
139831
219177
193239
103103
230213
120674
68537
132043
260483
375810
293471
25784
148305
35720
307217
209986
168469
60812
40359
108800
677921
25936
79642
764512
214567
317212
95223
112390
174927
156603
131284
28981
133694
118063
42197
308517
230379
165922
423545
319620
108241
32367
355190
151887
32530
278191
101582
136911
33658
320559
173829
540494
376070
283771
117255
190037
245048
92937
315088
172592
124318
124730
92096
160499
184931
321523
30909
148100
478899
465373
251268
318615
94405
348269
90165
49675
78862
35972
415048
226454
394902
149087
251895
108301
791698
733917
362719
39080
53860
42025
71894
315091
280653
119930
179037
65139
118893
115554
228182
245117
659960
476057
162742
134544
653803
242794
40403
158342
106235
658654
66981
529268
255646
395349
46607
129798
483267
34842
404179
105754
173972
125400
35183
110915
595265
603123
156158
76499
614531
72110
212407
44399
319137
172502
75766
217519
467876
53649
361779
109787
148804
176630
122113
293859
28524
74921
176410
67469
320995
158755
417928
289132
278058
215131
233329
126205
316731
35429
197311
239024
171501
233808
109771
90431
50207
173921
231841
94765
229170
321921
409791
85434
403921
120292
164338
242332
118680
226834
511851
163801
588274
182720
451864
515468
422061
413194
761185
345698
250509
402967
197711
65811
123581
631424
575234
192792
203075
37340
29480
71880
284482
234990
225295
287120
97018
35494
276206
96087
129883
103349
41001
49513
550797
123562
575059
237307
323028
198910
336663
573426
306283
36557
661786
214447
186202
116725
119595
113016
165799
78116
240051
136879
263115
158353
218696
199847
431206
121858
328980
107217
34648
469954
156244
295473
366280
100213
46369
599605
544989
189162
275376
214763
76324
100424
38317
257886
100353
275460
141313
268517
93731
79529
31192
620527
641336
323465
351702
702968
696307
191931
488174
247284
83615
61690
221200
61610
64206
54593
515685
450588
64816
64981
90323
103477
103485
410155
38459
23202
315119
333610
134357
39258
34883
46163
159695
160126
486268
449205
167892
60321
263709
451103
235992
81710
610661
178817
50139
635318
282688
134679
920401
393129
223321
48935
344281
336161
128063
374428
213038
120971
167092
168706
51938
381523
87937
407438
92811
58225
130862
85605
31432
235175
228606
205818
291012
258379
356048
130579
229058
181691
378931
336971
217544
33634
82601
96872
30007
183645
170925
154031
31485
87285
367021
173168
81751
105074
659311
239840
87757
575022
139926
299056
65808
82025
261389
240612
75788
266794
26141
48936
341143
435266
164465
326861
138385
66241
101647
258805
221173
92770
287083
543082
88379
69779
579481
374077
103379
40581
126519
36265
220071
327542
240892
263273
123229
59696
154466
400814
246071
631062
337058
567954
282139
115308
183799
280110
312294
224067
142800
139882
287620
61161
299507
272078
62775
139597
391763
115713
597765
617137
101839
150300
347639
371444
351101
131833
149241
207766
176358
44509
197316
138496
177379
306831
135345
121920
511586
196548
30006
427168
247149
381174
382611
62605
424332
72815
37107
171387
225491
80268
304802
277449
158686
386301
156972
144745
74557
79005
76532
62568
32045
86770
65667
42978
298735
305347
129044
235751
338779
101354
54865
146020
586174
343707
104697
50810
123873
109078
176972
290684
399775
559582
406228
240457
114976
269533
329664
51032
423320
301749
144174
391025
213089
351205
490075
318819
400204
114602
163391
225516
41000
91508
46168
789990
100858
609227
80903
39114
228145
342092
362395
77276
77775
161151
322809
40828
89273
42634
76131
33549
774005
864182
490666
408649
363590
97893
401377
31986
48408
439876
451063
191041
282607
131929
38008
468996
641263
385683
664886
49902
38750
602899
392499
26935
26363
50641
619288
134637
113299
109356
207746
38346
50776
254076
324616
246369
320795
38331
177030
59307
56472
33350
75248
231271
342162
249503
57898
80404
143012
62948
40298
552457
78030
473112
170650
232386
427544
329516
298682
57644
62792
45386
31949
282638
279625
228421
212867
314169
164968
85377
84477
100611
220989
244330
91566
627589
124459
268863
199561
201915
27279
151668
90446
44602
324986
314562
84690
142321
110512
168792
42266
77100
33386
44785
368729
433194
190442
273124
56925
152696
149104
72787
85025
35082
350082
430478
471855
287652
53930
49935
286809
171542
311154
102605
411215
229215
305209
142552
145808
1392764
108261
1374174
108147
318741
222933
338906
191397
376324
38584
98410
544442
277390
394527
375763
250257
46829
34750
296399
201598
170491
111110
289611
142036
23282
116018
408225
366114
88720
99903
113240
148096
192290
150000
100675
65001
288912
295457
189509
171238
69975
166693
46108
67027
35145
339858
341887
218315
167830
284851
372283
442989
279662
27046
671374
524977
201891
356730
245951
90402
159447
150721
386412
580288
590899
138907
197926
200034
98177
307226
321377
144864
222160
138742
59620
134808
267667
60441
37560
265900
308642
54465
77927
596081
178303
227441
228994
30177
958098
115741
677707
138337
36810
366403
154704
192251
82542
102297
244751
252659
342083
211658
266940
112918
213066
290452
184748
108060
73269
92053
111806
110818
515244
28696
215589
213714
131960
112226
257601
71369
82795
154105
30398
196760
65933
62604
195981
36840
523604
366330
123177
310924
153104
37408
386428
47793
332910
64198
168823
32644
329334
517480
359487
267004
108032
229991
199368
146004
32112
133219
317489
290013
443525
30752
297216
115632
30618
91731
34827
391756
246239
207967
202654
205908
145382
152747
41267
361613
98620
54888
37324
56006
150135
91261
36893
46142
56289
676463
122277
575951
141022
263174
178281
263601
203380
176572
118531
184733
172636
273174
305513
247019
107585
315902
90082
142480
157547
118528
96835
126407
309012
192549
531270
724791
181699
69606
663896
342132
324555
98569
28624
531758
186514
63167
489783
185540
137757
103315
564878
413945
226889
64772
347287
531058
48984
29581
167153
31645
795134
161073
383922
72429
37190
191742
154357
117875
162729
51457
142621
172988
110473
73651
229136
240964
434199
430498
416680
243572
114565
216743
211519
79972
200203
724466
79040
41202
676315
426945
847928
203228
117021
524572
91570
219227
556157
627209
369835
355073
221013
144170
226362
223849
334467
171344
333113
56256
153234
76456
200081
115442
42899
279828
344840
261799
46616
62383
65431
555908
722412
374957
225140
904606
48509
84295
178148
257827
765075
70250
739942
281361
285568
346291
625518
274890
27160
38427
189408
153186
201236
42660
191873
312067
140544
60725
485743
258547
180057
186924
231439
456508
406475
249933
93330
48969
92205
373977
407101
156004
231326
141315
118909
124672
136012
274881
177974
191721
621021
215129
56632
550074
94871
34653
259464
246895
197575
241624
53634
44047
103161
256089
59422
304422
117406
82566
107238
242622
654018
494644
680181
119967
35192
97482
77582
171214
258037
67652
110677
50972
68073
47615
208511
225869
969895
787421
108144
209834
172590
110707
262475
217270
41972
16936
359689
281327
227052
202868
259607
166588
117669
331915
309014
634665
464859
726520
38472
30017
355778
160364
465663
221485
347424
81243
286089
149686
103935
498651
370282
219443
183394
55706
462758
458454
190545
59743
214570
138486
47189
30040
50514
344019
315730
153189
34351
61294
256672
148619
238325
53800
139948
35169
59289
309819
170525
48777
549221
287405
28103
505915
286933
258893
242259
61327
420730
332117
467712
111315
501650
65649
113317
47022
105564
75968
234700
103899
365334
112215
321585
134319
46560
281170
289857
434272
322721
261568
204835
273666
156836
151047
71608
87453
182823
144366
78300
158209
47426
254261
156161
53512
336510
105932
303465
299964
315753
57674
238586
207029
137647
70893
209450
122572
189217
199716
95821
40885
639950
567295
174370
49014
141116
133977
496250
293762
393992
93276
67188
176732
129338
303019
93471
260896
50708
540242
138859
467104
144734
165962
169269
149123
290977
229716
50772
77231
176597
97637
235238
492123
74506
36071
74071
37974
48748
31535
665776
533709
162497
197858
134329
134694
39948
72411
465152
81058
676641
440404
34713
58289
621096
328757
261638
150341
345015
45684
393644
229272
247399
98562
272459
192570
777802
635668
113128
214473
88036
197652
170192
93937
320713
520537
182245
623585
188038
195708
167141
96375
47507
38053
24593
46793
297709
225359
154685
143201
65490
393234
388297
177480
267403
193819
465147
287584
33497
506350
467299
108254
250133
73494
149307
389709
314661
58887
109944
52772
185010
130447
32537
473391
254905
43836
58384
750783
349963
179566
286890
321547
111851
300005
96105
79498
140005
153173
211994
454665
116025
46958
46602
521733
156647
141647
145253
195570
234526
128471
56280
96405
570670
591410
238432
151942
33260
220227
251758
75761
351959
493572
538472
42771
209190
854922
117837
586121
129859
117661
76391
32470
74649
121418
69974
243648
135635
281932
149964
243119
230915
224158
125706
466495
479226
293742
32659
86870
121942
446961
137814
35629
299449
671355
227367
603381
314010
129941
93673
78197
56571
192131
237326
42220
375869
347637
189334
96484
57211
76460
408771
411560
482239
154348
372984
376218
447326
560943
159700
385857
63158
35550
131537
36763
68638
497404
498891
72844
69809
111226
258687
320448
230522
184613
80404
690413
449496
339529
363243
26667
26158
397269
51708
132777
258538
80906
131642
183050
525354
412005
131380
137295
241689
77595
44906
288680
204827
139251
67618
248460
34472
136289
41763
42751
184127
114720
364086
320307
94124
157137
224144
100936
440928
336607
356417
364466
391528
123172
151548
176986
130731
107791
658653
254552
274628
247842
319060
565817
368149
272814
269176
252384
266075
210752
357733
30881
75308
450735
129332
42609
206242
1445920
1356501
1089027
1081038
920284
148972
681096
690287
659910
203731
124787
150441
206863
378483
212331
99258
670515
463100
178528
182298
780455
399344
460957
165906
231735
190697
204738
88729
166513
295678
86924
159150
81821
636813
830152
389800
398443
278375
184277
116838
286162
112503
266738
55375
34352
180474
143907
270680
289885
514562
362286
318598
202014
39252
149818
108657
70946
27329
80907
54125
318073
385541
609312
75616
445539
158558
107550
28001
294877
63675
92136
461254
62895
476936
188556
212921
372480
273709
111244
371479
176325
46331
285876
157633
131441
370562
31034
94204
102051
83757
528111
301919
211027
51795
330761
168028
320421
73520
119927
133379
294581
268104
176077
443466
124812
52081
488713
346488
124531
347274
52276
207901
353608
300141
232542
270136
833162
415994
976427
221988
944881
70409
73679
219934
205261
181631
268777
207896
521436
65124
64231
194006
367430
65145
89184
42851
48907
621285
347205
448729
346163
329221
73093
35220
188363
170948
422341
35176
131496
46178
34166
35043
599149
282197
243107
215591
63829
452299
29902
250255
71769
98206
386660
110530
262327
145503
111092
103188
157126
196026
157638
181912
399409
366631
62500
727776
428191
122584
189274
301670
229898
74151
98877
574707
103521
117506
361299
304420
439830
180677
306159
423418
201359
266401
133811
115858
72322
80616
119968
194772
189332
153087
159186
166411
195161
168801
341910
341315
189382
130757
81315
123524
216528
81323
223215
305164
245877
37252
70168
299686
150160
77129
124827
136440
186197
199311
129699
378429
88690
144546
356329
354859
165399
519602
595298
847221
422632
283256
106659
185093
646970
744080
415976
284520
172847
31610
102743
389245
341555
181709
170973
174498
164202
484373
335121
43551
450156
417067
199325
189992
383860
259389
448399
270051
246592
82644
86631
98258
110565
163320
249032
261186
319850
70054
188790
73725
180514
122299
176647
95999
72863
85435
149060
45451
308881
497794
424370
39086
41086
325400
189648
127648
48941
238042
160087
41614
192241
112297
324730
208453
428009
405394
529464
24307
37904
567235
187467
374926
100539
315532
284583
439183
185867
91225
54396
376799
50219
245896
185348
232825
307987
165319
89419
387981
291503
393592
53328
151903
112087
100677
46419
41226
739591
316129
786108
235679
223668
164182
124062
65816
114361
116936
81897
101719
144273
282202
307449
30911
66609
45710
608737
509440
208633
38800
57691
73792
355656
172515
417947
174390
184325
170247
114275
88732
266778
266892
342947
159142
242131
501079
273306
96579
36797
49886
321057
849294
117066
610269
241450
48675
55245
493162
521839
329136
44011
331509
287330
234729
157844
412629
63357
72320
589660
667681
252882
274406
95236
256265
241838
180301
284337
189019
268068
188479
109225
153701
481340
233760
69344
36942
193037
113756
97842
105731
159875
235066
61408
31439
45617
79696
377202
76965
36612
46077
87261
193075
511887
404505
168234
113272
102938
67199
55379
543406
796848
454594
45732
49847
23082
430501
281115
449314
315363
298303
561472
506180
425323
324466
414059
313565
128063
670765
222551
169390
59231
31883
416960
156852
68231
381429
274004
197235
172031
179473
512561
160101
106133
198830
114131
120195
566702
548252
158837
165913
123136
167205
199458
270836
169683
144999
122416
119171
189083
205471
68291
212069
157000
140403
35237
373377
37570
46827
80376
109022
33847
60358
588772
173959
69266
69747
102154
672537
110143
544202
262714
347816
197178
58163
383013
156318
393854
196971
279580
78443
51897
385880
299144
286278
45172
154237
58530
62569
340867
254439
326537
133412
78751
101532
401101
83475
80515
444424
149168
35387
173085
66034
505826
95928
35233
423378
112177
82605
84260
125268
225287
175698
74958
269390
192194
456924
443408
232976
115868
753800
687573
85088
1040078
183703
144855
663735
171978
441481
297768
374109
39550
68080
396178
138912
299586
117155
89213
258443
242989
184632
270511
31050
243741
303602
440161
395633
107844
77475
190667
35117
57166
100196
135569
75473
114855
275282
351197
396261
87848
294013
209684
117805
115157
100551
43463
122476
52379
222952
56148
685359
630811
59087
72583
94077
129657
493689
103520
48666
55514
499816
635482
208165
55062
62514
298990
78199
87014
103750
123353
330356
323308
286185
25650
601493
427954
98647
175105
28621
1027894
704281
80363
215152
33782
196515
415609
500533
137871
214925
428395
95581
161263
530196
238692
167446
831343
319482
111231
137855
854382
518944
196975
132700
173818
180905
541458
78070
54442
270906
243127
122774
268472
241382
119323
345387
240223
444418
74057
52718
440333
243157
658520
304934
67604
144567
64601
181386
333658
65009
538479
133708
66994
59569
38138
37436
651363
350632
127149
134619
290288
190842
41967
247304
169589
195826
179313
236686
172271
269430
227667
198716
218675
33909
90610
301329
163487
103949
20929
33047
444756
356238
237157
192388
141155
134361
66320
186017
198610
277922
146513
221329
482032
249017
583985
155719
498404
185588
129235
70460
211975
208249
260515
779634
424307
114846
72790
85481
453073
332192
177737
208511
147804
104634
140471
187013
582378
360164
225936
323371
183308
32828
273847
102674
322595
235604
153338
515236
427757
162906
160554
176914
372231
336500
178994
384182
160441
60978
158696
155815
30555
92389
472443
374583
250919
92824
96807
64049
259996
85049
393603
218510
487470
154394
82883
91278
96407
132964
224132
133189
169336
495966
169509
533116
435036
327352
393700
223172
227963
101600
117400
311739
122423
405277
389860
133915
679394
430570
290257
536985
210386
172564
313264
209831
341985
92527
292843
40270
252834
53395
37527
360325
1102757
1106126
1119736
1129621
1130966
1062006
1040829
964261
924011
920363
367145
615799
82428
634615
41691
562665
337133
156536
136354
139733
348465
39014
37327
348559
471060
80005
710705
115158
562765
327563
430028
271957
93812
244446
58072
187439
65090
201304
91620
170880
126861
76343
85957
96576
332638
548657
153622
631886
76046
358140
286567
354422
158990
78483
153736
468782
153552
192164
674376
372866
114993
116550
84704
78605
171786
259699
263284
79351
138440
88190
105368
168226
207656
125665
85733
231274
68243
197271
162502
46867
274504
119167
714955
72938
61773
721051
198344
118691
391790
338660
307865
254494
100845
365838
85900
347612
112192
63563
227117
115889
33742
348747
330980
622091
65096
399295
142573
135154
127368
218578
218645
628986
221649
797937
757128
385894
29570
276553
279481
203360
253970
283648
138437
168487
212230
402108
600836
471557
122938
146381
77921
96917
106070
110395
328720
122815
219300
56028
218659
400081
425279
435988
98862
120343
333914
343272
298130
262372
576679
288742
245437
79530
89591
332705
1468909
1018663
384799
160643
178952
92367
101102
162221
192361
172764
146755
239230
83774
194102
107751
235720
111144
123221
139161
141303
91287
63531
166894
159346
253234
346168
165800
30991
52153
242121
152313
223149
156598
122895
228962
361120
256404
137491
45081
697980
31867
43565
419459
280616
327117
364423
124898
131676
338785
267144
552918
31423
555953
455426
101046
40896
700052
189118
341924
355779
60733
34681
168093
47605
1219484
1066145
61126
174890
245810
185794
127471
397200
37709
37244
84285
397306
172070
95163
490619
400708
402947
68167
40957
341250
46017
310909
133811
178110
121471
142247
161595
62584
396982
338489
68113
365758
40421
89295
34718
326132
183446
411872
162604
240463
336541
298985
290879
78088
61825
228164
150098
178048
565703
499736
310012
142344
146608
204202
186559
38375
179599
69476
78887
100265
83243
67714
302116
335314
307927
149023
306304
316818
315610
56888
27747
176926
44956
35911
52153
51381
436912
140046
545952
252496
206082
247096
221244
683684
39051
314224
172651
375288
462089
345315
342335
429764
478469
35115
547080
179508
203826
30774
98710
33400
73304
37712
412846
409672
120548
257920
327968
439698
205110
86049
109082
94648
76295
668022
40945
93100
84322
435392
467893
112523
82510
39322
240992
323643
388321
53872
71070
378234
237975
413703
138639
42852
31332
52669
399119
164914
347864
203208
422720
436612
203496
402752
27179
83259
195647
332139
305604
28434
337429
72235
106888
301143
36896
163458
307166
67598
54482
41155
480679
256482
37001
385713
234034
120987
41175
45889
423727
422327
155503
182073
71633
158349
132826
226617
33897
222064
448546
663639
285841
72473
98794
560077
271564
36143
241829
131403
43358
48659
264311
314577
222725
161183
147054
115029
215960
175514
194804
500229
461124
66272
103508
428552
200592
385630
437969
39137
383336
232227
208331
251001
446860
293441
176680
193799
37986
231348
222876
28073
343850
207676
47305
407958
290213
121802
197380
192244
357678
237985
40325
469937
243506
78379
84665
115635
254539
188603
88271
72664
203858
518851
447786
160391
207069
169508
118574
290090
110775
243459
590287
643704
295914
25422
276030
234506
92595
184196
101956
43531
194029
214473
76729
88209
89580
86350
54859
43695
40297
45853
212630
257516
459865
139711
406067
161615
147800
96911
129554
62966
93584
442194
474711
98330
288233
155927
114642
134163
314857
310072
162065
173462
216157
149589
535881
78533
282525
156453
27812
372997
276631
43895
27274
457746
186284
537714
152822
333848
145096
151625
152717
60035
70739
61353
389396
73319
301076
55187
771143
87939
719000
277205
57291
179113
97117
644325
121249
440226
102049
176094
114873
180769
354698
216179
337284
235534
992568
223293
831713
110969
92858
330955
71869
249242
107768
83306
119606
178918
427584
496975
298550
37065
211586
396246
367615
109753
194970
305400
193871
79614
796268
89631
205308
338004
368256
112552
68023
39758
265548
286248
135190
298815
173174
80206
76225
46176
317320
226660
165782
40323
258334
382063
364488
199910
182216
248217
34487
34385
40136
209051
238097
252928
39304
248169
226852
198327
283971
218558
131374
67434
258442
130597
27472
321106
95692
272505
236656
368762
212446
37818
339211
233021
44778
105624
212748
666052
574583
214914
351730
296099
72836
36468
98586
279825
106711
89017
328851
175196
75011
109184
158358
188526
142725
76320
245470
410890
234366
555327
147850
151593
62784
153516
78527
35484
89790
88378
311397
329079
113274
296670
156115
158016
87699
209405
80181
41992
182385
237337
64367
341202
88262
82855
409237
396339
364473
71387
334355
74072
140585
405058
116587
333016
97050
105596
90313
66545
147509
158846
208814
37033
154194
181066
372285
390110
259291
123468
196217
167991
215480
100346
43680
30155
40590
156677
43689
271087
411467
223932
137660
375614
350750
187905
262902
131633
141088
88522
58769
408485
365300
165986
434317
250720
167014
296794
165250
279833
216276
124201
321369
323831
266187
87545
61299
379608
468832
418840
66125
122699
420009
208892
495920
155306
297710
158337
108514
167986
153779
99749
84800
171967
33851
104764
45560
54399
145099
87010
43988
123047
250311
549767
390496
30289
46501
37355
147660
917735
372052
38069
32824
42972
733949
208198
324127
309805
61797
327460
172375
171008
418918
345920
431076
250254
313830
242212
179393
97684
26647
69033
64728
92951
313295
473872
280765
93667
321267
68063
333022
254837
255106
132597
114436
201028
215232
113958
179331
103271
308962
298640
123463
426828
50969
109381
278734
337628
139510
134943
106516
89549
93759
367582
41605
30246
161731
169695
105476
100881
269628
424148
305948
29752
132655
284328
657873
575196
248371
34979
127600
84184
421141
61809
497921
293519
51343
466719
330638
330953
147339
40730
62862
84394
461769
424370
89516
41780
319219
276088
142857
154901
36851
132534
190367
221787
171840
95716
214327
164503
208013
64554
83931
576062
455500
111404
16730
168081
210207
287824
42853
212228
199909
212840
200595
98020
248289
251790
537607
347880
100179
353970
154536
81265
389925
300300
32534
393675
164254
253416
49987
78120
148704
146896
33894
497323
391760
100051
90775
102201
61938
262808
90269
254069
153227
617293
574359
771825
341986
150630
105874
138902
76003
428046
129003
105154
64862
379542
321554
90751
258247
35334
130440
272053
37997
299360
123153
279096
294329
429721
168081
130774
206106
119380
75026
26189
69505
151147
583197
514490
153146
435543
95216
425897
167200
348451
87492
173999
146150
132103
84086
39112
49826
201264
32414
675986
90908
38238
80522
767099
282079
191755
86629
157937
142807
73005
46730
57775
189407
188466
403948
290129
91219
192490
334450
361697
38912
58838
651215
295856
96624
550814
272195
190240
493806
815213
815497
223545
101196
44190
185375
245348
293955
303936
252721
396436
310539
262346
158779
177677
97810
71985
350051
92368
68904
31354
275036
164647
156825
580411
128607
434533
134823
54226
139450
128345
270484
195354
252730
105356
160958
136022
151784
165585
160618
161867
97929
33364
45459
134146
216579
212370
293915
501483
535775
352808
797318
359392
99526
367727
383917
250456
351359
92334
75972
115645
227760
192792
258371
180636
209979
61782
64137
517311
204429
48627
716730
237579
70131
29627
57933
30602
259755
29361
864187
235798
862072
286755
150668
49459
255175
187466
272009
132507
29860
30737
115287
281244
38924
28365
29763
526067
348657
65422
125114
101721
70980
502110
153895
107188
82323
50526
358866
60422
93995
386918
75441
196599
183233
329859
263088
458559
88101
189699
100402
267145
158042
190082
28740
108401
158894
443962
72905
450559
44957
35611
91467
181323
208425
159336
49158
167669
183063
155037
298272
282550
82273
223660
154854
61332
253847
315184
221091
181629
64610
80120
100137
147197
502073
89736
265239
82136
646891
65046
707689
197842
272922
101338
67673
272893
212193
61082
334931
54620
37751
51855
227032
582402
703314
225645
180008
60536
135455
425940
343006
167002
192881
355276
351075
180394
286662
1086882
32681
465126
41199
390439
82446
89956
85180
108661
204686
186986
199066
104593
48220
101740
213207
201064
53059
32930
260020
636322
42076
162525
44009
636950
292943
534872
557648
500527
105308
104835
140125
98618
308774
225011
195510
84693
114760
171456
157048
59132
358942
75278
93074
229842
197336
63524
287197
430456
222357
805524
41851
196258
81102
562356
247413
657309
333337
294138
180833
388150
111920
161521
29189
98809
297654
275905
86203
103832
67721
271900
123398
358446
98727
86043
59557
123976
535344
450840
239892
169946
116973
311876
207679
144568
151972
68968
169793
172268
474063
87166
189482
278193
28879
40298
565434
561195
166396
79710
277329
278294
122619
133921
298624
268964
353359
175747
148371
165816
202600
325816
43617
145034
70660
147404
161714
227857
34183
362131
371828
461503
131705
59458
122983
453700
312591
203132
309235
87141
99340
381316
309193
120248
144233
72562
93225
228015
263154
84836
50064
485323
128250
638434
263144
317602
426598
708113
52429
375312
86261
311162
131374
278644
181038
245551
173014
213158
155600
67260
201376
196887
333453
286841
175239
52814
67588
379533
265560
434765
235440
96123
184274
177665
172229
82502
213025
160881
231796
164257
169089
203430
265287
194754
83782
109386
191945
268162
139627
430741
94303
72338
57723
291247
178557
29182
444392
327859
229088
331684
53827
132150
94369
490345
231625
567361
261288
243513
417175
178178
69375
502643
63384
49168
47621
530156
241243
250864
194866
173636
146787
141865
175460
95958
85671
40612
105605
136008
249184
334457
301900
118521
517855
440598
451120
192806
294528
294676
254658
250306
183003
106616
388804
59343
39679
273471
136451
320941
340232
473933
297019
338650
164658
336502
261914
239273
168233
113757
137050
45563
46771
71135
197675
37155
246966
144212
202012
205842
312996
307138
41097
111232
42824
58855
300766
199417
141601
118109
321013
448196
179998
360059
117891
272812
302333
472354
32169
334840
122219
141493
79352
217904
223916
203945
113032
167697
143200
140878
32654
90263
480229
362663
103502
152680
224744
173844
429169
240727
377608
165729
94140
115140
63805
73216
298809
34587
67117
197876
104239
240142
76896
252465
158900
96486
120830
454604
387507
241444
211879
554920
53130
766549
761399
232489
91920
194604
52073
185323
218122
39743
306073
287662
92568
353353
491694
418620
194981
274998
37593
47700
261884
127843
337736
292959
103386
100815
191144
255144
214121
178487
117986
98451
111159
947413
290964
176347
37377
89984
77190
565449
381154
118852
168195
111762
369628
108183
270624
179369
476261
316738
76866
34510
42360
67931
73637
634426
70603
47540
113932
67768
37909
657167
153541
387982
199050
78063
43694
70444
449480
61079
542743
561657
161459
49856
117533
308356
335191
103974
301039
381462
41859
404997
339344
341941
381794
93666
100990
79950
118292
142619
84077
65579
111636
330138
129084
116421
454526
93634
30765
228518
653593
272610
60214
709416
441563
238542
77676
93001
74913
27552
71696
28765
441498
449938
93633
72563
86875
233886
89638
199754
56786
295939
313607
240057
241244
46940
240024
91114
106343
122954
65959
194032
84493
236010
239416
158838
132496
174926
219050
270726
34567
272931
146903
61129
133190
215932
126785
68867
78426
72688
159972
49144
32121
374688
588497
282189
556966
170568
228036
177263
63753
117817
122661
43720
219246
706891
168288
147440
78946
857321
36669
28784
68579
65726
58373
425684
66131
370318
341591
320645
211871
82711
202132
264476
246404
381303
282733
469395
157196
93733
43743
639146
90723
40952
384787
164328
162438
348705
42507
199341
105057
620871
327314
48960
764431
449893
119863
146974
424479
295366
261411
75610
242510
36219
121890
125728
396117
44014
432256
163612
231072
164372
207603
237151
240499
153771
75828
96961
191212
80088
109722
292908
175423
187873
73632
26752
349536
412660
122495
90028
304260
458351
56946
258787
732426
679337
391672
313604
139622
198660
160106
143018
88451
593976
552585
85952
356851
267613
259790
81123
320363
200987
172079
43111
270174
566435
473652
151775
217685
258033
295912
365366
287922
120030
87280
45672
46688
310475
379708
530166
34043
124441
106392
545020
71630
457429
265192
160501
449888
189751
428387
31598
30503
29714
89853
486200
64349
57111
37822
235930
176390
137759
193060
132515
127252
264196
62813
32036
44777
293302
257124
189229
41172
57777
48357
281320
112723
391873
188797
291884
60155
191692
84959
89054
123579
38132
127206
197932
309098
237121
112513
112193
150076
203395
142529
62937
75006
231628
753698
239849
37259
85232
203155
126530
37835
230023
113901
352300
342826
320343
217286
225025
55288
33137
349963
221136
158959
436370
87096
72998
577518
504970
136205
124848
118083
94581
110615
74707
138379
210039
360832
403924
239204
437835
40409
57066
315032
230250
272193
182009
157395
98013
56721
61944
738793
157172
843869
205662
30440
422828
166194
74412
346861
331492
239419
387098
35801
121454
128616
187455
550763
573302
202621
69045
73009
484751
438522
177787
187331
114884
126305
565314
192144
80412
29732
173149
138769
198404
153266
327794
236606
112254
246750
79321
85271
173569
230366
71970
64646
36507
111633
428928
354982
334661
560576
36724
514375
43747
98009
29037
33080
407110
201447
146629
180205
255429
149928
253257
30136
213315
134417
77515
360577
206550
82975
106770
112333
287347
78193
188563
201694
146408
157484
79179
158859
55777
104259
76706
80659
139340
205257
188957
372080
51710
71976
157524
438248
463546
104898
48389
35365
135402
32903
421186
351003
103696
712950
545829
522774
29048
70807
28327
42039
101799
48357
38636
794427
234925
764626
289018
169692
88154
65138
375316
31900
278231
336475
230204
111595
58771
335013
286000
173968
305691
36717
60357
62189
69405
48299
441878
147909
144196
646347
204658
449395
138178
290916
271901
27122
34215
471146
339046
89768
157060
196969
314783
89562
73078
61852
209651
112275
93988
306963
102757
242690
69846
141719
55767
109194
60499
65547
255491
124001
32808
244617
156597
143917
102077
73047
300262
265412
242236
239807
161735
117673
290836
205005
152332
31041
94310
83852
77653
101377
188954
573225
540735
76536
247539
225897
730083
585602
814256
233451
32628
227722
66228
135122
177210
160442
34742
70367
129937
44556
42012
311522
129451
370060
106867
30071
307381
259720
175667
335711
227789
261467
269728
74600
411296
359819
252184
167433
501629
208456
239254
348825
181926
76840
124682
38542
92390
108014
145046
26788
39651
42995
170106
27823
222054
138376
32932
55852
203230
117104
225205
187072
73599
41737
442463
320223
64995
62452
225567
113070
151624
253195
97113
89048
350899
157067
55965
29318
61908
29550
92943
51670
36766
730536
265937
78888
50859
745457
204749
521157
259779
69969
498352
117161
125542
358417
306995
162740
625417
475648
74477
86385
157213
193352
123147
261166
295165
148137
711943
107370
284170
38744
606821
540450
93602
102573
285177
133454
183069
40843
30141
277120
240984
67830
35788
235979
318422
154691
101769
378370
32323
41021
31465
82071
209878
67403
37249
257246
77097
153542
104005
130818
154019
377407
501217
100422
444990
237958
124239
41942
317633
225636
110550
466037
308993
273652
117381
94457
156990
117308
136617
57348
216042
143148
86349
108059
544364
394718
186388
37389
85315
118276
127755
87741
36360
33633
201686
725698
719268
231818
211734
77678
257507
75638
54056
40623
301400
136677
41343
25706
292654
53213
38578
144333
238902
349374
189594
113579
533231
214033
202567
456553
78090
618843
162570
641963
75857
78767
95531
104765
208350
217330
307212
65159
45593
116357
214595
486220
461567
80745
125727
128876
72319
107356
183855
201678
289367
169984
454717
126400
303058
120819
163927
222439
281931
248200
175327
142810
175055
478430
218600
685567
699803
306937
103739
118779
30141
129549
34660
58334
74619
27871
161767
699908
1076397
648821
791396
210286
31322
184043
724712
166981
635993
225085
133464
54065
166604
112154
118650
120573
196467
121492
32598
65316
270458
419446
252549
191647
102600
518469
402323
97502
180346
130574
161516
86114
392114
361617
130830
239397
176130
264141
117940
30709
78552
325119
504822
316923
82793
560645
112935
316245
374516
665239
130886
116606
200858
119699
58947
74595
118755
1046217
767332
232361
243678
214490
248177
258909
159732
332475
246967
109874
236659
174449
28279
130094
127380
380245
67705
28916
212568
38486
617460
388642
67368
174075
56500
232545
255730
95068
211190
114613
43138
347469
214368
415976
271050
196465
329669
30594
292493
290213
31096
51471
498885
90455
137203
27656
175313
554473
373989
261118
411355
231988
227080
35602
842874
122987
697412
235714
273419
417129
328664
238296
163427
225351
172191
201747
192662
243575
238896
207731
255145
125492
105324
287231
342413
104956
347240
119974
213154
243660
128554
155262
69532
74932
50492
278043
256321
148272
161314
182466
347200
165532
20411
473470
245196
340859
168101
80047
143420
305663
247475
232349
278219
46537
261940
299675
145282
110799
193910
153111
125723
231385
179140
232378
95410
576998
663416
600020
279621
136139
49431
57757
369111
129784
442059
368877
301718
196368
51940
88168
209983
259480
200710
453522
239218
161493
294236
176204
32948
340770
138838
319646
124184
82640
370248
394932
336831
260726
117827
95105
60251
116796
53877
110234
373990
196495
471411
138769
229266
39850
130795
66657
90368
459535
525773
574976
101030
291593
32487
33480
147703
192455
83455
94840
38116
678922
134360
726946
198825
198484
197423
43884
197144
39920
370316
68627
334718
72215
70870
102575
156803
343238
32832
53549
397697
370411
130316
233097
327283
342290
22976
508769
148012
28685
61603
343929
63403
97677
92578
165593
281265
159382
925819
855098
151622
144512
84397
66408
57315
78587
273877
200431
67778
118531
110761
200688
264057
30614
139693
575360
478047
648323
275362
75721
860770
208324
825016
99578
127455
83434
31158
217332
158686
129080
101808
183976
95847
107627
87395
100587
99118
70764
62714
103370
240901
218851
220524
125923
350689
369629
673778
74561
447366
113315
252280
152467
505430
717216
40497
692088
199932
85398
76576
269299
111829
241102
533285
211193
36083
659409
121494
72318
363618
313168
375764
364078
191263
344455
525551
469805
419876
31296
230734
215342
415090
359235
515248
161832
64445
547114
137350
342291
77245
280107
402180
514945
240952
208872
611141
422112
159915
185845
299402
56288
132678
107131
457969
156696
34008
427560
198998
56180
377048
420508
142312
108781
276685
76026
83634
269219
311713
287656
290185
210910
680953
141966
49731
573158
226089
600549
275828
444176
297357
501224
113419
553739
312311
301797
296414
290222
310024
321966
617570
287126
252589
265246
134165
137828
180851
152726
278616
254265
113181
98290
160444
334103
187101
111771
141950
224519
240649
192669
74923
156225
497816
36177
180153
126841
33779
833425
185847
114338
862367
216697
155546
159441
257342
94027
22232
62729
225263
143449
29211
357261
260339
166846
156408
330346
296699
406270
60228
540838
180758
475454
493994
496682
87766
279059
92545
261068
80693
86470
467967
203474
338973
152233
60675
320256
291609
112920
97549
140817
306519
49672
164637
35865
289714
291002
193220
208738
90332
345023
257273
191745
112458
365561
294618
621960
295542
263903
220193
403845
246755
81013
97952
634729
172347
421501
193303
59972
196769
46573
112212
62131
855802
117157
608179
112765
212921
69774
166585
73243
85386
228793
91012
78338
49976
156390
469892
407398
126250
269957
129603
55549
115521
155865
236319
431323
44886
35887
134217
41257
830075
116786
780289
247986
206558
157069
145975
203682
69076
345726
184620
73721
99285
51326
518648
333951
123922
193065
209516
244643
333257
504968
394634
243672
74918
203943
348652
41667
331852
199680
279168
171153
95281
90610
177645
420003
507704
228521
274833
473424
184389
598114
208127
346615
217513
291819
229160
74445
37100
569842
487268
534697
359980
159452
505845
285377
123862
315198
283370
50915
672702
651507
212538
132102
262805
261473
237222
131141
287440
186091
394055
141377
222913
79869
79930
122113
169524
358575
212530
134390
30671
741431
131853
186545
43126
682297
156348
479048
277292
441888
94487
55221
487351
490447
114486
205620
237586
228990
106472
149795
363484
120035
46358
337035
134055
351071
255881
337110
314326
124401
88369
183318
185195
330345
413390
183790
294233
105152
47698
78199
151622
328866
73056
118947
447214
241721
97128
199342
180170
46735
113689
237032
29773
718799
808445
270243
379846
195291
201875
430209
431951
259407
148999
268124
243420
65803
152386
348410
471113
385650
168409
172191
86372
76673
130919
58630
110683
359720
465039
175361
72131
102832
124498
283766
110093
92949
59145
376956
470179
343170
105882
36180
408935
91120
23282
40483
56788
64440
72283
96018
481598
302585
136523
123202
133584
266525
84698
288566
247659
361619
154799
173053
241988
194029
153981
446948
49890
202401
186868
121272
193887
157535
115184
94025
427928
87735
224642
144652
53149
352409
181819
100761
154472
361100
454035
339147
491182
167026
59250
415570
404854
30540
509446
191641
118942
75953
223623
83189
165102
136987
257344
254519
219640
220744
465454
659936
33057
138267
530711
318460
197215
331838
270845
279056
385023
268356
65932
473764
123378
164143
121968
194876
102826
174689
207422
87064
455107
99773
424990
178651
251442
170739
138172
120367
382485
314870
382426
86429
110842
88259
105468
342512
285560
329220
332548
206544
154522
33060
170064
242135
254461
145936
387856
78185
41684
75985
71170
685845
441743
365835
164666
92422
83706
297896
187932
174661
126146
308290
114107
114582
29867
514028
175984
37497
53301
437816
387407
310020
124989
456196
132888
416346
294354
283993
98813
120581
379951
193558
38927
101782
551416
356432
155646
138094
84431
194374
192281
107297
59279
114387
181917
178796
469531
52208
282940
229443
151574
127505
112216
39984
77556
83641
285266
278500
123961
91980
83193
322375
259752
88650
231403
41755
110216
282591
271226
280155
110606
130141
150016
30118
289140
127252
81393
45573
71010
488114
288723
496190
82119
283969
25092
147350
175880
278240
227452
222427
162437
43654
86677
256193
218462
168086
218330
201527
431293
39569
37328
648763
662239
122204
284888
52732
47011
182830
269014
206328
568924
202298
87941
778253
397613
264655
475456
60006
624897
522057
668882
181976
44772
495531
83784
336822
145205
63766
299340
157292
112984
44366
43036
579542
181175
637538
134956
107687
30424
102372
109766
105753
342742
61154
104946
492324
549262
202847
36118
53568
340879
232116
283980
93898
125882
381873
450177
156286
145193
135570
190780
99766
284210
77391
44373
337536
129262
156157
101455
33540
256124
39368
276705
113267
127973
85682
34871
95997
33337
249619
59431
171149
81383
44155
105393
890635
121320
903687
76384
109213
283072
135685
311588
599991
253518
152566
986897
401327
36706
808795
330204
144877
860986
832536
223159
1005409
341521
289107
197453
77392
109049
412114
285721
207369
385237
318770
282271
182101
394134
199422
466377
246376
435851
135305
46132
79967
55319
113201
514384
63151
429830
229445
308907
467022
143620
408743
70574
273472
137772
143101
219718
185332
317827
119152
161424
170834
114181
31353
155860
201887
137581
41834
85268
53184
378833
185532
435898
234661
362263
290048
263118
399110
100749
95389
124498
750305
128477
742759
94577
101107
38193
414891
516412
135565
673173
259297
178913
184092
122859
220272
82765
143125
107701
161678
163220
83674
143803
308916
82968
43510
407470
161015
243267
90652
34656
133730
111024
120436
125643
124962
138660
83518
577278
225331
606202
626009
136690
190452
371071
355014
184780
78567
575276
389664
186206
176518
534560
174647
185875
302960
49077
329472
145639
50667
128134
737944
377208
687521
185712
384143
292350
340828
37193
329392
174219
254560
277210
311679
245843
198610
189904
131076
672196
82955
246796
308492
242547
208534
337956
266248
111580
401253
389905
180903
391121
567477
231094
105124
123133
613644
109533
170602
132755
158771
80778
113837
186863
99730
235013
204483
181127
156155
113891
168577
162568
258714
52326
260900
308474
202723
364299
252849
148426
126881
408436
430432
374297
729943
453271
235389
145485
96417
86113
304937
192846
296243
365698
91859
284712
240040
337500
136407
525603
363999
472717
51125
44950
82138
448005
218631
480312
135612
294534
101538
139060
29912
339842
31467
42218
132924
263080
805177
348157
74076
772420
142076
97435
36963
140547
532001
596654
300677
211370
594216
145103
377917
73699
95644
99477
79898
126510
130102
251856
212012
215811
410158
33579
95128
65741
356278
276796
109065
36577
172777
376297
352538
410187
135489
88393
66642
34208
582755
74615
494983
172852
146095
72979
124230
173282
129460
150312
120630
134768
201317
332145
323563
43159
310526
135503
120045
37217
392063
332035
103816
121354
282047
253842
181019
172281
214290
192054
137365
194346
79131
48302
66701
522185
515719
123272
73164
144270
35880
303837
336267
215103
273851
238254
194532
139047
149996
305598
322684
111242
414007
239218
212905
190692
56839
378502
371301
82536
355933
208390
193988
379802
193068
359747
402505
426265
1028422
753272
773447
254169
387394
192330
208136
92599
87506
437292
30327
429770
182602
137887
152070
157278
74939
385534
213153
