31677
49752
15927
13976
15361
16061
18340
13787
16388
13688
14937
12444
13771
14560
14202
12234
15085
14753
14241
15445
22003
17937
15087
17964
15559
18214
13714
13656
15606
13943
16171
16401
17088
14179
17202
13760
13432
13465
16737
14348
14901
14139
13498
12661
14075
15722
15853
14095
13255
16543
20643
14165
14221
12042
16910
18598
541780
51279
15859
13949
930260
17269
596793
16243
16553
16237
848916
20703
716485
13778
184221
819893
13202
12405
16037
664061
64980
844097
16796
15613
20099
14740
16643
15273
11698
10850
20547
2210563
69924
132099
21692
13763
13894
22036
13161
18062
1352746
21248
162210
12768
470405
191803
186260
26662
13651
14006
524857
222920
456916
14060
15925
214696
173836
304359
13606
500398
14454
368625
13014
172681
20251
436950
213933
142193
13495
13971
20241
14387
661836
66115
166370
12483
14091
12836
896530
12133
458092
27578
99740
679128
169377
116487
37964
47326
74791
652510
237595
74680
15680
297461
84665
70727
320570
140644
213634
86468
149818
13916
14797
710747
16404
15701
11643
481088
84530
18578
29677
452346
12626
17352
14417
1070520
353899
182422
303674
64036
10191
277236
353017
13477
13573
21329
21512
468128
13710
23265
12316
15904
23385
15548
11280
2109918
499331
102294
12627
1208305
14308
239546
12112
19490
17708
424633
12541
275300
12012
595383
311933
28689
607840
102467
27147
12554
13221
1340882
478343
16615
51678
392684
15863
14415
18014
13905
17310
14869
17275
1715442
23083
194225
21370
14447
20534
424702
15377
26012
20072
1381921
2088810
288111
171453
16302
13583
388335
42126
45303
22081
14524
252689
41674
29380
106186
16391
29443
11633
220594
192792
107566
13579
323012
66503
368254
15927
14836
10870
780924
282187
96560
14691
398547
13508
18252
788871
23375
144136
26085
237487
33987
20918
32363
14024
1148023
13494
14102
26216
621467
61730
37817
327450
37428
14513
13778
700650
16711
249332
29399
16357
316224
16798
13907
646877
188951
172763
13878
248424
14913
1600379
211452
71428
418515
18079
312533
149766
14252
693060
26500
709011
18060
20708
16476
18640
747306
208556
14550
1089865
15416
11682
14454
691114
18967
275232
182376
158327
17690
16246
466079
120872
100802
166761
502709
18716
16197
1190704
67536
45867
19101
14084
1174101
46105
18908
232293
199106
12493
207840
143969
460145
167475
85363
89254
2198864
218521
706543
253018
274119
632727
563150
61823
836889
215486
95386
31292
138319
534714
434612
311814
508278
1518960
153943
1340321
286173
404227
610450
341591
683314
1303390
1006324
126790
114718
1565416
534191
354031
1065204
1039129
2002171
43373
118346
29880
81358
1037427
456596
1281310
187274
788013
832105
70474
231288
1259430
972678
637137
644890
288544
844256
698083
635814
801221
349064
850004
71450
2574540
1237988
222658
2478651
160031
95758
254787
752682
108897
765262
399635
491722
131467
132120
111180
89287
216078
197999
412806
288294
507891
143908
1009949
804258
85186
888308
279216
691607
1076917
543257
181209
1415229
535800
287220
245519
191463
538781
176493
687269
89321
100025
302881
311568
313119
1144014
1441172
1367940
400097
406982
311107
296149
183520
527713
918401
620107
259814
400141
844664
1089786
725316
496605
1060911
820577
100454
1521555
189236
839695
181631
132164
710885
78283
994240
903175
267074
645272
95216
569335
397515
380769
463639
829507
331701
1074445
468653
490825
508064
789547
2080156
518938
1817160
1272305
229402
424783
259984
365995
38140
1018003
908716
1292796
636590
335712
58578
60809
1440621
1305417
121146
1794913
984685
1059936
1019286
686105
77888
395667
55064
68249
685662
972340
1590428
2018822
1364037
2162503
46001
431359
512097
597963
938467
634393
400789
59739
2131637
1797659
333185
79332
264094
31412
2881843
716993
1554886
198426
944651
428937
401418
330877
162667
453528
580255
584246
770661
461205
644098
695216
637588
1681521
1611363
387227
526426
516144
300469
124323
429201
1748043
325727
1316421
629055
228875
30359
200442
1453221
757114
332566
393839
328890
236667
239244
111941
290960
114746
1521703
1348934
808309
109389
357497
994034
841681
1287419
669473
208792
182330
42847
118075
149852
1447501
148149
1365672
764453
86982
875331
78581
43480
27892
252445
66440
776191
1138246
883395
2139791
1371743
477782
1924549
859364
346498
574061
1024794
1412077
932472
124434
33602
1626347
559539
897393
108815
224458
63879
479152
482380
434213
160739
1712638
402482
1621306
1123029
1300367
1302622
510924
98179
217148
587918
909330
135255
676996
485535
410199
852167
746983
1367801
2031754
1422892
314862
434129
390133
434363
310028
570365
387378
827967
36679
272210
145632
372170
192283
2586251
2842106
1428601
1743368
1341033
189872
377760
2919199
345615
2100706
510795
850058
283118
518558
249522
61650
717886
108808
676365
79746
864469
338873
434238
248767
256077
350950
29004
281102
152099
1147066
272836
1424342
900304
307590
1524307
390694
1477399
205883
450696
436192
507926
113338
125018
462489
314468
1472266
1238395
122173
459790
29781
605830
267041
1310114
1327461
262276
428814
929805
938702
658608
549166
130467
161698
105756
623529
461660
95747
192208
402593
320449
637078
2200171
299674
2855887
1235730
1228765
139323
513923
157869
584171
215263
844416
838365
287951
1796107
36921
1434634
327296
1346402
414479
853738
923655
1156851
665818
165691
83823
1330048
541679
1338621
345488
171128
1677292
203628
578333
667354
923539
541332
1389084
864123
181866
1398020
190435
31006
1122577
688393
394148
702657
542564
758400
882635
208998
364505
220175
303828
404259
303783
157596
679656
579294
610746
775150
55095
1016798
566215
94881
1638949
764313
927051
623574
606929
336356
650987
383949
732191
247388
216453
291801
132775
152328
428038
549801
1261739
355065
1515758
616419
792728
348240
94969
887088
218137
208554
1066504
323137
45192
1308519
1003163
238619
965173
164266
836363
1399579
1224305
783217
153131
603392
884296
136586
22832
110504
172633
1387601
1018532
876258
890508
267345
2460965
2429088
939693
198770
826905
490586
1293281
743438
569965
450946
324003
75493
382928
221729
1042601
856224
189994
124503
292571
158683
334505
99374
52583
920741
1333331
859602
249634
1080221
723367
455439
427159
778261
717278
191991
271475
529944
1618305
114116
766998
377582
651823
37491
27753
334800
105075
148615
295216
452255
268695
53932
1139525
1334783
268041
568977
1119011
1396922
753949
36369
281751
138726
103606
1617420
810061
175717
176872
232418
399588
578449
957473
29003
1204665
1000794
577077
98832
712664
539798
1842692
58930
80161
1730998
241998
338976
227925
213081
356664
446035
382411
428045
526438
234252
382107
580312
547758
502347
237961
142677
1877545
855759
659771
79896
184123
1344052
504432
244148
235130
2051057
1051626
54424
172339
2038568
631459
196650
143228
272093
846221
31966
903834
588751
717158
1538054
278522
299599
1560497
348064
490130
1891926
1332330
240432
1198841
608378
245844
64921
176796
1132324
1068934
857907
660627
223185
377230
195263
243520
265779
179854
244998
764072
334642
1037065
147596
242955
1080139
93760
397190
321958
287183
891615
971026
1601455
505471
545846
443580
497273
468899
464188
459266
275605
249480
501890
1411967
1248270
77563
425366
327218
173856
513525
285464
388712
459018
170015
732654
176069
296718
624078
513243
757734
104959
55090
535203
464116
768722
102054
1024707
1057033
704138
547832
1127050
1247840
980614
116445
299018
58564
540314
819936
371316
1077614
808947
1396434
99929
95532
52862
163784
304744
2166084
267706
182827
1471202
553993
877625
245565
420077
717031
978283
1114169
499907
639340
522037
251167
112068
302188
34221
1212068
1040294
474675
29706
43118
358757
825758
201427
965655
153437
138487
74422
334837
866661
175709
175053
242899
208576
68077
1397250
379525
76409
332021
1873245
1226947
1562640
1229412
470569
88187
1653702
822373
639162
125673
46240
889146
214724
113665
837300
668896
504755
307386
988208
784082
636988
844662
239162
119496
196737
777515
542344
134341
92411
41820
121346
338744
654168
414652
340401
362315
205522
87059
684336
574370
243760
428949
797985
937671
676637
538535
667028
498105
146963
421910
516344
768730
579382
528217
270108
258068
459703
1193770
1075414
386097
64690
220690
366962
773113
822734
775681
363366
127463
128914
360471
306298
803226
890503
3376958
263078
167943
141759
3645684
527206
235516
1259475
1050208
356199
216305
559113
194767
544313
489354
1026147
725378
96161
476794
277488
661096
642258
437384
381095
388737
540050
368521
312821
170192
980548
184583
1366607
1354309
932170
201748
472852
397155
1364334
1424970
106544
320303
731423
45618
78913
519666
185148
1352084
58153
81424
1203337
211926
179281
324749
167658
391666
306138
156200
227795
1236220
1166042
1324196
445397
48814
1191599
986364
256239
462126
1876943
76751
31598
1459765
587532
885557
605558
580076
363498
776930
745747
171925
1236945
289684
103364
775024
359546
400611
81427
607702
643623
549034
156780
40778
829224
76498
1389566
504338
93783
1892345
693952
402618
128426
164056
670140
180137
45964
916199
316874
457637
933793
780335
108619
68701
245908
1447174
1248805
738592
991840
63264
275475
488935
1001192
633438
137568
50044
735300
333691
530828
525289
730182
1226661
107293
668763
184932
611085
179090
62675
1191431
101398
1165235
359414
719832
26635
209742
1679501
1536703
1034835
60014
992059
1098002
553329
275361
101548
278287
615643
407202
966111
880681
76772
1099117
815602
279705
78496
411773
809203
797893
137688
368071
1428510
1835725
993600
1970967
529209
854113
339871
55202
37502
851344
471764
684802
316341
1048173
456828
1408481
451455
1134444
746800
769650
462615
898789
967471
45251
119792
1250068
368909
952762
282245
524254
684555
316123
998173
486456
392689
1079079
311701
2244674
324960
236455
41236
3043693
802724
1568314
324027
686700
397729
529478
41370
505601
273521
53141
366194
987942
318706
821828
736106
1651732
1630608
1085724
182926
762184
216332
677057
287692
330397
514972
836304
901058
405674
2238572
50753
2208612
1573479
2356424
243673
270692
182383
259313
238435
767325
1139455
933098
122584
847598
349588
633754
416228
305580
291803
625026
682140
146354
419610
594915
759164
722269
321396
134797
790742
1281532
1007854
2659741
1420101
42656
91572
907252
542027
600129
299198
315467
851594
397934
295445
294641
613796
556964
1151644
641777
586284
256101
250525
516810
236826
263984
321241
536288
720233
351796
755107
242129
310597
147519
509235
1430892
987770
656463
911623
356998
2887063
31624
264703
635707
677510
597937
518634
806765
165251
238532
358464
451523
261767
398962
809968
978159
409841
1311434
219686
222105
187040
731747
984940
440992
1204295
320322
380633
367142
1352601
1385827
234326
352742
376886
1512194
1188014
1523362
217112
368528
422826
246324
138849
374294
1038142
607590
31978
836148
1542105
1290739
191432
568733
565975
577293
605582
312684
1668802
1706642
314513
1792234
586267
227489
86998
52398
1316836
1345536
345708
215528
449906
568322
1203922
213681
1433863
592239
1585597
747833
107200
57931
778780
769961
197111
449231
779942
781777
2237472
148419
503672
309438
131875
483485
27373
32383
29442
110485
256861
911698
477303
1441841
1193582
137853
1643862
145643
562567
60939
1822492
143527
101035
376866
1749492
1205231
781657
1017135
501382
96196
62785
1825171
276487
63983
112934
267146
1149294
1300895
1837053
1504490
1348218
374314
460988
132109
1083848
827889
298148
1531144
1159696
1528812
1348292
237594
236163
1596052
345599
207204
181594
111134
1153124
102296
82390
843528
323035
47069
362669
362969
370164
753026
455579
382788
82618
289849
309229
423406
1179911
339778
1080000
212598
376007
402243
114607
600496
522852
696342
566828
49165
243778
1539030
173658
2342475
1248851
320307
1433965
251135
562573
445402
1108653
793748
71082
360940
81464
1492209
744925
329740
395757
353941
198097
305728
1451816
1265422
2130370
1166085
476438
299707
316246
279753
169817
88588
499370
135571
277981
865710
645492
1241765
494007
1169427
532474
771074
362055
449543
547975
659156
534765
709689
563023
178277
31134
41315
888167
1393464
1390770
1061375
1084905
75643
1399916
1160832
884411
936590
1096176
374475
276325
735059
131335
892750
867357
481736
817987
805290
164279
520671
244657
390308
480593
62146
48188
604786
547067
61163
114696
1149149
865445
368503
481580
179577
70482
174113
158618
1228993
159417
147931
267775
265783
209948
723841
754115
933407
788213
108794
83063
64198
137519
36325
76061
1023489
667205
147540
174099
751188
1040569
1157618
692734
1492022
867712
206299
452249
758523
1696083
1624867
1022229
161660
266016
276320
319400
250916
714017
456917
572371
1779692
1521684
521094
902206
300664
121620
325280
954927
696632
1185152
623544
1041746
132664
1152490
164278
1429460
575508
372267
556110
1199822
278703
101905
789946
1025385
907975
869160
154487
608718
331246
502081
114085
576134
389284
481068
372344
492484
374106
276057
83340
540482
379812
905589
551892
1151217
1113492
608575
867289
185634
353934
186598
59860
611487
719277
1005874
883521
779569
550632
511076
288392
333748
414124
1756986
1514135
153851
1793043
741077
895239
278173
679219
237555
1420321
1525921
343100
344767
454396
2531786
1287118
125817
189816
28606
1102534
69596
1409532
557207
29222
444186
2399066
737386
1583396
126393
898870
1741703
1390487
241016
1035513
758364
1049314
899140
398332
1320802
243122
78336
1385525
441282
426196
641254
1300311
82931
28070
1538873
1002902
181667
521010
494925
303746
659133
419230
244344
39799
94540
408960
197268
233542
883500
1415050
116139
192979
46870
1472953
786725
487195
646864
283248
387263
153732
468895
239227
460194
438635
539082
643231
451893
1009728
499780
412211
758719
590275
364187
859521
952245
729144
659649
239680
593559
428749
884441
1214998
1466715
932868
220574
188032
2308529
418214
545361
426100
447224
412588
823483
1795072
121263
962993
339009
648392
489992
490736
485037
121538
1382161
1233918
512928
304743
188497
531758
168647
1058543
514711
135642
132615
1611602
349934
48545
1066845
186289
713504
363174
536693
76599
127324
327376
148290
597667
631135
1052808
505966
299018
624935
70554
164418
838656
135986
939305
472044
368579
996638
757622
234602
396950
807257
964355
1157255
473265
243757
539652
374560
1085580
238670
356422
815272
2784440
1783543
974482
612678
179042
180858
837466
249107
155214
68525
811924
840575
1185779
1091339
859470
1016586
1865607
58502
2365042
805808
2097632
1211716
919091
1436397
39016
276422
1106802
871257
202497
667452
417144
1229878
56079
785314
2654349
761302
103053
237286
79808
450153
169901
130562
341754
3944171
110415
1841143
299576
436694
191122
88217
601648
245146
25492
658293
279731
115146
60591
464171
113886
133033
602587
424856
133265
766531
374099
706933
835635
99019
190067
63925
192175
1490486
1370705
816292
59704
119654
764106
346621
258915
517136
942320
266209
936667
140326
342265
382313
211756
854002
552256
1311814
773964
590063
106741
215548
703810
1067832
706887
1392333
1130902
967637
456797
121893
207491
80459
58934
624784
719576
144051
205101
1207717
942441
428879
404189
327340
152289
427914
37499
411110
226139
781985
308480
203227
2480339
2500503
426140
80641
135707
204286
440951
582926
398520
799887
440843
58159
237742
62264
44675
647087
472019
360902
1037389
495840
98761
192070
338290
606099
595949
136716
241205
1220981
856707
1304203
403746
474255
784648
830010
116811
1059316
904920
385327
472604
1738896
1206520
614908
340970
990500
614107
841960
817537
239083
212964
361214
119436
577265
546316
215904
401648
203718
224254
674384
407077
96571
1261045
1161536
375784
1740817
1082225
285976
227654
164879
530158
341375
59714
351089
888472
124525
62566
228149
1214043
642478
654636
803625
525494
293644
61440
248844
939437
922577
446368
839812
954901
355587
1572970
1145329
565992
287555
1017050
612133
440764
413275
1050350
990611
755089
316477
178919
30888
1433176
1139480
1018000
25625
751923
306192
306276
1483108
594392
1222314
375662
153557
260752
209418
377338
523774
623863
1416361
732396
720201
665269
391150
688932
981634
840389
3137777
1623414
1226184
186128
811816
200662
166170
40882
60885
1023021
1155380
398534
251878
222481
945731
348119
119867
764999
707912
604844
445675
319226
680018
285478
362073
339980
519019
146267
81761
211000
802017
914394
1122423
1393213
193253
158156
42388
1587985
710416
702936
93591
317149
955093
133788
116128
999954
312970
338521
568779
412437
411738
159934
1396799
1447669
524479
158645
351249
493109
1492779
58724
607757
518879
573128
653245
1035651
848828
44104
96279
452194
207535
1459701
1154232
690446
551964
1286783
994605
300500
247902
1480910
235070
536692
114011
36576
297292
186883
59371
87500
1965791
681695
305250
60223
3097077
1766555
652813
89053
1209434
151518
833802
1087886
421589
1481060
1187394
1353718
1305494
460287
302720
1449763
275207
1064776
222136
401295
540073
442791
1176077
541535
1507065
614635
1123768
637248
261608
484035
300993
346239
70394
1420630
316493
1548387
1430635
1454208
308198
155035
249732
1928478
56824
398591
955445
383079
1378307
790204
498343
337129
330363
399178
175753
510145
560264
221523
2282009
195113
562689
147486
653880
1731605
944477
2189537
1103061
1607218
772099
572612
837548
843355
533064
1080731
57974
728326
112758
238244
66205
492474
282962
79256
1201742
151817
2955337
366919
86526
80391
3319856
908252
697335
1171023
618730
318217
382805
523356
242507
846690
610885
932949
195476
522461
451739
380422
566984
249309
577567
623684
186754
55019
491565
241889
119949
114242
206786
44594
118903
118147
1392160
2119065
858751
483688
570593
303436
799984
2830028
1256872
471420
231319
974394
1249092
1294949
1819867
1086401
789791
206458
314074
342860
540879
596866
381000
191130
256133
35627
182339
381102
859078
747151
1783552
1692263
314856
1101259
156610
880904
909994
562576
543350
639237
521261
796668
231409
26801
72599
869574
887676
596921
1064988
760465
452635
96988
33959
352648
319088
510378
208147
804388
1081318
320267
489439
433835
1834676
68568
298820
909133
376936
26781
437895
1287697
595091
92580
144063
367956
259661
35758
116586
357858
774923
336834
741988
603387
292111
322670
394322
1078597
1009403
909607
168313
296011
108699
639188
574890
219469
95026
210373
353133
40674
762251
865896
721850
539789
33992
156883
335479
1902933
721027
2647243
421771
1191314
1031815
422427
1460596
1238432
129837
227467
640019
415805
140363
34640
1304903
1348143
453774
471292
502882
141336
86759
614096
349298
310153
226459
509026
580080
2418180
2503250
388215
42564
87598
371175
176541
1014084
137730
973506
165953
50702
487343
776607
182603
52387
236872
1445713
1372924
377091
786142
476027
249477
71209
1475600
451289
1533412
149909
1089905
1241002
285555
174383
102020
2425391
83777
62959
1096666
87637
65808
1184560
251388
151952
57400
54250
244516
164334
190150
625864
1027101
1099339
170170
790262
573512
839838
186183
175876
1511399
897018
26507
291277
796735
3690997
3079293
1653482
430758
392939
498445
83403
695821
1108445
1322390
1030947
416963
802154
41430
80293
810187
316635
1285676
689962
273601
940072
75343
262145
300657
926412
792273
83714
701861
100179
908883
954625
376960
394353
208371
142217
960115
533062
749882
1017972
885047
739294
632840
520127
577873
672493
1867488
964655
2287074
232203
1190576
374151
527451
264623
139115
49174
298469
298994
987867
830305
1110251
287518
441088
495871
447961
280059
257217
428316
567457
1027733
581810
291867
496321
554329
779446
703783
318552
362836
1414872
1228295
1144537
501077
843101
723044
901824
511996
659903
1063873
835823
694292
741203
469668
300037
208651
1603970
1683766
414300
545904
343935
211714
198182
31737
117629
162119
49620
1384278
564242
181350
1772620
401518
28461
835817
296024
346696
484012
367163
1014642
1113673
1177712
497491
625115
1077470
919549
661597
236309
1668490
997764
215518
415955
1101840
118349
26817
1136827
285542
36468
91521
1095521
382088
202872
330758
88607
248754
363661
704868
581067
1066302
472636
570671
379286
283760
40041
299510
575141
651610
973849
645490
446903
855798
43801
788059
895449
191926
423453
570832
882311
999884
62319
258694
155054
72937
377997
1588503
1321777
614336
65762
63138
883779
775196
144552
758533
453300
320533
112678
753935
847262
765279
911583
451204
667583
1266712
1560641
1390229
196058
745377
145263
804564
941049
698561
340120
1088423
920909
1578006
824774
449975
488364
572514
250302
553951
107781
29619
958524
902604
180439
599861
1366767
2257243
122525
1207316
420172
259268
205281
763325
550143
581774
436747
570903
582124
177381
379409
796276
322017
767864
602594
404318
610979
108206
149738
673571
211707
295850
49521
76808
41752
33651
1002031
130607
150411
880867
246359
495785
296575
382537
446342
228046
629489
285592
270518
177172
392051
208157
466480
91345
986889
275246
322474
1366661
594608
296376
400342
407191
209930
50586
93299
529098
68377
149374
1081382
172628
1338405
656100
358081
710039
33649
948091
823482
572274
1413509
940057
140339
174047
1910745
1318294
247772
199911
177375
113337
690521
858096
378608
511686
272712
167053
156043
34370
306878
658185
643025
714908
627118
599827
1124346
1338573
250482
1744911
1196070
599367
747178
495636
207935
683859
1008206
731524
319794
602959
1507865
748993
64415
1476956
274365
412805
180033
398916
119737
1095934
1042628
208657
267125
246429
85500
966346
317503
1226815
264444
153903
513503
144465
220228
906975
767779
783178
1349126
135324
1071549
1196028
1297840
1433002
259871
539367
274823
95204
272531
2167906
505946
1886887
454804
460550
791037
812246
235287
1216699
1002521
769859
984840
864285
805008
934808
572337
146475
605634
342754
667245
547427
828108
438490
65625
64604
756980
442939
621021
372361
679596
329494
1148863
509899
327937
85963
283882
557466
777378
106398
93002
53868
1251807
712502
1332875
231781
73764
79476
713848
738534
31585
1246960
309236
1176609
435733
114179
442951
302040
2300681
1071583
149313
77293
2562860
433306
31536
731481
222771
86523
1975864
871692
2126562
713788
228931
211485
550841
239051
991574
562682
519823
204560
256776
286336
187099
685518
316094
83664
481922
211260
153529
193901
262256
269881
1338729
760407
439989
2285580
259364
523080
130206
159732
219895
2151752
1412194
575897
110153
253797
251055
1108332
147667
228991
1081956
107014
94368
778018
1319569
990341
113008
97491
603233
96158
106794
860042
803953
85248
2126420
941428
207120
124288
31030
1874948
626312
50080
524626
918820
507760
993552
943035
96502
1121746
466908
778395
2202432
225563
507013
2002962
1218983
822560
29557
855101
460917
972912
1017332
1303992
624149
149782
610950
303689
220310
591282
824678
651335
1358766
781709
503815
491713
543701
553014
75008
530592
288504
528500
125364
621633
565951
813401
647038
641796
924076
140731
40991
881600
578401
509761
136333
323501
543580
229840
543758
165684
522201
1399620
1006657
245235
337580
681994
570536
2222124
327157
662387
613505
48537
301178
1472045
506214
1118352
217020
681935
480621
508829
469656
356730
978085
785085
63909
1132059
559529
239154
548107
1093801
820464
164041
240989
327425
79923
1158887
759667
189333
522417
1127328
571833
78098
1463920
1225039
1170598
806353
2024580
610414
321538
187667
299958
219280
545450
424229
836596
397833
330101
425951
229081
90940
26309
770777
1135260
875285
180065
1479483
95618
729651
466202
945245
475383
579691
218950
203185
936661
728019
563931
807410
1038975
517378
313051
902208
695323
79407
122931
1282998
716973
294458
679676
568291
366387
552128
259991
299548
311706
162069
510471
103960
474786
344275
587906
825146
1096886
478132
47927
523649
2119493
552369
97652
313394
505216
2482953
596792
421005
1995507
109869
942043
234336
48761
338137
370440
447466
531262
75235
495152
365416
463558
219797
283046
1351233
594351
101871
336523
1897226
1134244
733741
1417981
1009167
138671
1125645
277394
226468
532017
645342
620868
474528
217379
167269
58538
822061
647522
1034713
99898
306231
1022002
1167778
1010904
171049
241802
1463671
1042633
905562
626172
103280
1553466
489615
1709145
361720
261569
1228811
107864
81715
1262239
174277
47667
1304002
154013
303086
239796
121820
512969
818036
832340
978582
755980
1377813
1054448
450013
932124
758177
396715
151394
241967
386530
901503
775330
569390
376950
26752
237630
558397
585757
282109
330153
203381
1432442
413418
29308
140090
1840100
1181156
37418
1772120
1175007
249280
528863
195103
169990
593764
671324
1093005
688100
626588
99942
384002
392288
480255
939487
414144
265151
1048463
345718
910332
498647
184707
748941
532425
644877
675064
958606
745835
367170
592489
82450
180811
147173
170304
55403
51863
70396
221511
35250
1762399
540068
105450
424661
103700
2497147
828968
425911
374671
436803
451610
547726
551904
339983
241735
554985
644055
218118
1102694
815614
875505
52576
946129
885490
258272
65070
138691
415552
710874
603327
287717
854833
101953
367244
689110
226951
906100
447186
604038
717572
740157
834670
71347
593178
1380262
176963
54641
268476
2173254
1027052
730140
208323
211141
78513
27163
132335
770418
776003
168932
184466
579892
294674
167167
1349384
703050
204829
36712
111138
775302
3061354
2069703
1081776
102804
208340
56950
789497
534820
237384
139931
430071
683374
484554
408378
355287
882942
521599
110578
49280
124044
1228972
811140
675441
1021024
369530
133561
1030071
537631
1443316
460309
1024328
1131065
1037826
1236682
613469
223384
571919
76105
498249
827752
567715
623597
77652
2027866
510232
1576336
371893
158700
203073
293990
394899
586205
761641
682119
299111
1047957
1708263
1672885
1080186
798152
691775
54118
54494
865562
411118
383436
65789
80663
401022
639615
103019
223191
1151450
986202
216188
219231
38126
526285
418518
662033
882117
294107
1541267
448066
874032
182921
293075
74782
1371217
579532
218240
222691
41051
465149
118323
41318
431957
393049
493322
129864
1140430
785604
44523
594755
254866
2334091
2017279
506360
70408
118338
755228
725544
972338
60181
149763
798466
276559
94253
720435
229764
451079
1752741
821851
82767
52854
1690108
1017915
1307917
234890
147442
1237273
249848
286902
355391
226512
1334547
1218570
452726
536198
73882
151332
192749
645002
537770
173017
211511
230098
207373
488392
681888
543121
24282
231027
1205626
892679
624506
163950
199090
734632
700763
657571
309073
301388
279974
252219
491243
485345
245873
183254
607651
973600
1111536
277444
942714
671359
298185
894401
372612
34773
715273
837482
1925030
1811861
239212
176105
450817
209389
150805
29245
659737
492091
215337
186401
1317451
1760305
1779178
58442
122889
193294
768001
230762
4191101
3447086
580488
694366
618180
3788832
176665
375315
2554778
2175700
567553
473881
228765
1064497
695443
31877
58693
762191
167953
525152
273179
860430
1611128
425705
207149
1810900
464656
838272
176200
315123
127090
123108
533302
109323
596997
714843
266518
302369
656726
426991
1307254
1466611
1785417
117775
291655
519391
276427
39272
2244306
1596301
592162
823315
443668
834554
351539
44078
74633
322589
1423862
300458
593030
285355
1822983
82100
455344
1491300
694387
1222468
908386
485243
889462
923183
1451332
621865
87793
101707
1727533
573286
349184
262321
70385
2978867
608257
2022478
401987
135332
1010903
304780
264463
894664
505939
198745
673794
718482
867929
693427
969884
998891
609287
32381
142859
575249
1592865
1116028
209703
766321
850416
1414878
364876
100791
386031
542342
46019
654265
292480
1000907
1030692
1316892
1476494
952432
904334
359310
1093427
1500955
534428
36783
203082
248166
2175344
950219
486547
208834
379385
764241
172603
1212311
142512
1138881
311900
311347
109067
36983
331226
302917
522426
116617
148820
85406
840520
1140672
526943
537869
85609
108685
300161
1474084
1189245
206329
303584
272899
123347
552310
736069
600759
534778
473828
495414
276798
210967
176381
180201
218491
2146254
2081233
481782
839661
778782
231309
361908
169953
152650
93677
45524
1220313
109963
920473
198070
158470
1019735
1121541
1099160
1390292
962988
78206
202750
1858767
491192
43499
974521
248357
651620
406941
416771
139263
409307
442424
528041
78731
32238
563644
363387
752603
462137
302866
403435
486180
31869
62511
48965
725629
556068
135951
351217
89831
392214
161725
754088
493846
561117
240811
280123
443313
637081
1000375
1169599
453156
36338
618279
342534
378594
201641
90822
228793
807934
534424
879692
565668
908754
1202076
540133
1271264
133719
770750
226043
907570
197346
164129
248548
519170
233687
1183217
389434
1661326
445980
27335
452359
29657
1197099
232611
796023
1875213
1286988
952750
2208260
287475
2810485
980788
187505
673894
25617
3356509
409048
194241
2025601
655627
62307
71107
554731
33572
374817
166080
1454780
28273
1832990
114019
1941740
449732
166288
38016
308930
1331185
1129374
630214
835969
1468752
152914
330059
296921
98345
44176
401517
2096028
547623
79548
113572
1985212
101954
412144
851451
388974
1007508
205480
536080
803343
825932
158870
980456
780438
1008665
1209533
494372
652096
305683
52314
968345
378270
971866
291365
402136
137634
263708
1139398
1150810
272982
926380
170853
459050
821498
479263
871657
61617
514144
737704
223226
86479
168326
208253
1638597
306673
87817
304808
1699215
104830
222254
1217958
924836
952143
493517
287886
753419
282650
642676
302539
276776
436334
445513
567331
749107
355593
279222
46912
164008
106570
1441233
206859
191005
280611
28479
1831954
803534
290819
408629
2109655
1633227
363000
213582
521499
258546
1091408
1330411
1189370
1026653
661870
1345320
733586
661513
212441
333125
139680
40539
194828
1032113
982581
512033
898960
184297
283450
70886
1431181
230657
1378271
371572
463930
160453
167496
544372
779675
446866
171188
1007223
30707
64124
205652
93680
106986
617150
133858
630552
270160
371906
485409
743059
1149094
1234491
1028579
1321373
815789
294106
45819
1452549
923954
312701
292351
1261632
177893
570356
529094
516307
374603
563597
493250
231910
426693
806980
776951
1103563
1179475
1761078
1001911
725509
390558
853831
273456
757146
1737818
1865958
619162
625301
691515
648589
328891
143104
112863
205760
41031
407805
761815
590031
886195
44637
116135
597753
1249358
1184627
556588
1159527
301061
1326659
438148
1076401
176512
196018
250738
341454
203375
564540
125540
421185
887930
94314
850240
62336
275698
315571
289302
253809
258205
222637
832385
791764
157353
90555
203000
484556
508433
226923
207064
660071
769983
1388946
924471
1542627
1350467
920772
1727072
683341
391811
448397
216030
2125895
207252
1736228
265557
482673
229104
119158
473070
236805
1241565
182998
1629220
873782
1102384
220522
207861
956854
130846
186418
2335069
321720
2357234
329369
382890
597838
212336
500954
1066871
181029
1250734
457119
152912
470926
130727
73203
478958
33362
814854
1012548
601493
189643
443454
1186937
998176
431106
573579
515507
1201759
481995
140568
335074
705546
1280792
491555
1457065
1261606
708502
1145138
878528
917975
2799563
1283314
701379
173799
196005
563663
634212
986865
1126725
368097
616013
89894
1354760
543862
25374
1441869
397755
200909
61597
452468
1212919
260870
342696
1480876
602849
271236
460506
112157
75502
934712
932220
209984
315653
649471
1036183
524040
1416322
716410
153972
724900
88296
308500
666080
121316
157498
817724
262637
52735
601974
363995
268147
506053
236179
918238
202110
1000650
49264
187193
218713
411967
390710
338081
831469
644036
512657
269910
320056
81700
140785
659029
568602
282209
385001
595692
534965
340298
1622003
91557
65668
620735
855063
938222
960945
284381
367307
524580
1758233
1283574
451174
82734
413933
428111
66043
457005
291306
300478
942564
387093
152362
380322
1783860
335690
110586
1292842
229023
1273288
969219
934261
36963
157032
499906
302947
37686
48494
716136
806044
845239
167308
909957
617096
420771
1199585
1019980
800694
157594
1194488
185049
33665
46886
1450718
1370516
876423
1166408
633823
1436083
584127
988402
778419
401181
78325
627537
1092774
1210327
561484
431476
405011
473630
108631
583964
221111
817326
662274
440980
1211793
1050118
449033
1076673
