635765
498139
399663
422007
2679855
274317
108151
2391803
2324698
2226232
1631138
319906
1014695
615479
1244521
769909
1247970
1189374
464692
1286326
1320299
384457
555021
441118
168147
356337
415718
551042
379841
368913
503780
212042
302368
474013
181815
645710
613530
166243
592505
615155
414701
664369
540474
536635
197749
379579
146778
366621
506091
217476
574623
592505
398029
656081
565104
564565
327754
99589
38227
205452
304117
367049
95280
213154
259546
475049
895630
432135
415498
244158
76613
185360
249842
180535
362577
448882
368708
180237
150072
170729
345962
499633
649492
947387
168924
812976
1212529
344244
570088
433007
314001
176359
223825
301692
92333
351954
171441
199430
270752
242290
528505
481074
483524
100659
152740
141625
218930
200140
281498
308762
128208
247559
302786
221533
105477
106665
247009
514629
543689
462206
593351
254016
188083
368210
2506496
2845635
30510228
30421175
29916698
29620310
30429548
29680100
30470811
28604470
28515506
28035502
30182584
27664334
30679213
27677828
27676789
27845880
27763727
27635675
27801996
27644187
27982182
32293404
31829431
31368683
31071807
30816621
31040858
27865379
27424719
30835910
30573546
28125536
28252676
28387402
27618774
32084843
28482800
31528046
31126582
30821648
28914947
28675547
28654243
30969059
30750251
28764980
29359285
28589108
31994863
31774949
31685476
31392256
28600796
28911745
31112905
30941856
29662879
29580426
31925468
31143743
30090869
30505120
29983916
30424970
30133348
29891742
30074949
31597161
30203774
30997511
30284653
29883898
29746450
29788322
29953885
30365397
30047745
29909741
29241603
28722638
32568184
28702351
32494178
27064784
27157082
27414873
27089164
27176318
27633436
34069516
33988067
33351713
33172044
28451952
28416396
28253133
33649283
33385799
32929188
33810373
30171648
29527610
29561586
29537738
28934541
34601153
29133701
34736524
29128912
34941644
29905581
29834853
29946670
35664875
35563345
30363142
35885540
30538080
36178457
36336638
31107059
35706536
31276141
31899901
31703082
37645890
32804156
32930864
35309839
32797611
32590684
31598931
35614801
30072191
35770305
30427003
35826408
35569937
30228546
35551834
29857251
35686685
30010711
35924536
30268147
30067174
35691722
35739874
30741034
30438973
35632608
35530269
30937352
35564381
31049854
31160643
35880162
35557470
31038363
31059219
31027368
35686625
30961771
30603684
35634921
30656043
35447454
35467254
35348203
35791096
31877961
35991275
35705782
32164759
35301188
35499073
35496565
35349497
33032060
35318898
35186079
35202162
35161902
34580940
33396276
34579215
32986862
33856158
33633070
33916666
33162339
33167112
33561352
33422653
33286908
33387174
35910445
35879431
33122191
36271569
32815409
35945646
32861044
35553315
33279035
36189525
33442058
34901612
33063843
34910768
33322445
32412600
31865777
31081493
30944920
35820761
30926365
35918045
30775049
30339674
30225358
36368378
36451792
35589232
30816405
30389423
30252928
35695253
31153810
31441730
36405765
36798728
31913979
31968541
36237217
31494645
31534563
31494763
31436015
31718658
36669279
35545300
35549279
32002831
31630242
31369778
36251179
31843816
31901080
36725586
31736799
31207157
30635415
30764738
30818804
29008333
36424336
36329884
35056808
34720937
33102576
32662462
30897365
30958409
31713686
31890610
34642169
32204488
32300659
35454133
31498473
31650259
31847365
35408228
35548317
31619471
35673650
34931253
34250980
34243338
34245866
33626368
32965811
33158882
32899966
34957153
34603362
34486653
32883622
34430298
34207440
32157594
33390569
31848038
31841365
32761814
32568853
32608156
33036762
32396942
33134690
33202218
32838927
32800962
32790416
32909962
33041557
33019728
32841782
33144299
33490115
33518721
32930214
34126769
33990389
33479309
34087960
34483812
34806809
34251381
34457215
34352991
34357714
34183493
34013638
34435944
34287870
34794545
34677619
34919872
35244370
35312274
35765130
34504328
34416406
36535735
33852472
32796605
32638999
36859797
32056066
32133575
31996342
37060246
36047396
31219416
36273228
31710066
37054628
37627492
32789263
37643080
37874971
33427029
32889658
32761409
32702880
32262083
32055768
31813233
38818281
31821432
31766122
38879158
31941969
32366026
39682212
40077331
39969369
39704474
32983596
39303560
32587765
32287487
39424424
32219638
39014289
32490476
36894348
31895577
37338995
37065845
33137014
38088807
33829080
38031563
37491449
37316099
33364025
37162369
36527772
33646332
33959487
34020424
34186438
34194311
34357254
38448504
34434879
34354711
38043401
35108786
39299777
35524778
35834356
35004647
35183805
35206582
35349612
40390204
35204116
34991337
40666784
39795486
39395413
39065589
38441095
35823804
36072917
39066477
39224386
38537795
34782958
37892921
37683034
37958981
36010579
38057571
36468801
36462651
35919242
39165008
36138861
39280863
39230142
37667257
37277499
36915996
36592813
37564295
37177356
37058890
37121451
37382380
35906576
35226994
35431165
37711873
37462428
37682090
35236285
34693706
34205964
37701535
37618605
34697185
36294901
36597355
36525217
36543604
36315848
36422208
36936637
36182029
36680073
36423318
36129322
36852652
36596993
36341467
36334104
36101950
36863742
36979350
35397820
35742568
35496980
37600400
37519830
37577084
35213148
34821749
34300660
33893754
33816587
33514467
37870789
37847063
32985877
37931857
36605701
32613758
37013921
32538189
36518626
36566666
36495391
33653995
37527241
37462986
36826497
34605859
34124393
33344343
37119512
37203694
33521764
33466480
37808197
33839993
32566767
32312867
31581004
31148756
37840495
38048262
37878506
31539128
38232790
38177449
38036461
38145429
32625186
32496867
37922538
32229606
37347020
32049091
36288244
32121397
31584408
36016330
31630127
35993154
30777040
36779345
31431226
31467582
37419843
37364284
31682516
31550307
31442558
37573695
37564685
37445999
29742606
29482754
28195821
37734600
37552966
37307740
36447956
36256462
36188206
27579590
27623106
27364907
37281468
37212531
37384660
36697955
28551431
36475846
36778337
29866491
29888900
36332984
29247917
29074628
35384566
29387837
35790163
30240077
36187495
36227267
29400969
29271100
28790948
27663049
27066172
36324951
27032974
36331351
36186149
35080440
34755639
34565197
34598259
34294617
34241279
27558855
26852307
34188387
34062257
34715081
34100604
34168358
28949639
28848610
34269850
33046724
31913672
29430192
32176833
29152979
32618018
29362972
32432680
29152149
28729286
31769609
29003451
32020874
29052614
32207095
29025127
28729213
31269271
28601515
28910786
28835099
28288928
31671127
31703233
31421715
30914292
29049018
28583218
32051106
28837774
32088984
29957120
30015102
33190438
30363481
29836318
31999048
29835694
29786184
29386994
29661281
29554411
29504715
31895350
32087549
31649466
32066337
30302766
32206970
30960478
30748916
30029877
29673037
28351155
32854538
32725661
27554501
31615058
31608555
27858507
31772645
28753155
27817197
31888053
31605159
28321920
27668180
28314831
28817186
33075825
28760865
28795249
33175897
28588830
33322047
32062923
27665896
32005473
31959877
27994367
31502280
31077028
30336415
30339376
30218604
30497010
29973049
29862274
29912399
29722156
30507407
30302803
30064594
30158239
30847736
30473796
30325821
29490710
32241229
30351145
29939691
30069512
32720675
32294136
32315302
31427105
30948542
30872889
30136390
31552013
30590766
31229708
31860210
30559353
30259151
32509442
30553109
29644233
33407900
33191495
33260447
29481897
33551157
29669555
29728982
29843944
34197573
34488331
30133727
34717907
29496200
33606057
29374556
33454578
33296098
32748543
32472508
29993229
30276904
32471402
30346493
30560017
32553690
30596792
32620918
32038559
31510240
32144947
31878565
31243346
32112388
32238244
32416420
31656641
32538270
32599294
29712935
29935393
32749439
32697815
29394485
33035536
29384247
29563901
29416629
33661182
33614935
30074130
33597983
33247518
32761231
29982861
32446255
30279118
30188884
32685136
30343876
30378193
33208557
30886542
31020849
31304805
34481249
31369481
31186184
34215025
34178762
33772660
33616029
31216260
33604849
33416995
29953917
29882131
33246285
33303304
33524505
33679432
30878425
33282336
33383460
31646881
32136600
32294730
32320774
32340823
32282236
32007557
31907908
31933515
32583469
32707684
31885073
32937346
31537687
31020603
31062416
31240396
31150173
32970849
31147234
30423502
32479128
30195849
28929463
32838064
28994700
32796699
28932623
29034581
28769683
28977932
33297491
28827100
28802021
29010852
28860505
28692040
33963577
28734003
28619445
28885443
34903667
34635913
34801776
30556374
35314130
30254640
29706916
35038075
35554999
35076880
34980175
29725290
29192186
35001285
29135568
29036985
29048801
35164517
29124498
35478823
29115771
35572995
28446567
27887758
26842249
35671907
33874006
33287196
33234721
33292920
32826072
32711229
27382978
32872174
31991213
27611886
27311326
26729589
32463333
32348147
26556513
31891381
27092925
32429902
31960764
31677700
27623357
31479902
31260352
31270966
28013416
28153199
31189021
30178175
28402502
28421541
28071755
30960823
30947908
28178729
28105657
30960237
28263240
30710309
30733129
28930361
28498953
28437297
28225184
28363338
28423208
28989336
29648818
33677102
29551725
29695665
29400094
33438008
29052083
29167575
33849240
34011050
29256718
34037249
33973245
32692856
29525557
29789356
32858272
32473574
32233351
29744692
32242722
32161008
29954281
31776594
31955342
31426453
29902721
31312565
30950492
30889256
28894864
28676162
31948994
31785956
29525643
29615554
29974005
30073304
32284892
32148782
31841043
31225439
30940126
30585448
30399435
30489240
30440489
32212013
31885742
31596880
30565114
31695308
29787682
30580407
29831370
29343167
30520585
29944232
29441223
30205703
30253697
30728890
30635270
30970813
31016142
31090911
31242959
30385948
30808274
30348971
31966411
31864619
31803374
30622167
31785570
30503605
30012108
28993173
32810599
29395736
28396354
32993726
33827356
29102268
34319082
29473518
28923080
29303500
34918906
34821439
29167605
29118272
35293530
35340771
29785529
29779072
30190483
29737624
30129980
37334875
30595079
30676645
30678319
30604795
37822811
37684303
30677643
37821892
30711776
37875587
30864487
38054434
30754187
38299262
30962769
38194743
38500075
31523931
38598972
37070445
31186507
37297025
37589449
37082618
37284519
32520011
32186113
38128888
37981316
33010572
33147595
32868213
32488660
38416026
32913923
32260385
38419946
38153113
37943570
32937681
38079368
37941626
32852811
32995712
32819083
38128106
29756448
29543345
38285380
38915096
38951614
30330438
39357730
38662215
30461211
30839966
31070142
30761258
39366677
39288506
39200391
31090398
31447167
40056847
32132763
31909104
39946335
39584161
31926925
32364833
39958540
40022101
39807967
32787039
32771167
32699685
40177693
33146845
40313898
33525613
40513862
40461553
40267117
40020889
39248795
38618039
38492041
38708895
34024804
39404517
38956203
38884885
38511137
35220111
38997051
38728855
38317584
34419516
34444481
34450553
38581498
38354335
34848742
34082368
34245465
38108726
38179398
37964718
35532636
38173000
35694055
38107956
35904734
36063101
35956623
35163973
35156099
34798275
39598517
34171295
33751058
39231838
39909346
40371886
35810582
35492984
35462894
40866752
34982120
40842077
34998132
41212240
35348057
35483717
35367243
35268456
42777076
34621136
34060315
34062675
41895820
42280945
42032158
40659344
40476729
34163314
34096850
40600046
39699925
35121562
39896516
40130079
39886949
38973153
39022451
35598281
35093741
34398977
34447499
38352099
34441432
34056320
38466673
34092843
34214751
34446314
37996936
34182021
34207119
34264538
38554948
37978892
34026333
34226278
38418405
36391157
33423250
33315682
35874780
31994446
32014169
31257545
31463464
31699785
31715763
31327683
31058164
30377786
37260992
30756438
37634124
37625843
37578094
30996953
30963465
31520101
31479837
30036032
30158878
29859870
39214711
29917523
39196254
29908780
38964629
29038544
38859024
28854558
38859147
28346505
28511723
28703388
28599561
27868514
27871175
27811115
39876557
27907647
40219455
27797868
26113935
40539923
40257212
39453939
26096198
25941145
25802497
40948258
40514683
40109310
40040606
27123670
26809940
40365836
40146761
26505454
26416261
40388650
25099288
25134788
24693933
24862085
41261485
25950820
40987224
25812801
40281878
25626991
40293065
39839086
39821993
25542454
25336399
38937856
38593658
38584362
37683566
37705394
37841413
26799021
24833093
24756059
25907041
25844016
25487869
25139606
25196706
39937724
39911013
40001127
39054687
25731374
39187652
26363028
25853414
25994973
25956216
39652423
39607740
39630576
39678084
26009593
26015183
24931261
23588652
40646908
24072901
24349440
24484751
24123137
24022595
41305673
41315391
41032222
40227255
40201928
40102872
39950433
39572409
39444336
24741458
39550867
38921240
38884888
25153326
38267039
38293424
37830587
37621497
37527440
25981242
36133640
35924427
26689452
35420817
35067635
34386655
34500735
27436578
34255453
27273793
27669246
33363287
33192612
32935396
27654926
27583697
27492787
27405938
34022705
28396432
28448592
29363156
29059305
29369915
36138305
36044125
35344190
35077642
34755136
29870240
35001017
30578021
30884262
35917576
35814670
35139186
35011759
34659177
34423575
34096829
31412784
34326669
31049928
34222131
34520521
31581390
31250594
31015807
30950673
34852915
30708012
33700124
31002353
30566469
30766727
34480003
31584489
31485006
31512378
31681937
35012435
31228430
35234622
34151505
32248745
33167805
33269308
33257214
32799366
32848083
35840102
36276485
36297601
33464921
36652151
32983365
32819768
35253621
33019991
34894592
34630501
34881912
32961664
36077634
33632781
33550634
35028187
33512127
33643271
35154924
34719789
34722391
33870709
34623238
34535755
34131194
34923930
34502302
33672001
33967136
33968475
33989988
33930218
33869490
34393619
33963515
32731486
34964838
34974647
34927431
34469756
33031375
33295773
32897711
35733999
32997199
33946609
33930316
36811607
36617413
37161591
34318217
33585637
37297288
33008949
35180095
35194300
33729797
33773009
35448069
35550994
34976181
34468535
33807011
33862789
33969449
34836438
34675225
34471731
34031870
34920538
33996539
33185746
34342183
34111929
34206960
34280420
34257702
33647901
34268354
33113339
32075078
31340453
30372994
30396253
29852951
29586804
34894860
30081134
30428996
35645851
35702894
35723588
35754022
35587816
35536943
35421557
31065342
29963571
29908054
28638970
35894827
29607928
29423213
29222764
37240760
28763896
37353382
28512240
38030189
29110617
28537051
38578898
38531313
28450682
28180125
38551660
38309611
28640322
38610757
38962909
29706054
29807136
29484537
39676733
29642764
39496858
39502170
30141916
39817731
29652519
29682499
40066414
40142713
30425667
40100734
30517863
30477860
29348242
28692255
40150354
39262574
39128792
28890243
29601193
39961646
39397794
29726115
29439927
39443239
28909741
39011447
28529445
28567984
38548503
28505248
27596338
38886817
39145963
39152567
26920653
39282566
27338549
27317969
39561021
40092225
39987714
28455401
28176401
39660609
39590142
39783757
28868912
28461581
28073656
40022072
27863086
28665938
28602852
28400885
28116205
27872668
27443617
26767658
40321501
39639884
26960735
26393466
39853326
39267636
26745604
25941054
25840391
26284180
26197419
39245695
38581789
26782587
38799812
26381995
38665033
38525885
38202654
26877278
27485933
27333825
27098207
39112853
39081401
26659378
38159169
37716198
27117491
26931178
38084664
27085452
38447287
38486135
27801114
39246303
29461362
39994514
29739054
29927496
40232515
30243273
40144193
39851846
39378235
30792021
30818238
30832146
39102748
31233580
40226175
40279871
40303286
31608342
31290936
30772096
39401805
38634921
31335449
31271493
31362504
38788290
37929825
37646884
30637195
37103117
37200945
37603270
31621676
37410896
37555066
37152120
31420886
31535775
31458963
30136051
37958938
30208551
38216721
30223650
37896981
30395153
29734383
38377922
29253387
29222544
29228962
38913023
29321191
28868589
38448621
37871900
29003431
29198773
37818355
28503873
37960182
28360621
38298964
28825512
29212654
29721549
29338844
28919213
28651589
40531357
28721386
28706343
28570570
28764745
28613948
29085609
42191959
42295362
29031822
42539431
28796644
28829439
42286709
41296099
41208190
28737228
28702278
40969592
27799036
40132655
40494227
40342201
28228594
40609259
40285101
39827607
28986585
39280912
39190407
29140394
39050487
28761352
38728386
28483664
37763808
28504139
37962331
37942490
29278162
37369420
29510267
29355357
29536231
37716429
37677133
36933407
29614418
36914977
29447736
37031261
37290817
29675913
29720188
29729516
37197968
29931447
37792451
29644683
29021109
37757604
38216840
38200272
29750699
37882619
37383800
38019557
30888464
30468558
38801982
30681113
38917057
38103709
30902061
37804024
36199872
36108736
31022978
30833258
36552772
31466083
31245643
31432319
38142804
36676069
31165946
37135414
31703948
31749851
31691808
38216012
37798062
37885490
31845185
31706234
31761076
38515669
31486380
38643549
38623774
38855650
32866698
39596748
39250852
38755297
38706061
38254042
37401155
36633726
36579915
34427408
36446962
34531938
36671463
34375875
36428761
35221271
34473807
35392566
35402326
34616454
35148741
34969137
34790327
34531585
34867725
34908192
33799388
35131274
35040548
33830997
33381125
34060854
35001962
34979156
34967338
34986540
34536811
34574680
35051359
34893472
34706104
34285173
35184942
34093552
35135744
33853525
35713153
33744136
35224741
33155422
35020453
33300949
33100061
35581905
31343346
35930261
35773535
30142910
30124986
30021621
35975175
35892806
35821659
30914532
36430604
35906517
30888816
30880837
35424149
30446470
30319459
35068981
30515394
30503050
30194315
35718683
35630334
35571924
30495568
35775175
30792106
30486810
30851331
30893931
36507566
36758243
31298897
36865868
31534924
31411029
37310284
31712986
31279474
31053240
31418754
31282937
31186358
31360579
31422521
31101259
30176669
30258017
39467785
39162885
30023038
39455963
39278082
38395895
30578424
38683908
30733998
30407559
38619311
37998378
37668980
30357198
29460692
29338142
30042628
30657490
39337712
30836206
31069628
39463039
29939637
39567726
39564425
28877695
28862552
28243936
39865419
27217862
27356523
27141794
39887281
26632368
25949294
40550333
40669424
40136095
40059993
26632467
26022129
25391779
25566554
25630105
40440173
40388225
40506852
39822882
26073109
39512449
26113018
40238855
26705396
39626255
26824460
38100076
26676334
38505102
38018150
27536211
38606942
38130600
27640364
28015384
38611506
28187140
28081652
28360476
38608934
28552971
38899852
28759436
38163635
36827501
36680090
36658266
29944251
29910389
30098204
36756241
30049323
30102337
29447258
29377505
37202085
37099926
30201115
30161957
37524293
30280922
29761155
38093594
30501256
36309657
34715456
34510169
34339677
34027241
34053568
34078967
34078347
31591710
34045223
34437689
33999624
33328058
33321554
33558919
33818107
34462668
34239636
34112243
34081248
34757119
34701058
34722142
34382102
34267098
33916754
33887731
33466040
33044453
35114274
34910435
34442553
33537810
34939859
33023597
35039344
33494837
33494232
34175192
33179020
32506856
33865796
33834150
33954308
32833143
33196763
32785331
32302353
31982114
31672949
35291486
34776744
31443272
35205455
35028905
29472897
35074696
34675034
29706606
34815504
34539473
34645275
33991302
30193455
30237873
34290366
30268998
34292270
34037107
30882306
35322101
34990077
35133488
32341317
32456233
32090317
35938907
35919129
35398193
35408965
30874232
30321814
30154833
30197649
35542742
35807535
30012825
36601459
36790376
36010641
35755394
30967220
30530986
36232563
35742501
35798219
31056850
31066518
30574888
29701769
36108429
29809073
29646238
29703811
35493296
34642051
34892389
30232871
34844747
29777996
29363645
35432043
35037302
35039330
30388764
35231714
30054363
34902642
34949187
35661796
35531314
31045719
35203239
30347523
34704518
31672345
35734008
31301646
30827697
36516015
30712410
36405867
30744169
31171058
36862782
31095873
36772373
31086664
31239724
37371926
30503503
30812511
30511417
37571161
37432068
29953221
29688334
29957900
39067460
31759444
31648325
38867300
31982802
38854095
38326513
38371123
32045595
38941276
39159653
38839612
38821336
37749232
34121143
33888928
38399164
38192134
34261226
38472846
34378820
34441340
39242644
34797255
34282977
34062305
40159025
34320673
33203720
40704164
33934588
33859841
33447036
40764388
40786037
33441114
40591438
40530652
39984392
39063688
36209658
35485073
36475298
36468497
36018162
36780641
35926397
35658431
36503727
36695831
36267856
36709344
36069407
35614079
35537920
35492449
35596525
36635329
35660810
36906496
36733474
36776781
36973636
36882486
35959222
35932771
35814673
35803929
37638159
37888502
36491732
38168070
38368259
37147058
38469228
36956390
38188274
37196555
37285655
37960663
37068650
38168231
37359740
37822320
37508332
37775368
38338401
38025152
37264704
36912499
35609959
37116368
35879130
35500258
37531915
35888687
35857040
35806773
35146347
33857094
37580851
36932205
36938689
34022528
37178771
33758386
36986888
36915667
33946507
36679699
35695667
35471683
34707846
34685334
35197319
35273726
36858325
36887638
35583162
36533857
35084427
35198437
35232685
34070718
37015617
37051337
34424604
37065551
37085797
34113827
33727654
32405919
37315690
32224527
31974098
31884326
31814385
37358566
31628530
37380660
31408591
37080646
31381588
37110310
37115266
37048324
37182750
36996492
37016847
37087616
32435054
37136026
37126420
32544410
32098523
36114389
32148718
31881158
35928657
32535418
36338119
35712014
35313066
34465548
33544055
33465604
31731002
31235467
31332322
31425064
31326794
30822253
34217831
32381301
32771001
31324122
32880974
31206552
32589101
30375021
31313483
31190445
30658634
30294294
31215663
31305976
30767002
30573503
30413834
30616054
30642241
30082147
32337535
30238237
29917594
32295333
31516286
31278438
32107506
31116670
31113275
31296495
31358510
28991280
28521995
28545124
32269641
32139448
28606129
28599211
28627645
32466298
32111672
31868197
31841410
29178579
29175134
29849285
29789968
27618439
27262926
32994591
33008549
27111475
27121140
27254361
27285113
26769436
33499213
33558570
26896247
33846052
26523732
26460255
26526085
33749424
33534226
33016861
27268916
27748154
34080406
34024058
33774947
28704481
28466417
34712088
34427413
34378054
28846161
34408836
34428119
28580120
28829118
28823750
34108320
29389961
33494253
33512300
33166603
32996612
32916685
32363099
29570444
31842459
29820928
29646818
29388790
32411110
31698714
31292500
29658826
29460749
31458456
29596768
32025826
29593852
29449269
30014898
29790542
29845236
30865527
34955573
34740291
31129169
34792458
34749820
31505188
35295498
31699644
31568778
35892943
31992662
35940348
34518441
32548504
35060492
32856003
32821098
32729466
35486900
32707293
34863593
34853404
33088101
35238215
35014470
31636494
34809178
31274058
31934441
35141892
34893389
35042806
34640425
34631681
34328964
34603767
32904641
34850521
33504439
32881891
34691231
34710213
34890463
31895505
32321688
32343642
36092090
32225788
32181080
36743476
32741004
36382689
35964097
36054592
35955947
35741426
32869903
32582731
35986202
32265763
32184003
31925431
31737168
36662970
36691630
36595871
36442230
36433316
36393083
36302503
35810365
32836457
32745563
35962780
32841133
35764311
35881742
32926195
35784718
35718976
32213531
31966895
34192724
33438444
31575742
31537809
34227507
33122482
32354974
32139999
32015760
31869719
34050108
32335833
34028254
33057861
32184153
33196054
32270490
31538537
31337890
33616044
33514155
31711707
32040056
31623818
31315501
31158996
31114199
34872567
35179843
31940251
31593005
33005831
31675971
31454010
33876069
33775045
33733020
32516062
33577417
32649749
32574896
32635905
33393051
32282985
32751148
31703085
32487184
33201165
32357782
32211084
33085974
32953882
33024168
33018377
32738900
33201561
32999259
32775490
34054621
32690862
33198723
33249304
33157186
33338433
33455846
33998814
33874165
34274857
33415569
33463282
34187123
33546438
33186891
32700773
30132472
35041644
30068332
35670979
34687889
34688629
30487033
34102781
33784704
30573490
29984748
33711544
33154393
33185648
29817937
33198926
32332856
29958477
31973383
31274357
31610532
31713190
30993374
30475456
31574618
31049384
30897978
30592405
30546576
30466776
30080590
30425380
31882085
31737571
30856641
32164844
30422533
30553929
31987408
32427573
32736035
31612233
31550805
31592747
32207546
31997685
33368842
32080327
31571584
31595581
30647702
30261810
32540729
32695907
32627734
31036257
30921216
32668073
30964917
31337749
30848155
31108915
31015799
31412368
31023193
31485005
31588502
31719522
32365721
32385326
31775331
32096232
31827028
31702815
32455813
31889733
31836846
32177940
33105335
32160897
31929855
31971156
33533250
32263008
32113901
32065514
32792030
31738206
32897474
32044675
33115166
32426667
32406252
32420354
32402057
32233595
32558665
31481383
31894605
31867939
31204937
31250996
30914650
32026740
30875793
30366242
30365352
32204175
32334061
32242562
31833606
29769557
31936247
30050193
29810598
32330461
28964918
32357824
28431849
31989800
31646891
31544729
32037491
31981693
32005759
29205143
31273652
29472937
29511315
29456136
31958090
31329152
31426581
30311506
29283331
28767259
29345080
28829020
28625165
29688111
29186662
28317284
28460941
30627681
29950272
28320046
28331995
28039496
26186052
29653060
29814541
29811943
25534758
29667493
28844673
25017496
24972901
28880265
29117550
25580491
29399894
29502899
26137059
30166209
27461348
27532194
30533152
30775223
27912605
30812465
30705637
30736422
31079975
28720673
30899372
28878751
29275727
32145884
31767391
31760351
29856554
29855404
29491738
29515128
29344126
29375338
32065682
31960307
29239758
28397093
28534444
27986009
32823788
27592745
32565336
27236039
27049357
32332339
25868272
26065433
31882594
31775038
31780128
27235298
27248814
32076413
32834353
28482213
33055122
28614611
33122783
27901446
27921934
33067184
27905136
27084095
26836137
33532154
33325869
32194210
27094146
32466998
32927057
26845903
32397248
26661059
32575651
31959071
31247154
26927593
32198794
27371623
27465099
32212975
32106388
32425314
27554798
31798507
27534210
26865648
26884886
27485558
27729518
33316384
27911055
27978304
27426195
34347664
33986670
27809836
33186919
27700434
27332512
33045942
27288955
33182243
33118078
33378608
27732542
27641666
27305173
27192793
33702199
27910354
27851159
34094221
27608975
34124049
27989803
27944251
34288703
28218528
34660007
27813559
34784246
34768507
28862009
35106854
34841059
34481721
28795727
28980643
34252356
29099260
28889450
34305320
34323604
29409947
34747158
29057636
28201874
34698671
35000234
28935833
35260279
35170259
28994544
28954901
35588785
28995566
35527737
29350343
35383060
34941774
34977392
29939316
29501784
35291663
29570244
29677447
29232536
35451484
28887158
34907589
34518118
27806739
34449439
34647773
28323935
28238720
27387999
34903855
34483203
33317280
27584499
33706137
27315091
26614644
26662549
33275549
33261912
33293424
26840095
26774235
26616398
26965653
26801090
26666923
26512848
26523964
34764565
34891761
26986851
35248389
27329188
27274661
27230085
35526986
35240124
35195313
27812409
34637751
26546593
27355808
34766616
26264876
26137958
25636250
34917976
34460577
25871236
26282476
35770469
26945239
26538058
26533044
36843042
26521510
26491274
26014895
37898841
37816043
25906457
25787805
37540372
37382703
26080178
37892024
26277572
26357164
26883393
38103299
38356341
26915911
37641667
27052330
27271604
27036724
38334489
27229010
26582633
38594576
38468399
38429245
27291492
27837388
27925069
27247780
38710624
38577928
27534102
27782986
27933733
27353140
39166027
38950376
38987156
38808104
38123379
38119972
29559164
29587978
38559234
38395509
29751908
29674503
29538669
29745180
39049045
28876312
39496467
29236049
29732706
39689263
39598907
29840074
29836683
40301068
30225271
30169148
30325709
29778418
29622582
29605222
41138746
29893234
29932044
41667616
29353319
42146091
42133551
42287627
41146342
31271277
40522277
31362684
31438060
31653684
31716298
31687538
31041328
30635194
42466342
42525557
42756687
42698791
31832168
31405912
42793213
31746952
43432257
32165907
32179279
42985617
31790563
43070913
42843116
42781636
32724105
42505051
32777790
33230920
33147249
33055570
43586013
33624929
43456887
43376744
33893741
43326769
33622786
33117063
43908284
33367577
44292559
44073578
34091734
44328043
43918728
33767856
33753412
43731714
43710192
43394883
43314388
33317744
33670968
33640580
43596530
43608340
33934353
43062442
33899842
34009330
44104676
33495928
33506215
44513848
33278328
32550102
44334624
44035058
43751618
32841145
32416814
44358215
32058325
32249607
44645668
31553872
44796250
43855328
31520148
31474394
43874467
31211865
44408491
44249103
31300097
44175953
44507380
31924614
44893949
43333828
43172906
31590734
43248573
42634597
32135376
32081786
42908734
32129940
42770882
31374489
42658697
31379935
31326871
31594274
42522431
42707256
42998295
32119878
31950833
31957533
42444773
41513906
32712520
31104142
30892483
30778396
41517585
41502652
40575762
31961925
31762181
41534604
31334344
41356024
31503886
31028622
30705124
40316009
30119610
40156660
30208884
40551213
39860675
30062359
40102550
30646643
40339171
40474200
31344597
39890690
39788408
38434210
38413656
31925242
38287329
32210055
32058046
38499043
38641960
32111903
31828642
32090590
39189852
30260607
38733283
30386990
30197670
29905110
39033918
38174052
38004950
37357011
30753532
30561833
31010479
38576425
38155385
36330069
32072495
30976668
36222070
31362275
36074366
31311659
36001280
30989369
35895638
35505581
31124860
35334278
33571156
31664560
33917167
33805385
31593903
34481406
34300159
31876776
31257291
33770565
31372244
31385405
30874191
33774954
30599993
30128344
30289844
33522945
29974041
29180286
33558796
33469544
29221425
29272430
33607154
29166127
28718255
29031445
32908749
32643585
32668465
29171118
29018964
28824946
29106136
34178291
29331918
29607732
34894476
34305791
34487825
30766802
34251540
30729389
34537309
34678025
31179042
34816813
35037272
35339242
34581871
34802649
34925580
34051359
33911166
34029492
33364059
33282320
34469770
34635112
33466530
32994385
34360506
34190684
33688325
33820121
33675278
33705398
33657004
33352993
33114054
33092636
33393385
33158658
32609092
32669619
32641581
32056317
31948581
33047161
33273976
33000446
32605929
33123172
32949831
33195955
33568917
33454281
33023554
32609161
33110791
32848578
32301889
32065370
32044804
32283000
32911798
31732045
32509978
32462407
31629357
31629698
31178512
30080612
31408720
30997401
32124804
31279452
31247441
32768621
31798854
31741277
31596757
31764026
32044853
32021133
31525422
31486119
32840239
31228127
30531952
30890325
30522476
33503345
32556080
32133289
31240896
31764755
31429872
31350293
31285471
30961763
31485441
31176540
30999963
30145251
29925523
31650641
29796861
29441995
31236155
31154501
29293410
29384653
28530274
31577969
28401547
31676614
29229490
29219205
28974438
32923375
33591253
33497233
32363044
32705777
32242027
31226243
31474387
31100922
31029669
30908087
30585678
30623224
30853451
30399995
30549934
30705114
30013317
30372973
29980294
29873712
31322792
30214633
31012260
30669632
30102235
30298665
30873490
30726980
30796285
30664657
30008911
30644742
30016168
29723712
30989675
29285828
29693639
29633915
31644814
28801285
27522893
27837729
27791158
33052818
33427135
28231992
27715874
27636636
33254500
27770281
33768066
27589226
27391104
33540865
27646739
27445087
33980083
27563123
27570605
34786617
28206838
27973448
27272766
34828555
27959106
35316537
27968175
28043255
35323537
28256209
28433698
28193343
28072868
35548279
35720585
35181344
28568442
28202983
28279395
28404478
34457977
27918462
34054329
33674483
27874305
27747104
31380157
31591294
28006643
27912898
27764674
32008434
31906813
27960583
31255067
28073500
31567781
31518733
28428034
31013662
30928117
27784681
27874544
31299545
31296006
27794834
30604888
27707685
30452706
30555773
30442878
27788762
31018153
27346567
31070573
27690650
27497624
27834867
28295185
32576860
32270097
28376709
28302168
32203154
28032268
28085082
27772015
32069027
28171333
27597888
27364330
32910002
33697673
28791028
28757056
28788619
28713926
29441183
29846391
36955682
36015509
36155426
36221319
36105888
36388310
35832214
33067964
33229400
33324537
36135324
33770496
33520923
36855169
36650597
33993680
33174350
32350490
32387933
30466334
37385331
31284670
31606843
31673275
31739596
31889428
38259327
38222665
31766215
31630458
31837022
38494478
31313049
38725793
38733920
31438151
38108250
38141221
36544043
35980898
32837365
36918785
32486087
37086153
32665885
36998365
33151829
33042254
32582922
33282145
38443279
38404718
32924244
33234909
32684445
32494163
32315637
32560012
39316580
39247983
39259173
33024745
32580754
39577760
32596496
39649831
38381691
37972005
37882128
32901445
37491802
37643767
33333458
38078334
33694446
38329311
38452341
38187014
37502768
36041342
35794056
35460505
35413220
35253420
34749059
33729133
34916920
33404213
32764378
35095981
34349183
34367834
34885078
33513515
34224591
34243130
34174302
33374275
33141771
34535746
33395535
34649270
34453920
34530036
34261851
34138162
34264211
34858050
34350951
34253736
34265767
35687724
34187734
36099141
35959306
35856094
36211709
35419665
35794829
37078585
37156781
37457794
36860421
36319421
36288394
36126458
36060554
35702754
36940039
35672712
36603435
35719595
37540670
35764551
37988888
36462443
38831929
37020197
37040259
35417918
39130987
38562857
37818673
35520659
37770733
37883468
38079776
36660218
36303628
38121507
35669069
37470264
37377481
35110137
37511382
37414708
37292983
32250006
32241265
31784020
37794874
37418806
37237222
32028624
37492708
35818998
35897635
36069496
32496775
36359632
35759856
32395378
35985893
32235645
32420165
32394214
31886548
31122648
32164436
31683519
30988142
29715850
31566789
31093442
29183183
29097023
28249910
28207855
28098350
32056769
28094686
28543913
32966423
29412161
34055782
29991827
34706492
29668946
33893320
33568628
33395922
33333212
30069994
33492714
33090534
33694265
33644029
31029567
33601902
29811203
29828565
33385027
28400693
32095873
28601260
28694293
32466283
28952775
29770340
29535771
29937008
34401121
34091399
30353313
30220167
30350151
29765088
34287747
29732767
34505684
29661987
29991539
31447817
35760462
35413957
35219592
31670420
35698840
36341178
36261475
36003466
32958437
33320304
35988201
36069754
36754547
36386743
34217817
35816358
35379093
34300225
34212719
33619149
33576112
34055925
35111034
34953458
34902454
33742382
33547371
33376821
35293941
34194720
33636178
34112259
33885025
34769109
34450847
34602212
34563764
34623329
34075855
34482857
34113604
33842632
35854763
34347922
34707494
34610002
37011042
34985188
37378503
34241373
37270161
36504305
35275782
34865293
34884325
35249051
35279213
35390584
35137735
34177033
35615858
33706086
32896450
32405104
32702396
36502924
36661352
32901796
37073338
33152297
32840720
37394524
34010089
38091358
33971172
38352696
38655260
34402192
34301577
34316098
38355846
37254149
34506212
34550063
34389173
37696491
34497231
37736798
37596644
35135021
34722027
34768770
36951584
35310637
35039519
37585581
37568816
34988280
37345757
37206911
37420005
37504037
35698586
37329217
35850837
36003192
35930369
37349145
35937677
36211727
37171860
36331809
36146434
35266151
37147288
36845463
34794823
33596376
32767772
32753567
37557933
33077953
37626932
37695667
37298729
37313039
37529489
37267587
33987282
33698128
37476566
37451704
33732741
36898237
33943496
36897976
33946681
36717403
34031557
36110234
34101381
35918745
34520141
35412739
35477936
35724622
35621458
35567108
35343042
35763597
34759828
34039268
34279917
33871368
36113958
34022835
34212535
34154747
34422934
34378823
34524431
34719517
34980974
32741946
32728372
34994273
32740955
32517309
32055422
32329745
32128509
36103524
32201836
36267128
32211598
31613068
31942523
35439935
35233492
32037443
34114329
33853839
32518057
32484237
32536930
32904692
32925781
33003739
32503729
32571312
32705931
32879366
32352479
32973726
32522166
33308190
32655468
31624551
32510471
34429938
31886047
29950063
28581172
28052896
33982027
28123683
33764026
28238242
33161525
29321466
34933327
30331234
29075345
28709633
35189864
35754889
35639573
29040721
35185365
34538608
29359349
34456788
34516520
29291507
33843746
33430956
32796607
29691561
32433265
32855313
33420051
29732294
33769759
33616512
33624036
30285731
30002175
30282131
35036188
34904802
30820817
34943059
34723753
30717997
34604438
33339107
32632144
30854883
30733894
32429429
32771078
32659296
30822914
30212801
30019248
30783576
33395867
33489185
33525295
31346056
31363733
34244242
33724801
33737679
31865240
31640797
33817195
33264207
33558083
31227585
30908078
33723361
30919160
32885482
30900554
30224864
32512033
32441064
30276815
30434420
30528938
30546782
32911944
32815072
30405020
30406190
32904194
32748600
30497515
30421029
32860102
30849231
33391117
33665003
33778344
31441836
34871228
32073845
35402286
32468333
32427245
32120947
31985584
36567311
31912262
35804033
32132594
36009158
32192263
32332865
32205141
32458655
36561886
36964636
36395845
33428069
35092760
38278630
34728671
38136475
34599526
37677131
34431939
36500288
36494955
35184430
36782425
36443637
35924724
35691599
35340409
34225284
33931489
36050273
36203726
33672936
33995535
34103672
37017016
36750352
34357024
34576435
37128681
36842342
34569483
37090208
36597812
36237820
36385393
34347466
36358611
34727350
34891625
37233552
35326890
36937944
35294741
35073831
36980186
35413531
37549270
37755026
35695687
38086851
35868313
35873230
37987660
37585938
36493920
36218299
36496477
36968110
37301502
36677285
37758329
37905042
36982418
35957660
35650389
36374991
36739918
35871201
37045040
36022605
36274440
36073159
35661987
35323390
36531738
36250096
36450175
35984296
34511669
37127041
34150665
34163354
37366050
37288943
33557695
36886802
33228606
36848213
33021987
36533946
36448942
36165833
33388634
33497773
36981074
33421864
33409978
35438932
35303976
35223972
35006489
35237949
34144823
35513950
35655127
35378454
34222082
35506378
35351767
34556183
34542022
34578476
33750480
33838982
34191175
34442235
35902248
34823863
35998836
35219211
37183193
35557191
35366940
35302636
37228254
37334328
35500143
36296845
36276771
38577984
38594822
37060403
37041723
36795181
39245189
36377507
36676954
40036165
35937603
35564963
40548420
40387282
34226348
34856441
34556400
41066009
33769389
41107734
41030813
41436185
41705089
34365472
34249918
42539722
33197443
42654241
33325546
42345114
41263064
33855971
33720999
41385010
33879177
40972030
33674650
33855468
33934614
41238828
34324092
41325453
33931134
41426614
33960148
41288091
33186436
41757465
41812943
34014818
42006290
34042358
