56862
84229
150462
42847
210353
54803
23069
28552
33003
30895
28231
11711
33688
16752
28421
19556
36543
17451
27212
27024
28418
16513
36721
58665
18369
28512
12422
28895
22267
20120
20663
14419
38345
30523
25170
25372
32313
31062
25622
29522
28488
25283
18877
4420
44969
31237
15632
31328
26717
53382
35099
36196
21917
19140
27696
32991
42617
37468
20022
28027
31768
32270
17900
27027
29271
18530
26322
33449
19048
22004
27066
30809
30510
43866
25250
27325
6191
13872
26965
25176
30261
54798
19686
54979
26099
40809
15060
38415
18037
30150
29633
16281
30427
15735
33048
31409
139009
169050
127364
102453
33282
41223
87190
152774
149816
53473
163614
65435
174644
26002
385241
17217
558915
317780
190999
33916
52439
208937
148428
18637
175638
272340
270863
176095
131160
29640
31857
517513
484473
106165
19251
258954
17206
11077
26740
520496
31236
513519
30609
349475
203012
15860
83063
100459
36136
25195
27490
30507
355371
338107
94818
102937
125194
33572
31159
363814
319322
18277
14854
19928
339573
540587
30710
321083
25431
171367
17932
394949
22802
439164
216256
22307
113395
135190
21530
23579
19511
317700
20642
402554
174984
21781
169072
208045
26930
90047
31391
351095
333473
79888
165346
146061
12774
19223
31803
361694
14829
739194
503822
125677
21769
138493
185605
156130
23619
29058
36129
406318
42104
26352
508929
32609
29865
19760
367999
33659
29408
28412
4116
426312
27363
9111
449043
30162
328203
191575
221826
23502
315615
205493
29016
87760
38583
135099
173237
137419
141665
139409
106248
109425
31627
441792
28659
452486
21345
33158
29592
19897
16574
972473
28747
950888
30784
19101
117348
153262
122056
160794
24565
98547
137274
78401
72456
238300
105230
62240
110050
110636
79931
62902
444971
29470
34193
377974
28518
181236
28552
32137
407037
358086
205699
30317
264648
222069
189950
185058
147728
6068
289784
247304
41540
130724
37221
278092
197920
71413
35566
118836
26444
206442
99324
45625
207189
26055
266578
163219
101786
18026
113688
29433
16399
31896
18033
387299
28707
507031
16965
31678
27601
22971
33191
20815
70367
26802
40142
28767
833622
662160
57723
102080
16319
307645
27309
478646
28311
496708
11043
334857
28719
20357
444438
4870
590033
336763
159537
142947
29870
41834
218922
209645
79630
12101
21517
121257
29479
13219
236126
20498
26661
578611
427675
72210
28578
407070
428130
42005
26902
127375
192894
131308
16798
177933
29748
281958
190439
27975
193796
32247
335407
14831
32834
380518
38437
7092
26190
505715
16135
33018
22387
880874
17991
30112
33282
859888
412941
129965
27819
21497
23843
404225
21821
368395
35977
26215
342452
359398
86232
17823
230840
31333
18433
24073
17319
509078
462476
213302
17727
25618
34291
5756
370642
29210
733690
32284
747889
336296
26619
18023
453402
26939
19161
506190
135111
103769
34576
31499
121738
137396
21730
188345
184980
90683
21932
106657
25951
170718
22147
158369
26948
5518
312522
325904
27479
102166
11524
17007
386527
15395
483645
28565
205817
188119
246905
29085
120636
106018
19534
119641
24115
33507
12400
405451
26806
467846
154310
103876
120458
84577
25543
199516
221674
13528
115337
67067
102599
29414
173838
22895
306573
30581
246020
146708
149185
20844
200700
19770
24452
32722
37210
21534
45312
29254
18744
26673
971344
859804
222884
32925
224818
16983
172681
138151
178883
194144
24924
23942
285545
16730
18702
623830
447452
94124
27158
108823
30696
54072
364816
28989
444463
234554
30708
52291
57599
483583
29409
17837
626868
345269
12246
353116
242080
55736
27513
26382
21062
30884
338154
544562
685458
474092
38624
48218
168361
182163
215467
27184
233306
36668
37901
734534
29997
18002
24594
27418
40227
983695
37404
528195
23434
329215
153684
26553
133726
28917
167763
209011
13719
271305
30029
232469
23872
23750
576441
545554
153273
191692
190608
124821
57856
160515
26302
15263
460784
29401
29043
29919
30361
503143
50618
33040
24283
264788
115331
27851
125371
33709
19158
29825
519926
472472
130242
352384
446161
23746
19659
497557
26656
371312
117478
65249
16964
190198
27254
52020
434856
43505
458705
360081
256267
187524
165913
17503
140228
211485
28279
213962
145621
17100
104200
29524
189093
30281
385835
28037
613497
28195
31759
15137
660349
325611
94029
82750
70071
176545
163966
19511
165240
176461
32903
103346
244663
17038
21189
8102
27083
451123
28118
395500
140089
23667
96763
19367
168574
17660
182404
30161
27886
484290
16141
680999
34408
31599
5740
418645
26550
30697
41391
22794
403203
26313
30005
20849
28367
26838
556583
15846
469350
29725
217331
138433
167798
160148
121635
27638
27139
14812
479249
29694
5032
561278
29380
38551
284760
33830
186636
187801
30450
71623
212205
154127
206793
145737
29128
12201
22347
15074
26716
349952
26254
31190
501856
22833
374570
256394
21890
18673
26729
42031
24068
487568
27191
4289
896985
15934
515150
18853
165542
20456
193917
159221
94858
206868
280420
22838
50773
19595
263700
189678
219666
322975
42173
17746
28273
30056
414990
27458
506721
42537
26424
248046
86027
40757
208454
196053
116848
205470
251166
331462
26308
258297
283598
323637
21489
40337
251693
204972
62975
48973
31225
213907
279612
120816
23490
25911
8049
239563
284203
198858
147925
155559
148285
18054
108370
33390
17985
30227
439403
8164
505657
17840
33066
31338
16727
657391
19385
20510
813653
371341
72765
30513
19322
360361
382705
15046
278930
300298
108780
57644
120212
137192
176418
62169
72075
24860
15970
24838
5476
546845
413699
30054
16361
85841
41544
108129
29356
20557
212977
29437
249948
22331
25626
48787
27580
351788
27067
558866
277025
10407
221352
239134
42866
130323
233843
148664
82914
109258
65863
109098
18644
445659
12115
518913
202584
28074
16596
14896
309809
23499
357195
458282
29604
357047
34115
144835
302236
23683
494643
25112
301494
33842
48402
218845
27948
58064
15281
59140
139782
554380
429215
58303
37573
28454
839556
837259
26724
16971
301954
22481
446506
257149
25639
175271
19009
28389
4445
14735
364179
311550
28890
28228
111894
29825
32249
21632
26778
326863
30470
484087
24255
374083
259963
53320
172018
259449
245245
77378
105597
188292
31057
18575
317149
23768
233263
67768
154462
65060
88012
158675
136856
265562
253538
126042
409149
28804
16847
28025
21365
625167
267263
32323
110030
24905
142132
94450
101883
198269
21637
4147
471532
21343
573013
273537
284793
6927
280127
25997
12517
431176
213709
82855
129456
170188
223935
19000
28502
27474
812455
38626
52184
857289
262634
92974
255544
247843
30810
108950
16726
364882
387008
24911
93108
26761
49606
22563
357149
324197
23257
13773
5432
13056
207733
577731
216809
626964
419034
387683
355281
47474
83055
59043
697781
640987
384179
521841
160906
302704
353169
415110
434024
417418
407124
439803
428116
251219
172650
473996
62954
61865
642492
313541
40979
737102
231964
854184
418567
330705
339439
400264
368178
690377
85672
442302
166779
408460
524002
302922
223308
334364
111050
313389
101045
301992
532835
290256
647074
658589
475992
510622
161891
278676
96339
479879
64000
100670
179509
650704
664745
55087
344751
87305
112609
173231
249141
245480
261016
175198
331876
337431
267296
509231
260205
100004
495979
595317
422876
290707
225959
171922
263305
186248
189922
582920
140893
190308
235561
162214
280204
131966
193482
156199
190169
63241
58237
224859
104923
206291
238238
197109
176921
45602
222406
150139
269248
469133
655243
265473
41732
127312
787317
714302
411804
284412
329167
280094
139581
112581
312392
69045
51340
103260
447155
101202
589398
625855
338555
186614
482895
314833
98410
46639
114087
412378
402154
210585
175743
372735
441670
93532
581817
658628
401135
487701
80575
371497
115908
36480
45724
285034
64956
325646
383443
320248
319697
266749
265251
398568
141319
500109
421777
141937
204967
44993
217067
132006
40820
61651
262872
78099
123840
495604
665314
472139
657342
434600
189234
245354
66530
265465
112241
310563
123908
69757
432658
100032
337010
154531
415954
165954
65769
389662
129596
62605
34222
542019
408052
343119
252794
206417
255436
180206
142373
179299
204830
33009
48208
45544
141646
522996
89643
499277
233065
73523
153978
918762
486636
487101
143035
143472
456018
481989
523004
495645
202375
216083
207151
506850
393841
543701
53784
134273
51291
106782
785023
63526
77639
118092
167777
743417
33558
45573
52949
33490
51872
39171
809890
534862
121849
39370
47595
379870
233346
356533
42127
430419
166003
443068
140120
504207
322810
95446
138843
312617
64704
250535
444085
641259
182507
694287
103133
667733
38891
183248
440737
321164
129878
323994
31736
413957
475445
499134
53476
730897
442197
249775
103232
422416
111825
49297
81832
346810
90110
384884
237451
81074
128982
126451
197249
300119
243367
325934
346713
494576
554620
497245
145260
154511
117995
886006
602911
317511
95532
157759
41621
821224
109461
422562
418098
137282
240341
269186
48371
90752
343822
98419
96594
580570
400085
543183
326765
317045
145940
651840
33631
58640
146685
147192
660609
767895
318828
801302
438816
318882
410829
58769
141797
510232
68411
52157
499967
711900
394872
388524
395749
172817
323898
116064
41916
557819
481430
352645
405750
87360
40688
292084
183545
373968
109110
37304
965304
543550
188312
208353
1171851
1135645
633789
267174
251775
34219
38619
278537
223967
351794
145345
457051
200131
212973
159180
738190
44227
56787
659417
709672
344910
267308
197838
470693
205480
378140
298596
426195
87686
354161
35085
342514
276559
90571
852053
807650
111075
798016
161927
154094
96104
44332
276567
462693
463930
309973
56045
437264
265478
181728
359608
247461
256021
233293
295124
293329
281264
202477
49502
61261
672016
239364
100377
899717
915527
525661
90980
379500
20590
184010
232307
250069
228832
168738
56121
207705
173122
134239
187041
169855
241739
265459
159075
80112
358141
270661
247910
117973
47800
135239
99039
43588
51070
136986
128975
389171
45582
93928
41239
35854
487165
579673
166043
291471
186556
132776
105111
346987
49979
422909
467012
448857
223895
110723
52280
316761
342836
323525
209580
61915
148477
170389
169913
49594
53909
101590
363806
88241
81045
210422
136058
27276
68359
29956
869993
244369
1016438
116427
54199
976969
417713
209089
419830
87241
73178
549946
600000
755361
283929
460800
74167
386123
226414
80024
284422
98255
165712
137369
140511
256570
602386
613172
82442
561920
56754
464917
59820
78113
39329
232695
245667
180285
47140
81122
91665
65744
95200
729719
611766
631922
504691
514850
523634
317671
976549
40069
343201
97128
337064
73190
210605
240159
186862
148626
75988
217266
79998
72933
200829
85712
313210
336438
94723
37588
398018
206199
305964
349188
327213
59168
43661
21129
33894
36407
34478
753805
708260
116220
37663
68859
107619
63293
54681
47529
910712
461529
176594
477936
85165
242642
116499
184176
60797
421719
372311
80245
80674
99409
472581
322134
115884
392700
179150
142477
302830
247120
249843
113619
278041
29683
72474
191651
353479
369415
355199
391865
393235
651076
95949
32969
261993
942243
110176
187892
1303391
334588
33322
34997
47180
91401
102079
1127483
121635
850712
119414
192176
127503
733865
598605
233412
101231
942499
655000
542599
498657
286577
192473
295990
1000933
1378670
590133
1436347
285292
49880
818820
208045
635998
546358
367920
287087
494129
336559
116377
58553
75111
844862
753864
454740
148347
275915
90585
245410
103586
56882
339932
548044
398154
41801
572222
124913
48837
507785
39672
285120
54357
274330
133060
38280
236719
161259
341180
268709
245816
55578
403168
178489
58725
87272
557090
49233
49824
560827
118956
35507
20309
37965
32875
126739
127498
35385
732170
486255
691180
370506
394363
402534
95186
72198
26888
67300
366575
146565
32124
335622
128301
544287
287161
169130
49673
98221
114963
736051
284412
25258
561687
559442
148565
109235
114851
107983
59235
24091
35186
62398
32833
46263
21410
91852
29112
315914
73488
417012
481205
207642
279099
138129
229198
35574
61763
34121
574755
495305
341303
64906
892633
175239
127149
56308
681906
878493
559245
737464
40335
92219
113656
87622
152993
958071
792337
568508
193982
195040
243548
194695
263456
316880
54787
259016
289672
115973
231191
305768
246666
443201
365776
53493
66786
907986
816345
651015
410846
101933
232597
39231
169258
185906
142306
186962
257225
167561
323622
65747
123620
52088
434589
388575
386390
178966
134591
231281
237122
96520
27936
279268
144247
281989
202408
453686
548262
295863
412220
77323
299591
73996
32423
243654
323831
359084
423846
394838
192547
359252
201599
380154
406441
435661
183104
91660
111064
119631
607916
67640
255109
393055
257925
97007
473985
350345
192646
253642
453979
516569
132392
648033
122525
583607
171959
74490
33276
524603
488949
471900
381725
326250
48864
83245
272053
334373
347829
367839
341384
209729
409675
422081
66784
35204
927846
871056
251790
136922
791576
365557
340636
525842
137891
445309
324272
53936
42356
313659
534977
552961
385403
565749
202761
258923
232631
284462
232194
271285
158654
543752
168133
592179
118633
71845
66418
666982
297362
267400
145981
156515
258454
27796
39413
203541
182000
125330
47347
43943
371107
366350
374679
252640
56936
25139
276153
232405
164943
32744
34390
42414
45060
405994
422229
262034
415380
328558
373904
386833
266953
530784
49743
111592
684540
529805
212710
349896
121028
172169
211661
253518
331288
215578
106892
217831
98404
368632
386779
415157
283319
475881
61677
187224
37096
140480
42784
576134
490638
496691
198340
20696
222071
378673
201806
93610
624898
87048
71686
633526
70958
511401
132729
273551
52013
208294
116669
70574
239623
220736
368082
379493
276524
212100
36715
53331
300183
58615
417703
158751
137554
523992
411091
145515
327180
154834
235785
332617
90751
512726
191185
594767
129667
543901
99821
127889
282992
948696
347908
65177
914632
69965
913345
167097
94590
60148
41198
319177
410480
648090
668632
593923
361336
391053
631670
41469
405439
262330
221655
183739
283074
440003
501650
495209
552414
30803
365751
146755
140402
41409
474638
375949
726892
660470
260792
697987
240742
83851
49456
535014
77965
538220
354910
151310
146206
250278
246498
243417
213967
197184
253133
202335
199769
622618
181375
22982
114675
54716
41114
43834
65524
161562
55701
604940
628357
295874
40099
68667
31055
789388
86916
495289
289469
31513
35837
99818
177443
103367
68759
1105775
135567
936258
81637
848491
194038
214500
42548
93000
849013
478608
1081162
160836
969849
49235
381978
45437
38319
259580
251539
67875
74760
481007
475283
148721
393248
184508
135903
148590
24773
171115
58455
273601
125010
88006
870153
149725
863448
867285
65081
90531
205356
165755
147811
351413
300338
185540
135915
46499
234037
174367
377993
118560
379971
21154
190651
140796
235609
311725
83778
40006
522316
137572
143113
540851
459390
169613
89497
21803
386017
284302
310385
126045
344797
335679
117714
38785
40324
34989
58814
613863
684701
502695
232440
178516
107596
400994
159060
122815
377824
71700
479351
185075
62691
64681
690413
158362
470928
306863
251573
216471
245270
290634
192014
238727
29066
30327
218546
365602
393613
443652
548351
264065
476637
87994
83082
464544
546928
344457
141521
653626
192836
660674
108184
64705
476320
320056
309909
362141
520427
30016
133201
102827
36051
677702
53605
554406
546134
173958
51648
29995
260748
304450
215005
130702
211002
122937
409080
429074
301648
442371
134155
213315
41836
60964
61199
398023
267890
71454
32024
105191
79880
88595
774057
271276
327013
170471
320702
35033
80458
22815
1722648
1542435
1106487
268114
297533
277064
74949
80105
49953
129580
559621
408119
156138
46467
48451
31575
52839
98829
656074
146205
59763
476733
581936
205082
384908
283863
134689
148266
184200
194917
42940
278884
304305
336036
263871
236858
337400
194444
227045
53154
408065
436700
294613
48757
115441
147119
737650
488666
594248
160423
80814
465114
625561
502770
26663
193906
965941
685832
300094
48569
54450
671555
239917
222657
165381
124954
85516
128791
324179
392537
177085
50299
783055
67826
802651
179221
89377
761963
292968
60697
247165
133342
144660
162507
181240
124244
99965
33290
197540
293499
102480
351715
355128
234174
155681
35102
530540
142899
30270
476014
81965
729821
271831
29847
70787
466183
97708
863764
408020
752728
699948
312668
352679
70052
269966
346026
241077
403368
180094
507759
542350
388229
472110
309376
337840
43344
597706
555975
729188
621837
470423
508363
268984
138069
39953
662508
114053
430292
375860
214336
242073
255307
371202
183826
67092
347199
103863
75452
248693
659400
72945
214851
798228
323117
1221318
380924
204845
1303879
1062997
361349
29837
604480
44120
255603
83731
33886
171781
484873
112079
31489
620391
569052
294514
416554
240935
55252
267638
247985
116096
144072
80115
60541
266717
323636
325456
264093
410921
252434
266738
182414
211109
90869
325234
219559
400775
83334
380060
270550
206591
203358
103615
299206
256421
247596
106508
177980
90093
50398
48345
83310
41993
48526
52671
476551
720859
750234
412827
243632
232682
351072
953636
459796
170675
566236
96073
633499
587029
628807
641916
425596
116142
305388
182012
186507
214213
256203
85388
168801
17825
114179
154140
144201
43859
30200
347049
31469
637787
661993
194009
625308
353022
312301
360694
439321
243963
286134
79599
313663
79436
72906
375659
385411
232462
420087
149699
62141
347387
271177
93023
272261
185483
188497
181195
73600
351358
318105
246450
43125
376212
56669
198647
141792
236584
102331
384371
216917
57421
33452
59411
498973
453376
94054
241678
114938
140724
146206
130622
79174
139631
286739
304902
276153
185313
489090
40147
178095
421045
373170
303251
503296
253318
53332
30569
442632
321853
295924
53501
42216
21866
75841
279001
150141
884737
248669
122659
944653
918325
118350
434708
183910
291181
186984
217947
139930
166353
397446
44927
38596
318918
319774
375188
182681
194864
415996
150475
50870
264700
134088
55142
26493
49603
420408
542778
869690
792107
81463
771997
296132
58209
138045
1082707
699480
609487
138666
140015
149575
366731
123952
42031
495794
448118
464301
185072
486540
252382
62265
281755
45547
270948
363703
385589
21849
371427
277398
109068
94300
120528
85699
95828
30610
139049
101010
58089
387520
410411
454752
114478
97003
68167
83248
211611
299873
268096
674421
34007
469787
109132
382765
40117
144450
587283
352266
413969
466738
394966
362375
915475
44281
474101
107700
57676
89756
58442
82962
663145
250593
858889
583582
162443
354712
146591
51778
359628
455650
343891
38866
40802
56194
41751
609204
397221
166743
293736
198475
196052
85573
97083
463438
417357
381316
297181
442857
45990
65777
295953
690058
906172
695493
374838
583246
300486
28638
536986
186895
674155
446394
313387
330145
77391
364787
168288
45733
76817
441512
450704
65759
39832
56438
119589
45829
46702
468618
293553
289212
101210
66334
305835
500903
499781
206985
573674
102325
300814
170049
396992
291872
140622
49623
60000
69960
250289
137304
46886
53139
140465
226506
384208
42284
487719
461434
444087
149308
287114
51059
274826
159967
372870
97196
421843
271815
163608
210547
46213
294920
369192
371896
212042
117353
94239
524667
77248
387556
124624
382516
545820
339261
368728
272579
66220
74042
734052
67211
97054
836007
314549
116831
960585
636636
125126
249291
539341
435276
325212
43779
73211
98171
734836
506443
486162
213011
305904
349122
239125
79576
207499
69939
42790
142556
175089
91272
66402
201344
34676
484162
160418
58201
504685
72980
502353
61852
154441
88674
472787
150479
91986
29597
623788
632334
248665
427097
189388
32842
96535
451049
71405
463483
42922
395125
151791
160262
208992
472812
357870
52351
362988
80788
359190
511597
516008
625844
839979
34578
49630
476856
191432
655854
147091
32078
554414
184866
30411
56682
754516
563025
517932
112889
123534
98732
462555
161647
488457
527550
542480
368695
207622
86272
32777
59600
51334
482864
110744
110846
648130
688630
489886
676770
110117
564779
741988
340590
62312
529817
427803
380061
462037
368849
100662
42794
31027
49780
595878
420021
283282
66358
108978
175383
355853
160439
342901
435213
454602
351022
446805
60598
361870
315901
112342
404401
380204
38755
36651
668188
227425
85336
774439
112849
101673
847273
485206
249312
39487
478792
208632
456442
447869
463420
427242
556916
483407
361847
178920
124916
152111
315062
249310
142186
333135
359152
162131
486884
312322
214017
55939
31371
687434
683677
163733
85651
576500
281559
244006
161678
246053
252752
360435
86579
91779
230234
686078
572561
388459
641012
270933
159075
329086
123230
246054
228204
190676
237708
206682
338167
214587
124890
241409
260274
189200
201321
175188
313005
126431
580448
565759
194689
140893
934319
572415
694992
562807
356779
297939
76426
211089
163170
293366
428413
289369
61378
32334
50001
604446
152858
58460
512779
165916
124080
41356
42026
684470
135131
35340
93972
726515
689597
418313
65911
580525
35359
418970
396279
200768
195965
164018
246299
339616
181562
445038
134058
52060
339500
240883
142193
398961
237766
310909
320690
93799
280673
303476
117633
335487
342331
137088
305741
309268
350994
419823
259716
136207
45354
342171
163632
347347
114092
466561
378432
57207
34100
635886
604511
369548
152994
29089
255907
98326
53728
675839
653390
297193
689293
91834
85102
92002
356842
192188
500634
236268
36749
677379
91638
56644
77367
106906
86674
882212
761368
261131
160970
745958
93834
389438
368920
193367
54087
311372
71363
78753
260747
292085
210174
215228
41473
96007
95449
62161
77205
41361
42525
668829
659924
263608
796832
217465
30632
50442
503055
458838
335780
284587
202044
51769
328327
546772
74738
58081
44516
591953
523921
195515
176294
591775
312804
32995
161448
872898
278188
85141
181558
1400634
996081
290592
40364
912836
413459
331211
556111
219395
56624
203279
632293
698112
235809
595639
186981
203823
37294
505689
99227
48261
564279
682482
372522
296144
226468
64658
39015
542368
442526
193785
125985
90256
65404
882948
703412
701081
300633
197202
229998
774833
113275
385386
422014
217211
30730
112661
176412
729338
77794
667749
192887
119619
841401
454832
252897
29047
508764
382084
61804
84137
120388
32762
85187
908076
191846
194954
1215035
1128192
253185
32543
69786
653419
152270
460322
79995
61007
428251
94480
54457
32687
80016
74102
467198
121960
94471
55906
67428
1014507
928914
867665
250194
260875
942370
34238
447161
522541
219245
640629
424923
318224
364533
230109
170791
272569
645421
691206
676662
211060
112153
146120
499841
129592
151785
170768
188300
38215
229599
336965
509819
84638
157576
164817
782776
268881
184291
1128817
144731
1094545
732504
386619
197451
216025
240882
199634
539651
1037861
180886
61971
33107
36592
683121
131318
807146
228819
689871
512244
355688
126353
198001
463081
303099
274355
189985
83611
383226
406973
330774
70676
582668
47478
513307
282439
101055
726748
520230
312486
221372
43470
842368
170160
593860
624430
164453
420191
54074
41042
477443
78385
473629
57035
57820
507413
86619
48972
232803
332777
406345
337023
270389
620944
496137
486047
328292
279563
285174
187638
97768
173603
318798
307583
296063
130652
39304
257107
216263
205303
118653
131506
91116
544391
154938
35349
57622
762099
405185
27777
950827
666078
411405
192035
142047
87384
262119
239666
395719
431502
266173
250699
145235
150536
179508
348821
156111
418596
161563
411598
176027
37090
73473
447510
130775
113079
144766
679486
129692
38673
775788
554722
295144
123794
156069
127720
98835
68794
222803
257321
606237
328239
262218
39910
423889
109218
416155
60199
361730
155245
59897
97539
220011
87221
629391
305334
41331
94323
21817
51479
1041897
1077557
635238
226635
302335
47263
311824
142611
280750
92043
463521
219971
338576
398621
220296
217207
299467
47986
209327
281804
218631
66275
31992
325718
306332
458964
401685
380068
169405
125438
520142
71550
37156
160135
240862
72171
98020
350330
344024
272219
195686
203838
331551
102355
275086
94672
327009
419300
188709
286992
244109
183858
257724
169962
314374
284311
273033
298364
154974
26840
444977
466562
466105
394916
468876
134186
18090
631427
204039
760676
555742
208546
328356
77689
209786
314370
301119
253223
427613
294715
276732
306345
182671
415981
478517
190753
453786
98176
530289
216315
168473
151065
144563
122686
317718
55911
154285
39759
170433
219682
146506
164242
281855
274979
389031
513856
169746
253086
652227
610147
97685
220071
103491
66359
103102
1064493
793051
325367
780687
105089
97790
42919
12268
228279
220855
356746
309878
330391
450501
92005
99605
84298
380933
123044
491813
493576
147823
262563
107961
119843
182091
54088
172264
33147
75749
36905
140361
385066
167182
55481
112885
928692
403800
73127
920959
37501
50983
811615
252857
67076
46902
56709
474176
48784
394110
448976
282899
660807
472403
746224
853986
579793
572582
43554
736835
217775
555133
474740
197801
59985
330634
250398
242726
186614
279426
43266
292262
198990
117221
536819
431289
359544
265402
285692
309610
444218
154050
42808
237954
212427
158424
199391
263029
54183
363129
410259
415316
200737
185495
310613
117844
326322
237504
336187
856745
24309
712653
72168
713275
278956
277083
242011
537097
723944
615669
163726
54699
154415
114794
49819
63067
241155
145067
1729228
1441527
113020
79587
30874
1316834
27420
258917
149469
386863
109444
156391
44994
259637
34177
281947
925014
876300
886982
236517
384177
403844
335688
401370
38037
63114
65439
146763
36826
38810
61633
61636
595463
252505
755512
130720
695035
322008
142876
79910
234320
275510
412657
593846
102676
98791
493717
52325
128756
109489
31925
57461
103887
772650
69114
172529
30086
96362
154720
1047942
72132
860818
82120
641963
259106
398617
126313
137668
585437
227532
103757
88179
44394
1008282
836343
299149
85552
734043
501769
333585
534904
405735
290788
135952
262732
808491
112156
46746
80180
154760
114760
88707
1100595
48515
147191
1166399
843247
480137
344159
204771
427778
74785
95550
283144
85947
341492
137341
456307
274590
430588
697185
561490
427905
438820
178426
296542
341266
345973
213459
285995
395414
42651
42459
59242
65186
80118
419269
358747
38721
589790
106066
694092
263449
652927
616591
445896
402746
118426
41436
109033
661323
568544
503830
245370
161024
491270
34791
302204
122041
236175
99390
420367
181796
49058
34970
426279
390003
132717
35251
230506
61680
34674
202634
193020
227331
194485
187492
187125
54963
296094
47116
85902
369395
324872
166721
252608
204130
126829
59286
37492
56808
326832
72583
401517
525204
354592
422102
330714
219508
187462
197453
339267
413776
428238
443131
483154
256119
243399
140171
110867
79597
101363
161310
316808
36056
39251
21057
153787
126947
50442
499060
247646
86467
740306
717242
108040
433466
87135
72481
272093
255151
180614
256600
228408
275734
363881
243483
217893
154913
229783
758327
385051
281616
201840
76085
67355
161187
162772
164573
194435
42469
252737
368005
530751
517732
393191
781332
34416
298021
57824
174908
249926
192980
279832
241709
32155
452390
93837
208702
143517
786166
666370
547637
174207
255538
34393
216146
55561
31059
48096
44390
45658
305746
331369
273576
387333
106140
68320
35041
349573
294926
312113
182029
237776
282964
138484
357330
379902
31492
136333
57831
110109
1078636
241501
1102563
383906
1153047
501397
139826
36714
618922
318794
321815
373780
205271
248038
389980
278249
255475
263147
321946
550583
56029
568497
28402
528640
34804
197018
164227
248764
233867
112220
45352
171123
128058
150393
183803
74554
610296
650086
653477
270932
240115
152146
472542
184706
323095
334839
265709
258775
105254
219285
205822
29005
298025
111194
325886
122627
48262
127538
87545
472462
228185
24482
55085
671815
683097
496319
246638
36318
161659
429763
407041
396460
310350
221435
72634
459824
446930
120943
441829
146517
71461
129701
95468
28443
61581
333759
327161
332892
168932
38070
314209
336827
358625
253063
252835
164743
276811
161276
229631
200943
316558
57499
234352
178395
131938
206842
121279
428257
263780
114252
509777
507652
122579
342301
213871
499448
520347
472046
242438
167049
101495
491676
155910
173840
243666
195908
290481
56258
144999
380424
380215
230113
510564
102932
403093
150735
26425
401812
67929
111439
98090
110858
24651
659893
234081
722397
142422
57212
148303
836334
79335
513788
384481
226458
175391
203150
126731
189626
43516
52094
111671
387659
427071
459643
177258
265294
169829
123187
166608
228182
207804
512541
421276
409271
383971
103880
124711
131693
141185
100423
71901
193499
460867
628413
876020
919382
560408
215676
253018
77542
536233
101901
169669
610404
104929
38653
720731
31239
157916
50138
31143
37298
86220
584950
63345
107722
81915
336810
58334
980330
292992
1138329
958208
159769
69011
129352
640605
118470
146179
555221
678277
495571
313521
613400
376925
332376
343329
194094
87826
258297
223440
180204
636013
694186
641791
315851
405421
292874
366787
210316
187665
146822
886323
208088
105580
265704
45856
257939
100241
210694
158149
152450
155528
54226
188154
56172
359465
236778
263794
79826
811934
400030
1050715
205244
1053425
670104
516485
348479
535545
293539
68519
230996
236107
164138
211220
279597
276808
306859
404538
84736
155444
519424
136607
514328
65969
506839
233491
155575
468451
438952
97125
431351
106861
209100
364474
269292
376494
68281
78998
432421
293212
177085
377517
248974
350415
347895
208130
51225
114510
77075
365913
274646
221531
407885
195861
179599
78673
621604
70773
76308
34704
49139
146160
981049
1007943
807270
67828
55296
1520658
489451
71081
1280085
72683
38304
184595
1428187
206727
100771
683159
79312
46025
587091
364031
292954
412018
165903
534205
578023
432428
242899
158641
525136
123038
244167
46696
557607
587346
254913
745868
113417
358140
95456
319837
245833
288222
275894
183731
439143
351717
75812
418035
280087
327119
42753
123164
135177
596311
225444
27509
77366
625771
59594
196489
116579
93554
92062
113615
26204
96283
1462533
426858
84763
171196
166787
92367
1701085
48632
187926
1635906
787704
135418
172785
156497
50489
54959
178153
65861
875273
95142
748348
135144
1004978
711673
851586
525251
795726
36015
27579
125476
42841
542665
449950
472467
339101
343732
651978
233185
656506
137052
27402
585105
571226
377269
335268
207553
43261
611874
158420
598387
73281
93023
109785
41908
656822
49828
493889
206298
510793
306595
145548
60099
357760
360337
486369
436212
379025
628702
291946
137537
144500
150257
70905
30202
265315
91176
120457
171099
536163
125403
582787
31033
89715
98752
189773
50532
47021
800970
550273
536611
324458
267739
656716
656108
778770
821307
125475
558499
143067
577248
311878
145601
187578
122704
116082
156902
336581
83018
58250
491157
528002
489527
123806
197855
406353
132988
28950
160486
53018
695627
407649
117300
1168793
1109948
842786
324394
115896
99515
628015
74760
232309
111436
91854
48233
47557
450457
423136
260327
193775
240827
297223
250437
605769
498722
241038
44070
593227
165468
172287
18056
584570
186687
172453
760480
108329
50292
672166
361998
181411
217165
32922
58204
263856
368508
438374
340480
500124
42969
238998
683177
705055
314773
740901
80590
78221
42413
64536
149665
42110
38286
613808
200187
719209
748725
372520
304116
464112
41871
34344
281601
80004
50290
367742
389595
219221
824828
800257
858252
400096
348862
316290
117023
102864
288620
203857
220296
89316
134321
207355
524522
64152
458522
45979
217358
648170
145693
941661
707806
447493
403199
39956
57191
55683
101007
53115
148026
35335
255884
41253
214178
145766
575853
56046
79691
615561
37492
60972
136797
111419
134677
773990
20105
114705
79649
635490
589899
259493
95455
109133
151873
166123
38084
186752
496477
462350
191130
629788
128728
495288
312417
693520
571569
317910
160686
728572
36044
830141
939771
970706
668484
314576
143549
349970
368885
42443
53319
645459
54388
47485
681911
116121
556663
161488
50194
313313
102354
338082
275064
247561
40640
253517
544457
97885
581921
308508
842752
84185
201007
146232
767668
654205
395705
120586
211531
508974
411985
559680
131345
33819
176750
43847
60931
925128
242749
627905
130443
644214
264388
201643
219442
207765
420754
39898
331785
252543
309305
208032
49299
66756
73119
348751
136536
139892
520934
137114
536540
71129
32536
566285
454979
342811
156666
615293
119708
31590
396972
36048
607234
376294
553656
300769
727802
503199
470376
357998
343685
187794
472275
335635
230341
137360
152329
665705
560841
528851
283449
342136
367372
325610
620317
610262
618997
742225
373842
36354
280018
232688
450798
372089
329763
126651
215062
118840
110287
179277
126072
183715
193960
217997
253662
231379
245552
69389
37739
37476
626946
443837
640610
680960
451426
393413
500591
214951
632513
90693
173333
50577
587441
565784
258757
551732
159145
355188
247865
261251
179674
201451
120477
346605
169774
351124
263367
77956
144058
135825
183871
328831
292642
550037
510808
202255
322210
137192
118214
146226
244711
286929
283299
141073
117718
287319
49988
148164
128309
146340
250667
322509
90620
396714
560431
390335
267835
396762
211045
68822
52547
44515
34689
100570
420866
140501
538975
101356
73227
45614
28184
556573
136462
153907
549641
435974
122759
85486
427637
109660
38286
317654
47756
49777
152954
506481
88585
260815
545195
54309
515372
339983
162336
215814
306348
103928
326466
307297
380344
419631
375996
236178
137487
645557
51602
278657
312884
285264
561492
188189
450244
67148
404600
106319
90086
140041
144910
48279
218769
184834
75634
148558
465842
233726
83185
758667
705205
181101
466586
59353
359498
494235
177728
710258
662183
175320
562323
281400
35387
363350
98635
110205
669462
255406
56787
90156
636681
132514
36343
88930
120165
237205
1090396
930320
332056
189508
93418
1229210
783507
617943
717563
45856
57677
21696
682399
163941
62893
748561
805791
213103
297995
63716
312141
172077
358350
109340
357796
132556
360055
227986
122703
180808
139452
85832
247425
263979
83524
40672
263373
225267
190255
180381
318947
223679
227838
221412
221353
224396
107164
375485
141077
31309
64761
113452
630052
509530
330951
90605
36847
32813
146596
275578
486491
520634
411162
147468
665990
340030
743458
720852
347986
129274
357835
206745
47572
295139
131035
151283
375887
326593
124196
334450
92825
94250
242597
268980
166256
354341
233768
609765
621834
694112
242830
196040
219785
422115
49061
334272
343203
364830
524199
351537
153647
473703
161329
205709
243474
91016
39482
224002
81312
407729
188898
643065
603942
335061
483137
40079
327526
329408
217218
279453
100164
274275
266624
420835
351369
131124
416860
33082
496603
100817
173533
178694
567927
448378
440476
172505
205175
267861
249629
156174
185213
58573
52903
63568
250116
242415
331034
503379
39367
448820
156821
165433
710883
207485
40029
979343
261261
206568
925335
49349
619839
271064
204479
324921
156060
71128
422295
35328
477270
173530
57053
340154
232706
66452
145317
161702
761255
305744
264212
104552
1339622
1236978
116970
878944
287253
341418
87345
455737
275417
491355
36364
591753
508387
331592
91877
458752
313350
302567
151922
274868
607166
482732
92758
67007
615738
471187
243470
437060
208544
429620
358150
251738
129966
219084
220966
118690
217732
385305
227350
42900
43477
349171
69888
384848
126802
247124
174191
104923
197999
261688
212420
65389
395944
311613
227215
194486
128548
276148
255231
485605
332452
545004
623185
151108
389855
436707
237851
214598
74583
393262
315189
385272
330578
244238
220538
152832
179572
68564
227553
214339
247379
204115
229100
322553
154808
214284
58356
396948
327925
300547
32869
387842
62552
226526
403621
316500
345234
63436
120652
31219
60853
494493
50450
271780
135425
99826
34509
116226
525025
481744
546853
264913
36710
484422
244724
43099
53674
524679
490975
282098
353978
249503
243144
190942
198237
155290
250416
353142
293645
211931
170187
182943
151448
80673
29558
348382
343499
235631
245820
125213
149671
152393
223729
254710
45947
308639
129863
483673
384449
335217
264392
31862
173876
40785
105424
43235
81942
51285
40610
133373
191841
168129
287662
475624
439541
204055
520911
257756
262039
179829
319881
275417
272276
226938
245779
186590
210574
403651
190976
45960
71741
69248
172994
35802
70014
521665
76219
60091
34028
36701
654967
520023
209262
125271
140114
314272
303716
375361
182254
66698
575362
229358
530582
171029
645674
392712
341802
291602
232255
249939
109711
49635
313714
149236
117273
381801
65481
411430
258279
194011
313398
322848
251646
105936
471174
244119
238610
251661
189174
132026
151640
353578
42132
158146
238489
203022
270817
71476
243398
296357
248543
268310
355032
149276
272562
163553
459216
382799
288448
117292
482231
60564
52325
355454
33438
357708
184188
101743
424825
123219
46214
428082
385804
249415
212904
207975
337958
320437
336164
359212
38099
422095
222452
222369
40446
72705
480436
150452
112264
516897
521366
243385
452992
453429
451753
60171
479346
185789
273717
241758
389357
33864
295982
320784
532417
101711
29533
589272
139654
582828
238221
188673
275046
83442
34664
388716
393837
402005
90250
109532
81263
121174
100627
406446
61711
277935
289353
465808
171155
603328
514891
387172
263759
254842
171944
74962
134576
153236
190803
267343
364617
359017
655391
420493
171828
587801
399430
43060
716740
103839
42321
733606
152211
484206
145318
152104
120696
651845
482336
103717
521885
172033
182810
232109
126937
200120
264465
36103
361205
435059
407601
200269
160118
435308
149813
131708
76513
186751
134284
31940
228343
234194
98191
158439
325083
224852
80230
234838
158933
59487
260839
287356
165371
398406
254831
300527
152213
32992
46496
588653
200702
608036
68628
587972
72776
335925
331373
280445
86180
408908
108270
55570
389163
391746
292908
178333
558849
200180
37850
89288
35117
125542
859931
92943
819595
236463
33347
987071
389779
766833
687244
280988
283487
184247
219708
216145
38369
280264
277632
245733
115445
93921
108718
106103
328064
41989
295273
178665
30554
75678
432529
116095
471972
79752
35100
241085
546539
177390
127906
33380
715300
93473
679455
126463
476821
85693
36975
44727
95617
401334
550646
382047
620088
411284
266575
105395
234299
103619
185627
374453
362398
466450
200233
236313
234174
124246
133503
86406
225668
116354
35993
183811
530239
534714
370615
331072
204253
229953
236238
310725
77797
103527
417861
134227
42917
540921
537125
206855
99069
67330
237521
109559
117623
323213
475730
306882
343730
70448
375396
358328
175337
81389
450129
123213
325059
36219
93209
296022
271282
145961
237001
114290
248211
40474
157097
45242
99787
64464
350872
248181
255000
82250
203371
317935
451425
42446
311602
41288
233315
72355
81148
105452
1091122
1117036
1001628
225240
305509
112176
31835
434441
442743
443542
100250
82526
397276
373979
406462
312458
518284
368644
326206
206944
155831
154341
467424
58655
265200
212443
280103
38718
128311
30678
40715
492049
32978
108886
48112
195415
468894
39273
1129999
50226
67135
1385319
1093757
319097
387540
139077
153450
155326
376828
25629
332771
119635
38276
52072
120594
586546
541081
121755
395575
104570
730861
554342
45043
248188
1411284
554353
132200
50395
1598058
167915
78829
105097
1220690
106168
604465
48686
213855
546335
50250
342038
38945
333990
147583
158075
201838
141348
189187
304855
77147
71679
44915
412674
65682
455947
458267
411324
468035
29503
84493
79822
558642
121466
422359
139472
612119
295400
55604
492776
444285
37073
133889
37918
407835
117424
110624
87199
52025
614427
726545
357003
728673
351237
110729
149752
797535
698790
495939
126368
120891
88052
261740
121782
111946
112009
173381
138759
69797
157846
429893
496004
286675
641720
414966
481761
345853
342612
157465
226887
532791
427679
93783
391034
358367
36658
665465
288735
46284
680518
676685
192405
204403
247065
57042
103686
344023
377627
159026
42638
389788
253052
245234
278747
411635
463019
390220
40115
244808
631579
84880
459539
448525
157009
67991
311355
363333
384114
219092
127646
77046
330146
78969
69269
87879
387591
454697
395329
571990
289955
213407
359795
203306
601089
383185
624237
278476
44995
60566
109088
57836
925790
62360
44283
171673
806417
74276
841746
473765
230531
394344
311707
275955
34193
433321
167200
35214
54209
45849
66507
435814
535919
287605
503300
194038
50634
62337
35873
456327
457341
297364
359619
96532
39399
73010
52591
108459
41459
718647
279218
32663
44432
221130
1144963
182126
1135181
51899
152037
856482
381857
405628
43838
639290
144149
467362
125599
440722
21513
48076
1149401
864933
799169
323450
229954
285680
271228
396727
130112
425336
368721
264396
111970
468535
400640
133210
134955
53054
104092
43567
973186
385482
940123
120797
41389
804028
278531
340648
560708
135814
438011
50598
58233
94135
117565
65231
597367
328712
114632
497530
214933
161956
108231
174289
487366
113285
460737
473021
248729
181426
36872
109276
39212
229179
48596
408410
384699
465883
567700
192048
465469
168712
39969
131376
732382
406856
209443
568747
302544
197715
359616
66487
136142
76043
173186
38092
542446
368270
108564
687602
90080
39011
731806
47842
478717
271712
234474
211304
225194
241119
324675
417813
367470
340734
110227
63570
345198
124185
274232
106090
33888
381898
184811
308918
296810
181844
30916
269588
109107
422768
296102
558843
139230
605664
150040
39056
693171
400497
49270
103119
43025
44300
739308
72913
118510
88123
132315
972663
156388
877637
274477
781052
105050
144778
47572
104369
753281
630824
347457
158815
48742
951517
222531
30509
619268
570575
142428
137484
241899
136708
34925
284082
254189
114935
221843
180859
478799
539627
147444
20080
50873
43940
63744
632188
619213
288761
234235
264503
271317
210639
150809
174244
206567
321943
398062
455819
435887
480330
35190
118047
371890
283324
271236
199753
187534
122240
272527
240846
388943
136191
66167
452855
130396
529497
407391
325062
155778
253721
64046
88725
160100
47526
30911
88259
566251
549560
607425
285095
369467
197635
409148
97306
379358
94768
219842
222133
320867
604285
524951
469780
532213
199209
433467
433531
462556
190476
362111
516112
396874
118669
51150
473084
150166
90906
454250
57212
538229
514776
444437
62003
205899
714109
35192
526360
192052
836744
303194
41858
495681
470323
170834
38001
46172
304249
302778
94389
69749
602222
634112
139822
489016
56270
176057
49663
105220
165560
16787
418413
466317
441153
254861
106644
470167
173036
510799
527571
179989
164876
34120
56754
68198
431865
65660
360663
453226
300325
256616
359883
387342
238204
479462
469218
196256
59013
366675
191312
171589
37812
264216
216765
429611
343464
421556
67290
378354
46729
312932
344954
268524
93670
407874
59989
66049
65844
536302
260837
581776
222243
62940
66188
175152
984284
199464
84928
56194
135986
124295
1116083
1309184
406758
64096
845835
547413
265337
184774
105593
100242
433366
197064
195956
33767
57322
70186
375877
336911
268865
180762
193901
733947
647085
570714
287049
312999
289378
432035
340174
364434
93507
73135
78453
27872
557643
400940
378141
253247
437380
60201
312610
147365
24896
41804
62299
113922
947436
1009752
815387
170493
204732
57183
169792
180664
119295
113214
88718
328648
260895
305012
121789
131758
206348
163327
180149
97065
98677
27690
150510
444847
247204
32687
133211
95767
934620
308879
1025617
155495
68202
44988
943120
113487
29613
46662
137037
31809
621515
106078
225624
273319
1189777
1033043
303613
42977
47155
866436
270057
144722
39087
385753
466387
378512
425521
30488
42046
503667
508279
361692
572681
333296
405570
419548
107281
565341
511493
191600
259719
67090
74044
142413
184083
106492
38382
60386
311741
65502
66217
81489
62682
483042
403882
323831
129005
133567
163510
245680
221542
224195
128178
162057
75059
225810
258072
375897
47162
352174
315906
175506
175414
170649
32302
49911
130020
105312
193189
177458
161698
180364
108304
93559
112422
392354
396311
404035
437141
159910
120149
210894
206677
286512
458786
318825
53004
469357
391888
252816
61893
93473
82259
557426
125183
612635
633909
415321
632019
819118
680930
102393
92773
748796
442799
332431
267113
417973
275079
194041
111119
79214
131139
701278
594551
226222
37711
38427
715699
88825
49261
254040
520602
304617
39059
42121
67637
142205
73674
46059
1138738
986384
229148
29491
200255
76071
61123
1021849
40881
491144
593674
360111
405429
292087
71668
128739
347286
228842
196708
81571
79871
273222
407992
425159
523825
45396
233452
93081
48936
129477
65357
37772
437704
432254
555999
505001
376015
417189
188058
344219
197874
143303
230620
357897
275586
294646
159589
717999
635817
577471
229952
225926
227889
220338
40515
39539
475308
476405
502225
354895
291424
276946
232860
452979
33341
101078
51038
495455
57629
442530
448204
391845
409397
422070
156031
86974
583234
330349
679385
167938
742567
581863
359925
314853
288746
84498
95452
84083
585565
247242
273890
209224
395678
150985
286045
32999
68926
99369
64831
240469
680471
89557
175387
75662
36334
876461
94570
250922
1224151
254585
920839
658816
404714
461813
37582
92953
103242
111039
680816
154608
58229
729504
107654
111093
89449
769393
108462
484229
133534
437518
117522
477838
468202
335857
537889
359699
348064
367029
211786
99616
118802
648586
578533
533696
110565
123595
106834
502856
565986
733751
438647
739688
64583
288634
70093
210898
140706
41660
287328
327321
376562
313458
434228
170772
183601
34167
39875
157224
163471
1072772
953927
295747
113551
44862
142805
170087
1355547
72342
83891
610570
40436
563243
381516
334109
333290
84702
70202
91810
256384
579524
262811
277157
173979
266608
378147
130778
87639
118110
608755
53542
580341
241740
61178
126781
33684
36598
72237
75319
52346
116555
1074319
91036
82731
862199
134754
1002297
263198
535217
87550
446180
390974
267374
211524
222675
227994
485090
56730
99524
316425
102275
43083
768393
46482
47160
769210
260282
202683
1068508
167392
77302
36952
48564
75098
833890
681994
210264
582628
309299
308260
178652
594333
583072
314831
42178
33063
67891
688839
416285
81779
241051
108601
100257
251515
346112
339380
682306
578189
666328
39712
141350
46561
850972
568352
531559
304673
350096
261379
605126
535528
541631
236868
33959
133107
52919
70043
242882
282485
254873
453669
46333
71108
36053
594634
632074
622216
184054
360421
161519
143321
75206
201454
591070
372507
40934
29492
70102
47246
56456
88502
41712
75069
39349
916432
37640
942258
508590
209614
61874
66470
43111
333314
47123
73170
358146
41329
427588
101771
39436
56812
313902
289869
214032
96803
173993
333358
36980
289571
97738
350004
117028
422976
385342
546643
102267
47962
108849
33142
669150
85679
525730
369436
297492
493480
436220
322946
634795
130682
241120
67285
265264
57154
45704
48694
45296
727013
158870
53629
159017
44677
81528
120813
190718
127523
172267
1483155
1383020
423552
49992
39728
50247
164605
41030
371946
96535
25593
1843302
157459
38232
1288719
292192
43596
1329589
393048
209896
422310
464149
166736
107327
736381
154671
49339
37996
845405
608981
395390
295134
400490
276266
145618
279324
278102
481670
386510
37964
412943
390640
102777
161426
325386
398321
264326
410723
53127
50881
282204
549906
403801
123669
68034
649512
430142
336886
41756
507383
310375
190735
209160
216809
137298
139728
553077
434484
43477
813809
861573
615549
379800
231673
88034
58530
506564
118776
67648
148664
278831
31817
47472
305395
364903
295760
293283
255734
184357
434490
165222
296979
362276
373617
376223
156838
51996
46679
210761
244061
190243
214099
100941
55763
131331
147875
84564
131991
44296
1062292
67944
112779
1192723
1116660
274994
75387
95805
247727
49886
113104
273865
33259
337525
335341
193607
225477
390051
36382
494807
272480
495423
454653
108901
100389
283560
156200
750417
718749
701875
262485
40885
143168
202876
226949
235685
219661
37921
39993
63991
279770
259919
225429
125218
87924
211016
79173
50883
99220
59387
113496
77451
133470
171519
44626
218762
117727
64453
104765
40142
736444
231877
37540
127535
60215
124016
250682
215983
1589856
59722
96779
29238
1758263
1180105
193216
43775
47653
430885
214355
378298
95068
352416
227649
140204
198858
326016
262690
422100
243358
248627
229100
388782
515478
388193
474278
47285
484664
325934
415179
284276
239082
111241
79718
389044
122184
375040
308509
127734
46099
199808
37773
233948
144524
32346
36911
280043
70078
47675
440844
335020
486713
90617
509105
562424
341200
349045
799541
237332
52058
54339
1034834
828612
434188
131904
325970
239330
498539
365592
39535
689479
738767
170442
421810
90459
210481
129520
100893
109513
59304
450532
466073
438865
215129
247057
80341
35917
80640
91698
341777
441848
405103
87035
76783
781141
42034
49528
41370
38703
72037
798183
779771
257946
447772
304353
262214
421847
462426
382579
371058
92290
49349
168825
600987
515577
557839
149108
288269
127107
93213
38961
51942
331272
54556
52361
415976
511547
312611
40787
377547
140858
37590
533535
201957
437278
554455
367970
407201
343682
322346
675823
356961
85010
41485
52622
313228
232252
282586
252925
397332
418010
300320
320066
230457
36151
170651
29700
138129
65223
43347
61965
102518
811358
799448
275903
92455
1030427
275200
109930
55363
110687
41618
767071
833759
322496
115330
780210
120679
459636
68321
437756
112293
334162
232498
378649
346865
263755
135882
184091
194163
349318
487012
118185
380744
41861
49152
386591
278372
343701
454385
412355
266245
269646
274852
515152
342502
335899
48050
363558
111908
35815
366947
268924
92473
83907
58858
336106
324670
41108
549718
514935
246948
619437
293721
337822
124283
285037
314535
303100
312068
229458
147222
123739
282771
41755
61836
369730
143041
431766
117220
87292
104369
595030
467677
211176
459455
214627
633042
571433
355896
539744
193209
338442
42860
39564
54228
589875
586659
326601
682529
281066
103053
329175
285025
257089
143383
105564
323668
64692
182827
300449
209012
281063
196639
219389
113483
403232
438678
145029
485613
95630
238556
157611
64334
347147
72486
45854
62264
339309
364323
269808
294655
423874
140751
37941
134162
589251
105511
41364
118332
93920
813603
173526
70949
82921
168417
93495
1189389
76665
820423
576696
138540
117318
301811
157377
591143
317341
634020
69602
468046
190407
154163
191620
89349
53411
67931
308858
146730
24532
29160
159372
72463
67402
45872
821674
743959
360091
678629
83521
192622
392207
459083
188724
772224
535548
602032
593801
257793
67686
256262
116350
32744
144072
95462
42332
97439
260742
90998
311486
88819
318352
96429
296791
281343
174299
218313
152951
98718
128600
131850
108558
204761
200384
145500
88495
96405
195034
191796
252084
357199
104627
80876
55439
62351
676077
80414
92928
22995
73544
774991
119613
145832
48723
906060
159492
636103
409596
231250
94864
99323
408380
139760
556512
142386
674484
671610
168841
65369
71858
325801
122064
39328
311502
97903
70354
401357
118953
345507
312375
263394
178331
259701
163240
164466
41371
269465
285825
292499
195963
158004
209282
187844
217509
271176
469276
57356
202703
38782
776808
190372
834289
165345
34687
609489
305513
157777
266142
196214
229766
259811
227262
260800
414910
54476
75530
140675
88133
73784
40444
43687
94229
988789
929944
315575
808148
154450
156456
195332
65006
69224
34581
49411
291706
388016
314902
433655
255489
235921
168513
427900
110930
40275
562490
549209
556107
206665
240973
174291
232173
220360
221348
399466
34882
57179
54411
315731
146187
452499
601138
536649
374869
272985
862317
507990
429425
80302
46998
52254
458030
268634
118580
458203
528310
121687
466984
184712
133688
183795
137846
313861
307697
251686
250236
156109
386949
161783
594473
234837
464784
84933
224784
37914
669548
447157
376681
164807
74315
116083
231193
271728
54591
328584
54128
77719
201196
75262
895441
60483
30457
963765
270985
973123
197046
536012
414239
261748
114776
35535
32589
239334
369511
385027
109754
492288
318174
471120
571613
515820
441287
571750
437095
384908
191828
354079
133456
316069
140845
107567
31753
462267
29437
138388
478461
83559
544487
339612
543314
490804
437135
277315
599773
35663
537068
124409
114426
164922
744246
895559
311378
647415
81437
37179
392354
51606
216384
116810
369034
327565
524513
616490
260923
375274
40718
269595
129456
45562
119618
378279
137162
39430
724532
889131
800784
129822
44229
1041352
698889
140413
41750
90790
203855
55051
151107
974627
704672
230120
840042
403260
394095
514785
45157
105571
189271
41067
708185
181880
817430
751987
696853
466675
603628
865890
47782
145230
579012
581790
476365
102142
380541
354853
431187
179334
852984
410945
419213
306007
599120
194358
393161
325510
111452
408685
357383
342001
227747
491546
46687
139773
438631
76115
615970
176917
528864
332448
189716
353076
70505
709872
625677
168833
309707
179779
47868
1287172
707893
268677
80690
826182
265195
289505
86295
177962
653169
541506
462358
87851
133680
89677
116002
98775
347449
367001
360691
156801
114945
72742
742060
496959
211841
199351
672452
102499
76257
451444
104212
465023
29988
268314
74044
35720
119519
132903
85049
645802
281002
34631
123174
57365
105342
972905
950471
123447
688112
308998
374720
94700
417297
67911
206134
226408
195543
124073
457776
183006
418632
437720
105121
44404
171308
80253
238143
314478
417084
417288
506236
393812
129569
83045
144198
530067
399862
399614
180902
218587
317206
58985
128295
129562
469010
684680
890858
687996
616127
498594
280034
247103
286522
43794
38053
109624
138620
345160
445550
472531
230678
339290
294963
263062
256387
317888
444653
111254
159856
615768
582910
58979
363056
157514
201225
133976
410112
136770
559223
272482
627344
396728
355999
374065
412224
401591
219085
73744
94585
61255
524694
183381
57861
28467
46600
558449
541321
63474
297962
303431
122179
535356
200411
104744
36932
60070
44815
752645
937407
441629
644240
40574
60438
41709
34370
29166
44618
736140
592558
413131
83506
301890
27678
63170
33861
183002
188971
250486
448039
237731
501780
519320
390961
95929
568344
394845
395748
78533
244316
200286
222769
240142
205085
74468
309393
159118
390196
409548
91162
183713
132540
157879
136159
119663
123780
148649
298202
191966
163508
84060
361240
112499
622981
313535
547916
410734
211657
355341
398600
309830
636928
574519
107339
454748
87422
68437
67445
328703
344651
176095
73219
58432
633846
284427
76589
605948
184577
744069
321231
578253
254118
32568
933121
785660
531847
49202
875559
355866
377249
94485
460696
80550
188504
172667
106096
29350
781684
794635
1039675
344059
438684
470226
216741
51703
66678
494161
490618
374731
145249
314960
309939
311752
137666
327111
174246
373378
372948
390964
439300
75840
394253
79801
420976
358589
196945
183949
17965
201151
215139
285553
370057
357025
201942
38377
403312
326644
21102
64144
498919
566086
180537
74775
243388
61010
81352
139402
1027650
723413
57571
39427
76007
836134
170550
476717
566746
337454
65778
66593
37276
34680
588547
391196
229996
446682
327894
317973
163478
104555
101566
283896
260731
240746
632128
171720
171189
49027
310545
314175
343937
229946
256718
279157
54966
39858
232199
83589
309991
312157
258589
122284
110815
308805
146217
42724
282873
110014
317824
56750
381462
168389
145880
320480
132962
538601
160853
55304
47657
585554
171410
750804
101785
417430
227389
56786
477589
55077
1494734
1524421
1512776
369788
451738
77176
97186
527108
393153
403184
355981
479953
594903
548311
267424
46067
332149
332654
293221
140967
21906
527743
120125
503620
289402
91965
102422
31112
49387
187864
314591
261760
313719
61899
259616
313429
379563
381347
359338
70084
236544
110250
166199
278685
254452
115232
155392
656848
89128
58170
130404
60793
912177
716640
193169
35883
646182
433008
305555
563031
275693
117174
595728
152142
45871
106763
638668
41903
125476
689263
140787
373844
476631
317393
330991
103965
379664
216360
204166
127534
40375
132730
109682
343833
359161
391391
225474
69597
266422
169069
457778
241060
82318
593915
444869
334382
241273
269917
293598
447816
44444
48621
35816
402742
231913
127652
82784
612719
30464
189997
113020
75750
28619
31087
54940
65042
70390
990849
775191
152925
58587
75320
45331
33856
779315
37374
411344
417003
192723
215237
132003
286632
255986
348184
30260
94689
502452
462087
290377
472671
192530
40692
82184
238366
232306
325873
207845
81177
531784
461303
164754
62920
583063
257613
92609
240823
50901
577201
470864
255316
552519
147484
206873
137404
130773
114754
89504
286171
123059
430544
227474
602783
434901
398740
279195
295803
102747
457831
147301
129496
256256
142053
55478
65824
484029
475447
327530
523224
156786
169114
580767
91562
105196
754127
600699
1122588
218447
981800
121080
740364
45220
200368
542469
465583
429527
274279
225179
399356
360828
783543
393723
30124
249418
154300
130385
232981
72563
269798
433070
346774
49979
31255
609295
163468
36012
148431
728783
74734
548530
44659
36870
95227
483933
240972
167846
413545
438690
49315
681652
152212
225941
86113
161580
84197
116531
57206
1352464
1201716
805470
273164
173181
521068
340785
638327
715504
377214
375484
395695
100731
32942
644106
838377
889434
589447
429540
227832
195549
1145814
139704
381505
290836
72030
34613
303522
114611
77197
58841
239948
75295
40869
18453
152740
238989
87173
103141
28975
40579
991148
46398
965884
108709
998974
46067
40143
32583
275991
252278
489116
467432
215276
129988
40246
53602
39921
148898
57826
148104
916563
695534
662025
297702
52320
205410
213929
144010
370107
321274
356103
355258
77538
339740
432161
326688
118829
640393
528831
125946
381511
208944
357016
369990
34101
62937
417485
452463
193872
48224
403665
150310
64115
478887
226997
544270
153785
440641
339948
133611
165421
339027
250678
285257
294652
156662
162652
227276
414744
130407
60857
35100
48354
305491
62228
826769
81312
802394
50922
763726
248271
226414
271637
313280
201295
206980
157923
308293
460343
753667
42442
60635
605521
123741
525557
155716
514424
328994
254126
210073
71248
261835
143644
148542
52480
67697
556107
261399
395784
80891
1233290
1062132
770082
291770
200369
185448
40649
520694
261093
557265
535986
299510
253466
119871
425491
473263
434702
346516
392367
130726
279172
98296
357387
209845
188143
107900
259672
67284
204431
218551
215984
196121
202493
44144
225306
319775
197778
188555
290132
228064
245067
265886
463833
326029
255263
45153
213148
27689
38825
711759
738475
450284
825642
82520
480621
48519
199114
189588
187297
191355
245415
186583
257590
148341
324183
272261
155687
444615
289918
38501
455941
196017
630491
79865
396480
84030
137460
57018
71555
514260
209585
132980
679559
188267
755408
125982
631409
118095
116373
32318
52326
452387
115647
525386
586613
448327
297843
536192
31494
267231
228021
135951
325562
383657
30228
445784
491577
422984
155598
268144
165573
253939
454224
359445
393129
84791
434036
235005
89013
222153
101212
218933
212646
231703
220746
46120
54339
211303
58933
256976
118651
355151
135285
75453
82579
116584
77868
43305
34655
676478
639387
235860
77569
623590
215822
126520
36715
492198
79884
70380
780862
435792
34793
48709
968587
640462
270653
160020
625302
77415
398554
157139
571934
157028
414054
106471
835094
39248
796394
691153
141666
206892
179808
372481
205500
622638
640510
674888
279141
337536
38354
297569
272069
210707
27255
208156
117504
555149
412171
52031
509186
287669
306151
314141
268436
73656
630375
517838
548939
160096
344924
268262
171736
130143
321319
291876
67799
28722
298133
120517
233484
96094
102909
315375
264481
191116
39132
38475
46962
415278
123338
84371
436715
424754
368800
324175
153193
440668
237523
677912
639698
458684
233427
163324
227427
219534
600494
193543
84783
662273
680153
612347
321849
346853
897424
47148
856768
698600
306479
126654
84778
773048
35852
341377
424171
241389
231519
228857
187493
280129
300349
114330
38118
321246
115745
83026
44309
56610
468376
76909
421638
114559
338217
210823
185365
188925
290244
199538
178572
178948
197801
308574
323946
27121
348067
261693
186048
154423
299824
320952
353551
236984
313233
229941
131962
67687
200640
51621
351537
226646
42396
539642
533031
487796
403275
256698
363359
255288
374490
392098
404798
372885
569087
477343
394303
69293
43527
137662
39666
76597
53989
257684
1097595
225926
1201607
190692
1202802
80210
256314
42384
46957
726937
456958
391421
57988
231915
173086
239507
224792
306821
112736
57877
366008
423007
409184
299783
325680
203386
180808
330407
278154
283619
64040
247541
51230
45011
201486
46107
277697
418277
331313
464230
221176
29205
670710
78340
539253
44162
60311
119245
23483
715644
374002
602313
92078
88951
77879
800619
154666
733141
361457
54375
781735
568546
425202
226824
54888
136513
162578
515710
242122
616025
594577
54187
171727
209539
291228
153057
119663
535581
566238
373175
220718
149470
137132
141157
120974
82935
113268
215594
94708
208327
238639
236069
537161
554688
563615
198400
787135
179324
215152
237253
312002
148306
432202
383927
299489
158120
168316
307826
225368
174114
309101
163436
91066
41246
515172
159763
334925
749096
49390
48556
717246
579447
105411
211012
144618
244191
142574
284302
82304
373632
175055
492066
230578
434690
345106
401360
505585
630845
711937
467501
563410
567166
507022
332407
601051
89111
260696
104409
87130
68903
405190
51490
86323
36283
443137
484348
217115
536347
399269
72877
623116
38698
549375
193457
166497
604756
353477
81882
401953
131136
139721
350946
224524
56040
37172
27807
43706
440672
54889
735435
301837
511673
50287
414984
218412
299356
431915
160782
398456
452989
313742
327020
247332
67443
124410
122580
72188
201365
1118966
147391
1027699
1082246
185806
46301
265219
328499
299053
277009
343929
84584
40757
480131
267536
155916
625145
656867
300439
46505
603502
375720
216947
41771
63625
70709
690351
237118
38363
643121
633333
455152
423605
251720
43612
238807
163862
598442
119955
37199
549076
565767
153390
66123
415799
361632
570833
588813
391523
640671
59679
80529
117114
554822
529981
341020
200036
165303
43393
46757
60867
46885
101388
350390
334936
251361
44579
450835
289698
162621
51692
86174
44044
31958
97237
109536
996833
49410
1056475
904399
361203
466952
361719
228777
427477
27046
231040
93863
323700
164268
391252
253895
406484
312191
104312
182129
102987
225231
230868
208488
390292
87961
406392
150296
43760
106740
500520
222003
78653
195014
1054879
991186
949956
694292
542699
35493
54540
196043
82931
33393
56057
49322
52703
671827
124151
727810
590966
277445
326942
210379
123365
61748
592959
42529
43696
79218
70089
127605
887022
819413
133891
484923
207471
221708
454423
452663
357007
157936
169558
159618
251694
92102
44608
75580
146816
266686
64771
64428
132137
712970
139479
45090
859049
880677
254404
137262
296364
425646
46718
52175
429390
425855
236400
358901
31294
118853
333256
414440
213940
381773
362998
383615
326684
243844
72687
136781
541708
48513
56095
263245
250520
170549
97187
354216
279355
186870
88641
45639
36153
749805
213646
178579
1095198
90275
1194619
284368
60638
172527
116880
1008227
104058
56714
716070
37579
497158
321342
265833
315582
410306
258444
271431
236053
38942
90253
32823
226325
206983
81211
33001
138813
475400
21813
930267
855917
339835
72317
102751
1148336
162768
47060
544636
521313
280437
58401
482369
337079
249499
47565
54696
52596
539896
294639
120890
572407
377399
468355
602164
141522
469843
462283
280770
140998
108770
381685
168813
383579
371218
187923
35865
573952
213686
53428
48875
175751
35677
661280
693547
519672
354119
398841
734349
600844
156598
46875
84931
119514
830056
250646
806965
569830
168541
253903
279872
261994
197691
63480
40717
84317
51432
79231
80188
36177
54076
83058
196664
174982
103307
97611
846377
61300
54655
911754
951481
188820
135566
169950
153354
453801
327432
247399
249007
90530
107128
166722
157429
325099
172494
104897
320390
841441
338333
107271
187230
172890
1485226
56688
143352
1386434
71983
58032
1032122
424004
210447
301681
86499
36660
33686
767954
648122
373103
799816
394534
403117
372175
448094
464544
819996
57187
513716
57324
376159
96689
388175
95958
318349
287129
170217
61481
238536
111782
72024
200602
92241
204412
156433
223020
268044
284234
211027
418606
251666
249113
442853
174961
91198
547218
499124
379913
286877
30982
86786
385222
402123
306887
384094
68631
374998
323043
309854
73528
301240
323526
394717
167563
430525
96691
282630
61367
236513
98891
44185
249328
277076
231789
232471
103110
328765
73178
240849
38108
312531
121195
169719
38702
161621
150913
293866
406938
155786
68109
517727
654793
524167
449205
525095
273603
216568
109592
123467
65146
1001415
857064
932714
376267
471916
564468
101765
159112
115296
658260
551154
421359
202094
234187
59216
68401
292406
48933
292831
426979
342958
576053
737154
485611
499241
86234
32575
247040
170032
168357
24874
44912
64876
38898
541327
578942
576224
264842
248945
722443
386812
277487
42660
35967
692264
634489
354387
130101
45693
49627
819270
578542
310417
607575
250991
259975
67459
153609
451179
564985
292662
646171
363559
313782
207669
244876
298669
295595
40919
453600
460915
151869
468457
187763
317563
326695
283140
412356
163224
161171
517339
133646
596357
64264
182937
524660
379415
90360
287022
42898
135481
77857
322937
312790
355940
155333
474956
255382
318721
172755
25677
53500
199726
175019
145340
100706
335935
379911
575602
491932
84319
50013
293830
258164
88265
51377
150215
162024
47507
180198
746643
122194
251169
89828
1020696
135233
59018
1087269
232682
1065869
840833
509108
106311
45183
52162
963118
437005
322547
159828
293931
48579
200918
278888
204580
38323
848730
101503
984394
909628
165494
201000
67804
111741
30136
49929
197188
211779
305016
246155
228665
187816
611761
483333
743283
256746
158325
1220561
844435
632351
447956
771044
518772
109942
618311
87101
307984
91314
556681
486030
455418
120717
130839
578255
258214
295718
284241
214802
272759
233706
191715
39123
216584
101192
100984
227834
407229
413925
386475
144940
83524
117568
160513
226700
181566
605255
383375
674800
554020
68535
231573
111744
159646
23541
157523
71086
281146
254652
449090
427421
269656
111537
257984
82410
333222
214456
394535
490187
224449
127451
535927
176295
623104
176072
726395
381221
739915
599704
431555
301298
178705
584740
560212
694458
693896
297608
611657
179794
212394
92001
1028253
921250
287221
32014
613627
245180
253082
54707
39716
479993
425546
519176
359163
494339
362123
78651
39508
686117
664712
357988
245246
144910
342831
25914
26488
431493
476687
95725
708706
120082
872193
328225
795429
450110
324181
239940
194518
61136
70418
248416
90622
279049
69553
196323
89404
78113
344265
615122
152464
640233
70592
854434
297110
460242
155957
60615
186667
686248
165343
184192
760655
703641
111981
400784
125317
87684
207298
259483
260867
283324
88716
160806
109867
165999
229409
208507
117718
229101
74049
188445
160241
56640
290026
116701
726997
59699
62960
849433
724547
265777
386026
333802
405027
253018
94553
582130
77456
419657
377860
127300
232543
108669
44575
363740
343726
622571
68738
718075
433680
130467
214786
254823
267888
627295
225882
906129
817259
400685
986094
54261
290779
429927
252289
265421
282829
180421
259231
405510
587724
590726
535897
132978
144315
65255
72392
93497
329653
122643
220803
223821
63735
404451
596022
449496
102411
525655
336216
347934
406767
261476
775375
276780
243219
80815
91442
329724
1536419
1482458
387195
1111396
158747
92169
98902
276902
207898
296436
199306
238036
83463
289885
109649
281665
288820
136994
185351
108297
165838
295883
157689
313423
334425
172571
43218
61931
257148
239669
250375
157147
126578
242522
235192
243223
228855
346164
336332
243067
452601
142361
258000
45282
34952
57199
268225
703419
662719
621369
193166
551262
40432
466602
460860
460114
689997
328178
109678
49665
468153
188536
186872
244308
188719
245421
335234
619691
360804
59066
33249
713226
675893
158815
37001
374887
207077
238675
190495
153373
184314
305338
128545
46116
37289
76461
535821
179295
96607
733434
389166
785895
67944
36536
35200
593767
133116
488557
127674
341074
59553
279345
288486
335359
363068
44747
85995
40343
180688
637448
158524
788606
688140
277786
91690
484787
70972
212793
144248
407375
290788
169965
332055
154596
296983
201456
310152
219434
55294
472666
306419
71290
313228
62729
65680
190983
208470
380185
243089
301091
450988
315760
59348
25417
518681
186684
39901
28221
54580
644512
42619
414812
89910
42299
35665
290076
54162
90071
68465
144570
258873
51701
160233
823010
42564
827231
839779
318335
38917
58419
111309
50064
493695
100974
293089
953322
823136
680678
233552
311210
147315
512427
158971
92080
270687
331746
183617
234469
34561
83244
42698
901917
224970
926774
44664
765875
176372
254299
194799
352087
35642
176682
436037
102147
391518
415562
240824
97075
348547
147202
50353
34654
53355
155655
690810
665437
193063
693401
444758
441315
400473
35625
75692
337763
337573
304942
38341
470231
60295
451999
114209
308478
283247
187071
219165
79892
241363
121014
49487
68685
60381
51833
329065
311919
474037
375093
349998
369535
173734
150507
215252
250093
220459
252231
302345
82293
146069
565561
161791
201607
180750
672349
163726
668142
270577
92024
110173
168159
269845
100995
289442
115502
447238
303920
291030
171180
234974
273028
574668
50657
126998
587381
518570
496722
98117
253450
48888
208765
378589
444249
26015
509340
475329
285302
346761
441946
344192
309215
195720
46328
79928
26951
359649
34967
30556
353642
126425
150842
572339
421822
360767
297713
32727
59226
33078
374650
106240
520966
177202
495088
255010
64131
39008
137827
271409
211822
220616
603331
68826
813804
233939
35788
61346
49384
742758
476055
316485
244555
322092
288914
415723
167999
144201
168236
772299
692079
550684
358566
663949
57759
50305
65217
58223
51641
88236
786200
861254
212996
865097
641536
466756
608152
693455
438169
103395
567109
511879
169686
105640
164751
542648
105703
562562
146499
598262
75178
128251
433402
359530
674691
445298
1177578
1022258
313405
716416
180566
237317
36110
452341
253047
438789
122722
493127
162884
118683
470775
503764
264257
224844
723221
112002
622147
147773
85449
104763
604655
41071
752016
617785
474150
55635
620411
219523
180400
308840
267603
299474
178029
118849
616475
66004
521651
466772
191894
213425
219835
108635
400974
448223
423168
397655
240125
281622
426756
403890
472051
373240
202170
373554
310371
306927
102296
53140
525079
750180
534964
781976
632113
297171
380034
392224
126429
371895
457724
248734
401559
122155
174376
89023
531153
557459
440663
246059
225291
149189
32430
76837
274477
303487
398548
166891
183995
118384
248605
182211
250271
121412
178277
183515
242686
126347
69073
451884
109550
520135
39533
32030
459718
125316
197386
220493
211965
252517
232717
197769
43553
238883
130922
31436
285111
47659
34458
81012
335307
358723
299445
242607
82080
51602
119200
57429
35845
51699
152936
648447
213998
722874
715038
283548
207362
274373
329177
208656
323299
144698
323452
301741
240827
271461
67076
40810
57181
406927
115068
116206
465801
44844
597992
339553
45740
91265
582776
505729
125570
59552
43790
508838
384698
235103
348284
184766
27865
130301
222772
671985
37226
545207
103995
601846
173174
159839
101921
181925
183706
144842
303077
85860
202637
89681
291201
282041
170059
263012
139141
266297
291554
185147
139725
87116
236844
258546
413325
67333
534791
440998
326583
355995
230832
152979
282248
633520
577824
232493
574446
145109
117536
93634
66702
101687
47490
21779
33150
85692
322067
82352
475821
198966
703582
483649
372122
547111
343895
403675
561277
513784
162672
35320
293471
858658
63097
802700
133750
643860
395250
295570
403763
249160
130371
231895
181145
128954
128582
67806
329563
344079
273339
192861
145452
770534
660521
571937
191678
71565
94013
295572
131566
97380
29408
104968
493683
661831
208288
512715
91329
31119
317203
363308
256834
82716
378365
84909
91539
39213
66056
35753
128615
32091
668153
499369
485377
237883
405451
194557
391929
420374
398423
468667
121642
632885
535951
394395
221683
311622
241546
206375
392531
358783
277014
75195
601070
172463
466987
451628
205311
158335
133133
196968
176992
163685
121680
45431
249510
180813
100697
113721
351724
84998
311661
156741
430439
425101
401430
313339
420070
36324
237326
211348
135346
326646
173812
241752
41390
348565
165215
23145
411505
248112
297573
68521
58330
90947
895701
943577
283449
775734
119300
404282
313668
147376
303605
350139
321280
372314
43732
337995
104312
203169
265195
172366
73230
642791
679058
554727
774598
305124
271481
99093
233037
119210
39225
86938
65620
33245
113722
514589
587308
273577
37569
51904
710413
414955
285556
176598
211166
90467
54821
238394
53717
82998
114121
605319
605738
820177
481687
38017
122648
687509
752103
326459
26975
675890
329409
142081
370824
337531
335928
218288
115728
215363
219088
540524
278299
127049
174235
225337
63191
280036
311101
101146
45762
300984
150239
136569
161723
273479
243560
19464
29408
399783
325974
704413
547972
426574
337395
358355
222883
417102
65350
538680
744570
770707
70749
865828
54442
731371
139925
462187
171141
146578
96722
641725
238454
42775
137498
52325
44959
22978
942921
805523
483516
178814
267281
234347
317051
331649
423079
109835
30542
53620
394621
126128
133182
69003
482026
377814
48722
80577
36744
334008
138880
116776
45692
103778
356903
127817
107381
525535
509981
363298
168277
232564
390664
169816
191702
176683
189081
36290
858635
47590
859186
156109
43502
74467
969244
113715
384017
519538
523272
100998
80348
741705
652086
490573
125296
181161
235569
114570
41407
137969
619931
538769
279117
582618
170988
129639
40366
34363
250920
160729
221762
136409
129714
92715
261789
518023
597488
709933
405268
322330
244530
109463
146941
145564
138462
222060
218448
55991
60278
38937
74470
51103
507885
526830
455061
172748
122768
324722
427593
267692
430782
126207
409632
319511
57333
664355
159236
78435
49056
36087
728222
98589
142033
720723
57016
518065
396409
248787
292707
89388
150531
73204
587902
631360
643682
125778
126762
94465
143184
121887
504444
92058
239633
181579
259417
352071
91873
66209
410999
424202
277382
195950
98821
200716
70439
446097
326578
51017
39759
51098
237124
917693
834644
589368
222175
77562
163436
60392
114359
285024
306023
113753
31330
293854
93144
40536
164956
82057
415247
61776
229642
79095
51064
88456
847965
217640
42938
136547
111808
51216
38604
167497
41978
1328811
1118191
193528
862246
320205
254763
298570
447190
278286
411374
197437
199414
84289
696285
460721
594213
53280
47599
630599
97828
50991
58914
168890
42529
420769
61290
420016
43706
379346
158430
131053
128845
56474
241347
199969
196377
144464
43770
280854
284825
558536
408131
650443
51268
462261
52139
242478
246159
187547
151013
225242
212352
153616
53623
76444
324067
435669
187188
201325
142831
62167
55996
97021
824342
70907
62321
745263
285299
59778
984602
467440
102379
429920
175052
75887
337837
162343
24709
40189
70414
533069
37956
101317
596779
471732
202057
351008
234673
174197
113630
156489
120559
225165
273456
362790
198269
399983
361311
264850
243529
256183
314639
390653
107935
427673
581865
224807
192942
62455
753789
788661
531511
41911
744617
319642
249218
75538
142228
600588
467457
181201
574914
216131
86382
214724
96404
66652
115863
130382
297571
493910
64644
63407
630939
646439
512663
291854
59564
57469
128699
323330
86839
859727
854734
185878
825181
189973
125233
220933
240945
185236
259930
69876
286165
40129
451159
287422
465149
305699
123762
153114
191509
228553
246047
31764
408181
70982
504904
227436
77586
625993
372562
130217
361346
96205
245821
317111
177897
297813
284765
196281
79180
222035
395932
275792
42553
32268
314771
233050
356327
470702
534332
426985
484960
106348
83440
157259
578916
221247
672028
111495
636721
97566
401326
119164
37100
98676
72849
557881
192079
60132
108869
675222
559290
369062
204934
280589
248328
134017
173068
76567
151016
195201
279831
216611
402693
318078
294403
64795
546833
528334
213663
23837
410397
97373
193762
143725
313506
342314
301437
79593
525282
513452
91195
362838
207055
248541
283826
242430
620506
594309
556019
536280
391700
308411
415017
344033
103528
404808
40693
456918
153441
31648
394631
64921
38109
336894
309232
182432
226839
33341
472780
432699
475540
320362
397180
247774
131660
499073
553801
352967
153581
250720
243979
367999
122192
360961
160083
53262
46011
97748
56640
483731
505583
405868
153852
249620
178432
461883
245316
530550
382538
217181
123874
133503
80199
299079
51059
203960
101223
242830
84053
408603
159197
93752
119935
500309
547333
245766
451071
547640
64364
76768
61360
33375
40299
865566
819291
192948
858735
81159
247333
46174
139562
41729
83479
29064
56009
436511
334295
37504
431317
206759
249898
317090
267892
104941
174012
410454
361718
235010
110380
243860
340081
345131
69881
42007
378375
57847
160645
184426
146346
106682
298720
149595
67147
73482
45090
427504
65750
492818
316033
144390
141632
229396
263708
255591
180048
101543
255749
366915
37766
332752
103803
65895
35969
459270
346244
266166
374358
227804
253459
195080
228258
180454
169531
334082
428224
227170
664857
174467
703675
47618
51801
697596
542027
503659
331472
535466
26854
231764
291993
277930
25774
457164
445821
369900
377997
47805
287422
208621
234730
337935
55888
62686
46113
432482
337922
136845
777874
113460
93645
36497
1005006
228462
282667
62641
1052873
809030
242718
74133
109527
74167
31517
66315
26049
905372
581997
479338
152300
228975
201702
56456
377866
364075
244574
55996
620527
374643
193276
454801
76358
167901
419901
439578
276540
41812
208488
166137
788897
51045
45513
601468
922309
557612
691588
180320
674158
42149
326618
134851
106283
121406
186392
109812
36522
252739
281115
224290
322107
176518
392674
385566
140733
251757
88606
46486
169143
148694
48141
43324
150078
62520
42994
62444
205859
410016
344027
80367
595342
459166
335698
116692
306561
396974
261894
281484
155698
672913
98992
43234
90628
35626
666953
166860
797267
139488
50885
197832
690706
113799
340043
45200
1037877
1005062
427656
244886
52458
117083
127374
41933
1481762
239201
132086
36911
55786
23982
1157022
1104858
381252
230439
261753
371415
75693
97602
128428
37706
494491
485424
410580
113391
117281
195732
303529
217788
325634
39120
56658
750123
928780
766486
371493
383977
159949
128628
80306
679353
361826
802317
311070
182944
33023
1143374
773166
280600
157479
875399
511865
436408
354459
299843
315388
483922
518753
596077
176738
177389
752163
738415
480477
248312
343286
436860
583399
544347
712197
317761
41628
227258
73682
53884
213721
182832
132351
126432
319226
292250
477673
399144
533504
624472
307604
219295
118174
259250
461264
74629
62126
44170
79612
72633
127328
119185
918522
905532
831399
247598
42610
210746
221076
126655
109762
50772
29637
48968
36575
427112
364026
163522
496821
330777
379873
385524
319800
223641
194737
38026
614974
594100
322632
568190
152393
140541
88314
233993
376587
94345
424342
78253
81488
595753
125708
53869
79033
517057
78442
421007
156492
142480
91968
165472
93101
61861
70367
839771
157312
960436
212826
45477
1022042
173052
75115
571179
506433
364841
392259
56796
430635
113424
33789
378139
242642
482010
46758
110780
460071
417816
295504
396249
81538
113883
83916
41970
86712
663535
114763
685627
645000
71958
75062
123752
37171
402334
213052
454198
64784
37437
70631
120851
636930
378119
324626
151632
181714
295965
60754
289622
141064
82530
684067
31476
670833
41768
612056
56015
62007
145827
134031
145831
88028
59739
190469
274359
47843
397737
399165
68853
53146
382469
90824
205164
127283
38730
71335
59278
55678
469358
406607
149899
72034
475033
96443
261577
68626
215112
42609
130803
65423
72094
154303
53639
444500
468567
459365
250985
399046
72250
290345
277764
154849
170668
152997
362089
481527
448900
359367
213995
946065
621880
602050
108079
100831
132492
157305
157037
108710
93536
600991
193635
318382
105549
70831
453902
44085
51873
573950
249388
88510
654738
259466
40217
635045
568136
238081
153746
133053
265864
314827
337589
118799
879629
183650
923225
844699
277653
330621
290987
73159
168344
48796
172484
182049
153203
42466
220766
42620
58185
242531
330946
307500
396554
243102
182140
231024
274064
125147
21145
317092
314733
181733
133732
118330
306628
254934
273449
233130
351932
121626
310493
294958
155686
238113
32656
88053
73532
105774
185080
573323
589276
555681
248591
215565
736291
753918
814723
767549
37046
265981
266295
161955
181679
178127
42738
67379
123362
37992
348498
360591
257312
509357
332246
198092
362419
257058
374597
315182
97757
30236
61017
109750
31616
489129
416752
128531
442227
141337
261617
41057
193478
445789
304277
278907
151366
40583
39403
209382
55048
217524
75585
271778
105560
123127
339549
80757
161542
296259
47318
27951
17245
106148
166329
191859
1369205
1369648
560251
1609219
580013
197506
481592
85313
140802
340057
385067
443769
171881
422940
211206
201682
282210
266710
373774
435133
48174
41016
62131
108958
559171
90292
610267
31942
564583
250225
60711
112449
543203
732701
713352
408897
496139
179028
60567
42869
60672
84660
198642
53987
199804
130641
730509
46254
68037
855781
159682
77403
46080
77211
67011
103728
1181940
632718
557071
302863
153222
447567
105442
27285
37327
423411
391923
167054
76952
127014
128822
200581
206482
274780
37678
87595
86438
38768
565025
544791
200639
777229
371512
47337
646501
679493
396425
228537
201132
369039
681252
32088
417475
450306
246040
117909
188612
70996
196829
85848
49321
54603
295429
145866
36608
29865
59977
40345
663602
661332
535821
724335
438855
398617
291556
197668
174147
87202
471365
75363
162213
78634
494785
325453
76256
51815
796831
855284
152509
449995
157344
114154
378185
101298
149664
74157
161906
672429
63460
37830
753612
755453
186301
79322
165864
173711
220899
185430
189391
537605
35173
323833
381014
302723
80590
50987
719479
552173
499594
190868
435650
67522
289528
115645
286603
416706
115716
31440
799717
959224
942795
430203
217618
600477
90660
260404
354980
300231
355110
61931
348094
295825
290738
144568
164257
178480
153464
190589
181132
97774
149138
167253
290453
315737
125964
434728
94399
472777
44793
329210
149437
167392
57355
72604
46745
258634
130496
380565
555034
326612
92549
487978
382284
223467
131680
173878
76769
93487
248327
57326
96851
332291
46472
158210
35171
484701
223559
506302
453605
246667
51038
48008
59716
73253
51325
605457
482265
249703
45567
626231
347342
413425
137841
680376
148378
654212
150017
668742
71211
351982
265213
215732
329059
544105
475190
422131
146286
54455
517227
96047
38144
337040
45131
61747
412339
218882
323127
333257
57217
90401
44179
401068
764042
769050
615374
157831
131168
217992
199469
270099
255450
140770
37408
41524
129197
151663
536822
473208
217521
557830
133837
318753
176587
352223
272109
147148
107407
193076
262711
71077
86752
44134
27258
39757
54960
449454
476846
416582
228910
96054
110847
75414
419504
400980
113446
428999
78383
78763
139807
73976
517200
319776
721962
87083
190970
53671
835961
47318
121693
38487
635493
103933
46423
508357
83622
264983
612447
109687
523190
94962
44468
558329
114040
33319
284393
241895
173497
253596
247337
189879
359485
457409
349616
269955
77345
399487
195448
59473
45547
91220
541650
127217
110884
92665
73695
804497
21563
607572
52457
128635
55834
487434
26479
84889
339260
514039
341182
419323
190887
241340
898446
315525
804894
752139
210747
212441
252612
24676
172053
58653
453036
92467
37726
33272
458555
206755
131476
57711
64940
30147
773662
634966
249493
754851
330952
316188
290504
267502
268939
181225
104175
76379
46752
448284
419100
509830
228087
338666
244827
322724
412186
323625
369007
292570
105588
600572
152365
39449
761586
224337
752092
331409
175954
223394
332444
390811
329618
173160
277872
225600
290935
331578
336009
105383
113784
396628
253655
120464
44667
327125
67341
54903
29599
34807
231169
334923
239110
195190
235262
134654
160412
136921
159224
413391
357562
220662
49113
52918
30152
151293
637012
521576
557688
334114
400616
76930
879965
840343
763661
349512
1105845
464780
79948
527458
263664
779111
42190
906190
842028
156433
33295
45592
917472
44987
26661
192915
114084
305158
191776
402402
388460
169736
280546
66220
230556
179313
32765
193304
502022
577272
556290
259186
392671
445019
303824
255892
126584
59753
147933
158578
719887
186239
629471
174846
894786
539437
329734
504396
228800
61399
180594
54072
85982
58728
105514
148098
167836
215623
231777
276939
412500
311053
46634
60789
38528
258706
311964
279852
44692
388521
345236
187241
60289
431666
129533
42363
303799
237156
518849
77684
376580
102214
107823
462855
66403
85781
458024
226772
40252
151957
629200
238209
795460
580147
355154
300696
111141
320416
101966
198665
528266
108703
92967
45358
111738
72212
865887
637837
77879
512161
162644
213534
60585
300019
61660
551318
469185
99330
67264
93270
162586
748605
84375
449682
460864
134317
231806
312705
276429
148573
117535
81569
70935
500869
279172
134815
422988
423911
44898
564324
153051
752264
300963
51244
793953
311215
715799
180920
730142
124773
572735
316097
101438
87573
113596
152948
154864
396132
84927
311396
276406
329073
208289
271820
323573
138725
298813
247737
102615
109979
169136
186382
218506
178141
248137
47278
289793
265425
234919
175637
856885
1057448
1038562
828600
774622
967418
580749
554641
909786
309919
297733
203226
95336
315251
266062
397670
66993
402987
97010
34196
346253
187505
441565
521652
201381
556006
572821
353801
90071
625964
523703
498899
290860
504329
76969
486867
564618
545825
375824
292844
173040
136862
685336
48190
35227
352624
330739
399166
238227
69285
66857
34780
377448
357132
195338
91988
573266
404595
485516
159733
302996
415154
409562
260483
803962
124932
238731
30415
431575
354975
70810
126444
107877
69584
901741
119042
954867
70223
53228
691376
74661
273366
78095
303402
246452
159297
551251
554283
194889
451787
176858
116895
205889
264984
187155
45780
93443
51427
83408
152804
44123
138183
826399
217030
946281
869067
270743
195785
85954
226347
58531
89761
54810
346558
166202
71479
106145
46920
613354
521031
90752
384271
122719
206580
165928
309361
171834
414012
229268
491333
59800
427994
245905
220393
315442
391968
104970
445462
290875
68847
88115
37816
207310
45747
50054
544621
549428
400279
849487
116861
696190
699039
351504
45260
441690
238582
431043
183782
566270
293067
759262
731920
555840
330838
591299
251501
723642
680800
724255
464169
266680
329308
232312
446391
154205
141132
456834
49735
410484
218032
143951
40709
120565
74882
361328
85142
58527
93467
205980
75890
722744
142422
34780
994521
200585
80976
52911
32729
53725
839162
26500
550377
162005
178267
166934
657041
70956
564952
508327
141924
105966
298054
248253
107775
278264
157060
104690
283363
314965
282222
329881
93775
248776
243563
257499
74213
55089
39660
292300
144217
62553
46198
969826
935986
973006
283741
223240
281074
194457
72376
53625
365396
463546
388019
315896
379319
360169
702927
130729
165516
605998
54728
569791
398945
58717
812007
579831
240122
49631
61713
103041
266316
837245
131746
33854
29866
744922
667698
325638
345552
325087
146114
26983
397552
29526
344478
85708
237875
58600
230855
179716
328196
443358
159158
290375
213375
862346
91817
893851
30247
636253
108289
35126
226857
311239
266520
340696
261432
105221
38581
216363
145151
170999
148039
113070
101894
347563
66390
148323
35736
108201
597161
107852
72910
59039
39661
825361
578688
212356
475856
161750
35810
67866
347448
361122
93664
289741
148329
221512
372018
382317
132121
22332
451589
505030
382319
388547
101070
86928
61545
35651
704743
156168
97215
735960
647516
168576
30644
445284
223097
422921
455279
267045
288385
294151
295542
286407
38835
405302
230662
167028
134544
157966
519768
436072
439411
202729
242773
36984
35060
96190
92246
45916
143608
536925
299088
733134
714416
324534
128526
213911
156197
40890
95498
370007
398749
327397
293243
237692
91248
19648
92904
58474
168803
549595
579213
479460
175242
116087
34326
176819
147304
157300
97898
508911
287909
443465
766790
417416
35930
498367
534675
153137
174458
372447
50942
296234
295997
316383
331633
300072
215462
511991
221629
448111
173659
528977
334008
272162
291570
376369
146232
148145
500946
434460
241803
663812
314712
67208
103459
736163
104551
768081
86070
26049
29184
96345
460325
99589
104743
400575
189605
60894
518509
388491
90358
258851
213025
69984
75363
46417
64660
428608
510448
200279
30938
613837
91866
380938
310286
169841
211154
89316
75496
286000
358496
230970
603243
265015
438324
382081
249985
234825
50855
248644
111444
83108
469009
167996
75701
565059
179586
60148
115613
83050
943271
895895
718807
329493
132894
575402
126183
134715
103337
32654
168535
220202
174360
154320
172067
323970
424271
639948
663754
378271
41825
570779
302093
271139
256001
306174
507621
474837
401212
344569
298146
427791
223289
120871
35486
44311
1005123
1030565
723725
166767
160129
546086
88591
131403
111612
107268
37507
156517
115300
74215
38121
96082
296360
381118
466158
395910
434112
150836
374203
190432
27355
532568
439574
433771
386623
56406
326302
110377
40280
97597
435021
418964
338726
178290
238398
251809
255285
133978
487910
151163
213725
226805
205233
186241
139351
143682
71293
337251
156804
34733
36942
305101
61531
446356
140890
275338
256991
189456
200837
199077
168440
267514
31542
263335
110256
305109
269837
34107
540126
173634
83979
48776
69494
656278
681057
234851
33434
56692
62031
187855
49466
51299
125483
782347
622657
508957
166512
140714
42352
263419
375457
419881
406199
109362
87080
85199
328278
274677
285578
495339
715103
554230
346543
74418
76367
905244
555065
596266
429433
440542
594406
429761
695616
549252
394237
379010
237465
151067
44435
71832
35096
404227
330470
478626
390957
439369
123159
90549
543577
373265
182959
339216
208893
71099
122218
53297
84578
671116
776893
625881
295742
321538
182661
132550
77757
169103
116005
651133
108621
40457
757572
628090
110561
209373
136015
120369
303257
56043
523535
250809
492684
89824
227040
645138
416773
141049
38125
40694
535073
258997
266195
232737
48472
196795
124703
30527
249385
262007
168135
184988
258139
132908
347063
81017
88200
487330
94976
449687
93898
299066
131992
78618
43749
188503
143932
99763
193814
145221
165784
327925
117097
56256
70983
56453
633213
179577
658569
56082
677719
260205
244815
406837
365935
34631
38462
117753
689910
607244
165703
530527
206583
101979
301636
183145
303949
253481
277879
179839
173189
456772
75793
110863
199672
66992
45441
756065
154273
958420
270458
810679
224272
566033
364817
61418
39752
49043
67509
58839
359816
127929
45021
112256
375152
107169
59987
824188
842238
737917
144840
227593
240925
455738
512762
514176
549633
235050
156034
428336
869145
92921
36324
880931
784372
263026
240727
272526
77155
28730
347219
309920
495309
453708
148860
217079
44733
645385
526671
244629
141258
78972
47438
104818
147919
46522
38730
54118
98306
1197793
240748
139273
57857
1132007
119187
244043
1291653
652946
224912
582774
426016
322290
236957
821754
608555
493265
106076
320184
281202
190303
126598
404966
41087
81347
37487
47621
43049
560057
375734
280302
150139
254019
203126
383597
55482
34904
49911
31972
197937
53499
688836
625505
114822
52683
52796
478462
67246
261537
233571
229913
433141
612862
729009
144727
63272
110313
767501
567678
547313
365456
402694
35243
367562
83241
47635
126697
43212
403510
454433
372269
228891
405679
128643
377942
94856
65332
506155
29596
452343
75282
154736
89031
158761
641868
141409
568153
766086
328561
347164
51774
340546
121865
269896
118558
45388
429110
428830
286279
501652
208418
147191
189358
667458
80393
44346
64623
766921
123470
582280
80407
402206
152698
242570
34837
378073
277645
409899
135742
413506
193031
58470
1284057
344938
201724
1374944
194786
1413890
1083230
843393
680847
228940
1034561
437696
472609
515907
386571
320911
211553
415812
85992
90008
33038
526791
515390
396802
612516
202773
