91753
179693
177793
165020
69626
92500
81252
35994
68975
21228
31635
21840
20868
34304
31186
30664
35638
20966
47964
15124
18957
25130
21125
22853
41123
53333
18123
22944
34352
20601
19423
21755
36712
53986
65718
59736
10431
32085
28961
23832
19964
18447
30030
26233
10402
21331
29318
49596
18076
16010
35133
28318
31957
51488
29972
39653
14646
35572
15217
17917
18827
17758
34958
26408
25985
27673
43166
64658
32615
31345
25006
29012
20855
21930
30921
27424
17082
24367
25056
22444
18842
31069
11587
6508
31592
15998
36567
28555
19502
19917
30152
17241
23481
15919
20234
31361
19820
37720
22079
21486
24633
6594
32836
51811
45663
79261
51481
74016
64036
83943
32593
25999
20459
35700
18348
33650
33134
34485
46257
21408
21668
235015
138058
92281
55495
22609
29975
25723
28433
4483
31774
19027
30881
34962
29078
28046
31653
25970
33147
20794
22581
31158
263407
28678
132381
132648
26317
17270
26802
34697
18940
37615
47051
20459
60003
28076
19159
17602
20341
31919
28106
19253
27212
27555
27610
16842
22853
30674
24648
28108
11761
9087
24777
30202
20888
27889
23443
12045
15116
29802
21746
16021
10735
18959
34168
33434
48180
17567
17099
33761
20845
35779
22639
28748
22979
17878
8501
14274
19365
32395
22930
20701
28789
18712
22587
31064
25894
19609
24098
26863
29310
24370
7469
24565
22743
32720
25082
21072
28039
21954
16314
4896
13379
27612
161795
185412
211248
243375
149778
287846
60282
89461
184995
93627
40731
62849
189263
111293
126692
273023
80427
701605
90758
102918
239617
175466
209132
75670
44816
154130
67322
34363
253296
70268
23909
179080
235330
47509
38097
276586
59387
58228
32959
237905
106057
42823
94191
60827
74352
94332
68579
80047
77909
55301
46196
98286
63090
152176
62587
46816
60468
82844
137841
111036
61156
52092
115565
288089
109375
104840
34706
151490
419424
269443
66258
87488
26268
404377
578141
81826
47847
43436
63070
75107
77185
215871
101811
34069
124675
109091
38063
23973
130461
40966
157877
208838
102053
81648
50984
82074
236109
241728
312590
204578
396448
45060
119785
116834
47720
263330
643245
39393
45020
73879
35224
183803
298777
77681
237388
37071
295730
121115
81184
39997
76599
599987
139705
41757
370492
93172
129515
50674
244461
113533
61247
66411
176870
51566
458533
57697
67239
58721
172981
176329
98343
320545
423909
90527
51259
48671
47867
119233
198264
107603
402692
48077
47596
91090
105208
77045
103264
46868
166219
136962
64726
122456
594662
61060
225030
177822
567111
364441
178421
524268
735301
359475
62757
93694
202010
18186
41731
254931
335928
37128
58687
56030
40855
190372
330165
205111
256532
323243
63855
122366
124006
84009
178917
298806
351261
69931
107253
25297
50931
169839
138436
298960
133489
173699
256141
356367
99754
708049
259951
72787
157899
97305
39476
135502
148682
226297
33930
23499
37668
57747
133786
104542
91252
66380
100993
81971
234238
296383
55629
71735
169022
244615
121458
190230
70373
238175
48366
103267
35546
83190
71418
172785
76623
73654
38591
47342
54130
78012
49845
368251
480496
125024
42828
147832
81130
51458
51991
148718
320535
94297
37200
46278
68760
115562
376034
208595
45609
176940
122478
39295
217668
288295
51562
74457
248525
24180
220308
35408
801632
141541
65195
178743
163721
118943
85646
112408
65512
132233
76059
232992
715785
185458
416871
62242
73085
43123
162253
130624
38879
318806
323038
136035
99352
125537
18775
33849
411249
445281
49880
222997
139003
363323
225107
34225
34789
141988
29393
29316
225371
330099
240808
463260
719297
38825
40025
151984
56514
175984
336637
57675
154408
38786
678586
598648
119478
34335
111605
33909
307394
262408
237445
76483
101981
75275
143188
71875
66762
102218
129981
206510
167113
173754
76974
242682
218539
499043
63070
103505
102985
95455
39998
36379
133829
604239
117995
335273
231281
101089
41717
176274
83710
114472
130540
39087
102305
98226
92383
49802
106896
54762
424301
48163
280002
53674
109570
269662
290397
215095
230785
79012
69747
43943
48086
55831
62214
321760
175777
276546
153392
55350
57103
49268
51816
94141
29786
138241
253593
316230
479816
453341
164489
186321
111465
25356
218907
352122
297493
322029
48159
27113
283397
195485
59648
46588
95203
132602
45927
172369
173554
80457
466747
140923
118582
295512
448342
181028
42755
41960
64009
149541
316350
51637
96496
95147
145922
218273
59706
427247
697884
78027
55631
152736
101643
84115
59166
198615
140105
287058
46229
98706
68103
139650
62664
828661
139353
485078
487665
460213
85462
138995
532874
126859
191948
177928
111249
118510
82588
30151
35141
235578
47378
238181
47522
76399
124113
89520
29408
95004
115545
21618
103305
56285
401025
101584
102817
306530
126656
417199
141369
108194
75666
87858
115622
167315
56045
52475
166091
110348
404119
34948
47523
166814
29552
200692
98293
407737
64082
55866
114159
316200
212265
24954
194599
52885
70209
54951
177347
170317
39305
70559
143643
128744
570927
265159
111657
421687
37459
429512
46354
166204
67960
66298
80035
267191
44839
72001
610322
21658
435483
122303
53286
115543
305577
224095
202305
57208
27820
34037
455321
186980
441717
128031
84131
145404
90915
64959
231588
261724
195726
221685
300284
76323
272587
71337
27015
118027
124929
20590
242988
201653
259135
66890
25581
149722
89694
101981
88751
59499
46338
234046
198709
41695
281151
39712
328530
187065
61319
258048
42452
323295
210817
28514
129157
134143
255639
35646
87756
42246
106189
62559
38064
150221
194405
431806
142624
100759
122107
215219
135107
38532
213350
72755
76312
177628
125701
32758
287160
78337
33266
323296
52566
56985
194294
422309
315520
65683
121154
73893
51317
59034
96375
106432
330635
57184
25455
87987
75417
375145
87055
301632
313670
98242
812436
32390
315096
73646
274999
183265
183286
86964
198991
101675
117705
39389
136926
80316
295582
41787
82235
40960
98616
62789
128041
45772
31001
231249
234281
299861
90415
153920
151597
123940
58270
228603
44498
49960
64008
144810
559208
48853
157527
129372
106951
31808
39346
51272
37611
56997
116736
161963
93956
48170
387607
770681
50226
102527
81865
263499
38151
131044
102534
46911
62068
35577
70105
153533
442084
89110
329915
29058
126406
191586
42884
307040
246244
259229
62706
188694
27913
38048
98464
89496
135442
412954
30444
256220
631231
381874
61744
235889
35771
59166
179545
414417
96362
43028
112254
366226
309966
44350
55173
67453
41745
146067
300841
37840
210974
123023
41975
211670
254943
312752
102882
116414
233809
131293
186041
427561
45898
63247
409787
186821
88705
43734
228055
311456
148479
107708
58396
58263
64469
37471
85381
418320
297977
119549
473169
67696
287367
71715
85554
52576
70322
162756
299251
19201
230509
293037
413907
48945
50992
103717
91308
39854
710052
71454
124247
53823
19090
94783
169377
174202
102387
32014
320678
113625
268579
97390
41640
244989
285239
386624
46478
102954
500948
25933
291531
89311
57406
385777
94007
183324
290280
45055
64020
52077
40588
67471
114283
225512
101439
77871
177614
191277
109016
254808
251197
262775
97289
173327
174309
98479
50187
109153
25996
183987
573705
34973
51101
142916
85894
467230
313389
244179
345310
300400
333573
221884
231081
178650
249335
217239
147036
306827
157326
241109
164408
109357
126981
146182
136138
195453
150701
185677
335767
263726
637362
72052
52408
67336
681410
193985
217545
188969
263095
258672
68370
101283
107563
367219
435091
108833
197531
382628
255176
550289
299447
297342
124830
114749
468566
370433
286833
340862
189577
98543
377021
115463
311494
181970
171687
354867
150797
182580
153990
504395
214886
188796
63035
391343
167075
294313
206068
174717
251252
286078
650191
153738
149102
827641
386164
451207
386206
250913
190158
150125
92571
171873
156834
168163
226164
166275
384080
548718
426847
573631
386475
147890
299998
125446
229513
263217
579372
271689
490272
266126
248921
143908
245756
186007
323118
268178
382527
372745
363199
321599
281852
277652
464508
200960
397048
163906
108613
71722
180102
158903
49416
46765
384044
401578
179543
190004
70326
228258
294904
270009
334730
385548
273876
239348
51696
207702
291763
239315
253490
93533
53147
167063
141570
131720
169947
125970
423530
407166
139676
445397
534324
178289
575678
344250
415955
602908
246445
197167
307742
71940
294889
423776
609553
525052
145211
108869
376445
320129
164261
129056
177187
436907
183257
216602
239267
73061
588732
497854
292239
317417
461187
202011
212552
173656
172814
115572
124484
497186
95872
361917
170671
267727
277168
419763
308423
75005
113479
431432
362957
120979
757014
360750
963960
305879
124010
210554
243241
663353
440726
256526
103581
206397
239198
272429
204754
283956
100884
64659
162137
118055
325599
354590
178614
571074
539917
402421
373443
332404
199646
379166
99031
52716
279264
218395
248573
248644
124025
260571
148307
158335
379948
270795
285068
268418
54546
136270
741495
679774
65583
164998
288520
627065
679519
443813
296833
299241
178399
699181
453897
187763
360925
203891
92462
476793
397806
272926
416383
166423
542548
309826
291689
137366
428245
332674
104441
423442
472008
91167
242980
179186
347234
266500
141149
756891
566438
709141
1025736
443248
543209
383018
230065
141471
290917
203938
193276
113010
120493
342898
153994
238201
285528
349429
562349
555856
630363
430881
267654
152587
242008
110867
131548
179289
288193
334727
158610
825981
784977
540773
753055
800189
107161
625571
156899
104503
146328
277770
392717
391410
362013
296114
168089
224632
157314
227687
212673
223192
239829
65750
236983
346656
273480
271031
310604
155235
315353
442500
612954
889091
486164
49588
64472
647713
194420
214830
98245
120304
136407
594413
119469
105642
214261
209481
672967
212719
218088
101082
85928
557361
92801
97645
285310
191890
251378
132556
369615
92679
123736
67782
183379
499834
358602
226172
325900
131429
1219916
991337
103101
224876
251701
213000
190701
359818
66056
355887
140177
156831
169517
145420
285047
339957
166692
530368
84152
104187
507211
249586
348565
160595
470559
519707
234493
260318
481421
475140
204710
141129
216689
510735
536612
517789
474015
139885
153949
104326
64011
140065
421552
221133
368687
292731
524754
448598
75946
472166
213331
386700
211852
304531
566354
581758
125123
705528
798123
301353
123287
72166
469702
460700
124938
171684
95815
203594
561138
479400
482532
269864
546948
293730
90153
90579
270701
273991
87981
160901
269389
282062
955210
793449
202696
123659
62485
228677
193581
53213
63608
75677
144290
317603
250785
494335
232672
189457
230363
576360
173896
449670
97099
270218
227743
242198
213509
133849
83322
76105
143274
186227
169256
211138
238845
415354
308394
100269
738934
708834
134879
63757
125966
463449
778936
466543
121971
698024
778685
203306
271155
344922
327092
280060
367129
487934
331189
39055
44929
114052
180405
623470
207954
589501
215150
166444
194098
260305
189006
132371
97327
302774
75080
68507
163741
332275
310978
261739
254771
160916
143986
252861
583907
273715
166560
134786
229337
768908
180291
475482
482064
524463
804071
425887
125239
94636
136391
876094
110563
193491
238064
863534
126586
310820
254049
370574
431691
476692
207308
586166
404368
426897
394034
168057
121545
356016
350434
345004
485663
174121
144015
512182
319906
123360
92238
87526
446378
416813
159700
160601
173986
167229
84464
88595
190532
286699
339036
369489
230716
290602
67090
39971
259371
312206
398209
496130
347669
134111
107701
223447
833222
393201
231929
326850
405378
424430
463785
175797
376980
297881
366602
205990
427665
278612
166412
139342
52478
137795
174614
192447
64566
240634
205725
220634
55074
445509
465044
170646
466648
140888
181583
184840
179328
665046
147642
167085
509357
304936
65744
48712
86257
87682
57839
430871
370765
128103
142178
279799
226086
327740
744515
568215
435870
323581
232356
326569
262505
201216
610111
399112
166475
507566
399445
198069
256815
247299
265918
94044
65835
61816
361863
118704
187805
500476
303267
346966
316720
155157
199356
131385
122246
344192
405507
370024
586093
396457
163724
100625
494800
457798
498260
148138
665222
427612
206851
339703
73353
72482
366357
159425
151990
212649
196741
302940
195060
293326
229441
138949
149804
406070
393292
161669
327723
212968
173052
133037
62758
101857
472930
361584
131767
92096
290875
329881
136403
375495
320216
521329
454351
284630
334089
394632
785086
640990
270873
306437
348106
320980
345448
405082
605689
608548
632177
338843
243503
220956
279589
220561
86087
456255
523222
383575
219765
398241
60973
87590
80712
43321
204380
225493
275997
161047
310354
64464
405553
298168
321456
365474
364696
278723
424624
663837
645547
681206
603681
473198
215052
119292
200463
176156
165100
164742
148760
251033
583955
464876
65310
513351
185104
290001
190316
564726
111012
63483
100913
428661
155867
204594
125529
160118
148917
375836
346517
182501
107671
78448
169780
114970
290438
244764
166901
58825
90966
377209
140411
169249
242551
168679
177869
84905
264318
341662
271371
286793
70779
416818
167439
196081
61206
77581
378080
103543
286822
369273
330376
228129
584947
615342
295138
138965
289478
916356
512739
418118
183453
1372702
643944
159796
538128
507181
280920
220616
204459
330168
203472
151332
156837
217570
244886
211291
221988
248444
220074
238395
243063
392984
220162
96144
266432
141319
130761
177528
158131
60432
138532
84194
149836
188737
124356
150831
150845
144484
161573
261281
510737
420025
229619
96912
107759
654986
363785
199736
92685
268588
252597
573844
593533
457107
404819
255187
267165
283778
133384
314664
156719
218218
200367
399822
839411
599529
392425
830671
136354
145184
109529
157936
140369
77235
269038
427101
616978
446470
204910
301096
254239
1019746
646299
264813
204628
69946
164153
291313
401689
388211
258119
750415
509476
104534
306284
269175
147133
60493
320940
145378
639269
450208
293106
893189
523897
292508
119089
115338
182680
211778
101697
161838
1328150
163503
631653
140068
169224
168744
101240
217714
127338
112727
236048
102977
140303
168882
83046
63771
83581
220003
185414
187447
282715
160337
245032
343675
317569
101088
97310
95604
507432
468548
341042
298258
263282
76209
123310
134805
272840
331086
259202
330191
137157
123197
184991
207006
294147
261444
447169
272606
395523
233947
105465
259239
365515
246801
139426
535595
213962
293378
635681
190745
71092
61907
308595
224019
272252
288974
193892
118149
219370
102961
58266
52538
214630
305602
182936
372259
164055
211428
342348
376892
832490
175247
225598
192194
716912
332220
195939
285884
273809
219419
104302
266234
56271
137965
179567
207058
287393
284743
184998
154152
262172
251831
327522
119980
383201
104374
138946
224967
368109
277926
450798
239387
105566
128592
527705
484574
444183
442177
140110
291853
69754
60539
61715
500493
427967
543822
529419
292518
255968
184455
218850
160499
237962
199685
222034
217541
108542
218976
173253
221908
345332
425788
432410
257304
52438
525015
302223
295309
400871
161314
143255
166932
76297
570282
107881
332639
301499
347785
375320
128169
108788
405732
240542
498373
427166
471867
227047
437737
469860
599416
579359
488035
134168
297092
203229
111401
63276
182945
204549
393542
72298
365975
175259
87563
209992
330089
353951
363996
412394
112901
404284
148411
215933
74811
121592
90273
298764
355029
678101
586347
331713
56585
54145
63177
74160
432492
647707
504454
1524613
333490
161099
1315922
351961
126789
383074
68777
320626
51552
160616
254298
190436
341366
91540
66224
73837
450714
160123
142541
236579
244928
218568
319443
264202
298368
228244
70077
345590
109250
318889
204421
206205
248302
142899
541273
536409
121758
89087
330758
256819
267681
441624
207079
104168
146479
155882
96372
185830
165070
79516
161850
256846
282532
268116
279259
87585
205857
127576
75273
129625
119894
121048
261492
213273
558993
530069
279861
215629
339123
265130
244362
122343
33941
487794
312202
51378
44646
185559
222489
215617
297276
709775
678522
729584
575125
260662
225113
91051
107124
158693
96121
58034
835153
273104
330306
124212
1051787
604255
238116
50715
437766
459386
335287
372698
428376
501589
418592
595159
441924
617845
396346
257851
256685
196984
163864
176020
211167
262484
391703
360839
332921
511443
393326
384860
223626
303372
244979
266219
237925
159241
480583
142498
528732
491511
498161
129419
59210
87698
740788
667661
159067
338674
266628
471458
285122
175469
130514
138552
141791
69403
177152
192918
84186
895448
831171
203755
128970
272073
597734
557402
737832
397090
182252
684155
188102
121923
558094
307676
331298
113235
110781
580141
406211
183733
118251
341954
392931
549856
260845
71091
228505
225586
76154
79221
878517
752203
147587
247946
291238
122058
273863
128601
172211
341828
107453
58458
61686
216700
102216
95681
219077
284800
300298
124125
252376
383920
942710
479410
920825
402046
278921
392431
375982
168266
440740
99813
246964
283819
847739
414527
529584
236636
86199
156864
122988
1078619
147846
188552
207448
182950
82638
77374
76576
898679
429558
204274
236000
195376
296129
374787
157842
65312
371365
355641
250801
359472
357393
289700
198240
257260
200558
206800
195483
488572
247790
557960
320543
141886
454959
120778
343355
103197
43620
290150
365749
214596
383036
390673
49688
157816
116627
254114
248961
304105
271021
177049
157154
726717
648460
135837
146623
130771
227694
152865
289273
158926
175723
303331
372440
211955
919799
691958
183665
464318
422987
331083
219254
74113
158959
145954
118380
116652
198248
105817
274785
200710
156265
258521
459061
383115
421306
199966
176081
168328
87153
172182
181988
123980
129302
360801
233149
390580
170469
151186
170907
177186
159296
632570
106180
114743
581823
126011
289443
286677
263414
293380
173725
181165
164864
57707
170334
143662
216700
219403
199907
110730
91605
84717
65115
337830
418120
670108
819342
843551
570940
345651
334594
182821
659047
587128
89306
85708
136082
100698
500584
466924
138202
435280
445577
39935
175234
501643
236531
535547
135056
90708
181347
330376
207820
375271
40054
418915
115793
113419
71300
56092
182879
118912
144499
215907
141637
375877
405112
94100
68317
43647
54836
58062
86531
349732
384476
76418
732166
696219
127342
130341
292100
159071
507131
1037070
947863
123145
133251
131259
106649
1232115
1035579
101103
152919
136635
325557
242604
377166
279344
167248
448078
360582
150074
341457
288518
525603
218442
133204
429789
165430
250619
101546
373186
326286
293247
368624
61671
68882
304054
303371
329201
136647
144311
77181
52911
191198
681275
265098
689414
266543
302704
264274
191803
386523
529255
331029
632350
302955
158808
782081
244533
405187
186265
103427
67550
46687
432070
236825
111771
255589
252491
54555
65910
351067
296007
102819
173598
184332
107682
97172
164945
470063
464445
201885
136524
211632
186011
289465
264148
240931
116059
428674
285936
149165
84683
152236
423385
398712
436938
371645
111740
107329
280775
318218
222692
184266
362721
247902
246415
107787
98621
283357
240530
260998
315799
191372
91658
53223
80908
552371
566947
349650
343215
193221
239953
347379
486140
609016
303293
493825
100932
128054
131624
732303
398865
576244
466881
294628
323223
476924
402687
535144
312735
476275
372978
141565
204487
441169
413271
75587
222261
105736
185060
43895
144975
157242
386972
482757
151445
750165
361130
1046897
606384
302487
619765
250749
46234
90176
83898
152834
207052
442577
340038
329215
105263
144573
93999
159842
537405
460913
338767
240118
160115
304205
266121
70113
172921
260123
484503
408854
297655
263175
311749
222739
452280
450023
325452
536370
473848
75682
296197
332961
559906
480560
69777
115047
82312
67180
367914
556368
308985
460018
174556
524756
120668
203029
93326
329017
312696
415277
68076
204858
620637
316453
464457
421075
143045
425807
105372
89586
495166
205717
209747
203414
397118
201980
75337
146438
407710
190696
268302
204433
209586
148204
347949
232896
400787
264376
344093
40349
47950
100879
316081
138238
176833
107729
130117
158922
90183
300218
103070
106109
72358
343491
232043
223772
340242
264254
204082
472400
217940
108437
135596
280423
368423
614717
457256
229947
125495
583111
243230
108204
80536
118841
328502
159086
119178
205986
489990
423322
285123
202774
662533
213953
463712
114554
154448
137170
252959
305471
132927
110372
73729
115927
391464
230246
253000
556498
221077
335171
402504
641770
593684
593503
409020
172163
270093
193655
79876
419147
324139
238999
128903
255001
160301
441905
515943
500459
490865
213522
192221
325075
237729
52176
205185
178899
185609
132832
153221
177440
130879
443336
137720
204546
139568
100439
126173
762727
601598
215854
528133
507944
279463
320601
483249
532787
275325
275482
694084
124967
628076
137477
215077
265734
335527
430287
336289
85692
75154
429182
191642
359605
309051
224940
222914
94498
253690
143094
51083
135250
146201
100910
376547
504256
189320
479306
177038
464538
80674
240508
220316
362687
317422
614485
331970
194462
105685
201120
916809
434445
85485
94527
141169
128032
424866
145446
455262
251038
399688
452939
423924
406228
323115
265240
242625
310175
311080
246688
789300
148688
85343
183287
889694
289976
177340
271328
255968
647804
252291
269007
721475
264903
198478
152330
153154
204072
201235
257935
280790
310397
79719
108726
421313
270537
174459
113975
131133
120809
156196
182019
460397
347989
400440
236047
790484
561181
216739
107731
130738
433238
171351
145140
479513
235426
375815
376572
462043
361755
64709
74686
874315
760746
312507
190722
209611
228483
195487
107977
110765
721113
223070
648925
239387
54069
323803
599405
339741
737162
362758
390973
201701
418882
744962
339770
252404
674966
422138
444040
295978
300623
171285
340530
359270
441330
548440
258852
215717
122679
95812
253285
278549
432958
462236
272029
408287
171663
192863
363908
214316
123366
198799
136809
185938
215286
200855
316887
234554
486899
319731
276332
80913
301397
202281
188254
58109
281887
190439
187697
196881
134908
184023
486902
363200
88376
125520
243131
800103
214264
856516
228129
321316
234190
116459
512766
278962
378221
257027
234799
175995
260682
166079
293628
347493
373648
274945
388104
204177
91646
203959
389874
282647
444288
136808
192064
388022
151067
264492
100466
241530
387055
386558
495124
433649
273366
69682
420927
200591
210822
401525
130240
147722
132190
283036
69143
70838
224600
113718
74072
172535
176084
192175
231187
288159
133437
257541
153666
195878
117104
59709
270172
401803
303908
76249
511508
527815
256771
200826
320253
168189
355008
272101
144191
329388
268321
197392
284246
417580
189085
469568
300620
338026
260395
62802
432954
255690
114158
271842
213366
354546
194924
87918
108284
111611
304425
77960
67377
300270
164290
196432
384931
380273
440367
176777
179388
181603
51060
727514
281892
287828
99064
838823
438042
674446
546126
320437
132281
306752
148573
59550
239547
205696
254239
182536
236179
384700
168220
317925
215065
297857
239645
126947
153135
299084
329674
361960
149273
251465
625585
380338
237011
65746
456396
245511
265728
287604
297235
141526
134100
80839
168426
122668
267910
282892
125445
411419
387509
101484
439684
300043
408111
141662
387709
149865
63537
184623
233575
395333
103563
85106
519299
249088
327820
358075
203220
197048
181991
96277
177620
204780
578079
452175
151943
72260
104670
90121
70954
142098
122542
475546
412197
114830
372147
259031
583407
360999
285964
149293
123988
61629
562091
126919
268727
176810
50717
83981
618264
239771
442150
159209
294257
183796
216666
156991
308591
207445
314353
193278
344202
153605
212305
166411
60611
213474
209497
162575
195139
444946
413801
258324
194311
299377
294295
224193
57601
553309
497527
318219
324471
71835
291202
154437
304688
285439
241568
292384
312874
196236
68410
392791
197410
432249
225822
147227
112752
57479
75119
234291
196396
265539
145611
211660
260625
563175
598566
394873
154265
844589
300783
141659
209251
477137
366296
207549
178038
191732
271537
195514
185642
53328
234968
255438
403150
275342
91027
280659
310991
311017
149207
258039
206017
111146
660305
573414
234782
321501
340775
153480
259956
264953
461212
1075575
930297
730434
356026
210501
196109
283585
292975
67678
95916
318149
389738
152760
161297
170528
59266
463273
245187
318720
202041
210468
131162
1028201
168560
702194
271986
173618
285221
137234
190304
167411
242033
149892
415378
368791
306145
246840
219260
74093
74885
420116
291477
239016
383474
472684
181165
346023
226598
505589
344947
356463
399580
502805
420645
221546
541493
97248
231531
204962
289283
368547
403340
236496
687138
486805
198033
237665
161851
128592
216003
314754
331289
364986
496987
356133
175542
173046
661456
784318
253038
36790
493643
448672
145513
162645
140767
55951
295331
246390
251690
319806
120982
249163
174352
116098
54957
561488
476595
447703
53958
106285
513510
186796
181054
170521
160993
193325
232996
293537
228731
90123
86523
91592
638616
597911
151263
103193
275660
196180
135818
339472
286373
215956
290798
493166
442554
75563
56540
259275
197188
74748
254725
289013
81266
61904
285751
91113
285912
72057
142350
226034
155715
318402
151278
240704
742740
603529
1036293
623098
256198
391349
222106
1357814
303951
305838
1123463
229966
289339
760485
553941
56059
119090
538376
471892
181529
348289
276884
223236
386725
274512
233866
508874
355551
423591
284012
230949
159693
247178
525930
677372
609498
362056
153836
162867
137572
134014
77004
234319
198851
242311
136506
456680
600241
662978
611822
69379
109802
327418
342530
1409034
1169997
203897
242857
231140
397432
412616
1345135
1331104
194235
456562
312885
261916
570948
369755
314422
267902
53175
79409
158591
534537
493490
89593
396238
431492
214669
278369
354772
231384
232063
242863
217357
140560
231081
206011
694745
120162
663192
169009
121808
161602
220748
118113
48916
549883
139175
532183
167347
140950
235433
200287
275955
90965
258052
111423
226031
221602
107224
286691
428928
320972
264035
380144
140573
43526
239907
137449
215486
344420
312538
304398
171481
288633
103519
135351
185857
312149
365352
389384
395123
376815
600705
319634
62961
645072
93065
142479
124193
697395
253462
66119
133048
132957
96184
458486
236201
261655
189324
669693
111239
301555
46135
99040
184212
138090
252683
301586
567815
475689
340629
145766
164834
214139
554990
388481
527883
234360
64436
239518
705208
602402
665453
508455
216271
556550
412338
252065
51406
103626
52702
48623
50905
103172
121539
78596
58736
371749
361409
322193
104639
375518
132514
121577
350467
258654
362703
292410
662554
491629
120448
144262
489119
481091
121609
139945
144317
586953
499105
183224
130445
231551
206665
264197
265717
204424
284013
50828
212963
145983
53160
169847
175211
183166
80066
162469
452945
266348
518669
265901
169840
386136
175293
131967
290197
142279
65881
68864
241602
195806
362275
276073
100571
149521
337024
158260
78265
260794
164339
141612
129392
301177
135567
356873
579295
353775
484418
205694
181987
103655
82326
46278
48984
109672
119606
461674
508056
423076
651695
701491
352554
543293
96143
144232
72537
114915
238761
232877
223435
98131
229205
195307
226234
210445
56892
126734
230593
911950
267987
202287
813499
59633
80580
140791
147643
92010
336869
284866
219737
320335
376523
362554
172114
786206
801246
155747
161914
78575
117422
229226
264384
429658
370827
270882
113255
285914
324103
621094
473137
124047
140236
382426
286993
157216
73423
60976
47868
58747
53037
261761
256977
280449
220306
354474
139752
85006
284485
174311
178527
191992
100599
339417
403350
350273
514944
440994
159255
152060
144220
1009741
341723
825354
603788
434558
392501
507901
161664
293155
240512
334798
153576
207704
556177
269501
226448
78052
479301
556132
554613
515991
359955
82123
57836
84950
192547
197578
208533
79347
263473
124558
119354
149733
250826
300075
227978
599167
543764
153100
210656
127665
65889
519452
147190
332630
216205
64533
708050
72582
196863
464620
270056
357892
215357
183133
277233
265355
353144
83671
322036
601224
411112
173661
486822
325423
125296
353741
146421
333112
134658
237423
142707
133966
395346
395411
101058
64269
413628
460650
284081
315256
319010
83567
301539
275560
323912
115622
94765
122812
557476
178626
133430
141119
582867
141388
109672
418428
319213
397140
181000
420969
262556
189034
219442
110639
111432
246148
156999
209555
399796
373317
225623
122751
72531
487489
101852
113114
150163
167858
120053
635874
278858
368622
711406
247926
555094
130321
92720
311251
270881
383845
433331
483892
368031
620844
459292
251187
467514
285344
120007
174903
171849
248059
111558
83725
335455
191997
58760
141978
369259
367157
175773
130440
357163
122050
411495
225992
183675
395130
569737
372135
50526
83116
112743
536555
67506
179622
84429
229171
435187
801574
829604
547616
124757
838628
446581
304224
442221
150203
237478
604758
268731
145617
305432
70388
195543
199150
406966
221880
375525
415089
858864
341745
248937
144177
872449
399891
343800
587503
649555
462657
219681
434855
282831
155916
84863
81250
293870
129714
150445
273123
206360
309134
321196
51947
244437
436983
407456
199217
598308
489524
452389
260253
368908
78166
222651
104878
122430
85229
260163
230478
309980
204457
183196
304752
100889
116557
116127
133676
184985
171679
286165
174593
279806
121948
92195
101031
173896
189444
148313
78850
313547
270064
468044
319389
739128
458271
829417
586784
535731
375321
288306
225196
147223
742638
580344
162210
179691
168899
160606
111035
179582
428049
557337
298374
567184
993856
791553
715697
805089
203344
118916
130132
142218
362040
433741
529643
172387
63364
76548
567965
159173
159865
281929
350292
273048
304681
315232
407719
350707
214016
158277
190663
219469
209787
180664
178308
80749
76203
88554
50036
288252
155723
419424
342025
321850
242732
122775
230388
931944
863000
112081
544519
501002
164777
527891
529770
122113
311811
88547
187505
589023
368581
275662
134890
501388
89028
304655
168906
312575
334423
421576
466411
345429
201981
141436
74410
657902
622098
331922
242711
503273
590657
255811
253428
352954
275530
210387
154063
148732
251215
371792
335038
435942
194359
248206
214157
318641
305252
284413
234481
236862
297333
334599
234645
508165
104685
124932
236787
291434
165678
136055
181179
128070
86099
1186714
504424
484822
234592
299455
223874
109312
1485628
184299
698216
265301
296597
297170
299017
163775
78985
209576
214501
718304
132164
654060
215041
409805
656391
499373
235691
895872
817747
55912
136768
136136
352584
419195
164904
238423
312159
673975
868955
471954
369119
461128
237294
240915
270853
324934
272616
506338
375524
451587
415802
151676
145462
315976
203106
411306
281156
289296
127278
249178
157092
271283
348077
365712
370612
113593
245933
198196
340943
217219
285574
123265
116914
58427
412828
261603
343129
322049
267731
376042
273746
364950
138526
93694
176734
165477
198628
160241
125705
272669
207032
62243
276505
332911
97046
351383
167857
308442
178011
95857
255003
268327
1089028
342992
296073
900449
240153
180821
201410
275433
164623
247391
198222
89477
439466
393500
90834
478239
162470
544594
103781
72125
306721
185433
310023
139882
270909
214010
126303
161020
196211
122341
93719
215524
372024
453860
504087
906250
735828
669539
158588
183920
120079
68863
1007959
395112
306555
509946
538417
505677
170851
462020
270990
196746
316597
298288
324123
193081
344593
187625
278852
45955
319556
248196
124063
248776
240070
56632
649952
670389
140058
536946
514275
371785
448318
257444
209883
53876
48459
123413
119260
70116
79301
528807
378353
121331
236901
82400
210313
88857
196779
184672
66151
229696
789168
648066
482682
55392
78009
85750
1025288
397589
589273
902935
820404
257368
607627
187002
490670
211776
197086
156544
106197
606515
559206
562163
100235
232135
765658
251199
335381
144115
168879
148982
234664
151182
58230
45539
505486
399457
78682
263837
568640
650972
555213
193175
578251
470084
557512
224906
682855
67609
70726
469478
75154
73830
45392
176118
388459
266605
453428
68547
443501
67996
58904
80585
212861
240673
211143
53839
476859
264063
380618
535979
279178
113478
286903
112192
431465
707276
432637
86429
783682
141210
116216
106440
897765
167973
276386
135402
258037
624563
804208
478120
813053
167637
245904
291502
267290
117015
417347
436804
457512
366502
564742
321809
423535
598582
629535
565769
373872
167501
64679
77862
112837
340730
474601
508540
495607
305722
232716
238362
537125
547278
214537
467559
168512
97417
481186
180033
157408
184340
150699
142689
282278
94515
409090
266665
94484
67700
66560
67742
199440
186611
58489
646722
650973
244988
217021
55118
418821
381211
360017
475910
243365
144738
505388
291745
646695
240684
515168
290068
482851
246707
408917
319020
253071
356699
231078
455860
253562
436445
261699
219726
193848
540787
179321
99317
619815
331869
291755
81418
796657
570980
579356
951329
218765
392787
246122
255790
288315
299133
108273
55808
91365
426843
104636
98255
111209
94297
394556
207044
184590
95656
415826
306403
104900
60290
110854
594063
451006
609399
446836
153142
242957
283400
129096
377511
336962
199166
265187
210475
287564
112874
426448
410679
429806
107148
536563
181979
90356
177360
210425
200589
89156
198365
269336
487305
242148
127760
656435
214361
354022
159805
119055
454544
448339
293404
457003
439109
401887
274786
310998
539827
348384
403639
459128
436076
840371
88159
80231
82608
114612
816478
226411
365644
223504
151086
163848
112569
126475
66738
114002
150123
150470
244021
281902
274773
307899
341968
302766
211721
556493
498069
275425
167857
198838
450114
291018
69033
65665
57336
89844
199579
533574
176310
541293
86297
181223
201075
249659
231512
175839
199635
266779
257121
181526
364889
263314
295404
175336
114470
117328
444215
157359
237673
210344
218219
380664
503144
236718
378986
221965
215738
520128
298618
187325
182502
252206
216977
450798
381675
481648
512913
223204
326281
445910
442521
295554
498979
132428
178343
513540
345790
294162
125402
203999
153783
85564
694151
433532
164092
125452
99423
104602
315716
180134
230169
194977
131554
525198
150089
124055
492732
258986
349679
521895
383223
164805
248923
786885
748243
91187
76156
356784
163329
207673
402250
329623
264992
250590
215178
280144
462571
447831
239096
142935
110708
228625
61116
228226
195378
219666
145275
250967
95299
103815
179242
189523
168284
185792
200565
383093
102463
173011
436731
324386
326267
236668
169549
71363
163902
515713
181144
342435
62993
100312
48387
168020
249750
477824
282560
537407
534939
438973
463227
692878
317529
50803
125481
670973
186464
381892
207409
157427
250901
301930
216724
247645
156054
205305
165944
213924
153480
87838
428355
584474
557142
626972
156569
162348
110027
140045
628341
440793
333440
241035
389567
332925
335134
502139
194537
295578
177686
236945
122403
109824
226475
275515
385428
236679
576338
302971
503411
348946
236701
301566
135356
126126
271637
353878
250163
175939
275957
413684
410579
455209
144990
232012
118823
262168
331727
448372
387009
95062
166349
370172
175368
168090
87672
348549
210024
84856
181330
252292
242350
157615
508817
374797
387794
146948
162652
162670
622078
138390
155010
715929
432899
438842
100312
140306
594943
118475
263826
63567
219983
308779
393180
229334
599408
215331
430669
161389
224924
389625
584042
475338
295829
167521
191910
137848
195117
1219351
693248
373581
209706
328117
635575
262438
400961
383216
291717
470844
479019
263437
294253
68507
52695
61013
95197
105232
80958
233562
304515
187287
116972
242587
226904
63091
252124
200239
227791
141360
138127
469230
206211
389037
242606
278082
235794
287641
225207
165941
335190
173249
156345
109495
227866
121758
154039
201174
431609
248180
301080
481937
214195
206898
142677
81405
164712
362223
240204
389372
147556
252708
201033
86100
242682
227032
398431
458514
191193
292668
327703
283138
367083
333775
483216
324201
119334
120521
275097
260851
204731
398873
372099
263984
492013
203469
241331
272441
448795
352240
201842
536536
259207
56044
233521
355753
326169
71078
363479
365779
362309
274682
363995
134885
170883
162016
144398
75285
72709
206347
163264
200160
214992
148364
105077
181396
130575
191982
149749
317464
316364
222826
209272
294919
148772
162316
116120
122124
223746
183868
222169
226054
298991
419424
213458
213310
317073
351938
343554
216667
112923
598316
560231
246039
324926
339649
99367
75609
486106
273001
178533
152197
387840
301805
480731
83340
88394
372502
149291
146448
229461
362798
358195
387023
235096
177499
133808
152860
185726
213102
120644
1054222
760638
61923
160501
180814
49024
253891
176121
373475
321110
521046
317973
167938
494420
182209
77579
123298
267803
330817
285617
289420
369803
499304
482000
443480
261747
204158
79524
363330
226216
124861
156662
256057
226567
125263
211357
416634
331544
135442
345802
133700
231012
82016
149886
297007
287521
297312
189008
135990
107181
92729
91942
176543
167828
225881
106613
285259
116024
120151
78845
137550
423022
206926
185960
422888
147355
211984
216004
196454
202479
258847
567690
517196
82938
285817
143508
307022
286438
298679
256009
342160
192947
413329
359499
309801
405191
143166
207573
188100
131025
238236
99079
250543
201237
131459
306098
63201
73867
345538
188352
185842
387795
319770
511417
641531
233024
60824
429123
119794
424553
423515
91752
447713
459315
172761
163719
159785
75419
242507
62329
156511
69227
63861
167714
297146
532085
513962
443475
222665
181157
68376
529917
385542
375022
365232
342629
71176
235730
50220
48729
100465
73693
74283
83617
90034
234756
299812
121232
244292
187685
466212
385450
393069
279076
226343
474725
142085
81197
102365
121309
432442
138152
224778
300771
236500
269976
913549
509620
957449
320348
182428
542699
147510
147449
393644
251830
289520
480633
465825
413268
155298
158658
617131
112826
118140
117472
346591
666129
360564
163022
548890
118710
81280
119037
278236
94679
158738
116973
157529
226365
145009
224663
217290
198570
195023
45532
185091
213260
205227
260094
291489
211533
139263
219924
455778
421739
161786
45142
479621
198540
512186
258168
110872
230859
197854
259633
320655
337138
297377
176439
152535
247175
243148
327104
457217
486275
345671
247548
97483
88464
151871
710071
195200
505143
289448
254222
45593
606448
379139
660018
189705
134891
671599
174785
114044
485008
227202
221894
248070
101129
52924
94273
84569
58866
339449
352821
287579
208636
204993
79264
406735
171581
229946
167798
76259
259981
271732
246327
241619
405174
284897
174661
121275
432728
304514
105712
204071
120202
197310
100748
94063
48586
158362
100843
204925
260022
205023
88972
452910
101559
259729
597037
282640
316190
259845
404367
355332
297892
201501
180309
125578
160944
879141
574628
92584
91289
63167
448436
624777
499983
392740
614798
175489
243962
191218
327457
63022
314238
193841
218696
320445
262733
290729
199949
456182
250768
363940
309479
279835
192388
165582
248135
598700
166437
148701
221761
701182
154387
350596
201241
499452
475086
525842
519590
100669
328534
320670
233874
314210
267340
295035
143665
307249
215382
165832
161479
146118
148391
382660
274148
387824
127015
333593
272992
213275
411580
205884
145584
691739
446615
524146
750869
515298
339366
382829
323717
287662
143702
409776
278328
152803
56971
85493
83981
98560
122974
121976
212411
224658
319978
333820
284160
641881
477746
56128
76241
289433
420262
263079
375483
211978
176288
51653
115006
689906
404096
346865
142569
142362
311675
91376
87418
60417
58475
185816
165787
231317
189422
376039
351770
355446
638978
564350
377182
174404
105563
128671
235756
157697
167995
196061
208066
153335
111060
180224
776991
661212
157507
333981
251360
162702
152800
206033
176151
182736
128091
401824
312151
74255
248508
231314
176735
71196
216211
130046
232203
370062
236836
380461
113739
93643
103474
502361
499206
516668
486283
454035
90427
148947
285739
204217
203347
245504
243187
412076
331808
82614
471111
134422
149056
417587
166940
78128
171925
149986
260288
291346
464429
294851
475925
389512
478126
389591
685361
403418
455626
76052
366732
102196
88773
59112
93989
103404
112815
452482
455209
162506
414785
138932
420457
265973
298607
319422
341666
217872
255551
108236
275647
237914
414874
372943
369883
95406
644610
370169
371872
300546
623579
648859
108567
131475
285142
182554
321387
172757
252970
186907
119739
288160
167430
188830
259950
402261
499444
303235
622259
92778
414612
182850
240851
239087
314131
219075
346175
208641
384659
590599
418982
474881
173507
162726
178657
162752
476827
137900
159017
583045
362970
398665
370704
572360
440514
529002
293180
588540
277516
72662
247100
157840
164621
71320
260282
235486
279888
491189
623249
201371
607001
409184
264191
322316
339652
424782
209791
276732
129330
317774
275858
350727
426133
245784
478992
450183
126045
430573
109749
103870
127879
128950
712142
281382
301058
428384
57289
282884
235493
367134
195451
151672
770988
539592
433512
160524
933780
249157
556871
474634
53788
1096362
767555
70815
356064
231990
244191
576061
255458
384099
348800
228837
60604
116761
582801
357844
562974
240926
174865
139380
119076
918534
396733
672021
484229
143626
207439
258023
364025
415166
458094
344408
161210
59269
106354
212447
164916
305368
328761
176333
204280
215754
254499
141278
417418
289925
215433
117727
446029
190083
105194
175111
328955
125816
56440
461031
333210
479244
347446
645363
347396
190061
561234
160134
482158
188364
318916
195192
377913
243323
320763
214032
141892
183123
241078
201948
282955
208707
375193
303918
419405
219600
333564
141083
138441
358079
229775
249081
128131
328728
185005
289552
243942
200672
150097
421238
305651
344138
437047
354062
445656
316562
137000
120703
382375
421970
1079437
690045
273873
178261
355288
399405
430766
477894
248331
131883
120457
57452
183201
105501
162983
84876
150590
64415
67072
186677
220043
210785
285004
401396
581195
484256
349988
154192
147593
233903
97279
243562
119800
165918
95520
46137
48426
91081
252908
424926
302119
467649
167078
232336
230130
464194
411719
143622
83971
74110
55142
77959
260409
160323
151016
138445
238965
258072
408649
573700
334608
117653
606345
193228
162395
154365
82632
84024
190367
276796
531848
719873
566963
248607
739964
447518
395153
102021
310021
274447
284798
447256
368938
346040
227763
364474
198988
168117
420406
375690
138325
340417
288365
132680
273836
238539
198788
69787
93081
513873
312080
352590
230839
299285
456617
245905
222045
119563
177573
309868
285985
268109
251189
486888
377538
399528
124289
374607
267635
389074
354605
422471
171603
294234
150832
76826
87418
166336
279861
260920
397830
245898
196423
251358
230808
304039
262163
95625
445230
261054
257967
315084
321819
362826
97322
485347
117246
457043
382607
420829
466184
110920
522320
235868
421313
236381
58775
50241
68572
581129
430324
144368
445237
112885
539958
353601
414776
140863
509030
608948
374075
492846
163458
549182
285418
346863
560003
304490
198787
141482
216351
149645
309434
447192
225958
179285
166985
124990
208003
1016565
1052507
144539
320522
244534
162472
275195
286863
120921
291067
132668
212953
92137
124065
127902
262215
137026
252792
117053
378457
325302
381628
462771
274556
175532
226602
712841
364803
432882
1002935
349477
317004
225801
713288
256044
450918
248998
162831
211106
645869
355476
584040
119019
434153
295120
247840
316399
126861
98227
169285
178359
53795
300192
249566
129083
137376
185141
237298
235683
145425
275006
335944
322829
427648
324778
161800
230948
218794
297502
173112
73314
493645
159354
478904
281906
431567
402788
141231
717981
689044
135701
58724
432100
84243
100564
445922
154523
106586
169234
198912
332539
343787
284437
120126
247917
494046
340512
398632
220950
127985
439575
175215
196935
386453
148057
124218
126053
121701
135838
196546
156129
263624
222699
108330
68328
250185
72809
203839
402059
254502
286493
134600
118061
148405
81147
318289
225445
488136
412992
219763
122099
976802
788991
234008
148612
269082
212791
179255
299767
394336
360962
202428
92382
114010
475254
149428
292072
169840
217426
212324
335425
303653
136915
525946
165190
161516
621859
237267
130664
291946
154114
549736
312833
307652
51460
337734
165779
162645
101039
116137
355443
191130
229119
539148
182291
287624
226018
251455
494344
380084
53288
44028
541208
81873
527156
275033
253278
255863
185711
324860
433223
522496
519131
337994
335014
374648
403506
505981
76619
373536
244831
288167
287745
321874
175534
136501
128265
84383
170225
201895
349115
494637
283770
919231
517074
465312
891298
87271
76163
172232
326261
495077
602244
288635
753462
168153
496650
187346
274985
261537
335016
247424
139720
68298
88269
97565
223348
233958
215432
281381
226540
187525
119223
542185
160410
326602
53721
161443
85425
190643
184099
64426
280587
278660
226827
234436
198116
386844
249268
115939
94106
501307
298733
365182
405089
408080
339328
175402
171756
58605
205560
225344
626016
568633
461744
456735
188174
128303
179787
85072
184241
125850
198220
231934
242966
505011
667181
299367
565722
445934
380309
291063
323413
139983
93782
537330
424095
303543
382753
396281
174258
187645
428829
228789
44126
218704
221267
285561
146010
398899
162332
216687
103112
798772
471045
95020
424229
425136
788802
494753
537163
219531
328311
249690
262334
221768
410984
117041
490659
370523
643356
725988
490683
766589
340905
167085
399397
66375
394847
147022
157312
160312
135466
164027
172415
297793
303007
249015
218565
236392
114176
158773
104423
134191
377940
313732
469494
637465
773052
679145
461070
518725
87953
165497
286940
172061
210110
175635
244491
194573
184293
141689
195122
328971
174797
185580
213896
461732
227449
629053
423253
542767
155123
193585
680973
552317
289236
210393
663265
740163
611879
504517
306179
69006
72343
217464
240901
121556
919307
476098
100540
186730
297591
167405
441030
253910
103087
441775
304453
594777
445283
330204
202361
46338
80191
163719
368307
287291
471957
437257
388405
543531
175963
164150
439073
219648
94988
275313
125246
207397
129376
101387
202115
144985
96203
202120
142252
54410
110568
220192
600428
472422
933021
585672
482468
347092
132093
96326
207767
181044
157340
264100
335408
284100
271099
156226
137334
50196
372598
89369
328868
133437
108589
200048
148643
202733
201183
140069
184639
288057
452248
372917
318303
372649
579045
527537
637711
134150
543666
131900
225486
291591
410925
170857
417197
119349
127991
63620
99397
64192
128654
212994
267906
436727
373343
348346
343991
224419
93392
73924
112212
368433
412428
266007
161913
127375
113297
159008
498669
264137
471383
255025
478816
328344
50671
67473
119319
730211
693750
147481
391940
170115
399764
977951
684589
150553
153936
720668
471985
129558
146312
314372
238641
425780
276834
264486
237035
140551
92928
128105
373334
258799
64408
89232
418934
532284
497976
98971
89454
862018
594638
168118
64885
384923
136114
144306
427396
278488
467797
543971
411229
72452
177090
212725
900123
509949
97349
269394
292439
344152
541407
181934
258054
187756
66603
77108
663742
173385
429708
165381
247939
199815
231896
219219
256522
122161
84362
491506
462908
136476
333251
312086
137138
123371
135113
89551
488227
607653
700608
330541
100630
752093
150755
157093
186276
129193
160133
309634
296570
72744
50826
75535
285524
265437
161139
204297
188357
266543
185708
185213
168205
95635
189029
281959
303808
237176
151296
145404
391062
549325
256601
545854
463282
63176
131252
75883
107319
237070
271307
325408
151381
383412
71458
255403
112553
282676
308593
359347
357337
55485
264477
295737
148936
155420
137430
136029
156460
159225
127568
139983
109176
177894
225801
558143
603502
253170
524813
237521
182855
102432
528822
87789
218769
170297
166113
235308
124040
95216
473233
451083
90886
463682
466402
392529
331239
207195
222157
693380
680716
90883
247870
340375
329549
253560
197167
599231
328170
95041
333944
201918
322364
149749
118449
266792
168211
110878
94407
139985
124701
166857
149049
527217
693184
684139
452159
264329
891741
534515
382050
169079
53360
838387
800827
67013
471060
109654
160947
175008
94485
44299
80601
101799
719068
171339
175993
79093
514135
307239
117358
249903
240914
114200
150734
156955
250514
219330
264414
221195
431728
334471
80785
295502
175477
218773
317215
201684
231470
375955
321025
332264
169683
74926
210368
309054
288936
538116
610683
430818
568798
217293
209513
117488
246874
231245
184085
66076
222545
363900
717211
648828
77218
287156
121701
82037
163051
149563
125225
145672
151555
239621
207265
193194
105924
362762
203588
68549
49805
69566
102813
102170
87758
97083
207550
218872
195094
354725
229994
339826
158983
152169
123912
580572
477014
225146
243713
136738
177087
465864
388013
173204
66892
188350
188216
365305
97888
196376
143854
61967
458419
157888
275583
139387
114748
214895
214721
216876
335424
68070
209773
275460
100666
55463
133780
661762
174975
531610
229728
206813
74352
199669
495337
419972
345928
362824
283156
203222
267162
259059
310771
298450
388090
150147
222258
225640
121811
176230
192230
170994
274242
356972
263766
253612
483659
431175
124022
532707
576884
236120
175226
54496
101208
338719
246515
213742
396002
171376
344869
255406
392840
325842
228916
173162
112899
164372
239346
157215
193504
245977
128530
828976
795278
203415
165336
284656
345486
544306
183518
263267
406353
437707
291089
1271874
782102
179389
342013
227310
311192
251514
315915
315006
99414
119012
100316
65532
70442
59905
96776
616538
510960
326626
253856
334569
504380
258431
207844
246776
607243
263076
435249
139171
145591
177046
260720
330867
169365
419800
383591
187714
106712
74529
368094
71868
80622
362402
182280
331816
352639
376578
158416
170400
408347
226915
315531
138452
429127
523255
848066
287212
734759
206819
100983
133481
110149
352024
435545
459223
221137
108420
598898
242116
190127
245214
189808
189669
182721
138680
160587
71706
239622
76493
201000
93653
149100
95546
223275
365136
273402
316774
283523
304889
395568
440306
222164
294144
299725
281428
289142
280183
185513
179536
181601
182631
109265
68177
175348
154592
183187
70626
89881
150754
172318
390678
228503
485513
329493
131380
71643
158180
140480
420641
170894
330370
199915
186202
121909
142686
235767
164430
273542
224966
70061
50154
154788
165152
374741
302764
217150
93642
391140
73205
204606
325735
358970
412429
176869
127856
106930
234353
750442
450432
156898
144299
55694
121082
832392
458672
802223
129464
750931
364367
57830
106316
132318
119144
552445
132176
601593
140306
161463
261434
476704
578764
418129
706072
363268
56267
275376
286656
87575
322045
159261
371509
95077
224715
125015
140833
280077
251772
258643
226006
505933
295026
198257
142723
198194
231622
141430
69521
64353
302559
167517
369344
256058
163841
55477
449192
387633
111071
391438
396276
154953
328717
297385
175546
166321
179169
262861
223093
63690
190578
247199
146112
77883
468839
550526
152927
421902
149674
499235
147448
217198
121481
122870
180858
250265
237558
516237
133679
609153
245126
259528
165106
189247
478304
439706
220668
115197
275102
321683
278574
140858
453814
362112
217121
235469
105362
58524
150718
572640
157857
53951
505037
155112
178644
200505
188108
111871
126775
79220
114758
317732
387562
418233
400279
237557
358986
569518
523014
143495
58356
115813
189707
758754
630262
89692
444329
122973
370143
113501
120557
118037
171551
176227
159194
164333
394387
272820
285903
449787
224762
217698
208898
260214
226302
127283
518826
355620
431498
164724
92474
71901
113606
155074
114679
673116
78887
161874
241463
174910
655110
373954
179770
336931
344794
91170
74705
554902
142492
529805
306226
270838
268123
287948
217333
123419
178571
405305
150053
91988
115623
458098
146493
231335
156386
107749
347103
342489
406764
180413
205144
549623
390086
487409
232984
130904
151698
467274
310442
236917
221676
372862
365067
195000
236299
326523
171162
334473
178437
269493
392692
373111
494803
289584
107258
593953
386701
211299
208568
154717
173022
149945
96643
55742
97044
219402
370410
200421
78161
376663
144613
130303
465658
97696
201292
110872
79207
49063
294937
329925
226665
341812
138182
132554
151647
714801
505853
119968
449155
513262
131326
220507
159584
181059
106711
216388
158600
588566
411281
73696
89046
191746
192892
429691
451050
280415
203322
194595
979523
392911
329428
910125
105187
73208
165608
285618
357270
458816
390982
210913
172750
120126
242759
131790
118858
218816
117337
163502
251092
236390
357957
262300
389932
368933
337479
293573
278760
244311
461095
380243
60994
189434
75199
90836
376304
232041
252592
350708
361992
108645
276391
241127
819851
103381
87481
796167
281495
272780
438095
365854
258249
293436
140473
68316
176082
254569
155138
249514
351060
441284
414447
416285
151432
150390
207920
221641
132448
870411
734840
309662
720467
268187
659537
91253
230112
140844
76989
199400
221487
190416
185462
274245
260679
411312
330661
319331
81961
128516
206108
939777
611381
420425
134128
224882
576380
256558
341913
254729
444292
283102
379247
94075
42259
118698
266959
413544
536397
401104
568937
293171
311691
131664
142479
338450
144594
231511
321449
141259
372401
328663
812990
905594
166625
152759
928026
152823
102379
270263
238262
1150225
184559
583779
249492
356607
160981
294045
228023
72240
85794
714110
519235
123219
339139
379390
121833
279212
209087
111799
213244
202067
219597
125719
70000
155589
344806
571410
1017135
887258
151883
624544
330936
214844
332302
227414
202574
940278
540823
524406
1145996
206409
120218
468988
152915
281050
520363
440420
117647
608013
528729
173914
308615
210323
331159
171162
118902
235644
145381
352528
361677
359119
155720
93776
543592
413110
229958
336798
461043
657475
470707
188121
287747
338381
816309
575745
176554
416345
379684
273706
254904
70672
44448
239551
287046
421226
432885
62565
489952
162392
179855
78945
75342
540827
173057
258764
162336
302752
274972
301787
206358
401912
281705
140031
173527
138702
88693
108069
125481
646822
235432
202319
776938
212818
352630
311873
312677
139038
160054
400313
147278
202423
350059
260131
407934
374961
132362
407135
258107
529655
306211
332178
198814
281636
128340
144202
263689
140570
138434
110570
98634
221242
441891
562285
369816
605364
208909
287706
197428
386329
237418
115701
122652
399633
294083
181304
175378
144041
114175
250320
251233
248612
169787
324486
315468
206703
789942
194485
136909
949136
315718
66972
338078
290555
52801
129223
242605
375573
376567
463584
158050
765642
622888
547112
609043
141036
267423
185676
75927
152821
116013
142927
135949
142179
233870
394743
325570
169101
465284
191213
361520
235474
379495
188284
387254
266438
560456
444774
298701
410014
543002
296000
63610
603881
326786
181875
516237
517136
755428
494443
440674
245012
390454
483337
570734
541243
397670
227944
69625
37738
46844
145483
171835
164885
302662
294914
296736
244406
295845
206787
792250
429010
454653
349221
977978
506097
455603
159668
216072
268946
153489
141281
111125
89133
102684
91516
62708
73270
296425
289473
296530
325082
391389
141224
534623
323825
181916
143283
239387
180590
157290
132998
184090
270907
478014
615705
502324
993525
449878
976028
284016
125760
204331
243581
184333
352145
615273
483884
526617
416163
227928
306533
313635
369653
252427
128058
303447
116231
130586
155677
110761
257664
596360
408228
103942
383924
380760
467080
338241
106421
110477
112181
105250
594044
412280
221444
498077
411713
349014
85977
866739
424795
66809
442908
452440
188206
320896
397230
147356
481983
630444
378528
682605
694717
70928
588454
417044
408551
52889
61400
604566
143085
81176
168943
249604
235821
85243
471827
356770
329693
441115
75598
99574
78318
110710
193641
135859
61427
92500
695833
314256
616123
371124
255853
452220
355799
781056
358861
279041
911463
221819
313662
150506
55504
418013
76733
104737
320812
219525
215952
163915
239165
77729
115604
121287
304949
238630
443325
405667
36857
173919
94064
228100
103561
116657
88518
178283
288963
192251
114807
97450
56549
456819
405370
191421
286651
309241
288422
140480
250723
228626
159160
370300
607141
424098
129068
659236
73041
108832
138807
201152
420552
311629
141837
124803
332310
267093
156124
262787
183189
128762
339613
176546
198545
168244
392723
268161
334741
440285
182639
266308
272900
240546
195310
593140
446837
409533
603584
255500
371446
551029
674160
513551
251591
64850
335959
200340
203029
310781
180281
418709
177794
270401
129236
273648
209396
122001
41712
325496
279842
283876
295141
194671
440459
411693
313872
95863
431019
219972
276305
293683
404260
345793
262934
238110
523301
140265
536849
174928
180536
320279
226472
214656
376635
203190
209510
187997
350010
88687
559412
352589
236276
528770
171321
579806
115141
114788
191599
117110
236531
291599
324155
147179
130587
439414
399547
262730
249830
213083
236515
158428
185580
186422
592725
367276
538305
265951
109051
970744
179078
224070
675829
261061
191141
355620
189396
73759
132895
163567
356908
373644
431815
412006
206866
368100
283624
390957
206115
209588
366746
902140
276594
141772
838988
222646
360851
288442
260418
183002
160751
254712
251523
224618
127486
73803
83856
490893
292568
121204
321587
346976
507312
261511
369084
231812
191443
140703
499296
305954
293709
659549
325139
61901
289776
163977
204375
399521
240619
169636
184750
197320
198794
247212
215937
175086
341224
673260
646972
578992
258005
169447
97490
972141
367819
602712
482060
311352
314172
237090
159487
615499
719523
305493
138756
674758
799526
383015
322356
312729
48028
134465
237330
228262
239009
51889
126130
141090
65821
142925
175232
248267
372089
975194
803651
52584
79766
380932
202663
101543
241452
364663
395640
431858
609958
455384
570048
311233
339441
190024
199209
514484
272877
451150
637422
526265
589553
450548
376568
1132628
783827
121499
454825
748093
620932
303721
1024839
197149
354175
146793
293253
197335
173091
148423
574116
333387
589918
591176
365129
547566
226202
372978
130578
180087
141078
281645
775131
831729
255549
670866
269819
273786
83099
79867
55051
720633
377183
155872
222992
245198
150037
283367
348846
285759
757733
727195
445605
292566
274624
150610
289678
189913
171400
328411
276660
181739
138349
418149
325650
174257
309210
456755
229984
483434
404662
177287
388573
446764
395663
445114
224343
367134
407767
164651
475503
395083
130516
69004
107856
261451
228510
269344
161538
186959
268979
611203
354004
554198
255600
285040
238948
178507
351456
247048
268343
94347
78941
641802
217161
535168
167664
67074
50278
638105
316863
354877
114145
115418
617453
330826
248938
227098
149951
157841
127331
108334
239353
426048
963316
775087
87086
415860
170702
318568
252903
308764
238497
55835
338794
281833
235333
192190
266533
160987
90965
541156
298338
630614
466377
1031707
739850
68583
349192
179300
450366
194897
487364
400635
281586
200064
228981
505142
369444
306566
380681
222834
454518
451482
229816
238106
208068
176688
178279
72771
70096
356455
301496
193829
174702
65720
244582
193929
224198
190305
178190
167243
65638
300929
218727
195248
539677
235451
233268
142463
514148
284138
251260
236573
430639
49816
453150
142094
82944
205723
171394
82749
465009
134155
494430
126621
67934
103872
79281
125209
131679
164108
249482
166162
151793
51485
73140
209984
202828
230320
171514
449124
313700
345510
420373
300384
351630
386566
251178
220024
151685
108152
87363
306186
251885
336317
642696
302745
502478
287200
250359
218268
200840
121266
46769
102440
343091
399651
375841
279499
109166
638671
559205
205906
205634
145719
179940
484606
384694
420081
366434
155172
166513
181139
299403
202433
333836
303555
536434
463434
197045
191529
67870
154553
159527
174372
213663
75245
289097
232817
42128
57436
180247
85412
232286
220201
216777
212024
169040
614353
516598
486778
161549
581009
271346
116927
458936
442730
427408
669134
333070
630113
352276
329442
213326
336777
387948
399280
320882
245213
205217
255487
361229
771232
615052
487201
340740
149284
121701
87971
89100
146565
166426
184504
487152
221970
109780
521597
240662
323818
190014
72593
502573
348640
150897
153458
80163
107623
216279
222116
214278
285426
384359
127967
58254
165405
641549
286408
191234
539209
318445
493444
457317
125947
377452
480907
257378
388247
324437
67909
174565
92206
121948
195174
164673
258929
480936
207516
62168
60277
130537
189907
748841
339183
384853
294468
323954
107188
485118
84394
115798
391818
441960
459977
828386
384679
460315
779566
260629
267770
274853
373475
431672
971507
914268
528977
363724
201955
323502
314351
416608
194396
103433
491905
248304
440857
115790
170466
190481
493542
97735
360679
104850
130635
105431
151281
173572
84700
52529
82480
167607
451838
385600
667578
307751
60977
91628
114722
148702
603705
349128
237651
139908
89509
151995
316318
257255
293124
509947
151933
104264
342019
184884
271599
269025
372826
337208
435274
197652
100582
60198
69817
362815
236245
168466
406651
230061
229636
479955
150397
203027
394546
448274
421211
278718
551290
161019
480520
470463
50953
82149
310174
951080
1124533
373746
694405
432600
332746
266061
35155
335329
394627
240763
241590
458557
336902
153973
528837
413020
242404
365909
277562
472446
217359
147871
58884
146288
395738
289699
86196
71867
330586
280086
67035
212426
189863
51422
63963
498660
669161
238794
464946
92037
478369
102382
75938
180388
150764
292092
384593
580617
453979
149335
147209
543783
209049
446110
489322
546029
385739
75427
584159
284311
139627
255243
509450
381108
564664
146701
288698
62342
222729
269048
327807
251688
510327
336389
105310
322204
75096
104382
91447
65277
77106
72187
406714
284483
204725
195395
78255
511461
523625
97778
147077
851946
149215
136337
990158
266434
222955
65359
354669
434888
368190
227069
223416
632565
830426
385804
465314
273659
551248
286980
284467
212474
262670
152963
63590
272799
273292
194799
235142
525836
383898
695724
220515
127567
160025
98591
64431
80042
717525
393066
448342
174862
122859
1020124
311781
327395
127217
142393
874067
402837
175172
164998
405007
160596
102725
452721
131488
114401
264351
202243
224765
184265
278337
147699
95495
170273
598293
163613
453608
89256
270219
223734
240576
340631
205462
215536
234301
206494
347267
348741
267268
73514
62279
56959
456760
80565
277838
179489
335951
330504
391878
379969
321079
452259
483223
862463
577575
293813
172619
239088
171105
1235755
261454
625067
327023
283712
123781
304857
203400
323286
543103
502815
416228
113718
66871
221089
242201
303834
121255
102239
82574
400507
438760
333596
477252
502749
88965
242742
235432
100070
119499
206312
358147
199021
278930
267375
151545
155105
63072
49809
416703
463361
475154
88621
158581
802898
180099
539680
223140
176351
204782
247050
282306
320438
564685
342822
529163
419327
343349
508482
237586
124014
164011
613812
245835
304837
274164
976393
602864
431210
324287
240466
926053
352828
342068
1103076
344673
250042
579907
250974
102446
193604
190737
224897
313270
262246
385571
91067
337830
153523
137574
184767
211969
106294
114796
438558
455870
231114
150078
121831
223503
165917
130619
308363
290477
621340
261513
852507
425329
867235
708536
78112
211390
638493
236998
103614
56742
78931
59499
739143
168362
277970
368864
435056
323306
176353
161315
533805
299522
178999
143736
161097
63684
41703
74182
121033
197397
243876
443343
415531
176449
309485
368232
443747
438185
257290
75051
500486
91950
89357
98340
390497
239018
390204
315324
309122
161761
151890
168080
178857
175192
80687
45976
89857
245954
167616
303980
441340
451855
452250
76309
344131
242500
269116
214222
267297
136310
248106
301105
322762
256630
197153
323475
232232
62368
75556
109006
717676
552107
49690
228070
185754
196964
256022
196505
369598
453471
275160
121659
69876
739832
73789
253953
300152
926635
388559
648508
391129
644907
465518
127118
238786
216846
764032
788393
218964
229211
231426
89563
166629
121441
105174
192054
121201
171206
78538
91567
137576
596678
502056
794953
829967
359531
384171
153592
398193
243081
186882
491089
213572
305760
339103
325929
294887
307801
277023
55202
64239
275178
60372
356849
176274
145717
323971
387879
252859
290192
459486
378314
420485
163734
260637
107064
97885
76079
89934
59708
90077
112998
86104
139958
141533
149215
153129
303330
141644
63643
58747
63740
408758
164588
208180
152874
328189
324556
265197
230123
138059
578473
251471
660788
250923
267607
246397
316128
321522
234334
164003
145406
127680
102816
109967
195325
76462
119089
263823
177867
103766
269866
143793
346445
228014
178133
95464
71799
395822
232310
385192
368398
240896
498037
473106
348113
413664
122091
91686
281619
599198
631510
798557
452906
631369
364214
149755
443253
141128
319852
169285
211630
180218
281899
138822
221778
492808
298727
436650
315612
407540
318491
111827
860486
224294
283172
98539
853671
171412
307809
536135
278019
187827
485174
182737
197572
171353
166871
229075
213094
190880
352138
557025
549704
151166
111163
444209
151085
240289
436031
176711
105709
131084
181000
209556
725512
541820
352151
142676
346370
580594
348607
693071
530625
468389
539677
118766
99805
83299
337457
247644
219994
377613
189494
171842
387387
285317
432801
377497
307744
484751
111666
145645
318238
320872
429447
639363
318567
518335
430224
456600
392090
114699
505867
420843
110143
114388
324112
214499
157142
59551
380208
124465
132086
119554
535173
438114
355040
356538
70901
217027
229215
48945
60626
101920
337556
745177
371661
89636
206969
1028299
327987
277817
279709
658984
446964
413861
305784
367509
162365
133054
404548
181438
155527
289345
73496
103068
98054
236204
239938
192782
233327
431154
384456
764365
101368
74219
799117
95077
94123
117615
63062
184344
191153
49344
90874
81991
264502
353378
279590
195947
117451
721934
966009
288667
56333
683607
637186
57673
59925
95492
125560
358609
449454
136337
51673
497083
317087
625535
214745
57988
64550
68400
77893
91835
542784
121711
291158
184238
323637
416015
589886
526732
524846
312173
181309
1011404
668114
44612
330043
457412
416805
488604
443202
131757
281164
206254
248520
172053
225733
522175
274128
119955
376931
824105
501048
309269
199626
54039
846666
529329
193839
127941
167899
587277
168256
629926
109431
116432
273468
124563
229808
112400
185234
238587
283979
204179
344042
212826
233455
267710
350620
435608
311851
200174
196464
649986
293694
48631
273911
160008
516281
731512
605548
127180
41988
629645
344389
113897
107601
300108
189463
310206
244838
182424
214590
175413
221511
159608
458027
215520
215289
460893
225806
110713
298951
242672
253515
143166
60869
431818
361328
248423
179544
133957
117481
40058
418976
191729
261034
129759
220692
647354
724291
589139
391279
499937
187622
117554
74184
148629
133097
194446
195087
305349
923050
359585
868599
191514
173297
183454
143096
120582
111890
187920
212270
124019
206280
213628
652672
786840
442437
411326
384215
198772
154250
114893
320698
370102
550347
445971
302011
326962
528231
420653
766038
813789
204265
148554
88825
324605
301721
314202
497836
322391
650084
273182
602478
98172
73533
424931
234397
343068
290266
292973
302363
332694
623606
531737
485636
106891
243374
235682
694329
194100
281793
256455
163962
75144
994936
521043
961097
455832
360356
278918
375018
1248441
322602
282381
286795
64908
1101570
367750
689205
465306
151614
147888
710982
419275
106956
351524
271516
79991
102538
373847
355617
51254
282367
204404
51147
62878
145845
487922
530774
532693
195140
510940
257802
209933
427249
344903
558000
325368
272920
104027
129591
136976
166722
150315
149563
143754
140912
394305
359082
393618
254349
469613
206272
394942
185514
41240
100854
133562
340273
422025
275637
199448
344043
219747
264477
160049
313440
214050
312658
262468
260492
333237
339834
354209
307482
127241
109566
158123
201134
190642
97198
50112
180176
563540
520352
358803
305420
715046
67021
144457
719416
197027
107125
269615
232669
335111
299104
342331
467847
229943
357841
103086
350049
114986
69340
356450
346480
490955
229454
620214
207894
423900
323358
175981
346219
362083
63520
140828
750180
393881
840034
393303
336677
594770
410447
500542
264328
409092
394990
333633
508388
418813
585548
469078
218888
111937
131220
48828
228469
64341
65704
61366
216361
300861
205360
644690
434933
480318
136443
536987
124023
316907
287204
298879
490492
571122
527049
507918
306723
150220
399711
1452320
1001912
689544
142746
148267
452562
157822
178304
149509
167761
158187
359121
296347
211966
165153
256477
142305
212620
81035
115545
287690
262579
308075
316331
90601
300686
186333
55195
210569
232490
67859
179396
257622
217037
218890
64401
335434
307969
321992
455965
180354
362157
248126
156869
57233
86860
321460
354842
122285
532852
121734
613103
165455
65314
327257
243193
421866
417857
524628
307493
335558
692952
176123
169600
99917
184747
162579
520232
658417
230062
1212831
1054448
53519
194534
209520
72622
141380
244186
271131
385625
377809
455037
481781
560675
383913
514763
321993
333369
297582
176371
120065
266711
130156
253276
114167
232972
417897
303559
348947
92267
307620
453816
411018
252209
666153
347473
315593
290980
155302
225087
212761
284092
224091
141550
149623
564725
191346
205926
504688
135086
165757
197751
288027
177408
306450
66029
83837
90235
183883
198482
306935
209707
213172
351058
152574
268496
294606
299400
515625
393360
159920
103992
431259
112179
61978
75823
527219
115955
125671
240302
168219
233908
237432
362424
225898
288272
188463
174633
299676
177623
376411
450793
319794
507679
420774
799456
530292
526806
167588
204976
222335
118370
115812
97836
104416
399460
423745
121817
260267
306264
437497
191042
44574
92694
64961
44376
896901
668644
105292
161117
436144
466697
64761
175674
133143
223260
341176
394625
357790
117425
397600
301601
405905
376301
165320
52581
73173
386895
193337
348439
334614
345643
594503
436233
92828
375766
327028
901777
85143
148760
123996
165996
980619
206668
98178
67097
574575
295489
284799
378878
243670
334528
145565
410002
62286
412462
161650
175568
122634
224857
128396
272640
239101
235916
435606
652129
273372
60986
87315
257694
756295
572342
240280
146596
142618
75762
264382
270503
63781
242003
130031
323879
213963
166053
294567
492841
452090
51679
61977
609576
178018
678618
425881
394676
159681
388979
149656
216473
196118
277234
223706
288596
424700
168926
345337
131008
209345
223883
238968
332690
214355
254480
393174
279006
119063
221041
363622
356498
402795
253365
463174
232394
60004
287645
236155
322663
149943
263800
594064
352045
588241
434323
387327
379977
257044
176526
321182
227512
374688
511572
306114
189462
264898
118284
610289
89378
499047
167645
137025
124049
76679
53570
47355
275149
276597
382000
272224
258205
171060
745454
132811
646696
363008
344935
384198
250262
514768
381864
406249
646408
605556
496640
203996
218198
176886
365533
290659
315513
69007
554863
205472
243334
306562
253449
278463
288636
207786
117739
117818
137679
617376
358173
341115
121173
986829
594392
339563
323896
177633
180605
216754
274284
190725
309264
216960
416760
211032
272635
360491
334193
448371
528531
474375
563365
454829
440458
326450
312668
190010
155531
215418
591909
454330
282236
179693
200450
143320
444597
148926
402047
489740
419277
231796
305271
824965
871806
271762
488488
324293
179249
94663
328292
784950
362035
137299
98690
582660
180504
170754
483745
276970
394398
134661
489157
267801
47317
54719
267798
276680
562498
308388
392538
177879
878631
171832
488719
141627
88032
378555
306820
345735
425685
264887
220463
235484
226905
239514
324696
120818
373297
158044
71684
290364
231892
268782
536708
279626
406533
88244
107365
191021
392111
177876
347056
172409
217338
167589
133470
59047
243129
396779
208931
700506
135122
139602
69192
691083
74933
185038
87845
108511
301161
301186
109297
376188
150270
161174
81668
68208
491382
254964
181572
256682
292848
328746
132866
143805
390598
385256
426689
321684
487907
213626
98367
390823
322742
96486
79129
138452
339588
212865
148076
459301
305768
361616
370794
115554
442836
362906
197167
162178
88531
225190
249684
333414
213270
402288
221972
134776
508741
349990
244215
502413
129358
150082
126153
64371
86893
150217
136967
66062
394532
374887
168026
160556
281851
155199
242807
166557
280550
264865
154259
84456
265806
214066
220391
319633
317092
390731
379266
249435
389710
184004
177539
469942
409561
521108
506807
487221
134446
120269
289964
64170
130803
133999
128297
76503
89334
95556
314644
172008
474848
247074
420027
302726
561299
306997
273843
179386
910942
480017
702515
180315
301380
723906
334187
477432
180898
270987
298447
408719
232386
420967
180353
130665
241832
164998
229485
170387
251605
305647
305574
446702
318103
598578
543350
92778
325147
256151
133560
234785
205524
205522
105871
489640
120211
428608
297255
246061
281171
101465
165929
287378
274038
327955
316465
124823
141674
107108
92676
93749
153983
152745
469334
389885
129056
277408
331270
415370
340232
190679
199007
319909
642997
574461
401990
639709
492139
113626
497519
180639
210572
115392
453670
322948
321369
288926
58062
59740
241437
322041
316627
258703
184252
533577
559680
132726
202497
225389
174709
183057
53220
64908
202784
149841
258562
197039
63869
563018
450476
302519
290513
66808
151790
245896
283414
227099
45944
188349
355936
189670
289751
260244
346597
530943
333737
110460
586551
138980
422950
378898
363246
314630
381384
169600
249908
192381
90156
219031
280266
155865
495360
384898
104576
89515
186572
154662
256837
149929
239794
238483
608408
707669
764604
330057
132514
100646
135988
82023
125060
991942
510553
155680
368988
296169
62860
309841
271256
132381
149314
282685
282790
122638
286542
263808
409393
115846
448952
143351
185763
175294
92969
92206
207286
219961
110141
54833
539062
508469
143834
456405
435618
345145
660763
166437
666216
756171
273639
128040
96763
181022
1284742
1108094
220412
396743
261009
38957
408682
340688
325664
651993
578928
542397
592934
260397
260686
176411
160112
427166
463073
803408
806953
107456
363173
174831
268018
129714
290884
218723
233782
299653
149699
228523
299167
245698
442744
144330
172152
431110
89399
66346
278196
215692
279039
121994
574060
435454
137756
55580
139026
227252
173038
83711
99049
111623
150928
150248
123193
218551
1245591
218400
1271156
210682
471521
539906
572649
339353
547619
70435
82538
110331
347381
206769
240848
83105
341172
64492
59314
176997
374525
169377
218707
60889
48802
97383
186546
217171
245667
602973
510417
601964
174123
703977
296879
325079
123711
145315
398121
856355
369314
160424
70024
141275
861204
283252
204107
249623
261473
332893
276689
645824
476395
512720
140234
332369
88654
65996
117362
95483
56426
162047
139661
348043
495677
401193
386487
118093
191221
169371
286634
354082
344951
256123
247865
173379
275824
268198
147650
578398
427672
417172
547003
179360
199000
337211
167245
165196
145552
377570
224857
54131
282806
205041
244337
307027
214045
580880
178123
58415
596082
77749
81430
93436
95665
77706
69128
157094
92746
112224
171297
161772
229280
649356
394722
217612
697043
102921
265972
177275
267789
203971
45697
395263
579160
819070
569059
687924
48061
137203
289250
413096
188922
342199
133398
167942
198683
404643
350807
340525
169844
272979
734817
473645
377768
213995
279639
1031868
126049
115083
783128
278587
286078
96670
237646
71888
202909
266797
321788
267895
163716
143990
181825
195580
182993
229004
218323
48336
166729
178927
125463
177821
597110
154081
157365
118409
825788
248592
292701
77689
174341
206285
650939
185923
169713
666992
1143358
681235
829892
86982
234677
263344
257940
379801
180055
105489
316335
255407
378537
619031
330707
178802
546638
92962
195053
137872
132770
137141
189326
124790
266172
358348
335852
327386
149048
275105
237542
518673
422153
220225
156166
196985
61647
94589
114877
301680
175436
130457
124051
144743
73494
284868
162851
150926
63206
343537
363755
397498
553339
561076
408697
279776
273254
112323
546371
417817
287009
262326
171376
131929
304235
170979
370209
202876
222825
125191
136195
231191
360265
561863
543893
466605
241745
309811
444383
203555
299384
197165
308910
267378
150202
367038
277577
118257
135583
80360
91119
544038
540514
103646
481759
327618
318337
636212
103195
243903
171653
319035
428600
427326
371059
367153
237204
310070
289999
263982
146483
355318
161338
200623
315304
93036
183934
311596
353859
275081
504692
376166
452223
280175
430590
219219
193357
151684
183954
328398
212483
204756
227978
208032
157965
164895
345433
261136
179022
48707
59519
202304
265061
147785
622480
503838
147516
106232
269455
214742
199548
422629
322156
226809
334362
427406
174600
210967
488106
364344
557420
258645
313651
187345
234045
198096
145423
128043
157965
492256
240245
243026
138302
522685
246948
182471
363930
265075
156884
69225
69522
122902
660173
326576
293314
112276
687177
347785
431253
263305
452992
220326
279574
287168
318398
246186
616036
380500
349014
265182
139043
116572
321448
347659
453045
452536
347132
336889
255830
167804
752505
137031
197906
242918
860866
432180
121487
144118
162391
456831
70957
340743
82285
126748
136948
59949
182509
166810
157271
51688
66346
69480
373938
240016
196105
264512
336930
412284
554455
372240
834238
481294
472180
709998
244012
288949
199029
82253
139031
132443
73495
124585
163263
487167
275841
393002
295559
127857
204210
1163697
563058
1227371
658041
551714
79711
150795
523715
261359
103334
112983
307668
382348
216716
130371
103226
91146
212980
241349
91860
1022885
146269
155585
1030560
100510
98427
198821
74673
199817
202124
98793
239592
534097
517156
82619
311902
74510
124286
339582
204837
237171
80267
86115
95008
76195
134157
154387
81719
261386
510499
309887
100550
111759
1049433
148335
1098309
183440
107856
326883
149953
294132
72498
208898
458611
355329
207511
507326
136844
177113
278057
144901
109618
122363
131606
476460
387987
256962
102732
65735
87390
115581
143674
106642
144797
164132
86643
607706
155485
501628
192007
81690
306892
453932
456810
299798
493786
91317
189484
208679
184989
253385
135718
199397
312424
358409
183892
392478
308242
160954
203021
97065
348448
412041
168331
388367
123679
67298
55773
104305
754516
445417
673465
650739
652665
693903
534866
439594
519704
429483
439154
444121
125848
77049
98879
67148
74798
76656
280747
340084
297606
329998
236858
220468
48935
103237
314143
116545
58783
345989
165525
243099
236679
120740
167057
380962
315601
217284
268937
130959
63583
134989
128542
60254
61457
45622
546356
546338
363179
465120
581556
274632
167600
642171
218235
307951
89787
88799
69823
142734
240308
243851
688841
374557
285180
834240
173634
426205
360826
255517
365894
331211
203412
203255
491958
512346
257858
125656
120668
65473
237565
199407
266939
193625
458615
169097
633028
378904
563586
533420
52508
328649
65323
163025
155370
206477
609062
252159
118142
370886
781546
429379
120525
154024
519593
279401
175357
119420
52389
288020
244200
63743
218522
223343
122106
225455
380279
144431
427781
155314
145191
269004
195849
334352
144978
81630
77189
256590
157341
171885
293091
166353
382597
433292
156761
198103
258468
190908
100798
132053
118553
270710
515335
387285
526549
298472
517961
331903
80215
81466
65727
637105
286396
305070
76012
516253
151701
123089
195073
251807
362400
205741
125965
113616
66960
85000
75703
635196
622840
260258
281934
74968
316774
184445
435327
351131
230708
564607
467569
193378
249760
289914
539132
600770
160545
200509
687866
518819
666712
424712
338845
354138
424859
442402
210142
144922
383645
356962
116734
71420
63536
965586
743874
71579
106513
149645
221263
550319
750748
356117
205764
725220
1064039
507482
101807
71682
84628
753729
117892
180941
232814
942394
328992
355225
260448
231101
229286
120696
173679
205462
169010
130924
66320
82146
78111
231946
167953
393848
276763
455691
389812
529839
481908
410813
217363
300484
211918
153839
310268
308332
277407
663616
232205
435229
138792
322834
179953
143692
103718
164720
128281
77539
115410
293721
212159
423113
191394
285331
214272
225082
233070
242540
152659
106449
197983
690615
538803
338152
229096
129265
175690
237891
214783
308024
253839
438499
397801
129828
199943
269641
373428
246512
121733
1010247
1021662
257964
220061
621186
633053
97493
405564
488698
240001
336634
419992
192905
153983
131795
153774
314821
280526
129118
85424
271018
139737
375188
298797
315365
653277
581326
454435
383324
229761
222320
141779
164020
233477
132970
306874
328149
102165
91359
192183
127673
198662
345834
163397
71635
109496
108830
434191
175537
278338
183269
71159
83496
522946
306427
201729
244106
125748
436547
417970
103878
253642
219189
383289
241936
136479
62673
267173
153270
173191
241482
208250
111924
362324
283299
436789
491413
256471
232579
283623
103169
604866
537197
94162
89647
47563
108319
129941
72213
49840
313556
47397
517650
310740
421603
597154
318348
393207
239500
318902
505014
161466
484914
210662
97866
72444
344095
326816
97976
101397
244829
118835
90385
232548
237502
61359
197412
287043
149718
854354
723028
208253
276760
171212
485058
76379
486272
126334
175345
159847
67596
177803
64096
346863
476480
483443
132823
533731
125202
341287
132448
316146
504453
481244
177892
540250
198891
340054
247605
163417
289150
95536
135487
156119
480170
277098
459757
238505
417557
286669
354321
188153
182271
1042989
843697
551189
71554
552132
136934
128589
53356
83444
77470
162887
137474
372976
294555
124907
223826
129038
279051
448520
351675
481594
556916
236923
384847
109961
57595
159226
143343
71020
197309
260695
508842
271447
217592
94154
728321
182564
350872
132965
149577
146119
158979
76883
202982
91508
105502
163965
318492
164148
100943
129630
290764
346485
582278
1253642
683467
1189135
405598
274019
556087
463266
413541
75827
68167
316546
109121
357069
384573
492017
179009
122545
566289
179390
229684
184006
207633
412221
494916
129555
89223
144193
554132
181816
430394
126038
211209
251854
302951
144338
477105
601556
396104
579532
165722
62970
527049
100410
107972
117979
260462
227813
219712
318189
717166
153380
93173
837654
198071
230828
115109
84431
142018
145308
482727
502024
208344
373271
444475
307742
245729
131769
52017
362158
154680
56265
55398
107732
110731
225901
158992
450342
287616
122202
149436
99794
534775
447541
193938
370325
541184
388155
638699
330239
127046
188101
123374
266167
722863
703659
402572
223328
100541
202534
84039
241163
151896
142537
107179
85830
279421
161601
156519
55008
52139
74104
570714
506238
561542
346061
342562
174448
185086
141966
47115
68632
969914
512941
229179
224244
486183
379201
350340
87870
773338
145134
418294
328417
270995
452089
252266
430451
168418
136110
372530
170301
217511
95389
366505
290329
382878
530835
553346
325814
743632
347393
117748
688026
479227
507235
480182
405634
157321
203350
518675
510365
127757
680624
852675
402513
133866
125960
620874
666188
241755
272597
167450
411232
390721
235255
262379
104139
190366
111458
139888
106449
307342
115829
129728
279485
129787
243807
335867
416622
403784
210998
276679
106696
120764
95170
142652
164023
91264
92520
224734
147632
341881
362988
428220
391669
327344
180462
106654
90565
263551
224872
223062
163048
212912
116693
99449
223214
186373
185508
326119
226488
385165
262990
435737
279844
80796
70754
100638
97556
421451
427746
267494
243154
275961
298587
405338
522357
492746
266246
566518
271528
281367
200206
169620
163572
275369
274781
445477
292647
631728
554346
171958
251921
107857
94505
47239
335170
47818
187885
124762
332846
265761
364557
123576
103101
414362
728363
581999
104631
75400
547261
176130
189738
114116
403746
112534
299021
70443
160683
272987
456314
442439
359300
138982
332678
308036
280540
243454
96543
73519
64587
153695
414483
318415
136284
113274
59519
52432
64999
451546
364038
104476
241445
323641
179285
168676
385020
346172
170473
157206
137147
142559
193103
196816
513170
379629
383262
638909
248746
216281
82476
458159
141465
123007
427391
132911
134022
135221
338103
325864
427123
362124
185965
443617
122956
228496
141230
159618
176646
127279
121417
265171
185978
311540
431109
328611
182499
453059
333154
247917
254078
233018
73449
98785
535265
196041
189101
184850
571617
317718
222235
303221
344438
306817
1179146
1153247
121194
689089
263750
252382
714138
176735
95149
236125
176907
325772
166043
87481
53795
409237
353585
281134
591861
514133
480564
153731
602591
131970
173632
333264
204441
148590
280035
244422
142310
470333
338958
415117
544197
200090
147890
153482
509962
268933
306672
199486
312234
162565
345196
396002
482261
375606
698671
437547
312560
54302
153689
496250
324536
260302
447580
145606
278689
118619
144962
324430
316084
353470
224255
132996
48361
60183
119295
224292
215436
158524
154683
148061
226290
219775
163251
64649
387726
349395
100262
72095
143354
288549
346143
308075
560857
359092
378560
162367
174819
70646
101615
508795
134726
229537
180037
176031
237222
441922
421745
294609
829177
226921
741185
122012
81726
81228
112791
183932
321687
417115
317957
225044
122720
602449
469062
817924
831808
119355
182568
210244
853660
821025
116788
342068
200381
258277
68717
165961
123631
89839
97960
203162
219249
94640
236859
221453
392348
408961
249752
190176
350928
278848
277969
671344
436881
241910
472760
604489
705878
482987
376439
681379
218692
192446
113341
162480
82442
68833
64446
140021
139038
116317
206034
204594
532078
194955
592869
215285
199953
342055
310222
337044
227090
145775
190058
250334
269323
309307
506552
336067
465466
199562
248862
261074
106782
408487
212954
209123
513772
200415
321609
197006
548458
183406
336260
58392
278963
525734
515865
621969
425420
619044
407147
155998
184421
486542
331713
169489
208731
443912
408304
252571
182385
218719
230926
380837
418446
128154
74281
316195
337812
140762
266790
284858
248408
274870
219084
749377
801777
181570
526861
250780
617029
428503
483564
489890
555398
360539
545412
290842
75859
76130
64853
96054
137430
82809
671605
257333
248907
731047
133011
167807
261162
254708
213645
65838
52614
144886
463288
191968
97951
131897
549859
405570
343525
144074
698042
508716
322901
269497
191186
281036
135776
328999
193108
364852
279024
228801
137135
143800
340214
195650
126783
318590
109020
64689
185902
191006
245885
159803
136485
308653
340400
320466
117322
232320
610757
241409
101080
347667
55238
50776
194620
263314
516011
536323
738343
350407
160403
604438
131190
279839
272407
295259
354277
193604
387357
372883
238678
347269
336541
132401
195546
171141
264125
259501
209295
225347
178303
287043
280373
278730
412367
544778
194230
376723
158349
129294
355718
554014
920375
251517
61572
51295
65160
782546
228024
257208
93525
352488
235389
234954
225485
135341
160134
516061
164761
544604
196823
137637
209198
138774
179113
142990
146265
149328
136526
120786
189371
522706
437700
400034
282604
232248
189254
375945
204076
94224
115147
105001
212870
567524
182887
455879
62382
169365
137952
150331
149326
315977
296538
382538
257527
119755
383907
120648
113988
253664
215355
217849
236584
164905
133251
353904
225241
403310
351407
303202
681722
398312
232835
65790
195465
830968
355854
329259
274199
200802
178563
281343
172442
269235
419235
501499
396677
487663
465012
462124
591085
370875
344584
132690
252487
492229
397884
504677
292223
94916
473772
368150
503222
867745
465373
818520
579851
321528
239691
687719
459855
678090
372158
373934
284112
259951
304091
178371
112313
268783
161029
180874
120992
172227
282597
129743
117964
128883
361364
328121
277909
149683
243091
122517
193321
160195
292124
201039
205716
253024
192163
104959
56326
63491
70398
159381
332631
569678
507429
142717
333360
219083
234521
203452
185663
167504
140558
94948
543492
186472
403716
74203
221411
141461
118293
160194
215368
164490
137173
376480
414243
340409
470006
906557
391889
129877
870277
117763
154568
229352
423951
329715
403245
265249
315232
610372
363073
679313
280401
45465
63755
418711
73258
258500
151810
145474
185959
205171
338332
608910
796355
803769
78424
600645
251680
89338
99425
49470
74822
72466
630417
344506
393259
109954
728792
91869
106451
80258
269431
47181
81598
208831
131857
165926
125620
427935
473215
346449
156649
475197
400778
66766
104778
92195
830137
154423
594430
103902
125106
118366
126794
169497
254501
283083
234807
120021
348799
124631
127769
136795
69062
177858
228255
178674
338392
138165
201403
174421
529701
118145
357233
143814
105539
93351
380088
304883
238281
199396
348498
181529
332810
102332
230285
152412
125456
98860
136470
438901
371768
477860
335600
169871
192923
288559
477504
481501
182969
141335
79419
534437
190590
517127
219158
196968
113463
237791
184541
89808
97965
291700
189203
412994
226508
321774
98450
363911
250887
268510
250000
204872
185446
211486
177077
167450
189319
145782
356711
426093
111776
121915
515031
919216
634776
308540
123134
1057638
125763
394645
296580
338196
316068
94464
306402
174586
291548
242758
354884
544559
416253
275224
102851
147061
106320
119875
177682
250435
421575
373495
688086
429488
164975
1030534
288017
174044
942848
350371
302986
209962
502824
344761
234934
60439
52537
119898
113488
425422
405477
350588
422589
455375
244186
407459
280607
401378
355722
367623
200114
294419
232968
118308
541596
358203
229530
125604
223302
194698
185903
106950
79763
102173
182710
177540
534253
508487
280346
227919
196163
118530
235995
175971
101103
142447
297859
260546
115870
77829
69124
384586
261445
219164
392595
115805
100575
283360
296453
271702
118669
408486
281683
276828
233537
189903
488351
430008
331560
492726
286580
136506
168043
293424
271756
57512
223715
104076
109511
215504
174446
134199
49281
237309
95564
211595
159428
199752
335195
505979
282573
88668
213723
189127
648003
656924
127657
296681
175932
425119
192991
562372
408238
415775
67110
114042
773158
381075
264772
287527
266312
358553
265487
60922
81113
619863
243882
435646
655937
432595
503817
334783
140203
57554
520643
716666
423801
569453
102945
121230
634729
123534
114219
104781
92666
245516
391608
369219
394849
250533
135979
297177
276352
211118
274791
66295
171951
259942
312936
349508
187636
244504
507113
392393
335227
273568
311097
153375
107423
318837
108037
193164
228631
108896
63576
266539
273678
147895
128893
259720
233980
264401
258941
253187
292571
210626
234753
110605
875045
126348
198119
895394
170114
267090
184329
243781
262396
283779
589147
401018
543188
977360
434592
182363
124999
798930
220608
125857
310879
51432
376575
378851
78251
67340
58865
57219
262499
266361
858344
815433
222063
348676
469416
545837
288334
193571
66433
120963
269342
446080
474398
386423
238757
321402
332844
359683
477732
460440
494136
432240
301992
166295
189988
494720
423763
321934
264729
238484
247033
300752
433021
408868
265662
324693
166047
136902
145640
229623
205697
161551
155622
175595
141709
193494
130375
624387
607188
189547
287919
158309
388247
222297
268906
267947
658414
609610
120917
118304
278737
759134
733822
82744
425119
334245
390039
360423
500403
215852
661040
230475
85474
256917
85138
179331
187310
219357
134728
100300
339902
183354
49698
157665
302774
276201
347184
410636
232971
121332
281762
103650
251484
120398
117487
115987
111455
111008
118680
93242
396230
428036
164490
95117
100370
603607
221559
616529
195182
131002
168181
280733
357943
593849
397630
60255
115416
572750
383280
264990
193011
179743
240785
182948
159655
110533
192041
135904
152198
194980
315493
308318
235935
91694
176719
190041
237415
297421
173281
59346
240308
86768
180672
247678
256253
406762
333480
390210
471966
158983
266955
102876
69755
81045
88873
265445
210332
164333
56378
110431
272734
302460
222227
446524
192874
443526
194495
121563
57826
157491
203403
297606
315307
371320
392254
369140
578946
435368
222397
389997
550544
209890
94493
119926
534983
129179
512879
154282
150709
169487
189761
295238
226122
317699
99806
193822
146901
109691
161181
158249
313988
418517
251553
312812
331087
229419
203205
193644
262927
375856
193367
85645
397597
110242
517740
233288
227430
69964
75534
253348
123312
309687
343581
156959
558208
152781
737535
348551
533499
453753
311437
108543
247739
532283
343171
435060
411215
405660
449015
259932
170443
244541
362632
166758
366133
173306
223166
154775
422793
794431
595030
761062
847568
519179
583723
342287
581755
460626
365496
572903
135245
349603
87052
80681
140220
61734
154441
114551
240164
193426
282671
395373
261766
275483
353575
323333
295349
229909
80672
350245
159483
100237
89881
219513
309694
359979
279516
173575
427427
183472
404282
489545
533341
638643
383115
311663
277404
105797
306592
241490
357305
267262
674824
519925
150941
324897
267259
193803
148335
599263
218532
548957
238610
356528
359863
123049
226083
61020
193356
104627
129943
211396
301480
409135
364507
141145
283217
300551
111040
101491
180546
226543
120077
86731
155590
154474
105401
1085032
171607
144795
1165547
350755
539513
439098
221584
366811
322932
151293
174427
780141
595862
150172
145787
193164
110880
164789
114315
206511
177735
348838
249951
402713
263198
119178
51006
255230
204179
208822
286285
427621
463371
316241
403395
