30826
96358
15133
12437
11640
12939
19480
17712
23983
14325
13632
12370
12815
13911
12934
12867
15521
13450
10759
12057
12422
12768
11797
13899
18213
18499
17369
12973
10412
17795
10155
12081
10395
17444
17610
27806
14422
20929
13656
16400
12499
13505
13984
13459
20251
22778
15728
14111
13387
12539
33733
13716
16922
13210
13736
14648
15505
12464
17925
17543
13907
14155
15712
13404
18320
13222
13229
23021
16428
15189
14943
15747
20105
20272
107091
35101
26202
45063
37395
12373
17294
15793
15425
13888
12545
22603
34907
22060
47820
12212
14413
13373
20981
14571
13903
12300
19236
19526
14849
18459
15950
17545
18054
24576
11378
15225
11978
33864
9266
10447
12793
11534
15875
11566
11625
15556
14425
16047
18751
10870
14836
14154
12112
13703
13253
17962
14550
13996
17426
13912
11188
12238
13546
12370
14937
14874
11628
13037
23227
14062
15160
12324
21951
15608
13835
14819
13102
14617
13623
18562
15861
11274
13543
11906
29540
13113
14046
13386
11252
13012
14536
18920
8803
16140
12034
12602
14192
11345
13105
12824
29004
13720
14695
14330
10891
12850
15249
14621
16691
15537
22624
10462
15798
13544
13273
14713
16045
16014
14684
13933
14957
12326
14990
13511
13433
12915
10976
14608
15248
14079
15539
13119
12674
9576
14138
14959
15602
12506
13424
10443
13305
12180
14572
11612
18792
14359
14773
13381
13673
18367
12795
11952
17007
15060
13165
17700
11595
13216
12291
23155
12132
18330
13678
12524
23247
23686
12544
13705
14006
15279
16450
14768
13530
14501
12628
13132
12979
14419
12956
15297
13914
14355
13190
12949
11455
11120
22728
14475
14983
12436
12452
15808
12691
29167
27505
16251
14922
16747
16735
13142
19335
12518
14300
15851
13688
12344
12273
18361
24678
16222
15804
17558
13301
16919
14892
13506
12559
14118
16058
14812
14670
29794
14212
18993
16603
16765
17653
25703
15725
13183
17568
14387
17632
14940
15337
10956
10965
20295
14888
12708
17121
10496
53235
23041
17522
13421
13747
13725
12167
15192
13753
11839
12250
13711
13119
13721
14312
14389
14495
16510
11741
13919
14177
18101
15287
16386
13319
14964
17231
33712
13996
23628
14882
13382
18288
13674
12999
11424
15310
14367
15407
12708
11747
12459
15434
14755
14525
14455
12086
16442
12472
12821
13310
14599
10430
14241
14592
11551
17494
13818
12929
13631
14558
16216
20370
12925
14160
14377
13974
11977
12849
15799
14069
13294
13367
16011
521852
138343
285410
677632
1038448
152347
211380
1001971
133138
120433
966533
47345
114276
534764
603525
1998756
40198
124567
28736
80571
718968
159944
445242
353987
184364
221939
831417
78127
226272
1018836
276725
37888
128357
637226
282751
869698
637734
350406
746923
845504
69233
1001681
270430
1234872
706049
220793
192718
159255
94096
262797
45434
233524
107846
617440
401350
139946
86983
395601
200147
201732
291846
170453
129166
223845
793549
665757
113802
142156
195212
486344
311348
916824
660732
515972
115056
39731
501504
201963
795094
116717
208431
229539
124916
130575
66906
716855
1048504
420553
336319
69361
216046
104865
131463
941798
418717
215242
56359
389739
66080
171088
348958
315423
507217
243505
582284
129714
301267
78136
845824
507841
697983
163662
33225
115735
889211
29293
265586
321009
86627
2369927
169939
443874
792555
191582
329511
264860
158963
338969
185811
676962
434364
624060
353879
958480
1207588
80877
165383
344119
117253
397297
222527
69027
942446
387530
747905
25520
36044
269175
992210
361605
1189212
633197
698492
338886
369101
98569
112279
165180
31032
310607
653028
42584
48984
432016
65925
49659
926837
984055
204490
687664
128831
150221
437664
254079
174393
199201
1345277
34344
419779
126810
511836
144652
1921039
194902
784877
254452
2007655
762981
79334
55736
896305
393072
432830
678275
209739
280477
166167
293470
187934
206810
56378
187181
286981
144326
111888
320501
469648
719952
197352
587838
374388
394755
1499234
137530
277039
796885
272765
265146
59073
83531
611897
137897
368697
319374
63012
544131
972608
334577
74554
287668
504872
282559
76002
473136
37186
268498
470642
52167
358277
1269720
600221
93041
284148
321648
123560
49442
250675
729838
508152
569166
898441
1398546
494467
398477
987224
151975
403339
760230
1398870
543977
329852
39201
576201
4009421
225517
841562
798124
1012759
125065
256260
368270
337284
753337
1362054
296431
786423
858726
1089838
464511
59965
55888
175096
557927
247901
436821
269232
389615
87499
246932
622745
139091
1093680
29062
504050
1241584
206039
137938
268403
198669
1334765
139048
121913
268022
305538
43768
326816
162319
117280
269916
347252
2461023
392905
1723606
118195
111433
268692
1367363
357438
244568
38518
278861
769017
239126
1570696
980056
556435
128077
81399
99516
318540
200280
223296
45232
30187
264201
259698
669274
210809
788689
237204
20609
264505
471283
213941
32786
1149006
317800
294468
516772
858849
1210972
1570251
628189
94023
429388
1231368
796015
234562
300229
179295
459359
138989
189331
253231
795494
41916
865278
144534
547349
241592
254154
476209
119894
334661
52104
166712
223942
522101
141974
425086
288516
292008
27061
169096
566431
37645
37963
96491
597210
113957
555242
83059
202463
709034
202632
410547
494024
63061
38529
519586
563074
236306
83553
913944
107628
607687
186213
732229
371721
94243
320859
82157
239290
944475
1027433
467457
1716683
277402
134177
463088
268071
28595
1435103
238330
51824
81913
394344
104417
172188
987465
99631
60249
600486
978078
55853
744070
73794
42890
122854
29529
453496
2319528
76596
566101
95534
53317
1141118
56193
156308
93916
315790
95862
185475
376885
1269333
80654
34214
501434
870798
174744
746786
474650
61979
29317
479665
225141
762639
131665
83829
941465
1725118
594067
58016
650266
439219
333319
215694
1414605
231842
1354522
1334305
53403
37948
49670
81439
594219
985957
871696
538501
154397
318282
153409
47655
253353
82912
34008
64784
460606
135590
191569
161743
69521
952990
94534
507426
254967
389192
139366
1048752
2389534
361953
55395
81927
297881
329395
791842
516354
808001
240121
115168
325715
80699
513541
384133
265639
232209
337284
190652
124390
250824
179562
338121
96902
53204
562359
160353
36523
120702
859019
252472
963978
462282
364430
1611218
113221
1647580
377853
34291
32507
462288
156616
298978
457648
252884
53716
1114609
249974
50344
543077
1120387
871804
746522
27159
280945
143903
103811
761949
65570
182300
125764
120198
400826
475182
959533
32361
751451
261158
571770
104688
713818
540696
1600633
65262
77808
146335
248210
210314
38513
214028
338530
132893
381204
330676
205567
38123
354867
224834
353040
194293
75320
101821
1881361
776584
656710
87070
182399
589366
508777
223338
35654
1486035
1055551
64796
180796
563791
85794
134053
29184
271030
846963
33765
648054
589198
720143
906905
276840
291952
673210
354828
484794
1243822
107838
130349
1207750
492277
247743
74858
178571
659999
425335
850131
259614
222894
147680
203415
125324
180473
46583
242557
767007
332435
820736
147723
246997
291066
94082
136689
211849
105187
807920
183104
1598067
339271
227597
240216
497974
241876
220726
453245
280958
249675
501385
1212873
82620
74564
421921
298324
176097
237169
74808
336839
134869
56849
736936
141123
295628
498872
509936
98496
280175
54431
284603
198895
782567
103499
843288
231385
704013
338898
1131651
926482
70394
116466
293860
56874
490517
358034
34979
1076129
804503
1377541
105489
98449
55074
168274
301829
815869
270071
174494
686487
559686
202583
246159
235721
718700
755191
372324
528294
106476
277584
193027
948445
105932
735039
246770
2468728
637830
128479
605476
767776
240765
74950
149919
157351
82334
307748
245821
1115466
167967
126770
361951
628954
140289
36508
30043
1122746
166865
544952
472059
61606
288144
617162
1031851
245960
229047
132226
441352
82488
438332
239882
279540
562872
571603
307202
482158
72386
79571
27713
24795
117355
818567
247256
268652
183498
166280
531599
66899
831258
121170
382014
352682
153892
249893
577173
121208
303061
165224
476188
64430
73040
456878
1150162
185815
296066
56925
77092
172270
1489512
933230
766655
961627
359778
361131
400706
363085
57412
113017
380603
351856
55689
30059
102773
177988
439985
331060
1195763
25598
1384409
839027
707897
157398
291179
842836
328524
183018
176283
589416
135679
384531
281172
257162
654905
83769
35455
502317
261670
425398
40249
591580
350877
356724
198897
190896
144686
43736
475008
337490
252823
214450
89110
138332
1340122
29261
410713
43583
49056
55254
502349
42843
151128
1349412
610680
95012
32185
310780
367046
329405
485952
225645
1057070
165617
62202
256274
130391
125588
268117
60358
194986
1116674
68819
329706
1053276
292519
923740
1439988
346738
969704
482266
31448
57554
138851
36228
98765
45409
510861
85079
322018
39053
42203
532893
75958
1039510
107541
732489
440324
521131
398027
274476
104746
196581
384210
526172
121553
139557
1323155
1252759
500152
655689
62867
262614
60877
520705
629723
307399
31135
384555
35215
934702
545468
1411535
131856
722288
34288
700556
250688
517682
339236
97614
190487
531257
207946
113580
38388
28346
322660
330519
222236
322105
666123
428206
271542
1434855
942667
243116
386566
414870
315857
1457807
102007
895390
221384
452863
40943
908464
302997
206351
85554
29862
616242
756716
131357
245871
384366
222168
249869
737324
101694
731768
79215
77749
308366
1912785
36031
53635
424037
418096
1563809
442832
887237
429797
417807
68623
1194045
141966
396056
997809
171738
95593
430413
724317
40447
1122439
434108
524010
480531
287468
69571
780497
186733
110725
1172951
209047
26294
591902
516484
422110
282678
92144
1830637
1589168
509891
595585
1234543
354128
317613
40261
777373
56599
54430
495789
627011
510420
399250
329703
559144
615780
1359043
457320
43784
88271
294738
485880
216199
86492
255765
1366775
272819
577518
856185
345435
85330
260938
68418
962466
814975
219899
2137457
281780
233571
35120
271486
440884
246660
117997
535292
611703
257348
929547
124417
393436
46479
488764
624017
99948
68402
647760
715209
36736
812014
536100
123294
161130
1269014
675991
242070
1403147
27183
38118
95811
1110007
35774
484464
146554
161892
624514
169054
139998
247611
64588
353253
237889
388882
468959
188225
437769
198324
469940
134352
135153
292587
119372
105036
44435
134181
148564
401947
334003
40444
993424
222385
107433
59859
458468
249453
470689
194399
115523
27878
138820
987336
36891
1114070
123853
108410
643400
279120
100077
729798
196222
35528
560740
141358
235608
246541
474267
85434
119257
251928
642341
208453
203754
616022
1148394
87504
379430
52239
187519
51873
393843
518002
70839
688768
114810
305164
347676
152988
445737
322918
196671
264493
1213139
191656
177916
553120
226259
289929
31453
252549
369371
57963
1353130
195074
214919
526942
238185
31556
133820
253826
378827
949961
181427
266189
1190378
113182
87262
986970
241881
503889
130890
781616
51592
1551688
189160
159934
1493249
452972
1180520
183991
801303
198213
199418
51062
528583
577301
229827
209737
221665
245357
932646
96845
102732
53167
60528
76964
672528
94529
30705
46682
803997
107104
270062
740532
43725
256333
174328
284537
389573
512068
288122
227382
96260
51455
1611780
137284
872853
581324
1014951
187129
234275
320708
1075097
672738
43081
774598
717411
197172
280519
1011724
100467
223418
552978
85359
123449
577045
145873
294377
456042
63799
51243
41018
614424
208448
233902
1131820
181004
1480274
1337925
29045
367850
1118996
739774
816085
1322191
362223
947204
1009164
261733
606129
998927
554428
306838
36337
45198
518834
338724
424283
51194
256559
1324108
149830
166939
942815
151399
238059
379341
161766
1397373
2666964
972018
301307
36249
1302450
235033
166267
164153
352911
407566
299376
97312
783529
734589
31642
1018525
380285
262428
339887
1084502
861033
319287
1054773
127788
733577
185729
152984
370641
741728
512848
809983
163236
193600
748914
97648
146854
436414
310207
210477
346085
36549
449105
672186
232414
332523
326752
321202
267617
443412
617856
468531
795650
692952
280733
340405
56152
186131
469795
210038
1125051
48749
909928
987490
211165
120793
369396
168391
815378
76234
863222
397365
91320
750165
40037
76640
111443
371772
277971
341684
349953
819656
58937
940582
325529
447188
170266
39422
32433
72839
130777
48242
137313
365542
40748
163902
259345
36246
211073
373858
146012
273393
565455
227187
384524
656938
30007
1018940
139240
58168
59287
299669
129503
550897
998374
185022
383269
530459
357544
107791
851769
95066
591027
190619
389812
1607233
29899
275641
48239
1084474
107869
694247
619620
138731
86263
40878
34571
319367
1105085
249735
436832
99709
221739
639682
261967
320508
71322
280851
962858
447407
192850
880571
219950
253492
976980
470517
125793
264295
1173294
305186
500897
799343
543540
466987
173869
46311
345880
169855
278984
238587
409997
354500
55902
455641
126860
334035
175916
390391
1077568
39514
535939
181188
428065
141733
365346
53900
82186
192945
1279457
91529
652651
335665
73933
1154287
866805
389806
50666
132635
435696
396574
819869
605236
366341
36390
44917
59110
193968
112841
596969
164308
489204
558976
864770
36996
394299
99463
102976
522324
1168922
728058
654808
315822
665145
349272
347694
574879
976635
511607
329946
118891
605704
52963
39378
400696
561905
27337
521188
144101
484740
322081
736628
131103
758333
905894
1722201
1035994
127665
527802
891013
423303
392646
261822
81756
596468
277157
45151
430550
609690
1317633
80326
30011
949406
75708
137111
529868
386567
320797
278955
238554
156263
38509
94825
212595
227068
505772
86569
275498
169156
268567
879373
115235
265143
193887
209803
54951
317563
641198
385636
36966
118718
85455
465681
348396
153552
261154
354963
217066
538876
279003
109173
64501
120327
459931
190664
769398
773230
62672
361074
367542
387808
59415
27849
734723
244112
593310
423664
260641
172195
1528995
261406
259956
2300800
664956
377710
1797638
964496
117574
339147
517655
167702
487742
633192
513952
98326
124587
516465
606168
189568
405578
317424
536706
181387
513438
141416
124132
344409
41613
93424
187936
246466
47933
399810
2428465
594936
1089516
289044
869537
171404
958993
49778
67078
247318
72725
113109
166678
91442
39569
229212
91892
393311
1670815
58324
686640
1078561
135931
332253
221090
172523
230996
353518
114150
372038
282964
578893
483613
2306542
378783
31933
212064
252791
240934
86695
152948
339761
666938
816430
74249
79825
280558
1159909
425211
209723
377700
417213
474337
256040
1035099
240118
473565
33346
140111
623738
360014
779933
840486
309064
547589
484017
438308
144725
423296
325255
88147
352541
72465
543994
42480
231200
160206
1099537
762326
1716400
719854
385356
185755
91929
225772
326483
403193
814287
210370
262858
88427
32467
317832
288579
135628
1856085
767911
858997
63581
63560
1482588
174362
128717
261719
756720
569937
630399
1423834
102877
285797
153219
190017
243942
1930232
432498
252613
425631
463552
314056
791985
452806
1902741
162486
714077
213072
460714
444956
504502
169926
403457
203596
80918
1792881
72831
29890
28396
57532
561864
1056109
965203
478737
344471
1418392
642090
710918
308104
478341
329959
100660
486233
341559
72765
2794330
30046
901254
230173
606165
62197
34298
304832
337480
358208
355175
198882
201880
468258
236378
35027
486472
349866
985022
294095
79035
62991
31493
112123
1947235
584281
1171266
407955
791166
46133
195553
350429
193570
408822
179544
83353
506505
166564
136334
169315
532020
469451
576795
747640
685389
38222
41474
1044055
87737
216266
35960
161481
1160758
756950
777769
471907
245912
189693
193371
492396
56668
973959
909709
39933
394433
568064
822313
256797
145140
304226
769398
475934
392915
343198
198779
107889
523061
542567
1232198
85716
329272
472162
366962
182869
187013
39889
986785
166668
1020946
30748
602846
299272
313398
900631
594591
348819
52769
118756
157468
78094
332997
208188
435714
1407690
327209
420118
275080
144549
594092
427478
448951
3143028
1217121
39077
182638
805586
201076
164627
53430
886552
305078
122442
159579
83537
950575
354831
118393
699807
39744
602478
436918
250575
320573
53294
324440
541031
153031
81099
399464
209511
541709
41082
982734
1395086
196104
159000
47176
626625
106044
705387
87182
313897
876856
132493
124135
157488
177715
338920
401483
418918
410909
161072
1012193
451293
93231
81462
283234
231131
1495957
61523
391827
135222
566660
541427
514977
848676
43367
106713
453202
208135
966745
195468
686344
366301
935693
74246
238865
28376
1481381
235524
533618
108489
30559
269672
201146
58520
90180
1946662
693580
304553
59902
1161477
406429
44844
1218918
389760
73799
160256
216459
837436
776041
36569
218013
418635
245519
1350543
1206723
456152
629240
297592
122052
275327
356535
219165
247823
537455
436912
947896
537330
572860
611399
566859
88830
259981
472324
298110
355457
74538
1346441
323048
218148
1231769
243569
84771
85699
177805
1924624
59250
413667
792650
383020
598504
214538
302012
51261
298278
114979
88097
440666
131935
107644
2277734
202627
468741
734186
527875
1282301
329329
487145
54772
206714
930854
256887
269331
688463
283670
102142
36687
759897
97009
888843
93785
215192
110824
453809
290748
417438
603270
2693059
2014921
225476
212113
652433
276713
611750
440231
411720
217871
199508
134424
84154
265092
247670
783407
100934
605459
232975
198036
509181
573903
246773
636531
498190
246819
121141
120203
791911
205117
44778
123972
368203
118472
458686
835983
2836518
1679181
466946
230227
1549171
1830800
1142332
314914
152881
536096
248541
726445
31126
374308
100114
82348
860042
1027872
56275
748352
535186
1107643
156930
924094
557699
731203
189729
202129
803922
176676
233334
34426
71838
645030
445250
181634
1071302
92129
39952
255982
326716
507958
191419
699653
94677
113386
423631
1836446
63032
240727
289119
378506
31256
600589
153280
25961
98207
437402
218621
91510
321883
782785
329986
290232
1400567
57489
501207
1075523
175920
306830
109055
916323
222373
116544
46577
99867
202897
360764
34601
873760
111065
86845
39652
188834
725096
536141
31356
159818
792172
334661
405950
713115
734702
317762
413268
318473
1033146
423660
1154976
111683
37024
224314
643721
428395
150518
1265671
36888
102024
451072
388900
131862
26660
84618
613197
348814
309649
226447
514548
575335
2355558
168704
385073
40996
84408
368806
172387
849490
134484
135661
153634
36050
379312
771806
184787
53041
233057
1076057
310399
82054
785229
473688
251767
75626
1418058
450400
131911
32311
1062731
186098
120057
82738
38019
2424190
84358
65622
1075287
97726
63813
129795
144142
33556
42964
27114
239344
188681
59011
627739
997291
120186
68223
808151
572266
794435
179307
186430
731692
898104
34288
295425
795997
2974713
122143
1642999
332066
82566
495872
85540
634076
1106701
716568
336148
104465
799682
29861
80119
728210
334208
577341
127099
192256
944748
73407
262236
299345
773099
42519
66608
704567
102073
863706
109328
286930
143999
107031
80718
956740
496798
270572
1017890
631733
127745
630712
411227
574235
685155
1475081
971597
826852
224253
389439
380397
155734
120406
26482
45177
300956
313913
709812
128909
1108454
187160
436521
342972
128544
168384
112308
344748
252375
1013599
346777
289881
166531
555917
635456
90408
242346
137374
1407814
1110469
53827
498587
805953
723021
103747
428598
248422
1066447
597226
117227
755559
467165
294900
210685
1509602
195221
417834
366095
349428
211304
199521
36012
117340
160710
35179
1041533
569309
172703
754680
406001
34497
96875
211167
150628
489810
241746
1017398
907578
299807
495739
340639
748994
915051
671396
238461
948741
65727
180611
263427
1102716
120349
33799
889096
279643
39228
90587
223175
180440
48658
336777
86617
228107
200723
560778
35027
1062655
447182
138197
385750
162630
59990
159135
426724
238460
974779
410149
80686
842749
34143
747728
165381
40782
423519
543033
892758
472988
54031
253835
149564
81758
378566
1141670
206465
615551
71934
64814
698373
83131
75774
757893
391374
324052
101406
379870
489256
772617
443202
459588
265696
1265624
1337984
73078
144908
742115
137789
671426
288970
697489
341152
816900
919536
795113
57473
451069
448559
148913
123429
552398
106621
35414
854902
67345
133778
487684
905649
2256182
118845
316460
107970
182752
51378
765339
525304
80907
440843
505955
99659
99850
299954
798265
319139
486966
125204
308274
617648
172689
167738
411024
212235
296856
70950
82881
629624
278849
241043
70107
602161
311605
324496
160846
95953
208517
86455
113239
619874
327415
338648
898928
413330
185363
489773
123479
200252
225498
626880
875684
1197977
509970
205512
520466
329327
218652
123721
77500
305628
238015
225662
123421
709385
93215
459894
613829
777024
29516
582714
39647
270706
181341
217776
1625836
916099
896175
428471
684667
410105
312530
904655
597639
141554
59449
1595759
154378
452200
350049
197936
445506
895353
40724
304204
660128
39462
41727
150181
670073
1154856
318760
1131589
610055
28914
418505
120902
317203
448747
950060
861417
329681
556232
1407710
942239
383210
305916
249086
548403
404712
1388200
291825
123517
1662811
206619
468657
1572831
331098
137198
855760
159572
76291
131851
666599
433264
125050
566742
416376
453986
356471
54606
58908
348095
353742
62607
227810
542320
275741
301828
317971
39710
1202250
161640
67299
506333
353020
578589
431044
30515
455355
484738
669027
366926
102301
493669
32315
278223
393406
311517
663995
974104
787190
381752
334634
344923
911723
1216106
290906
358972
274635
341734
793235
2042192
775925
532529
261365
59807
1479654
1758680
115508
178304
678836
61368
511525
801933
508377
80549
137944
544031
148638
167679
37549
295129
657239
204341
1145343
1445880
168743
623251
1156871
381145
671966
1020963
470643
400440
461548
720266
377628
964421
46891
88710
31488
2138377
140052
865904
459643
168865
516327
77499
208329
92450
1283810
553473
612850
32416
48229
878036
1216291
137072
79740
31263
804099
1006503
281629
180566
380118
283516
38256
115854
1216227
577568
428426
804425
231355
432214
444390
37659
1226249
991051
710044
335436
256255
37369
291633
31022
188554
211603
630686
745301
53727
1567440
114391
443233
361375
120500
440145
421234
134927
508946
78643
977942
276802
584265
365383
903463
539708
53227
98272
461311
655839
96461
338242
439136
270623
126741
174815
1002838
82482
204817
140832
552551
28849
1651781
250537
659091
327357
111656
199245
832114
307996
1050582
123134
395009
96865
391522
547552
202715
304245
605530
175678
154571
47056
42947
542490
30859
224644
732632
336329
177588
50227
495694
515463
333366
682024
92443
391031
37568
253601
1051751
830749
84945
430850
811074
379583
440060
2025447
183119
144269
47984
306353
219657
514931
419825
334776
76537
330129
369233
229594
92465
30219
426485
737933
162204
44331
1486884
95209
705441
464611
252206
240496
589528
212450
207476
707206
34609
559204
259990
1040105
268783
326617
644539
702106
72929
120296
657237
75922
233091
671015
351676
373807
213814
53217
249144
78036
513082
101773
107441
382802
346495
213733
825163
890069
481569
45220
523241
1248829
551215
104716
309182
494601
1244485
607848
421214
786967
109220
189038
252079
64829
181984
221408
249947
518447
85205
268620
110291
463496
216596
283647
1256525
597564
101018
329286
652020
495377
730954
923885
103707
53453
1138846
244359
224870
310213
353744
631604
136632
220778
187029
57366
689745
648340
355888
98706
302221
676972
503937
1010588
175011
253815
987963
73706
904147
622041
110094
1495868
497078
209830
169957
117057
1225171
109406
82829
1157683
168133
45662
172765
155978
152960
249038
124671
377346
464042
396478
980162
752829
1007452
71539
396800
941759
378666
35061
136638
129480
279798
906459
514660
76702
378939
43706
186128
388407
586533
295799
348638
204568
1055209
418588
35031
141868
807363
1181540
37984
990067
209818
59151
532422
145446
42814
587074
98015
1094855
608783
42970
77038
383073
336904
476852
412566
620449
265049
444748
352095
483844
28106
170107
747748
389695
331431
401078
957843
350154
57747
601002
81492
183087
133125
162830
58478
49035
84182
553149
112478
1758337
327137
757541
96241
816759
307228
82532
149163
191562
418590
165414
245972
651939
213967
1616469
876807
45912
259427
70521
134304
1336283
352241
265258
37803
860531
104533
369780
678826
232014
270485
191273
612367
546230
216998
845529
75796
591888
1173968
177222
52718
265403
1008516
35816
733380
215145
211100
75613
26944
116353
763070
30857
175551
40401
580657
341562
48720
436913
99635
65953
1327370
659153
268572
331805
286147
133276
1737650
369524
338419
425619
87476
465595
302662
86061
369159
354402
81094
917925
183959
305824
812452
436106
701720
396996
294342
863479
752236
730935
24380
230773
722791
356370
326628
365446
159212
249010
821422
478790
97490
433755
196029
344261
37411
86341
809757
1000603
276349
285785
87097
89343
276995
34975
32968
1240676
196226
358424
44799
277814
287730
128397
335887
475309
602738
220097
884793
842473
203471
322636
192550
870189
139851
1230843
51518
344351
488475
410963
2196047
47809
91852
141116
304719
402062
32462
650610
245745
68351
1328980
28797
103825
175662
322220
176496
833877
286756
70159
468338
119097
29596
392208
1698235
64806
497325
217989
127794
385546
365775
54630
789982
63619
57188
65710
258604
255937
595503
78543
53347
197962
256029
277699
508141
68350
117483
564078
49425
241042
727546
67182
147936
587593
170015
276396
89638
239204
379398
63753
453682
351022
353194
828584
83950
54560
1401739
1016004
232214
151469
243545
294232
335887
227598
535687
486031
70482
2628677
150320
367190
692002
342386
877357
42241
148347
1554477
48575
55016
600052
123434
285302
201614
118620
389243
114326
752610
95742
45017
583298
905227
222720
67383
942103
619328
290039
290895
370399
32233
710877
827304
1650852
178514
249587
177428
289544
213381
145000
29193
394162
498927
214217
194550
953100
829387
1776187
61921
125723
192681
767105
228969
3385246
85510
505958
208176
433127
3798010
175219
376018
2143312
49158
570624
232224
459210
641354
690594
27222
58550
135688
193689
406665
276080
863911
1224219
415015
206492
609469
454752
254655
183002
78167
69266
88530
535786
119137
542544
188742
257667
298633
489924
439098
325186
83925
91176
843960
1018239
961172
212655
321644
1304075
324115
294802
1503860
29158
561823
880265
1563343
26351
232191
537475
951544
96037
282774
45521
95104
556882
169074
177335
678544
647222
249269
265320
146453
169005
31153
181627
666164
152712
38399
284377
475410
104117
66080
198791
156197
198465
1464056
1167370
799035
1540115
67904
439790
504285
507280
412625
113098
107127
1226474
182615
246182
629966
259011
253533
358959
494921
567477
799665
1048893
95037
135613
1264760
528472
632947
236265
152227
255337
431288
1126156
93612
41877
88794
187555
173283
50321
599849
97107
732397
831203
279243
75936
278025
756169
169876
207625
455031
626959
249161
1312264
1139031
887323
90927
305131
35844
314643
366506
37210
491657
194568
917351
242663
90944
561662
261959
57702
283220
333776
53231
145459
94058
805459
366255
523186
545644
87171
107819
173113
1131300
78864
453538
251462
40330
328990
356606
147203
86709
115475
420908
224309
145002
992999
964868
2037021
74580
428280
369934
1259528
866512
74656
916359
64321
88539
28650
414359
957195
189622
360628
133161
720868
204614
1223862
262789
206191
239686
649172
320899
340383
338591
91399
788113
337796
118780
463077
909198
311786
44482
172135
267043
441029
499501
503229
85583
34970
73794
317987
61107
342400
236003
70540
440860
140818
115506
497077
194325
836679
350604
1485450
294519
73549
146911
399788
675777
220108
701646
1443024
404791
520645
36936
742041
177242
25403
1377284
179296
1180723
874787
35113
501501
449896
34981
451929
30335
707969
241132
801153
1191129
124274
858512
2210056
285513
1968922
980520
187857
677537
32988
1402457
407261
196688
436671
38898
386436
547634
31370
171470
280755
653512
194035
130170
444210
1460460
39014
113583
458179
707925
173885
38475
155624
310782
803281
264467
246524
289161
1469751
145077
526273
326952
290682
98065
38325
393066
552071
81061
124075
107918
1802822
171580
407454
153358
394038
213753
930550
824918
693420
308966
103922
953582
369286
290132
341851
237503
574092
97091
195763
754311
237203
183669
573758
33033
687116
974442
190668
107705
84664
971224
752700
131573
402709
155941
396479
522787
35784
738748
1266111
311097
461635
458428
459807
283277
786099
173287
308901
326374
414927
75375
436259
296712
218526
88707
197726
267965
806190
51249
71491
329827
98140
618669
480622
1123505
204184
195415
295597
66561
744766
810257
346807
417355
1393364
262847
121925
110137
533844
262826
1001113
314514
1181177
727796
681110
638971
108480
658519
184132
333722
142934
45501
195289
948549
54182
479158
907672
181203
281838
76799
973518
233222
417837
382551
73356
104651
164098
454261
648990
36099
339800
120835
271905
63677
431390
567315
82460
209324
182506
801658
312845
158830
156554
446015
303663
237316
446045
798064
308806
247421
72697
345043
576665
370272
36694
159328
200434
328613
899974
49064
280650
28949
171505
411134
121542
1344648
61781
456400
52283
167651
155635
198079
256807
537918
584882
1598449
599706
445783
258461
414094
323695
82128
1429094
112963
347455
1686717
428500
202462
433108
654120
270149
58486
224437
90729
23100
404802
610267
373375
229176
1140354
1031394
175586
403756
1448575
946196
160413
53512
226492
123750
902471
105672
577821
278519
813783
66481
71521
99771
59323
293709
245378
260076
828914
227050
151899
111540
455672
202222
225272
248169
346278
654297
549593
1068124
259877
1544849
338904
56759
129217
37783
259670
909540
523261
470776
682132
221126
391406
453719
232808
209962
1239897
272316
224554
450761
259896
75356
467179
1178339
217158
423783
1248944
361951
171717
639167
483337
1708896
269116
265288
435244
151422
251162
783447
160692
175169
481341
1269527
414942
67316
976376
36351
371784
351110
399889
183721
493422
607454
433824
182051
564102
466839
490011
174763
210467
193497
196928
61521
69168
711236
376217
567235
440318
507950
193487
159572
498934
2373734
221427
120113
1083662
421278
68054
1419117
167462
819748
194190
56155
527530
902506
576073
280362
577257
130199
138946
273760
222849
796528
719155
475617
652519
342379
247934
164280
39847
1549467
324581
652376
44112
1464162
260228
706113
517595
308098
291721
300845
153841
281677
421502
790434
573636
501799
77063
156552
566464
790785
33348
343332
345549
357590
853454
625794
45116
677301
222091
156494
559198
306473
194548
215948
312766
51209
222194
2842842
1251485
198797
465997
426121
231006
42290
1589872
519122
483852
294130
377268
472315
415903
73224
143301
482558
151490
1818692
227518
146534
355594
1075153
885499
588049
116086
2347950
69699
80923
323362
82396
929762
299863
149868
561884
360417
1930475
655079
1053384
384905
88340
337878
334212
464935
987752
571534
107748
1043131
455127
278614
168145
252536
292120
103405
661416
159077
540712
584267
311012
74567
416551
154400
732398
276056
