892176
754557
857710
978054
230149
2942276
263438
380230
1271701
1326502
4293176
4226753
1222202
540101
4426731
4131922
235778
3615166
3845689
726438
3950353
4190705
1158754
4288516
1529974
4521151
2102394
2170239
2249593
4255017
2271488
2443427
2297362
1802371
1974543
2055132
2220846
1555729
1078069
5742620
450979
167886
153245
5870014
6057669
189514
172156
6315989
6451092
6404849
6212347
6082764
5866890
333289
6116152
542495
6241118
818505
6097919
905034
6281034
943799
6268285
6407829
6576722
606815
627512
6997567
704336
7156951
1004263
668964
682622
7964362
7982435
401622
7995156
241666
8099343
290725
7977482
371201
7607821
6879669
6589682
6665336
148208
6772512
6350050
502761
6390203
727587
6319520
5669890
1256529
5560750
798187
838635
198352
374654
156010
7549830
7164987
7333480
7524915
161259
265220
7541402
218969
8204752
544484
925135
1464079
10223891
1661216
1016065
863713
1121361
753640
945902
1604837
11914993
1825442
2405186
2013795
2120337
2147461
1798362
1863803
2126089
1427823
1119224
764930
873609
665495
763787
400838
345902
158848
153257
169223
498540
188125
46735
126848
280130
284277
307697
295399
434167
431871
448977
288807
192685
139164
238016
403037
47816
249263
178397
451561
677325
940510
1153024
1307680
1409544
1131600
1181760
1131670
858292
424610
461599
185802
215182
75901
236636
614345
985599
1246449
1526671
1934977
2128637
2244651
2253990
2251443
2218499
2242876
1680316
1423771
1357154
1228915
1270547
1637160
1539631
1640842
591737
679849
883709
906027
41422383
41872966
41891652
42719910
42866109
5471647
43056639
6079147
45239626
7256725
45115987
7682683
45333205
7725827
45340629
7994786
45042144
6607585
6528369
6878617
45712179
6999105
6778885
7546759
46539419
7469596
7075414
6644570
47565731
47284364
46904645
8149331
47559868
7588715
7025421
7067838
48180077
7501829
7658953
7513034
48904542
8006468
49266465
8618746
8669527
50223087
50068291
8581856
49909821
7710298
7862867
49820194
8140861
49993818
49997303
50009724
7888201
8257256
48437564
48147888
8240685
47744519
8458122
49543746
49436134
10019663
50208389
10409172
9460378
51261707
51379416
51612719
9833388
51268214
8020677
51497595
51177228
7957908
50830097
8441913
50406540
50479310
50601001
50757745
50160894
9484844
9066776
50504014
9347725
50874062
9825955
51351799
9411670
51443929
51520582
51000819
10871217
10756388
80149956
80248005
80125460
79962581
79780601
38685564
79633302
79338833
79263886
38354310
38226996
38181357
37844407
80126855
37879445
79192510
79344879
37983664
36192916
35927291
35606679
35440764
35837948
80861641
80796654
80810491
37190311
80108432
79821539
78201594
78465606
38087124
38090080
78838741
77946117
76409333
76285898
76447032
76223298
76387654
76152381
76155344
75776960
75642326
75919955
41821710
75207344
41809452
76011825
42029849
42158122
42317314
76225940
76268381
76070274
75101553
74992240
42159861
75304739
75307652
75718956
75706729
42434573
75828442
76012568
43485749
76871193
43544041
76840697
43590510
76841262
76931425
43860611
43738244
76710366
76193484
44716321
43705633
76797733
43851763
76380796
76851455
45128061
45033755
45187582
77162837
45374706
44995667
45106544
45216144
45265581
77864763
45370051
78143419
45395662
77869815
77947756
78149623
77719687
77227093
46531840
46350826
45777784
77793602
45978224
77387511
45813619
44814086
44670620
44703026
77375770
77228198
77098574
45092897
44462123
75907845
76115929
75963461
75957665
45174566
45158837
44695555
44200945
44117048
76816745
43941545
44101920
77156231
45042177
77319143
45068294
45260722
44770116
44003088
44200186
77776711
77137760
44570023
78035760
45998644
78522043
78002399
78158951
45660738
78476429
45691752
78223336
77820999
45816217
45730167
77846404
45727985
78560303
78021221
45526714
45571881
78289624
45769341
45735529
78503322
77340735
45560219
45065978
77422667
77315223
45506522
45143494
77440564
45394878
77672223
76435937
76288054
45745970
45438245
44932806
44322011
76661792
76630868
44734777
44759608
44257332
76381161
76488003
44613189
76842631
76379899
75468039
44958265
75619606
75671436
74870813
45790360
45558807
74161828
74154493
45997186
74202088
74172583
74381536
74306006
74486761
46312122
74391052
74808338
47703633
47404047
47486865
47740694
47718859
47568717
75340994
47507358
47240530
46857504
47059915
45658988
45694265
75365539
74035613
74031121
46029414
74082892
74107838
74232507
74236353
73677070
73279117
72612148
72686221
48068283
47878105
48382971
48389890
48072504
72875735
71845265
71505208
70762779
70974050
70871830
70359857
48360545
70654444
47954986
47522675
47977490
70872593
70730952
48261682
71117274
70414357
70120418
48703805
48562319
70704848
70495716
70407730
70730816
49681108
70121368
70095043
50025586
50342053
50621385
50586040
71329687
50307325
72578926
50233681
71704340
71348138
71125359
49336107
71859392
50165813
72444248
46705424
71286250
46621303
45859720
71623755
70672517
70377293
70384841
46070256
70451714
45881433
69915557
45310700
67970111
67983112
44672350
67166198
43649261
67002122
67103236
43588531
43594530
65999124
43580192
43634349
66045277
66485926
43587148
43926149
66953294
43508566
67112334
66520206
42466949
42671709
66824783
43216839
67088248
43023284
43702626
43432206
67857169
67368123
43583006
43719529
67745542
44017291
67306236
43822158
42143242
42147085
67146486
42999782
43119529
66652357
66417638
66565901
66619063
66819315
44382169
66717055
66834325
44604396
45673762
45842375
45328921
68406466
68590053
45837942
45721150
69495141
46350292
46337567
69457258
46361339
69392429
46298799
69510137
67588961
46490631
68021380
46981167
46449367
68105482
69049368
47786383
47460286
47482722
47504735
69670684
70009685
47711537
46888172
45526989
69925278
44502220
44311926
44425352
44335739
44415244
43726606
70358475
43658110
43515260
70080335
69652972
69749359
44045194
70039702
44288000
70556419
45715252
71646964
71333744
45753750
45701105
45548785
71640696
45014479
71598652
45231125
72207605
71839457
45840777
45794810
71360102
45824195
71033041
70402571
46312057
70444106
71006570
71005475
70967471
47110351
46774391
46484048
45692842
71772405
46703286
72323118
71952797
72178501
47049501
72905339
47114928
73467148
72674273
72653322
46813942
46661956
73379798
46711747
73413934
73203677
73193895
72385363
47161663
46924070
47540611
72548586
72374366
71757954
71191902
71668617
71543908
49565693
49552829
71888622
71675738
71606473
49879963
72073314
71138903
50412341
50590226
71339883
50678934
50910201
72739713
72987621
72687922
72635649
50030056
72467448
72478288
72503340
71900957
50759076
71663520
50428389
71313214
50899312
70360614
69872075
51087873
49966675
50041922
69450866
50694672
69195979
50693816
69763996
50687956
70342321
69579075
69319423
50954857
50977700
69596298
69909974
69571043
69571881
69191582
68741055
69108995
68966873
50943600
68792510
68693115
68596980
68735536
51061697
68696029
68172118
68386198
51035275
50841881
67856696
50761122
67833674
51019310
67795222
67762657
49961887
67974472
49948453
67570754
67422286
67666726
50348983
68616822
50532860
50407965
50451290
68901378
68620889
69170277
50925669
68982333
68930986
68914102
68000941
51680680
51614077
51500187
51673750
68526801
51424558
67726957
66994000
67016839
67146989
52564783
52426809
66819811
52333176
51602804
67123273
66564337
66568046
66784108
52489699
67456851
52652203
52815869
68083156
52546632
51812952
52059722
68138345
67315155
51951947
51869739
67537456
67641031
68021462
52577585
52385898
68142567
68093774
52217062
68226499
52444454
52646481
68685440
68139240
68088830
67743587
68046416
68313712
68372178
69109601
55667800
69293499
68506073
68052327
55227369
68520841
67342258
55622509
54297242
53897807
66549807
53020484
66891999
53191851
67165011
53762370
53259766
67577002
52636017
52060059
52030779
67433252
67201169
52631936
53012956
68004778
67734586
53126046
52402995
52180941
50698667
50960694
50978919
68759212
68694059
51637425
69067795
51452096
69327115
51761046
51795454
69918309
69747860
69750008
70139359
70133232
70222249
69657820
53129513
53659586
70390726
69935908
69518551
55478425
55286575
54985782
70759237
54838134
54800399
54739551
53997366
70945172
53712467
52713300
52198672
52142502
52134377
52144755
51974350
51371421
71247708
51642542
51089275
50548088
71579425
71003700
50584326
70956155
50620217
70398999
50828602
51117737
50196020
71194266
49717155
48616107
71382515
70971003
48550141
71458473
49126850
48999313
48159643
48657379
71562840
71395036
48374968
46362187
71801021
71892854
47586165
47249239
47017678
46983406
73825097
47073303
46328701
45070278
44484852
72964672
72622872
44568883
71893855
71293087
45093375
71590945
71563424
71831696
71608486
71092252
46287012
70208107
46126225
46391839
70173624
46012534
70131616
69896877
68987861
46398487
45872477
69666947
45571757
69631855
45358321
43964012
69882556
43948784
43663908
43766259
70275804
43853636
69770006
68773592
43823661
69114651
68394990
69121659
68934825
45266519
45230446
43883869
43555576
69671945
69606639
43963071
69880427
69392776
44522168
70581119
44785735
44035204
70318637
44314793
70454120
44448454
44307522
71512657
70478670
69982949
45179024
44306702
70669691
44349182
44366092
70526202
69711383
45242934
69833548
44190526
43976223
70240252
44060286
70275091
44253585
69515389
44271556
69514011
69429906
69313289
69324733
68474212
68387723
45490479
69216066
68847848
68136130
68200198
45604217
68409367
46223747
68514721
68566016
45745213
45715919
45781352
68934161
68669126
45589076
45730538
68726854
43150759
67211777
43243184
67546835
42949531
42680675
67865334
42706984
68173276
43832680
44282932
69943839
44117997
44007584
70003483
70666756
44655091
70820633
45291154
45465431
45043132
71579937
71530713
44958482
44618742
44711459
71883488
45589215
45594150
45669539
73434997
72762187
46086081
72843978
72243004
71501019
71491252
46244434
72153448
46588513
46281852
71943639
46076273
71975824
45220000
72016270
71935993
44893369
71771951
72455964
72161857
44836282
44768291
72749794
45040625
45045382
73243396
45129900
45460637
73537520
73397304
45706385
45547038
73865262
73768017
45356811
45440839
74006908
45425192
46287197
75100980
46721129
46862664
46991546
46793174
46798750
46885178
75588849
75712560
75798276
46959620
46970718
46641224
46966921
46971633
46618121
46721554
77535760
45631454
77742891
77708952
77662457
45754079
77438583
46649748
46676624
46539308
77606835
46671536
46703356
77850376
45612336
45624277
78228093
77642420
77587602
45368081
45439288
45291487
45463886
45839849
79059164
45856159
45840995
45203994
79222645
44011544
79483562
78586302
43981832
43621757
78397681
78306909
43925432
78459686
43895428
43847588
43671896
80004774
79589721
79361935
44637880
79296893
79409432
44584871
79235261
78925734
78362160
44594761
44507608
78066011
77979145
77883349
78077907
45756892
45985088
46526547
44820303
45381811
80249987
79974058
45585867
80145332
45378118
79979374
45175550
44543810
43456529
43412026
43095171
42958899
79831645
42930939
80056389
80128051
42622243
42196095
80233632
79978130
42182434
42344952
41562985
80658420
80777847
80037272
79871499
79741858
79650086
79186115
78982231
42966321
43065407
78733904
78624259
78315801
78112685
77594302
77300905
76420282
43561233
43467492
76695926
43610316
76174530
42338759
76072474
76096094
42509552
75856110
41960618
75347949
75486737
75710157
41909828
42064602
75539355
42315964
41787748
75682152
41944290
41500812
40973124
40664450
76237175
76159804
40910821
75249819
41427221
40280062
39659371
76324755
40873349
77406351
76002116
75755500
75875979
74970611
41925640
75147431
42284485
76039863
75799682
74781947
74195196
73586700
73356536
42442148
72732294
42470450
72907147
72793266
72946074
43172547
43252786
71516297
70964604
44329676
44359163
43588985
72396190
72908717
73156059
73635763
46136833
46965765
75063603
46670339
75619996
75328643
46626034
75737926
46828910
46732025
75811970
46956755
75459735
75287715
75448388
47355886
76378957
48173484
47190078
75964559
47351317
46877880
76166471
75789349
74897726
47110739
74860783
75020000
47468001
75299792
47551321
75766458
47556737
75425206
47706689
47447891
47773550
75476836
74678235
47974613
75024937
47303331
47101959
75063174
75109950
47682714
74435713
74039944
73941343
48089784
72916980
72879073
48261705
73078008
72426851
72330696
72265111
71154025
71008202
71011553
70973105
49370042
49264251
49065764
49145084
49124361
72078646
72064159
72243892
72024673
72058806
72057751
49251994
71299849
49102969
71551605
49816493
49653809
49529243
72095044
49173833
48366609
73079121
49100499
48764706
72620918
72499145
72558560
48573692
71777867
71658872
48680053
48603063
48309003
47992034
47726067
47675722
47461161
47131492
46938973
71715834
46841712
72047865
71403641
47378376
71137032
47508231
47802282
47777615
47376633
46506308
71999783
70193463
47317615
47233561
71165330
46777012
46906821
46223783
71296139
71158202
47787240
46331127
71114150
46132626
45381273
45877531
72212432
71739609
70319249
70229841
46409205
70074235
70164725
46616602
70458186
46695064
46500742
70628242
70099245
69995879
47005088
69977433
47346260
47430263
70274270
48357426
48765543
48811425
48273930
71841166
71949010
71274945
48476250
71515873
70949848
70475044
48708076
70149523
70286603
49019337
69880483
69915300
48975814
47637287
47747037
47096388
70628002
46951944
69255365
68636832
47063047
46906601
68893535
68683832
46618252
67106369
47112892
67161468
46570805
67649416
68041934
67921448
47663685
66446282
47478907
66105255
65995189
48543332
66484437
66664995
48386908
48351248
65417605
65280951
48364086
65010085
65038068
49035570
49116171
48540277
48582092
48388265
46943924
45860318
66017953
45024710
66248196
44633688
66501076
64935414
44774271
43879674
43463211
64992048
42686476
66007312
43259374
43759744
41433556
67078708
66984630
66945916
40702459
40859155
40419652
39785931
40146582
68046888
40277437
39346202
68788036
38600436
69130901
39224262
70099456
70129219
69947053
40752261
40720857
67810731
68052501
40880489
40784948
68813517
40638559
69018204
40472732
40168623
68500899
68002427
40760150
41263633
41109037
40913246
69427234
41030707
40693374
69864627
40061179
40045108
70740569
69979945
40077248
69484217
40361673
69667751
69754062
69822644
39919680
39756837
39937793
39242851
39225147
70501426
70518849
70530654
38904394
38863115
70573454
70642504
70552501
39386035
39500994
39279303
70969537
70987999
70922124
38763110
39005546
71288844
70903644
70725266
70460712
70068051
39252631
70619488
39476032
39729315
39991380
71461466
40646202
72010219
41051899
71835245
71787549
41741693
72003120
41830012
41694118
41761589
41900324
41548974
72129598
41389135
40969687
72365190
41148917
72405583
41653643
42129330
41226845
41267064
72632917
71583412
71862851
71822084
71463685
71199641
41931106
41621820
41758307
71248786
70333203
70901984
40979725
71433284
71578653
41755989
71536123
71435401
41779929
71288446
42197339
71368763
41600657
70941244
40535711
70925458
70426433
40676750
70785121
41070639
41094981
40421799
69942528
69178729
68810262
40541883
68064663
40735041
66790864
66363876
40393741
40069438
40051348
66624402
40508668
67002864
40650028
40185504
66899698
67091262
67260096
40710142
67398177
66277370
66623549
42076697
41885292
67322124
42190359
67327479
67416742
42149209
67536745
67415885
66831917
42623097
42602326
67535187
43210568
42928243
43321098
68851584
68373041
44594011
69137450
43975379
44451289
43653654
70105773
69451423
69551351
44023489
44100988
44062380
69731370
43570063
70860701
70667462
71340614
45577538
71985099
71790647
71917537
71965314
72332366
72476512
72248262
72247817
47151412
72321533
47357412
71565512
47531222
71507554
71393450
47715973
71591261
71462990
47909215
71365678
71424675
71111727
47610545
70732431
69500632
47476352
47438578
47386184
69898689
69829649
47974342
70431241
70410234
70543892
69828511
69646181
48242458
48166678
70217347
47627696
70323392
69085730
69121107
47665284
68299848
47672198
67910002
47336732
67434936
47193699
66883193
65788264
47774854
66206960
48032535
47665151
66523285
66487929
66421909
48094573
48292753
47746884
67648315
46990550
67743448
46914463
67561653
46556963
67451902
67324169
46583846
67495275
67066597
65679397
46759878
46674614
65874183
46852753
46366861
45467738
66273917
65873662
66236187
66438531
66887983
66995814
66993512
47842870
47784890
67338125
47435699
66457450
47339022
66845266
47590417
67204670
47737125
46616649
46327788
66870608
66815693
66688705
46501677
66642711
66375423
46883814
46687207
46609393
66268716
46858322
46744187
66526979
66416200
66311504
47639767
66782545
47411584
47045742
66717875
47687266
47459886
47217791
67510409
47517590
67625253
68066822
47998291
48051970
48026433
47514972
68743120
47651103
46863224
69455175
68072249
46934409
68036455
67642728
47222024
47297349
47012107
67866181
46956858
68013432
47263378
67066663
65963734
47777681
67026309
67362736
48593039
48034784
66513516
48145024
47874912
47702728
65813813
65304350
64461778
47154214
64384226
64595176
63909929
47573525
47506734
47169187
64347129
46419076
63662305
63308216
63445787
47040733
46623846
63818771
63121044
47548939
62812564
48078249
47936993
47583800
47667696
63078246
47897446
63058006
63040113
47872365
47973850
63465855
63591993
63883444
63182207
48307723
48335265
63911297
63893004
48828952
63842302
64007229
49009731
64519094
48887963
48920992
47955738
46397850
46380873
46165171
46065652
45974656
65240115
45961727
45604808
45770860
44970585
44092645
43862167
43720535
68222341
44565725
43846234
43879222
69003939
68752076
68829465
68839905
68853720
44655899
44623158
42404095
40930679
40785249
69663336
69301273
68371159
41258439
40912124
68228690
41040897
68412507
41101298
40729384
40677952
68674342
68232813
67378584
41048121
67303505
40883104
40124538
40076596
40073808
40077454
68459110
67279853
67331141
66856843
40092350
67539563
40400571
67230313
40335243
39819490
67521266
67075544
67168930
39573924
39503993
39072841
66896051
66749485
39262426
39088545
66940969
38349610
66912153
38454711
38352572
38154402
37423855
37541017
37724217
37818800
68214392
68095117
38377825
68293810
36269580
36644939
36918803
69052316
68760675
36774353
36423816
68713043
36075989
68530242
36616657
68117965
68743155
38055692
37960467
37569446
70047855
37803559
70155881
37969796
38056078
70237811
69971155
69614922
68914017
68871830
68391048
68113142
38586705
68557137
38286551
37948839
68495487
67736540
38768268
38122870
38327026
38391564
67981750
37960697
68160169
37345025
68609840
68775030
38573396
38307700
38786021
69970599
38067583
38340984
38182247
70374546
69469648
67883880
38479685
68055223
67792856
39117580
39378449
66798159
39382592
67310553
39344163
39095329
67647342
67232002
38378871
38321288
66480621
66740688
66272400
65588943
65793717
39617053
39693139
40074889
40102582
39839718
67483340
67461718
67410064
40644780
40192270
67626196
40236090
39836964
39891201
39554972
39248707
69783384
69638916
39887411
69675561
70029129
40567088
70779141
42232858
71776437
72103168
42964043
42607116
73152479
42459506
72931350
72933400
41714924
73095240
73044058
73394995
73272667
42480122
73215274
42772148
41903686
41592792
73585054
41967865
73633507
42008589
41917463
41974358
73809776
73828973
73716100
42249677
42287107
41969233
41914639
74075652
41734078
41522374
41497161
41017608
40783234
74533688
40780192
75021002
75116722
74783552
74802401
74780337
74871183
74817011
74306348
73746101
41938771
42303111
75013300
42882168
42366566
75553111
42194626
74281544
42226812
74207043
74298972
42659756
74330642
42820380
74972450
43090549
74822414
75101181
43660962
43251933
43193293
43403027
43151718
75725515
43120635
42717712
75771617
43151002
42689427
42635787
42494560
41878607
75967753
76105919
75737374
41796955
75835156
41943462
75341159
75143647
42080551
75010314
74712190
74848200
42462141
42638391
42989747
42643412
75941183
75716211
43034410
75629513
42984047
43249057
43271939
43047841
76310243
76498655
43500876
76363788
43526786
43197985
76264229
43158787
76342922
42839556
42534461
42298149
42150666
76377815
76513432
42638369
42622094
76615030
43051942
76187363
75746534
75034914
74845338
74410522
74215507
73685915
44125998
73686794
73585600
43029493
42531814
73645428
42834262
42601489
73982506
43122416
74328053
73957822
73995307
73072084
72724697
72227604
71995782
72211618
72338899
72353339
72499620
72474047
44726876
43955932
43787639
72491086
72293464
44236796
43484889
43437094
72785774
72577619
43617798
43851180
72843251
72065562
44413497
44275883
43055703
43254857
42979098
43017348
73481292
42955885
43382598
73361055
73237581
44095806
43589791
73988543
73327816
73066967
43817930
43972372
43666441
43462596
74158539
74236057
43510566
43703759
42278940
73605431
73723950
73458186
73204774
42830436
42404815
42477607
42627684
41817134
41846481
74952291
73912417
42551511
42187798
42356850
42050604
41657981
71424152
70755618
41009029
70923901
40733918
39505522
38322709
71840187
72131323
72161676
39080761
39299050
72643365
72412634
72329285
40267864
39481010
72778308
72650556
72237900
39318800
72172066
72126060
39469657
39627810
39264772
39507832
72993297
71716243
71676696
71548410
71547635
70881373
70938092
40004714
70668628
40314521
40025385
39821586
71528623
71527726
71261786
40778306
40562428
71643935
40941159
71962175
41241621
41377931
42047391
42032585
41769778
40467227
74769232
73401201
40809123
73660287
73183749
40774401
72965357
40705234
40623570
73662507
41188954
73886490
73535570
41205045
74066296
41447634
40592651
40259314
73947952
40436893
72588591
72523711
41135362
72764579
72685351
41283096
72964962
41272044
41341966
73312262
73231011
73458482
73486536
72923771
72676984
73106140
42531349
72162736
42734179
42762212
72640611
71934109
71918565
43652688
44117810
44398664
72042483
44372693
44165320
72417719
44507089
72495365
72370769
72279212
71769822
71366841
71095674
44514716
44303253
44330868
44026552
43696745
43565541
71185072
71071747
70767068
70802794
70585711
70682913
70508743
68890688
44496426
44441962
69079294
44741608
69045840
68821994
44800390
67166907
67060673
45160520
45123611
67150960
45085635
66668891
66000083
45902384
45910368
65896685
65431575
64568597
64577224
46534700
46494173
65027951
46564893
65327813
46594254
65417529
65068979
64944703
46670631
45147014
65421068
64596805
64623395
64303438
64324352
64371059
46269797
46430035
64109423
63615050
46446348
63690961
63658082
47410854
47431543
45541256
64620076
45677898
45374802
45107024
65400071
45910415
46131497
65939385
65626159
45997732
46394337
66258374
66578703
46340458
46270873
46106452
67564223
66210660
46119179
65851388
65903027
46764769
66004975
47088844
46870268
46459843
45205730
45061720
45046884
44764655
45029907
44870870
44706262
67753564
44630815
44974019
44554002
44870650
68794629
44057213
68757018
68287783
67896616
44443279
67092296
66647656
44430630
44416151
66203627
66232851
66415935
44361437
66239678
66173501
44503916
66415024
66362692
66857311
66739145
65793507
45804069
45657998
45625695
65901998
65882194
66226312
66159182
66408717
47667624
47104405
46712026
66858652
47164550
67209654
46643864
46132609
66921844
45448774
45365928
44953830
67962602
67855494
67455986
67476459
67218587
67143074
46102169
46222646
68365237
67819169
47099247
67833358
47276296
46928328
46525678
46356744
46456628
68678284
45652734
45882837
69190852
69200554
46702978
69526214
46640564
69365631
47362669
70068419
46739248
70415460
70221856
70775212
47894362
71189674
48185336
47147447
46439768
45756162
45699755
45702405
45062430
71825214
44502654
44042499
44043120
43935491
43982143
72179739
71987817
72000978
71883134
43717489
71892562
71153885
71170702
43928260
44224650
43874072
71507301
42961391
42475084
71955212
71342632
71389000
69841350
42996382
69818611
43185770
69997974
69016037
69099135
43244042
42945157
42874306
42844295
42299909
69833509
41931501
41982923
41768168
69424013
42482728
42462276
70394966
42949569
70064917
41689323
42071548
41777986
70584089
41405847
70789861
70881527
68655296
68541338
67946114
41587588
68237341
68171267
42220715
67420439
42398359
67930318
42887676
68785150
42982049
67650576
42529891
68208644
68217605
67188374
43307953
42920938
67449994
42951173
67588590
42515085
43537893
68781852
68956346
42340894
67959464
42758491
42421513
41483969
68864248
68761937
41183624
41949306
69679749
69920014
70136105
70666484
70713487
43134432
43370324
70429898
43372078
70680547
71441826
43872893
43872145
71266494
43641800
70983719
68431631
44474496
69220606
68949521
69070100
44053248
44026460
68773455
44434553
68667786
68461415
44728512
68840975
68315662
44297562
67805674
44417802
44779667
68694709
45011104
45093237
68997609
68255325
45251134
44726465
68676181
68816764
45190082
45094540
45387440
45259565
45969991
45826012
69953209
45629002
45475794
45746879
70589286
70423418
70401693
70477687
70658785
70269379
45937999
70313696
46157417
46486851
70531376
70873986
46832023
46638943
70996932
69779205
69423935
69462772
69802959
69915432
47301701
70256297
70468215
47791565
70243398
69888067
69990604
70317107
70234161
49049940
70573013
70748731
47266855
47299476
70765706
47671813
70932009
70726737
47615172
47282687
47403885
47013662
71135141
71018960
47113445
70529555
47095653
45970825
45753733
70956644
71101151
71258346
71079851
70207501
45880475
70498438
46472192
71324630
71457465
71023525
70959976
71014187
47250363
71088163
71126736
47638261
48245685
48471698
72146542
71973638
49172350
48928223
47549195
47285325
72394213
47187063
73054641
72976557
73130820
72487331
48334225
73536170
47608598
47396074
47341492
73284615
72996844
48200175
48209954
73370273
48906410
73379027
50086172
50816769
51200789
74427737
74293289
51622076
51527926
74489314
74167237
52367182
73757550
52452172
52116611
51756659
51639384
51928076
74972568
74863905
74922315
52268007
52135675
51945453
50871083
75433903
50806565
50697243
73976499
51094744
51080257
73369224
72753020
51425966
51558582
73653170
73857487
51979569
51571600
50901733
51338601
50860214
51279478
51976919
51868996
51834672
76254766
76275000
76128322
51068003
75942905
75769116
75764847
50953697
50672903
76288493
76087097
49710947
50384831
77335339
50356188
49847102
49931273
77277816
50016772
77797581
77334872
50468827
49875072
49587905
78030555
49202179
49524758
49907229
50138166
49373442
79534860
49016265
79430688
49071255
79831953
79630658
49634322
79287004
48621690
79121216
48771233
48841240
47408005
47126990
79325105
47497369
47167964
46680672
46594108
46684967
80052757
80212615
46873964
46757909
46503009
80427266
80477729
80615163
46894637
47093136
46833647
81456186
80595753
47203258
46803338
80900060
47328662
81090345
80206208
47118105
46690417
79629051
47306957
47700245
47471748
80944017
46741309
80218517
46712910
79980288
79368256
46588004
45727696
45709597
43737555
43309591
79469916
42223993
41770182
80299930
79823790
42603837
79890050
79239533
78690254
78835712
78716663
78655874
43339456
79241109
79217975
79311912
44090376
79520434
44782303
79561938
44823848
44850064
79792426
44912963
79681884
79498205
45133518
45107052
45009318
79326489
79259205
79596157
79516277
45121688
78964845
44620248
78975094
77981160
44098019
78078438
77963910
44620813
44002597
43676764
78321621
78174815
78100563
42965565
43222711
78701020
43495547
78547741
43610672
78439260
78245743
78084344
43441588
42515411
78194955
42587992
77869348
43066817
77908073
77996654
44004623
43195771
78530402
44563173
43779197
42711576
42021115
80096335
79629152
79420083
79078634
42756996
42480862
79297055
42593185
79412160
78494500
41985289
79115867
42313447
78453365
42202721
78911043
43186036
43034228
43016017
79670785
79029216
42457446
42446638
42111347
79279837
42116823
78696696
78405221
41982603
77958486
77482574
42365369
41925579
42036921
77440809
77257750
41836546
77240065
77447575
42539100
77737789
42798816
77800703
77593226
77499207
43726782
43842504
43432387
43485650
43074530
78346964
42682731
42730720
78502962
78468248
43121762
43018834
42537748
78309544
42854944
78223000
78343228
42822095
78379365
78209708
42433507
77001775
75926387
42615907
42254182
42311379
42309466
76526437
41983979
76712054
41840782
77183966
42171134
41983118
77102155
77486215
77593213
76809997
76888134
76474416
43377188
76544234
43644401
43052933
76891743
43262745
76549101
42366924
76271058
42342581
41690406
41555134
41761359
41789911
77633056
42520997
42512438
42256810
41988930
42046259
78814980
79060612
78870300
78603987
42534466
42214408
78916770
41851897
78628253
41911065
78954236
42492555
78744482
78741000
78644884
78441730
42612063
42434217
78708225
78186419
42786086
42252737
78529045
42483061
41977383
42443637
42390668
41953666
41375690
41334208
79889661
41209360
79455020
79512216
41435609
79359981
79530033
41547435
41536807
41927215
41898863
41833123
80361680
80249526
41965033
79428710
42016175
41460051
79732365
40489538
39363066
80094149
38978963
80163900
39215508
39147298
39443248
80798817
81021626
80862085
39892333
39800856
40003881
39436085
80640282
80821491
80269810
39645411
80146037
39875871
38992935
80707884
39107087
80612993
39415297
39543975
39399771
39280710
81606580
39629028
39029716
39021183
38434997
81740061
38967246
81857287
38216611
82085001
38434475
37027046
36905172
37006829
36929350
35808796
81675485
80537680
79047331
36045706
35955943
35913040
79368448
36041781
79501588
36528238
79866224
35730645
35989836
80003076
36025488
78975386
79298450
36628281
36658188
79335649
78494893
36852032
78271981
37220989
37355263
78609220
37161502
78803031
77936095
77722218
38410425
38255806
77580670
37968790
37078236
77410692
77411065
36600933
35798182
77392280
77620302
77643798
77388995
77379661
76149068
75772234
75146750
37273818
37301847
75403942
37370096
75077782
37727431
73320871
72640158
37513827
37454070
36910672
36934362
37114968
37030679
36480413
36091115
35799640
73261188
36051215
72989204
72654896
72246392
36442875
36114129
36073316
72367772
70472333
70338118
70047886
70000622
36262666
36073185
36423826
34734990
70605356
34323964
34596059
71042648
35685698
72366613
71945664
72269774
72584803
72531635
38163315
71789125
71575930
38443377
71954273
72159068
39841997
39653860
39064567
39132048
72863858
72084795
72375911
39010194
39007107
39329580
72568657
72571013
73077231
73107698
40537497
73417415
40822754
40130534
40150155
74072526
74262699
74451974
74281304
41435247
41360856
73878009
41368988
40754250
74001166
41562378
41650125
75480807
42146911
42129867
41913254
41217369
41044557
40917915
40868421
75868784
75931721
41326753
75660752
75553993
75142713
75209057
75643051
42679979
75393086
42634524
75380103
42365994
75408394
74947572
74419833
42622979
74783801
42720612
75017639
74789936
74784618
75235369
75159956
75784531
44784691
44761352
44561946
75528711
44923409
44738168
75857773
75579510
44844313
75152237
74738549
73570541
73455879
73451307
72594650
72266313
45949692
72754040
46177200
72998703
46000055
45992600
45763697
44920466
45272514
45172754
44946941
74060014
74263086
73561719
72859063
44950918
73010270
72894621
72785437
72816641
72717276
45156036
72772991
72840003
72649410
71967707
46430793
72151632
71826276
46511102
71589608
46450057
71939924
46636240
72262175
71291887
47361697
71607183
71843534
71178936
70880503
48065366
48146557
71575502
71294731
48723620
48623099
72184018
49201961
48476426
72652333
72915904
72948812
49666573
72933976
72375457
72417266
72371167
72294694
50915079
72650052
72338758
72310979
51350396
51748892
51810071
73198650
72567257
52448472
72735323
72794367
71546171
53384872
71023490
53799359
53555622
53337584
53326941
72005068
72235127
53853805
53760200
53954902
53796226
73292168
72793387
72647714
72101662
71888641
52851841
71618019
53826721
72608141
72351038
72305946
54429430
72827185
55040713
73611422
72399772
72357421
55163935
54899373
53761905
72195332
53982941
54350304
54392121
73442860
73227493
54827436
72574028
54830748
53285050
72583503
53548060
53417076
53076000
72876452
72437940
72001882
53224095
53286569
71938198
53381463
53404910
53665811
71964587
53954278
53968754
72165837
54224066
54071937
54186746
53656233
72659133
53920930
71612398
71278856
71372520
70822443
54104565
53635577
70796844
70794987
69612304
68987610
68494342
68250289
68058488
55493034
55198580
55564478
68873018
55564840
69287192
56072669
54755591
69690586
53090702
69217189
52580081
70018406
52238729
69577863
69381582
68927318
68872204
52838691
69049673
53122121
53165975
52504261
69575499
52800586
52338270
51732862
69585720
51408875
69381351
51414218
51554468
69714245
50379022
70193740
50324657
68942528
49775296
68998406
68814340
49888384
68846582
68614411
49444226
48922243
48537904
68733236
48783220
49484823
49768834
69746018
49958279
49838063
49956076
70002837
50155731
48909124
49086397
71408047
71601194
49521663
49264745
49475520
47503660
47491559
72934980
72757337
48224011
73185680
73110302
72927186
48074641
72375952
72277223
72502767
48654209
72727481
72102654
72314641
72399610
49431955
72772001
48321689
73017739
72610372
71269357
69674351
48575626
69905470
69360435
69034213
69202397
68706450
68850433
68528274
68449926
50286397
67755148
68629146
51610089
68645454
67971426
52169096
52122447
51617998
51479409
68252220
51320483
67983423
68143873
67988857
67448718
66875975
52010389
51474246
67534813
67565371
51097956
50993237
67558017
67153234
65579974
51339871
65400497
50989547
65801740
51818065
51160294
67175605
67018985
67058325
51227401
50948450
50792828
67803028
50856336
50649537
49345647
67841850
67750321
67531803
48598149
67712394
67963923
48737237
48539115
68507441
48261912
68197391
68125412
47963100
47279649
46796503
68257001
68200672
47253992
68121812
47833944
47722785
69044516
68634640
46793066
46736300
68119179
67698461
67693752
46950384
47152559
46956875
46097768
45347938
44763979
44267516
44374931
44273422
44259032
69299641
69211722
68858843
68905395
69125581
69275993
44725405
69600105
68985420
44805097
44322745
68925832
44584486
68010825
67802675
67639055
67609276
45194617
45238972
67900130
45405164
45409657
45050478
45040609
68080554
45106118
45208166
44968459
44462071
68858579
69081620
69031710
68866159
45163882
45347113
69026039
45592773
69163432
69354836
68998616
45720922
68979219
45885506
69234321
68942766
68804460
68486508
46734989
68099283
67986844
67954108
68118732
67353633
67187508
47196494
66491899
47508316
45658533
45911447
45634060
45312339
66760075
44636024
66794247
66514616
45463004
66482811
66460143
44689158
44786773
66654757
66241751
43633484
66077419
43219643
65967294
66273536
65952591
43452935
43157443
43645190
43339008
43473736
65738723
65586013
65382550
65335399
65075773
43456850
64381397
63252083
43940475
43935064
43842700
63862307
43643453
43810163
44175062
44144752
43783353
64062173
43983391
64268797
64276115
44234809
44098812
43419624
43251112
43298557
65488257
66023678
44577999
44483250
66274840
43970544
43887506
66074716
44782150
44788146
44919997
67782727
68370272
67877889
45603286
45531297
45859685
67459266
45116875
67779801
45271204
68382896
44795110
68288275
66909419
44205132
67756277
67469772
67322885
45217925
67394940
68469490
45811810
68731885
68716582
68013679
44738001
67941112
67565194
43916414
67640302
43551805
43557017
67701929
43635298
67608989
67879752
67567270
67632512
44393809
67773939
67593702
67563500
44533600
67643013
43212043
67092043
43139959
66796007
42745265
43602845
43413377
67863754
43531787
41857117
41591354
41060817
40753211
67889002
41161735
40903748
67971993
41050940
67071406
67239362
67425604
67488544
42122702
67525968
67428830
41785157
66890608
66064207
66466681
42310336
42216263
42574304
67251401
42560536
42442360
42953590
43160049
68444510
42489562
42288776
68868321
68708414
68899780
42589909
42694195
42126512
42371910
69930078
70264505
69836286
43266500
43127649
68715214
43264764
68723056
43144417
67776611
43672993
67814785
66618775
43901989
66903141
44285103
66206294
44270966
43496433
43400749
43148180
42782086
42407194
67085690
67324265
67167845
67614591
67564131
67484026
67894782
44427527
44351306
44436292
68614796
68907639
68464925
45696808
45746830
45728600
68931734
45587228
45826635
69417978
46373668
45847988
69941379
45679995
45404516
70095856
70156855
45688443
70593698
45875510
71048824
71093231
71063530
70958840
70795489
46237132
45901432
45876552
45739295
72013352
71666246
46115498
71222875
71063418
46491715
46541280
71190639
71106001
71233361
47337164
71146903
46733315
46648430
71117411
46892873
71792887
71380101
47175065
47296998
47257988
71517629
47716103
47110020
72055219
47308903
47185843
47520628
46811644
46845230
46907823
46917641
46710808
46471608
74087246
47622696
47591232
47649466
47721377
47890381
47768703
75413452
48084116
75645086
75650771
48124201
47247332
47607122
47502827
47516004
46392661
46096562
76926597
75272864
46277967
45008793
76216564
76937514
76602933
76035418
47212653
46933917
46565093
46232751
46083781
76651119
76877837
76661903
76882251
76660358
47402327
46931109
77607046
45880131
45030236
77759093
77517815
77946394
45442198
45754414
45828761
78309365
46166935
77599671
45515322
45306072
45385561
45138997
77872223
44754799
78256355
44277839
78044480
78103172
44434590
44254623
78102324
78069364
