244762
326095
634584
710904
803041
898581
974710
996401
1045985
1046125
1110840
1294650
1248391
1385921
1339373
1435300
1533357
1502385
1583463
1686244
1610003
1658973
1644170
1708121
1705851
1779843
1904877
1849058
1977250
2074807
2063907
2261538
2128859
2124060
2177335
2634034
2530491
2641104
2530097
2618324
2819152
2944419
3031111
3086830
3201807
3285314
3357027
3491249
3551281
3534077
3603053
3630203
3779726
3889428
3862810
3970139
4095148
4155330
4128297
4195865
4352584
4442128
4334448
4544414
4515619
4609086
4658333
4593076
4622923
4856494
4878970
4971355
5151280
5192736
5181984
5193201
5140466
5143605
5160605
5120501
5104209
5308906
5404106
5283672
5264688
5589581
5545022
5643770
5743434
5842407
5842925
5930432
5936075
6007325
5937592
5986546
6113259
5994320
6100421
6037087
6122744
6125345
6126775
6277016
6361809
6879356
6650060
6705391
6787211
6877221
7064405
7465013
7551542
7179349
7554792
7558804
7270776
7649573
7370326
7830407
7528930
7662640
8422438
7953872
8009728
7999497
8033144
8621605
8652053
8100012
8112763
8097151
8095847
8712446
8154092
8255584
8331078
8895173
8980381
8426644
8410092
8357684
8428835
8397034
8472150
9258366
9354244
8645418
8590040
8553598
8550450
9532698
8721472
8816731
9620447
8772496
8778551
8773779
9808376
8937831
9888921
9030890
9120817
9114484
10157295
9304691
10145706
9332445
9263855
9246945
9249654
9318039
9397060
9374398
9360417
10523302
10512124
10581589
9515322
9512521
10673016
9506008
9581088
9566652
9609958
10931483
9686631
9682382
9628194
11128478
9716111
9798604
9866795
11333903
9873976
9910226
11559496
10280049
10333481
11839853
10518842
10521275
12033799
11991537
10486925
11985473
10570985
12162882
10663724
10770181
10761765
10837185
10933692
11022930
12663416
11126559
11112626
12760398
11191351
11192099
11259877
11341200
12956013
12929866
11462715
11467735
11464724
11447252
11410116
11475512
11483617
11544392
13395836
11544408
13463043
11606683
13530226
11800431
11796308
13725901
11860333
11860181
11847783
11817503
12010486
14016832
12087954
12091255
14082986
12276613
12238827
12197342
14240435
12225585
12225049
12172597
12155663
12230342
12323265
14437478
12460580
14706869
12535320
12534029
14736669
14815641
12711858
14904397
12883077
14992400
15080691
12940285
12937499
12949538
12919522
12867984
12857017
15263369
12895259
12873419
15456324
15511238
13402008
15787955
15770345
13484620
15775844
15861590
15859584
13654479
15883775
13763148
13850449
13834350
16140221
16097933
13955670
13861337
13795773
13794292
13783848
13722135
13730106
13736923
13732082
16377631
13895278
13920689
13904145
13984822
16728689
14041341
16824949
14039453
16806874
16886079
14137123
14120723
14118436
14193947
14194030
17193871
17275035
14581991
14606217
17543746
14805588
17739787
14860861
14801748
17820098
17914776
14891880
14915727
14938714
14941079
18105806
15016618
15005311
14995169
14986904
15072913
15070564
15063459
15059897
14994993
14978896
18274127
15043775
18247838
15043918
18410070
15326048
15416177
15402953
15384578
15388388
15390048
18701226
15461041
18795857
18874138
18968265
15739988
18966945
15713122
15700384
19061250
15939654
19236912
15966955
15940993
19317760
15990478
16001378
16388509
16337980
16426095
16819192
16904688
16995785
16958107
16944442
17015261
17117120
17225798
17271498
17362950
17531566
17568316
17730992
17682129
17661012
17732633
18249899
18317529
18298702
18267556
18341300
18359722
18387673
18350437
18265839
18345625
18420261
18614723
18589837
18588008
18641780
18680534
18648154
18718552
18818013
18811398
18890983
18959830
19229842
19417427
19325701
19325046
19309905
19378714
19663384
19766471
19762359
19841451
19777416
19745742
19722378
19818563
19815670
19898067
20047395
20320373
20303751
20382608
20487872
20564173
20543376
20544070
20576402
20671195
20412640
20886442
20919947
21106490
21105388
21134185
21323972
21397527
21420845
21479569
21570558
21636483
21636704
21659429
21769954
21741936
21843639
21684734
21762800
21759919
21756041
21821594
21814603
21803082
21888051
21984662
22150904
22151283
22211802
22203046
22276743
22376246
22368821
22449859
22634273
22787641
22769472
22747109
22735779
22710505
22781641
22882086
22954881
23133503
23206650
23305813
23460923
23450956
23531283
23480926
23481599
23468335
23831036
24020971
24105233
24181792
24174655
24364174
24326977
24707947
24814812
24916426
24884161
24964596
25247129
25320527
25396929
25427445
25529362
25486440
25525759
25414523
25486947
25589061
25745140
25842585
25931072
25933559
26111298
26317154
26294925
26293048
26290872
26428625
26274490
26284198
26542726
26830031
26843065
27042999
27238700
27442337
27412885
27562947
27632713
27712959
27701184
27855072
28026852
28092809
28260786
28505061
28594033
28696946
28946945
28906403
28886683
28973790
28974386
28972711
28974550
29059411
29008145
29089413
29237553
29238575
29191463
29335446
29379418
29377617
29411453
29595468
29571764
29491774
29489675
29443914
29433336
29421303
29494676
29490155
29382423
29362390
29394877
29344974
29341759
29334729
29417571
29681161
29842240
30021848
30227692
30414364
30484254
30571053
30566872
30830604
30849828
31050757
31000702
31059057
31268267
31416715
31507412
31465338
31554350
31896133
31959371
31877573
31973125
31964663
31933478
32284136
32350334
32439209
32432409
32483801
32465796
32460328
32444684
32527266
32513971
32490818
32551021
32633830
32718736
32796993
32869823
32859273
32907577
33007547
32991433
32961834
33053504
33138732
33215810
33264385
33257371
33236822
33268552
33357046
33538886
33497229
33482901
33478261
33547269
33612496
33612299
34301859
34310586
34308235
34300572
34454126
34453909
34417444
34492017
34543917
34516617
34604488
34692508
34637525
34633333
34598488
34586638
34663869
34859868
34856323
34855468
34921764
35108374
35114219
35090942
35132616
35139894
35230589
35392248
35393754
35446232
35452436
35487298
35585467
35583273
35624895
35809059
35783598
35783334
35871316
36089521
36167690
36256531
36343381
36342128
36431792
36508647
36590609
36589774
36957803
49410019
49502286
49691905
37346478
37530375
37522299
37607063
37587975
37673920
37677580
37860923
37761929
37779115
37866297
37849443
50518761
38033412
38104985
38204125
38195899
50908820
50829022
38340652
50924613
38477976
51008598
38468258
38551614
38561439
38811105
38894655
51610237
38968864
38966781
51687898
39018295
38991010
38955319
38938382
39016939
39297384
52084002
39496091
39505568
39422093
39435065
39353431
52382575
39405085
39512438
39495416
39522932
39511326
39588360
52780596
39816787
39821441
53449832
53706041
40993377
42098597
55388588
42279265
55671133
42650152
56312800
43245394
56808195
43652853
56976689
43843716
44037346
57255041
44235205
57438885
44629710
57726285
57806389
57993392
44929814
58152633
45207087
58350088
58531053
45605837
45804960
58900556
59097295
59176734
59170937
59126314
59152995
59125360
59176661
59254104
46437030
59434861
46830189
59629620
46901508
59834718
59895690
59992255
47276688
60085165
60145692
60146115
60106621
60106577
60181924
47660240
47740781
60364131
47833309
47845732
60735399
60651353
48418784
48597942
61438013
49256872
62013205
49455715
62306168
49626732
62307234
49583294
62393072
49968445
62949051
50360925
63100712
63524881
50955743
63510855
50895530
50983192
63597939
51063978
51729366
52122536
65054839
52721653
65737687
53222646
65901016
66383917
53800595
66538433
54387229
66935801
67317541
54868894
67480187
67578921
68262952
68558588
56040702
68758651
56422731
68950275
56561365
69068333
69460372
57548712
70139423
70518872
71621173
59351795
71934922
72027732
72421229
72691218
60543946
72987985
73480417
61183482
74179318
61772302
74474400
62168558
74745630
62466740
62526446
75036652
75223387
62902173
62988867
75457508
63273217
75639887
63246477
75935315
63546297
76127931
63647001
76172762
63919518
76540425
64293092
76602242
65535401
77976736
94521241
106920006
106900431
106903263
94566309
94546423
106961007
106966930
94589066
94605324
94551733
107034275
107024478
107033926
106990425
106993164
107032639
94646657
106997788
94653000
106984979
106999727
94671895
94629617
94624074
107035574
94672820
94644253
107055522
94640405
107064955
94676410
107096732
107100244
94593657
107105423
107062339
107050002
107004436
106987244
94622361
106985327
94576201
106994270
107002593
94641297
106971185
106930504
106886231
106885012
106849634
94640256
106857190
94665164
94675206
106898322
94679854
106861878
94669404
106861841
94666446
106838066
94623080
106804349
94555096
94546288
94542618
106818177
94421141
94441729
106833603
94379374
106860510
106874507
94416493
106920705
106906948
106866617
94429662
94416095
94359397
94371862
106848352
94356196
94342752
94336018
94324523
94293303
94292779
106905985
94302545
94257491
94197498
94160859
94118315
94143516
107011820
94176198
107012302
94161218
106916141
94140666
106933251
94158074
94154030
94155014
94114843
106969354
106977435
94130087
94148521
106987650
94150540
106923702
94122566
94092530
106962193
94117768
94111075
94100604
107024473
107018429
94114531
106996098
94094675
107000621
107005992
94152585
107002795
94129712
94148345
94146041
94138269
107059914
94062070
94055234
107058486
93979335
93990360
107071299
93978526
107046636
107027397
107021467
94001935
93969929
107032768
107052831
94039943
107077117
107082049
107102574
94096775
94084058
94085709
94066790
94067255
94071327
93978671
107178212
93980106
107195386
93987031
107166172
93987026
107193591
107197820
107183885
94027293
94049819
107197274
94034517
94047958
93941649
93918934
107228590
93919517
93918392
93921462
107156009
93931276
93880650
107187394
93904299
107193786
93876929
107161814
93759986
93764643
93744644
107164865
107153105
93800249
107205872
93825952
107209886
107179945
107182342
107190607
93858768
107191320
93908579
93850022
107229885
93787944
93774374
107238667
107232602
107260197
107269966
93845020
93809596
93802806
107281710
93745896
107285745
93728760
93707695
107274285
93693541
107278627
93693773
107232179
107216857
93718558
107219703
93689120
107214972
93677555
107218513
93684279
107220594
93687390
93679726
93670965
107233170
107230440
93585163
107193078
93588762
107211819
107216423
107227592
107234267
93667358
107261442
107268397
93657623
107237402
93631830
107158514
107204309
107143206
93733074
107142492
93762379
107146997
93744475
93695612
107166893
93622955
93624293
93616579
107183794
107192306
93639966
107214034
93637840
107226948
107241096
93668050
93647669
107279519
93632875
93608419
107283222
107283894
107263809
93608961
107265453
93609832
107255063
107258666
107274878
107252783
107202929
93692975
107216560
93692989
93672928
107242727
107240252
107222981
93677538
107233910
107104520
107089799
93707553
93711123
107141716
93746077
107161061
93773590
93789891
93782997
107161674
107205219
107187556
107191325
107166839
107170585
93837731
107078741
107071369
107058666
107044425
93775457
93775321
107076515
93764442
107076096
107051278
107049014
93766033
106988273
93761251
106991780
107010001
93783449
107022602
93759637
93741762
93711415
93678771
107042763
93682430
107056345
93682691
107057236
107027714
93683697
93688916
93652571
107085198
107064445
107063475
93707939
106984954
106978238
93725856
93717648
93707719
93708000
107038789
107036400
106979669
93736326
107014411
93738805
93734663
107046020
93755174
93760619
107013536
107065653
107072028
107078247
93836220
93825976
107053730
93859388
93870025
93893375
107126132
93892703
93884988
107139949
107120357
93890504
107017530
93841261
107016143
106979131
93859439
93842773
106999366
93851674
106974026
93861622
93861291
93868816
93877681
93876577
107042103
93937463
107072899
93981809
107092927
93978101
93982364
93983132
93974319
107142967
93930159
93952932
107187081
107154746
93956838
107173011
93980588
107172331
93982327
93983629
107220386
93925373
93928745
93899290
93895473
107214565
107238965
93895337
93928040
107306314
93935204
107297887
93948072
93892940
107342551
107256035
107194380
107212731
107216273
107156169
107180267
107157164
107179155
94025639
94080931
107249243
94076280
107293622
107302708
94098036
107282766
94067885
107233582
94076779
94097502
94096544
107274553
94022207
107288827
93986433
107292481
94018977
94011302
93973467
107351705
107369137
93997955
94013699
107389280
94006052
107375688
107335092
94009022
107336496
94018813
93991526
93998724
93924208
93856064
107371250
93837365
93842183
93849718
107418455
107422987
107384613
107373865
93849475
107376835
107363829
93855946
107389453
93897537
107337194
93917082
107342925
93932776
107336950
107323274
93940694
107321894
93935178
107345256
93940796
107315184
93958567
93952536
107357922
93891566
107300390
107292623
93894605
93887288
107299454
93889208
107332754
107322658
107325007
93920438
107341912
107381836
93955929
107391197
107383433
107387843
107359814
93982894
93989403
107355582
107331919
94007319
107291080
93965685
107295053
107293853
93976240
107267996
107246106
107254906
107240470
107245127
107232488
107222101
107213322
94049336
107212874
94019931
93952370
107235429
93935547
93843307
107243529
93853841
107243072
107267113
93870564
93857843
93782982
107251357
107242552
107239596
93830908
107154705
93854364
107160178
93826339
107145320
107143158
93812747
107183221
93882433
93912355
107121913
93891247
107119733
93906665
107122291
93907980
107119376
107126565
93932673
107133659
107079396
93972396
93962665
93962345
107103092
93960331
93954763
107097278
107056542
93995619
93972532
107064969
94013618
107115094
107057901
107062631
94037203
94062624
94070642
94054870
107097235
107094328
107092267
