68498
33231
6558
22418
17054
24773
27129
23769
21617
26461
19136
22170
16021
30137
21286
22696
15597
18887
23595
16321
16973
5954
10859
21407
33331
16517
16616
15449
19010
19620
16874
5406
21819
24314
19118
16432
21567
23716
13390
17079
16670
14679
12758
20978
18275
18121
11671
15933
5515
18754
18702
16593
14601
16395
18332
17116
20727
16485
19026
18476
10154
15917
22951
18495
18017
7335
18767
14109
18118
18311
19400
14913
16108
16799
16424
18279
15244
15494
20646
22834
23731
16942
18928
17965
15242
19829
17059
18719
8824
16803
21559
10905
13078
13457
18994
18321
27150
8204
18797
16803
18927
18488
19005
18001
16152
15710
28208
27679
17156
12263
13778
20718
20430
15982
18021
15256
21547
18009
14959
22208
17883
15539
12088
11837
19538
25567
17844
18619
15367
13590
17065
10436
16580
14606
18866
12589
34556
20825
19312
24506
11280
18275
21255
24184
20708
5330
23669
21527
15012
17805
25183
19907
18397
25045
34050
16609
40039
17092
16829
5895
16094
20472
66202
16587
18748
18616
26563
16876
15620
34654
17901
16799
17805
22312
36725
16646
21047
24836
16270
16118
26236
21351
17044
19421
20499
34952
15649
14479
15024
17261
17523
21294
5074
22182
15096
9588
173844
164123
241262
24500
175048
195860
18379
124422
35818
210350
122633
13722
19685
213700
40294
26400
19361
19075
465200
138376
14803
16427
351168
267046
199640
75465
9294
29981
18022
703564
83416
31343
91398
181096
82648
246945
178030
17994
17573
15958
269915
65847
19275
62636
23213
28229
99992
41247
50456
20448
91258
81347
19565
98347
121489
72006
30098
24865
154738
15428
279042
109557
44992
18705
152895
17264
278362
19008
64477
19293
93725
39075
24204
398011
20806
27185
16525
24085
33506
56297
39923
220161
39267
101599
51077
15377
24027
19127
25176
122892
80770
154226
18278
79449
162450
46903
8982
153302
88311
17533
89498
83705
160243
36182
87441
41733
18422
33118
24443
17894
18303
254656
19755
46018
184531
40422
57042
21525
193750
19448
15696
258700
218712
16761
15123
17775
23253
314090
146623
113433
19904
182315
15775
25132
18485
19714
473977
20752
36679
18765
160001
46848
174419
90182
14014
16110
330241
87957
35972
121352
16238
17913
199973
97256
51166
21458
87946
81152
17687
17718
19175
563400
19506
49712
20074
19238
25557
18204
20406
574782
14793
160869
14829
13022
16893
22297
28501
726162
215171
42788
56459
5310
20386
18667
257912
6522
61692
36995
19130
18984
336313
18882
16889
320876
125999
12734
166201
18936
19677
282849
68752
14186
175170
143814
130605
175379
16238
24083
21992
715531
15649
5826
17068
147876
18693
17223
144186
17023
153131
17819
47343
31743
19243
34255
16989
62685
18811
109670
20555
92816
20363
290050
28607
20136
97893
86073
19310
307607
17071
31381
182878
46588
28645
20116
16900
181747
18300
13320
80089
48198
21500
6519
14417
13507
6145
510294
19225
146434
22059
320473
5426
19020
35677
14790
381477
16423
12275
20464
176522
17874
19815
23601
287023
34719
21939
84602
252614
39983
17489
235377
25049
37076
25155
17785
143296
20112
176190
20804
121968
17408
17482
16765
17519
18356
6181
16775
32818
699504
18695
182785
19122
161562
135626
35814
20038
15989
317828
17936
23503
120866
50239
45621
451280
14223
46834
17838
16464
18670
16768
367154
143563
29503
31665
23391
11818
20262
239713
18913
16167
24187
15961
14809
24574
14829
741410
32316
19169
17583
328765
14994
144269
44223
16294
11857
19905
22410
22183
21279
18399
18640
606544
125700
33458
19689
126036
17439
140959
20035
251131
22988
81963
16256
151392
67079
209408
167699
16589
244127
25431
15052
223520
18748
14946
597755
9079
15308
120867
15448
18854
222631
17044
92577
40462
73178
19273
32933
8960
16100
145805
16839
94730
14710
11261
19163
440771
41108
101262
256392
209582
13790
16406
308060
19776
14734
16708
17160
174247
20235
141261
146517
19440
266363
21286
18347
18709
15089
18460
14058
486181
18522
191450
15707
15782
5773
120299
49048
19431
206584
4455
291737
278945
17839
64820
136588
17355
17984
17408
17888
11092
16033
22423
469608
16691
20761
111971
17093
16085
301149
168447
24391
32329
15180
68059
18684
19519
159259
40128
96434
14563
92550
17824
230282
59573
16008
433484
16438
76953
66948
103481
15711
79346
60955
5348
26136
17354
15528
16828
5537
835883
16232
15502
147246
20388
467079
14731
28144
17740
17949
17108
21411
537548
18447
28948
205520
117675
89995
32242
19006
40949
17172
235403
100210
89816
17960
50570
392125
13549
109352
16840
430018
94286
89121
15734
114147
13766
15880
17169
397040
26197
52802
16748
17920
24152
16538
411831
59320
61762
107109
22373
32412
16842
234164
42052
54536
19596
20402
193227
21100
11556
14368
21499
35711
17757
22714
605697
13766
413895
35798
17377
22694
163690
14325
55378
5373
260891
46253
73571
5550
3941
416409
17826
62508
104773
14169
221015
181432
76734
53266
61158
16524
18328
448329
18021
13107
14503
149887
85408
15999
272446
21239
225225
20116
13251
277857
16829
28578
131379
123778
28935
18449
6249
241898
65641
28723
14931
92737
14088
89171
74667
64172
16486
213598
71421
15470
18729
318558
23589
15137
258991
27277
18690
209704
33708
121102
131745
14255
34421
89735
20303
55419
69785
48863
12885
19534
432687
17464
102743
123109
19834
18927
18009
197032
17193
14999
177500
13474
15835
292131
109796
31530
72897
67081
280983
227231
17903
79620
30556
220613
132328
107140
196573
394042
260827
172563
221639
25768
27255
17828
809920
22107
19636
14453
270763
18360
190196
34956
113997
102134
8786
6344
14782
20330
288425
46255
20984
14673
102469
4725
18314
15701
17868
250751
240933
21940
16731
156645
116277
17949
58158
238643
44300
45364
71935
139687
18832
5088
143492
24134
27175
120336
33154
49922
18704
55798
20952
17707
17839
18038
16665
776608
60649
105930
69477
25466
36611
131681
16105
47272
16532
14396
16449
31310
446010
93693
15521
26201
135417
13386
4778
298373
2420
253215
9597
72752
53357
46596
20015
13577
16164
408732
44935
253362
14350
379308
80460
17436
15104
40449
13808
417453
15583
25615
121945
17440
14677
301064
54645
18916
39388
155364
10308
19928
217431
140429
47512
21515
60218
214564
12587
12059
214653
12410
16463
20012
347741
34822
98855
52525
12966
5479
13555
379936
14367
316733
15653
15596
16550
427432
16636
16335
23722
16887
15250
490134
57934
84091
15082
316305
27859
16560
232828
52179
24581
19843
22282
17269
32718
696721
79351
17408
173699
17112
13271
18838
20597
313132
16255
101683
96170
20399
15276
287468
13098
16738
17022
493048
39210
17098
19381
275991
89634
68641
114052
17242
205900
62122
7880
240492
180246
19875
16035
16655
262056
33850
348926
310221
419837
984674
813666
1307411
1085074
1252871
1244216
1300871
1561329
1553835
1564489
2028265
1904384
1549650
2189349
2207675
2243577
1900896
2330174
1978769
1832844
2047412
1954561
1876879
2244266
2543200
2337097
2260292
2247101
2489563
2412826
2744478
2704018
2921222
2831552
2947162
2869791
2967046
3150590
3011899
2892338
3003305
3277977
3124573
3504570
3666713
3763797
3710373
4129673
3495052
3520459
4257112
3537860
4594482
3682016
3889376
5054414
4883378
5063894
4374158
5437512
4754670
5555531
5003303
5713897
4899726
5773783
5856771
5844196
5047642
5919795
5239654
6089936
5214404
5375929
6429223
6199039
5569482
5766423
5831059
6580410
6728488
6734302
6278881
6955002
6373169
6114474
6215765
6243673
6284518
6305270
6541721
6399809
6843970
6684190
6814748
7040508
6787575
6843636
7187183
6894682
7529397
7707804
7392943
7694422
7774198
7634786
7928532
8166908
7797585
8286665
8253063
7934938
7946239
7838983
8644154
8177419
8918194
8231448
8896674
8201192
8166075
9143186
8552071
9443867
9529142
8733610
9794561
8763418
8918043
10063463
9100169
9221960
10197600
10184727
9485782
9330668
9501533
10623654
9708748
10882845
9436165
11070104
9538812
9539456
11064676
9542870
9729569
11477452
10021554
11294872
11564886
10432797
10285860
11756370
11814686
10275049
10105233
12033845
10189574
12394158
10425468
10596969
12731199
10863313
12822500
11030899
12966169
11277329
13265870
11324977
11519472
13653066
11571040
11612420
13914771
11983008
12060774
14411964
12193593
14783075
12259955
15172140
12445262
15172158
15274547
12659625
12618313
15764192
12616540
15723333
15892554
12884026
15948072
13325022
16120876
13326764
16264243
13674584
16539951
13960604
16905557
14234951
16965317
14422180
17006217
14585475
17230674
14878352
17508264
17439548
15110692
14868720
17616657
15059463
14980588
18009117
15290725
17945227
15558557
18192012
15575417
18282134
15753430
16062858
18807228
16244772
16318172
16051413
19405241
19571553
16221610
19714675
16157975
19755747
19743927
19635716
16445139
19457344
16832194
19533735
17028289
17005646
19900245
19901233
19814578
17402401
17353520
19945569
17514617
17358888
20206927
17147498
20406183
17334669
17409919
20608259
17489273
20463060
17516160
20618170
20646102
20605674
20676188
17818431
17863100
20737549
17938905
17781614
21019194
21099305
17888903
21200627
17984248
18107397
18105497
21095405
18139370
21250427
18335521
21414201
18361825
18557121
21678691
21763987
21635427
18871069
19263063
21900186
21862965
21949982
19441434
19641029
22116182
19798743
19447596
22559679
19589615
22510702
22851544
20220650
23019926
23020078
19879343
23289256
20265441
23185938
20247493
20462384
20608030
23380614
20834701
23665972
23668636
20930311
23964399
21095521
21185929
24207053
21388750
24438089
24537309
21791533
24292275
21962048
21865918
24597149
22166048
24742925
22627503
25175582
22667050
25553294
22542616
22540093
22360431
25972062
22185505
26265905
26204866
22414400
22515621
22469405
26690503
22009761
27067059
26563049
22308478
22428578
26892234
27282909
22865260
27506123
22990517
23009274
27831077
23076722
27932240
28057681
23419136
28126983
28517232
23524123
23626435
28621719
23803858
28993244
23987437
29377403
24318050
29543564
24594206
24507848
29942592
24643265
29923133
24603316
29760051
24903397
24830367
30457904
25045713
25055296
30756831
25159289
31136940
24970278
25080036
25406486
25482707
31979888
32040139
25772365
32191604
26027758
32441385
32663999
25930964
26067273
33046149
26173853
33271514
25732976
33454039
25894260
25932705
26132470
33888687
33940416
26521273
34102873
26625005
26789987
34459687
26909534
34523445
26960105
34790455
34943052
34909787
27061020
27325897
35305135
27776894
35696726
27698395
27783900
35751898
28035989
35972421
28209934
36115702
28284165
36286031
27886786
36582192
28095102
28381882
37042108
28546689
36973871
37147814
37217680
29165559
37180794
28660020
28614811
28673112
28703737
38015106
29110753
38514114
28915609
29136086
38740761
38886028
29365448
38966642
29559442
29793864
30040987
39287014
39558407
30407919
39538912
30481797
39572893
30762388
39852596
30843640
31024939
40316567
40512131
31401574
40668267
31782011
40964644
31886619
41112510
41423194
32349151
41250842
32441828
41474084
41680615
32780267
41979845
33051636
33317153
42396734
33193175
42485018
33312417
42769871
33712075
42897645
42889901
34132565
43035597
43154783
34777145
43232058
43460145
34706522
43406687
34863701
43791271
35003376
43503845
35385382
43760921
43698042
35772407
44047758
35948494
36044160
44629720
36334429
44759297
36670425
44761465
36774438
36455052
44836321
44914030
45107952
36806848
45397734
37018681
45656833
45849553
37766258
46195631
46113312
46141466
38148223
46154366
38401323
46280828
46549506
46648255
38725185
46448146
38804500
38748468
46765591
38871949
46611317
38799900
46557700
46241885
39090784
46268235
39340671
39313173
46676440
46828432
39662842
47116511
39639969
39748428
47509440
39909729
40309815
48204251
40684801
48031265
40784273
40874098
48373322
48232865
41259752
48633405
41657102
41412441
48821515
48781871
48813651
42027645
42069909
48997101
48869961
42361597
48971424
42811036
49091936
49391143
43288537
43570838
49894584
43756315
50188519
43796522
50376521
43547373
50347218
43874904
50727307
44047764
50952995
44310755
44476461
50942318
44965560
44911091
51595891
45091830
51923103
52102378
45496400
45559402
52357024
52191783
45636599
45718032
45482978
52374151
45468892
52481122
45369769
52673102
45359035
45031064
45085491
53002544
45203753
45264567
45364164
53291924
45523505
53437294
45609782
53500540
45816146
46050471
53895000
46196615
54174040
46324418
46337862
54217969
46108762
54070589
46439993
54531189
46829776
54773134
46991055
55037085
47176210
47280442
55312930
55646281
48069099
55603988
48305925
55861826
48345140
48525504
56052791
48487667
56351416
48671797
56505812
48860934
56638830
49082463
56741638
49152562
56953657
49396435
56951912
49529154
56996799
49622985
57203194
49664106
57034969
50027035
50052438
57523313
57330184
50329714
50317549
57668458
57844200
50537319
50562722
50775145
58068484
50979614
58360435
51274066
58615278
51638535
58894710
51371878
51348093
59265411
51382936
51627057
59581938
59770837
52103064
51762013
59796721
60386512
52066315
60481078
60729228
52536367
52827963
61126773
52672382
61409736
52433609
61771306
52746477
62061682
52657188
62322193
52993236
62717521
53182523
53148076
63140336
63336744
53535357
53315349
63476552
53281307
53472143
63691529
63669077
53674959
53563160
63853235
64049015
64308157
54146139
54310724
64700079
54581091
54593474
64671367
54752789
65015444
54886269
55058146
65149742
55370623
65430996
55615063
65899504
55749627
55964135
65673124
56196147
66262095
56287350
56438563
66784606
56761438
67076917
56887595
67053485
56947500
56897346
67186817
57179973
67450863
67519185
67653646
57652163
57769577
67908674
68063355
58035567
57565699
68502046
57377605
68388941
68434393
57641730
57934520
68899286
69015429
58076161
69119093
69155040
58226061
58390079
69380222
69468097
69483314
58721883
58871151
58899394
59046234
70109588
59079766
70099129
70186509
59442687
59604781
70776749
59792038
70828981
59985300
71103864
60161132
60208370
71031906
60331729
71175930
70854842
60622369
71027261
70749816
70826845
60993241
71107617
60841853
71172086
60658185
71203911
61004094
71288272
61300432
71685344
71985135
72165267
61452498
72312915
61547469
72580406
72624385
61823621
61980441
72741880
62114690
62146867
72914556
72989260
61680846
61730424
73361504
62054009
73486428
73447830
62434972
73433326
73431356
73340029
62717759
62536158
62583688
73776763
73873927
62750749
74144091
74326571
63193568
74541819
63516023
63563723
75042049
63854251
75102701
75057376
64215878
64205065
75321906
75325921
64333436
64435586
75283936
75296894
64775712
75469845
64843665
75599080
65031276
65310221
75977027
65155288
76338328
65302005
65278113
76211605
65436077
76588978
65698203
65738859
76986447
65904808
77118760
65501144
77223188
65797934
66012718
77751337
66278048
78043692
66659771
78220416
78361552
66930832
78589833
67287918
67257223
78801204
79066786
67718077
79313273
67842806
68017272
79701076
68062688
68145608
80006554
68480549
68315112
80282021
68598032
80473484
68667593
80652065
68884970
80926312
69018980
81119017
69234960
69399344
81479419
81378884
69471077
81506101
69605411
69725817
81821016
69835944
82100174
70004911
82497516
70339914
70278255
83065935
70431567
83405492
70699511
83362389
83547499
70982186
83631048
83809989
71461886
71427227
84093614
71389642
71424320
71703591
84592192
71883894
84596638
72071371
84622028
71923173
71655598
85072691
84669829
71927257
84989084
72031955
84882318
71974454
72169249
72347863
85388960
72388837
85614312
72679291
85368594
85533000
73061828
72868147
85863435
85966530
86138921
73394714
73482334
86337488
73875380
86548173
86741064
74067251
74118381
86948751
74243988
87273098
87302498
74842444
87441292
75030134
87684680
75012097
88026079
75219767
88107937
75300176
88188579
88182359
75682788
88443567
75882358
88546757
76144609
75970159
88738743
76137027
76233906
89219542
76373344
89470416
76510305
76571276
76627108
89734834
76777201
89893551
76991296
90267508
77169219
90441777
90321652
77362898
77559297
90549463
90488413
77479741
90562065
77532099
90786801
90776148
77757864
90608167
90387168
90433525
78098134
90577820
77977542
90701520
78249202
91250434
91338082
91342682
78866602
90928675
91018150
79085224
90948493
79247202
79452898
90885752
91178183
79701448
79795558
91491837
79590380
79766747
91771778
91573648
80258968
80340054
92255449
80687919
92198905
92246390
81082801
92618982
81730477
92848082
93027206
81599186
81607897
93086113
93129697
81894918
93395182
82101043
93483145
93659078
93762775
82506690
93904420
94174978
82543593
81603364
94301491
81439970
94109557
81578806
81729570
94372486
81929488
94329953
94326950
82314293
94089815
82408488
94213409
82599332
94381810
82759474
93859423
82765507
94007303
93963675
82864368
82704122
94027151
93959289
82950218
83229647
94510890
83371631
83102173
94685208
94923202
83545720
95080634
83795729
83989368
95248768
84059762
95733857
84334720
95808667
84435836
84587791
84760465
96335575
84851616
84922941
96479642
96388541
96331512
85088629
96380855
85141687
96641247
84950320
85132362
96803124
85053022
96877488
84979359
97102845
85373337
97385189
85643430
97771083
85701090
97922500
86237340
98108901
86323495
98453358
85931696
98556839
86152135
86183788
86350472
99115747
86545014
86662238
99341328
99260454
87000234
99407352
87287589
87364709
99462677
87339004
87448343
99641009
87729108
99788793
87735515
99862582
100062703
88389070
100285141
88411909
100472499
88476526
100743827
88331443
88484274
101009264
88497730
101237650
88605995
88836452
101507507
101783564
89159432
101801473
89619022
102078864
89645898
102207282
89843706
102398770
102394694
102372031
90069184
90312203
102940412
90519847
103323738
90612402
90790543
103460488
91092896
103689433
103796530
90761271
91042998
104282829
104505151
91417893
104563557
91892425
104655959
91148275
91478665
104940958
104806043
104867522
104938968
92235913
104890064
92327351
105192691
92215659
92053324
92171877
105832765
91920824
92107973
92370706
106332385
106121486
92605626
106385199
92888254
106779112
93028622
93138846
107266648
93419386
93221769
93477630
93456829
107749637
107904562
93834932
107945759
94215365
108198796
94031215
93958632
108588318
94066114
108904837
94155070
94297811
109054426
109283590
94608490
94876104
109436353
94826017
95076119
109631274
95462195
109989855
95764590
109885315
95406485
110080107
110115091
110301427
95761139
110585297
96023647
96105843
110855449
110849427
96439931
111130241
96806263
111108473
111152675
96680524
110890401
111079905
96797581
96859793
111344839
111563341
111753187
111853695
97387823
112046978
97432656
97533336
112288702
97673170
97873876
112545083
97967992
112519713
98079659
98241739
112520765
98518987
112889187
112803775
98790224
99000149
98593974
113162190
113299054
98839193
98998694
113574665
99055761
113544802
113599367
99300123
113873157
99674472
114153394
99987664
114462694
100104463
100005412
100116440
114793472
114964950
100406873
115131183
100470816
100662314
115353228
100758448
115490971
101004091
101190466
101035589
115573255
101307595
115808072
101531061
116092710
101651371
115890774
101793482
116068781
101654146
116196003
101774838
116489085
102064378
116046155
102522776
116165828
116068357
102648832
116351527
103045426
103238738
116741628
103496311
116793444
103723527
116853158
103868520
103933092
117102141
104073601
104107432
117325477
104138620
117524869
104409338
117888653
104727553
118074250
118297017
105197873
118092546
105679846
118399819
118228885
118396018
105799326
106165766
118450372
106446338
106733501
119185022
106882279
118876550
106922161
119603447
107492759
119779725
107616393
120155780
107774482
107499000
107804626
120702083
107924668
120942668
108127215
120947990
108268913
121185603
108474579
121395316
121479953
108767045
121581010
109099389
121950652
109280636
122427832
109461093
122484951
109833816
122747392
109951469
123213037
110037264
123072218
110083543
122842459
110467599
122938258
110380380
110463982
110479938
110524817
123312409
110706340
123587639
110885190
110891785
123694812
110917992
123967400
111194092
124203112
111190814
124370226
111213750
111211631
124638177
124745524
111773082
124480177
111711992
111942429
124809961
124943627
124840182
112445583
125120658
112804911
125358034
112876733
125635317
112993460
125781814
125952926
113452228
126183382
113752616
126416653
114048723
126411974
113896576
114086770
126453718
126540596
114189463
126901464
114570809
126823277
114599136
126465541
114648547
126162753
114790648
114850017
126080173
114793665
114855265
126637519
114922024
126903134
115227252
127081972
115424072
115392101
127354443
127530089
115497019
115638844
127600771
115904074
116122909
128189418
116356952
128418087
116268930
128317615
116612494
128475320
128619817
116784678
128759486
128905206
116745883
116731779
129001268
116904445
129159022
116865614
129400443
117106176
129617417
129756748
117750497
130101054
130068512
118134491
130445303
130509723
118421576
130778396
118513913
130806800
130904764
118919566
131159226
119302949
131554142
119380262
131826250
132058088
119964017
132355291
132197474
120648365
132390926
120734256
132626136
120692386
132429855
120884944
120876302
132919618
121000154
120875964
120962577
133180409
121119202
120761099
133341149
120946763
121078966
133350106
133358813
121747616
133764125
133766293
122011562
122331707
133969541
122444035
134352810
122907570
134841484
122813176
134724990
122852738
122938564
134996009
122896865
135272674
123148207
135536355
123423728
135936086
123556286
136207459
123810185
135534194
135683784
124039185
135799613
124141530
136060632
124276812
136146516
135992757
124767132
124670447
136187538
136271864
124809259
136105503
136266657
136364166
125222871
125067033
136412721
125371897
136852955
125312752
137027794
125332143
125613812
137598848
137602362
125288690
137438876
125513659
137704557
125698602
137767791
125667910
137960603
125696950
138346029
126076656
138646003
126192430
126541868
139096357
139386562
126842142
126592253
139367274
139529001
127180121
139810817
127317064
139851004
126803761
140215342
127401404
139525805
127757523
139989758
127778356
127848521
140287434
128244769
140470481
128279529
140566382
128461389
128726826
128382887
140930217
128649021
141229662
128511285
141504269
128625560
128757166
141565104
141481725
129154713
142038482
129415261
142186435
129777366
129788230
142333200
142435326
130197467
142809110
129920263
130128803
143412828
130114144
143427749
130371910
130241234
143799431
130361051
143906817
130537476
144072449
144245435
130838175
130905151
144533882
131103518
144768330
144787106
131497436
144878444
131770682
145041586
131782143
145208803
131877307
145027795
144955553
132273149
145033740
145187633
132708062
145352108
145650006
133065480
145944681
133434307
146255984
133652003
146423339
133946712
146686934
133918967
134061895
146933273
134258009
147125992
134434530
147288750
134559668
147641582
135045949
148008393
135499779
148201706
135652908
148424409
148512962
135722114
148664094
135917596
135851835
148761833
148939890
136061539
149162976
136153794
149506755
136314879
149726708
136656748
149596396
136685250
149972505
137121353
150303140
137570081
150585486
137940940
150905014
150944470
138471046
151289912
151551541
138926965
151900989
139321693
139415963
152319639
139519440
152595873
139477190
139601069
153139703
139701403
139572472
153529227
139673291
153601360
139870647
153965274
139926889
153867220
140112343
154066068
154048929
140389255
154047875
140253372
153865014
153809312
140646736
140635290
154102349
140746668
154451636
154294556
141071507
154276693
141049037
154248775
141322543
154540871
141491883
141572534
154918777
141601129
141697765
155459386
155412743
141856676
141823962
155168438
141920734
155083952
142214084
155162385
142356496
142446557
155542241
142649979
155931784
156324988
143213043
156624140
143357161
156768835
143593666
156999924
157038197
143874438
157288032
143843224
157427372
143799131
157808387
144492913
158206653
144645124
144780512
158509804
144558114
158761700
144477248
158780002
144642951
158858972
158942154
145111806
145157730
159183513
145380401
159554355
159549784
145949355
146055888
145880721
145840502
145749545
159914791
145677626
159908597
145820337
145885860
160105077
159967409
146130787
160167960
146252506
146407666
160509455
146607618
160676145
160956824
146847971
146947739
161227701
147163842
161112909
147600499
161534853
161600952
161443856
148120000
161598510
148376374
161934426
148762781
162183730
148930339
148967690
149253044
162552209
149109319
162522715
149302637
149554592
162859232
149487529
149662326
163146363
163361470
150162085
150336469
163713126
150500325
150776077
164073128
150738881
164367911
150967922
164864863
151334544
151490609
165326229
151818453
152056587
165986189
152295549
166212267
166399792
152272976
152417069
152518114
166873808
152586259
167071652
152782168
167265872
152991066
153011589
167433320
152962600
167675250
153225122
167869764
153424709
167675240
167711860
153381384
167850970
153161164
152847785
168217717
153000005
152967806
168592130
168813793
153360399
168951804
169015680
153463726
153159696
169262579
153269903
169113745
153493452
153470296
169610852
153513420
169625466
169916025
153631054
153823483
153511786
153619403
170336588
170481067
153549133
153720825
170812872
170712413
153936802
170692541
154071489
154250202
170892678
154340947
154207920
170665952
154209164
170817556
154401594
154412303
171109286
154444754
171217251
154679410
154718929
154804502
154758169
172018503
154954545
154685584
154734634
172222308
172378650
155059099
172303239
155354377
172500312
172504426
172704640
155935444
172970066
156273701
156207527
173325384
156320328
173146322
172882164
156587830
173061911
173183100
156983932
157141238
173126658
157107201
173230704
157352706
173402278
172984626
157600983
173173814
157625893
173332309
173416247
158188474
173335635
158387656
173485165
173578760
158631332
173703375
158872367
159006185
173919218
159202945
174323751
159382424
159460191
174520609
174812010
159726000
159886463
175053990
160136681
175340366
160431307
175501935
160500172
175701847
175680392
160720414
175821426
160843201
176115580
160916796
176131472
161113183
176237241
161135515
176127677
161353543
176400160
161569878
176688274
161754582
176886436
161941737
162112651
177107533
162447355
176827631
176761552
162636338
162670816
176675929
176752025
163252617
176941977
163476398
177073101
177117320
163856197
177294878
177450865
164128278
164102855
164236315
164146130
163838136
178113536
163526514
163378883
163516757
178562534
163768580
178858880
163901709
164023707
163943876
179066558
164011682
179208295
163896987
163884713
179227450
164022944
179152658
163923752
179215877
179281614
164387404
179250237
164679592
179330998
164905507
165100460
165291182
180014384
165549281
180208056
165621016
180479371
165712812
165688537
180979606
165829786
180996220
165904030
180875272
166086911
180880300
181078243
166092734
181268590
181277137
166425591
166578192
181637956
166843024
181712677
166863205
181512522
167017248
181549369
167269947
167348846
181908365
167399411
167375096
167147093
182265171
167432076
167430837
167481394
182661065
182635370
167970524
182929399
168234301
168299141
183138332
168808947
183830109
183870984
169142020
183959304
169430430
184117235
169665102
169741604
184409675
169497640
169436214
169315250
184863114
169546087
169636501
185227610
185193811
169890388
185457072
170290670
185591793
170394559
185771969
185781297
170670228
185866403
170772596
170867222
185994949
171046808
186278633
171139747
171040382
186652235
171350183
186901944
171444016
171401488
187175854
187239061
187115347
171583073
171593567
171766309
187603822
172008366
187745839
187901064
172271298
172423146
172607686
188217751
172699260
188321646
188403323
173081239
188428694
173412187
188633805
173814193
188909621
173831330
173906602
189281955
174169498
174338914
189557820
174507852
189760560
174562717
174852760
190188749
175020205
190575958
175092712
190714405
175254699
190899026
175181890
175462283
191242086
175648108
175733725
191416370
175952370
191695031
176144853
191745469
176233148
192014321
176551549
176685987
191945249
176612332
176747365
192323177
176657215
192381293
176525327
192625925
176726660
192782102
176876146
193070016
177175318
193172193
177422653
193390527
193547082
177717587
177380152
193788702
193174578
177307420
193447765
193363810
177602244
177747561
193456931
193505466
193453317
178128660
193180646
178313879
178308003
193420402
178586407
193612699
178423192
193487336
178679353
178652493
193831269
193986624
179064441
194046081
179219930
179183643
194408087
179384559
194539578
194617242
179707213
194007515
193950317
179878391
194303792
194503557
194573333
180412783
194563902
180802845
194862788
180942247
194713468
194647636
194771461
194455971
181132840
194606636
181276226
194890716
194920745
181586774
181679529
195116203
181890565
195596904
182197956
181845337
181816870
196173135
196128852
182012466
196271697
196455743
182297400
196709604
182779028
196945120
183161112
197070248
197178462
183644452
197600220
197695483
183833740
197947045
184204122
184539868
198406341
184812130
198616963
185073966
185152745
199050363
185737299
199327036
199548243
185826649
185952669
199694983
199724547
186334181
186563499
200439517
186676193
187151901
187102944
200971531
187564036
201428090
187862560
201819767
201812557
188041053
188081871
202075530
188344895
202469325
202745811
188821552
203011889
188906996
189095621
189274691
203223215
203530860
189763124
189783578
203671085
203702306
190000807
203772096
203851936
190385862
190574980
204233759
190913716
204462316
204662201
191328115
204815566
191544110
191636920
191854291
205469956
191967309
192013424
192090420
206071723
192374177
206383144
206307904
192761177
206390446
206467387
192948508
192687853
206583642
206658263
206732374
192121793
192193501
207045663
207151671
192080366
207428303
192370670
207374345
192557487
192672107
207529417
192621599
207759314
207949619
192824922
208134443
192919100
208497083
208551888
193223851
208704476
208804452
208567724
193705482
208842335
194105551
208918535
194072504
209150087
194201047
209499174
194524048
209591575
194676313
209550612
209938836
195010738
210116584
195166020
195264994
210222748
195401399
210364849
195631144
210657744
195877815
210623760
195589090
210820984
195880456
210863616
210900122
196343518
196487158
210418578
196530430
210580842
196663514
210737103
195605452
210896386
210833018
195951365
210944336
196032323
211293383
196147949
196274064
196155132
211461285
196351603
211601857
211709214
196636353
211965743
196785305
196897154
196814973
196885805
212410416
212260107
197323312
212527340
197472797
212873478
213161069
197915587
197846807
213291257
198110947
198231346
213746324
198537506
214289840
198798195
214378349
199092909
214584192
199271269
214654136
199547224
199410536
214771862
199447647
199551866
214932400
215131668
199552565
199848056
215556180
215644659
199836795
215925555
200237943
200362848
216379843
200290677
200464186
216699839
200579775
200771770
217053432
201146538
201297120
201439931
217718263
201625252
217912208
201943534
218186526
218361751
218282435
202500130
218385842
202650175
218662606
202948573
218746710
203194664
203352411
219248540
203738601
219543427
203883372
219934038
204157322
220123579
204444716
204478465
220620520
204834656
220734361
220899313
205071302
204890351
221046960
205026867
221372130
205315837
221398190
205473544
221612872
205369590
221776298
205611161
221547160
205834319
205956615
206240732
222142146
222277516
222671723
222362872
206879507
222423233
206668967
222665937
206697750
206624066
206998715
223282410
223480358
207391884
223812995
207770686
224018175
208110870
208263046
224615984
208452793
224677727
208727659
208554384
224938726
224701292
209066723
224869897
209548118
225056302
209963222
210118239
225754223
210318439
226094013
210435707
226217030
210268947
210274853
210367840
226120138
210744127
226360839
210742582
210683891
226388066
211019634
226654380
211340844
226746259
211269557
226849605
211538479
211732926
227199834
211890508
227342393
227423338
227549381
212359695
212621908
227990091
212827478
228110156
213072205
228608972
213180995
228739810
228837893
213717349
213836743
229175099
213998685
229362456
214104067
214449552
229873162
214589319
230191266
214705069
214740148
230322446
214986823
230607693
215133316
230723273
215463926
230604578
215594623
230864470
230919695
215821668
215814049
231481998
216158511
231140077
216413466
216501046
231393908
216892707
231598111
217257549
217497385
217750463
217789222
233025411
217673476
233036232
218048464
232919755
232865038
233057537
218386495
233445972
233633230
233707694
218928266
219022279
233942425
219143345
219108767
234137813
234381619
233999900
219666489
219797906
234232332
234413333
220076945
220370248
220455952
220463363
220506688
220706144
235513460
235537426
221087779
235502299
221375576
221458633
235743272
235755587
235800359
222238072
236108629
222489899
235975771
222635462
222691352
222679081
236250990
222938700
236421549
236528229
223432379
236701522
223512508
236838681
223886807
237198900
224111267
236913955
224136946
224058880
237180243
237387420
237424513
224241129
237633379
224598457
224630931
224679735
238025522
237959631
238022229
238109225
225605148
225538029
238598587
225666667
225638264
225601280
238987132
239177749
226092943
239284836
226340861
239490039
226541878
239802234
226973575
226912685
240278313
240339137
226583807
226597028
226574611
240614040
226719003
226697282
241060648
240783010
227190843
240781401
227364472
241058227
227603795
227626438
241528717
227917035
241939519
228366579
242132280
228186651
242351300
228486380
228754430
242935623
229015435
229260939
243330378
243302568
229853137
229971382
243964927
229776913
230032203
244468282
230126239
244586294
244526401
230338640
244703299
230709233
244801664
231002081
244794499
245223297
231476588
245304539
231603128
245409728
231980005
245676492
232347289
246052923
232815645
246391057
233083010
246890914
233562417
247256986
233803344
233834873
247673269
234020131
247829376
247619787
234235281
234362477
247658002
234510438
247786651
247978790
234741908
248117911
234987599
234866979
248538929
235109072
235180613
248685101
248822513
248775831
235757368
235522388
249123998
235968639
249375886
249375822
236262757
249643862
249937803
236617918
250146879
236746218
236921202
250308625
250214718
237169612
237205877
237118493
237385164
250505333
250544412
237494391
250733523
237761154
237797210
251127107
237781953
237890900
237807908
251383818
237954069
237912818
251783907
251704238
238203686
238413670
252340813
238511305
238561512
238825416
252721595
239062614
252906309
253177558
239403358
239516793
253638336
239811004
253685619
239753232
253676185
240058531
240125871
254021993
240260209
254035391
240580520
240396073
254429418
240474585
240360366
254410814
240508680
240801668
254819766
240962907
255116226
241153772
241391293
255380087
241297083
255723112
241447039
255965963
241849488
255524975
242036339
242091354
255663538
255714899
242359029
255910438
242432751
255545734
242896662
255820971
243056535
256074997
243442355
256602620
243805889
243995164
256870845
244211907
257167054
244390307
244525670
257388330
244671266
244867385
257698382
245021177
257782645
244965160
257838374
258014216
245285203
258277109
245497919
258573367
258656131
245706183
259142299
245992563
259246769
259184789
246305932
246406050
259596816
246650298
259856165
246820688
260129346
247086822
247139013
260266087
247423196
260547381
247760910
260476869
247885063
260653126
248179196
260733558
260794201
248278305
248606648
261099850
248864780
248877298
249322636
261775760
249402565
261807945
249559415
261987544
249585624
249549393
249612555
262478005
249790561
262466076
249987397
262554840
250269321
262809992
249983463
250096531
262916904
250233970
263166025
250331533
263457939
250466030
263641294
249810930
263785653
249915638
263994853
250195041
264186569
250610257
264581393
250662844
264852370
264794257
264942573
251054227
250821922
264988650
251012991
251050139
265349549
251478537
265653939
251970684
265947669
266037234
251956699
252089617
266249941
252304836
266527269
266612986
266642643
252689268
266822914
267020112
253090051
253266069
253434899
267674348
267849160
254154371
268150736
254635983
268510876
254695502
268525004
254778398
268628465
254424687
268975443
254680636
269288250
255134338
269539322
255356413
269827418
255338217
270555051
256005085
256193586
256272134
256341251
271446711
256283213
256544451
271819752
256685488
272056612
256734116
256881951
272243430
272421109
257051881
272814085
257268527
272878005
257426463
273071649
257663049
273337826
257807451
273417272
273611768
258157922
258196855
273674512
273780312
258142347
273881329
258409827
258595206
274078566
273702154
273728296
258727433
273989779
258731247
258848925
274163403
274164237
259065775
259292159
274476115
259354339
274634977
274818782
259443195
275068215
259535788
275168308
259757750
259908571
275494017
260001255
259717648
275696561
259935185
260168525
276483881
260382834
260432968
276481782
276748818
260846418
277006584
261110306
277272356
261128143
261383611
277606591
261421184
261521005
277848079
261540960
277990011
261522956
260779066
278476344
260554304
278847016
260801559
278954574
260912703
260515434
279111737
279158523
261166371
279257328
261017086
260832095
279446521
279894787
261235893
279931955
261508480
279608159
261403625
279612047
261608050
261759316
279683255
279931187
261986015
280358904
262364297
280504393
262524151
280905353
262815265
281178848
262910888
281561769
263157929
281716015
263118971
281884782
282010781
263436687
282118652
263715763
282224766
263754265
282294650
282487613
264047848
282766068
264628809
282516171
264592544
282655602
282808800
264805970
283028490
265057307
283120827
283285318
265179808
265354049
265481749
265771719
284085857
266035128
284456461
266131713
266232573
284732422
284959449
266586034
266780993
285221753
285281524
267180208
267211559
267237019
285545181
267271193
285436458
267457346
285590776
267728872
285887996
267628565
286106614
267157161
286371173
286549056
286482703
267758589
286767187
267837601
286998152
268105736
287264711
287126427
268409568
287310457
268308548
268648217
287668321
268822920
287943029
269010914
288199776
269126535
288297140
288151131
269314652
288589480
269704779
288301393
269769369
288322130
270122284
288200127
288442951
270143056
270244480
288739034
269929519
270082049
270191822
289140084
270622903
271005778
289804532
271472956
290251740
289731514
271709062
271685063
290174221
271762285
290426491
272130829
290749323
272286192
290675318
272421041
272710267
272648003
272512202
291234191
272623096
272709627
291526951
272801965
291893946
292086090
273193224
273357255
272981124
292426495
273473167
292654332
292537282
273654042
273759352
293127191
273905514
274055044
293593433
274434713
293845664
274588515
274854902
294128133
294388677
294589406
275430982
294682353
294756549
275700354
275715244
294798872
294943473
275665902
295066324
295068302
276240899
276344060
295278589
295265171
295355129
276879547
295537799
277078778
276904178
295801888
295978469
277102851
276923069
296081231
277122300
296405882
277438272
296436262
277231635
296730284
277492801
277776471
296737228
277978196
296945485
297336456
278259172
277981491
297632630
278577286
297736905
278759578
278941689
298139578
279104320
298000459
298065519
279469841
298463067
279751378
298524609
280052200
298745119
280063139
280134553
299052144
280205014
280248473
299246587
299337415
280745152
299348224
280900301
299809525
281285609
281401758
300184737
300275857
281577121
300666653
282066988
282366297
301170326
282607351
301350587
301408109
282788882
282829916
301764091
301999594
283405863
302177576
302409864
283750014
302562617
283783687
302817758
284279501
284091652
303391862
283682807
303614607
303687746
284178440
283626414
303830144
283690323
303872385
283644334
303751556
283917263
284076880
304121984
284451067
304511097
284738174
284950738
305104802
305009406
285393242
305215932
305178516
285972007
305197128
286196830
305558954
286260287
305634909
305824881
286554325
286426467
305971403
286838519
286648941
306327940
286891898
306768254
287113956
306893463
287188735
287200876
306934713
287117774
307232977
307387647
287399913
307155965
307439503
287787535
307469050
287935371
288029514
307762878
288315187
307842935
288502296
288586230
288289739
288465378
308512072
308387457
288583592
308518206
288970167
308748080
289327972
308986182
308956550
289478961
309022695
289655420
309239944
309476799
290042636
309396333
309523865
290232796
290281175
290560400
309914658
310041811
290931785
290879612
310442238
291011915
310362699
291134068
310614658
310597154
291821914
310669800
310841770
291908969
311080509
311293832
292477042
311475703
292701676
311524134
311655250
292721499
311750370
311796327
293303228
312050995
312340191
293556646
293694276
312568517
312792442
294124533
313026372
294046706
313161761
294324278
313464466
294381651
313801385
313980846
294981711
314260084
295204917
314620043
295361629
295564486
295419703
315009916
295525315
295550635
314956555
315281973
315476255
296264902
296153766
296276130
296004099
296010895
295987870
316138336
296182357
316302045
296377209
316392411
296760937
316823495
297033061
317075049
297229442
297006871
296591955
318027104
297102100
297159255
297315924
297283169
319091940
297545727
297578387
319331942
297975472
319534143
298223160
319244494
319250045
298563397
298592819
319463676
319324708
298718518
319579348
298873379
298945905
319881340
298890643
299058102
298954379
320176837
299182397
298822835
320395685
299054517
320664449
299340070
299501451
321039499
300080419
321630230
321694978
300504591
300491862
321979006
300799218
322388969
322338864
301237753
322947361
302005563
323224398
302188538
323472407
302468101
323657823
323914023
324054547
303316524
324198164
303419965
303560170
324079790
303771496
324279802
303858744
324458825
304247231
324501316
304533729
324692427
304706210
324636377
304856117
324890522
324952504
304928304
305190111
325417418
305312839
325801025
305427462
325888864
325952526
326178983
326005556
305409339
305468923
326179198
305420915
326278313
305551969
326363299
305698224
326449543
326577775
305970433
306099312
326916714
327109064
306402788
326592323
306437458
326805143
326994739
306726976
327371206
307045921
327654461
307266871
307204506
328143775
307137140
327807153
307228562
328011751
328228413
328175380
307715445
307800991
328289264
307716845
307807627
308100216
307845429
328973269
308136442
308321144
329551066
329713318
308670910
330383254
309347810
330173455
309342115
330261327
309641629
330375209
330288597
309754801
330478249
309853367
330627917
309803787
309844718
330886043
309920052
310175891
331231839
330729184
309969402
331050400
310275911
331271109
310316512
310594374
332032978
310878104
332029812
311260672
332131440
311334384
332354616
311714694
332582148
311797943
312040904
333029576
312196861
333141928
333322214
312140954
312174620
333305100
333475369
312671668
333506066
313253937
333557339
333958077
313813322
334220331
313878670
334460584
314316947
334369341
313626704
334680158
313995488
334752650
314331767
335050060
314625833
335154109
314676974
314837655
315134060
335897810
314948220
336169668
314866228
336358265
314790269
315103950
315161217
336817862
315140886
315206764
337321382
315426277
337693314
315599073
315738945
338247362
315999076
316198162
337963344
316284526
338311298
316275349
316435067
338362906
316947660
338843429
317222642
338774781
317422257
338826509
317687848
339252932
318044960
339363759
339358663
318486096
339465183
339317543
318979863
339541941
319117846
339569696
319307965
339833150
319190203
339996253
319384783
340184024
340212690
319645146
319843447
340277744
319793974
340536084
319821016
340804135
319959840
320252590
340677446
320173594
340940297
320465104
341284316
320626534
320674592
341720878
320787719
341802087
321261442
342038309
321038638
342217390
342311305
321249815
342439585
321418707
321425776
321477141
342939916
343068329
321621685
343255014
321915337
343287982
321958310
343457240
343518258
343570009
343342721
322717138
343577729
322798798
343909832
322945634
343815751
323117395
323367053
344296654
323284406
344334970
344406549
323242488
323171064
323363331
344435196
323187764
323227662
344601209
323156420
323435512
345080223
323529783
345301793
323551482
345498560
323356560
345723739
345814579
323670690
345775277
323829928
346086863
323898405
346263799
323906849
346661872
324108031
324217794
346980557
346942652
324408082
324503274
346942395
324570201
324714772
324798247
347601716
325012528
347891666
348177279
325312106
348334931
325554518
348361924
325679837
348509819
348665832
325977697
348935242
325849772
349319380
349334721
326003525
326103577
349630902
326215207
349894072
349801980
326338560
326498995
349960895
326546478
350166711
326824016
350457083
327095468
350545411
350484067
327210338
350453154
350717544
327615909
327909364
350938008
327976107
350946715
328134644
328305983
351336994
351423240
351531579
328885046
328961455
351740476
329096174
329122998
351909338
329264328
352138158
329412434
352428619
329585802
352752653
329784768
352837998
330280357
330090395
353227373
330137416
330358320
330215896
330128825
330289345
330284234
330393039
354445235
354370444
354312667
330780816
354502326
330991991
354862400
331061170
331136255
331425241
355304948
355434747
331811330
331879249
355867015
332088924
355758702
355819150
332296277
332473850
356095325
332588430
332768561
356694079
333150695
356845440
333182922
357270044
333485166
357551176
333591285
357785523
333809833
357827015
334076922
358006584
334052088
357995133
358134889
334435953
334441110
358257248
334468080
334755751
358829502
335077014
358782878
335151110
335242479
358936581
335428350
359075919
335534843
359120194
359390762
359611180
359829575
336502776
336454327
336724962
360097091
336673057
336846449
360648300
337066448
360986925
361178621
361369993
337543198
361805540
337599406
337426291
361918615
361908040
337921895
362001620
362034676
338167278
362360061
338600010
361959118
362128941
338916294
362680880
339164617
339315619
363179659
339580626
363239165
363365158
339759041
363454802
339903710
363761263
340379146
364066660
340590199
364207647
340973693
341022050
340943240
340941298
364822985
340518958
340648451
365214273
365494513
340853974
341320894
366070682
341884807
366392642
366548773
342282588
366820660
342410180
342628357
342735954
367389000
367669674
343002275
342978822
368031184
342949744
368279706
343240681
368553680
368627772
368833243
343930305
344227643
368944196
344266987
369225035
344441696
369426334
369395023
344643050
344411490
369366836
344668152
344498802
369830133
344686072
369841336
344778305
369948911
345094696
345279300
345369272
370645059
345322409
371022656
345659630
371246644
346132199
371468625
346047173
371754469
345480800
371981379
345573503
372354727
345887430
345679642
372441405
345910295
372868328
345971001
346054492
373215898
345749268
373510187
345967264
373267501
346301138
373503793
346583888
373735309
373849605
346787546
374043723
346918470
374232529
347415262
374536162
374628211
347768007
347963472
375032831
348387078
375401295
348786023
375669741
375747096
349126047
376075163
375873469
375913222
349600142
376187405
349892679
376294887
349934984
349930100
349647543
376702362
349699532
377082078
377387379
350007976
377346409
350348891
377845962
377786451
350511747
377949176
377961954
350909768
378331946
351223010
378728519
351457487
351556131
351628256
379147128
379277339
351954746
379491445
379727377
351900745
380122864
352013972
351814647
380161589
380396850
380617443
352432615
380735276
352659554
380707771
380841493
353099556
353090739
380929406
353099336
381311779
381323898
353641743
381248426
381510131
353992999
381472752
381106697
354670876
381301076
381319961
354887745
381490228
381665453
355265051
381639900
355341115
381710173
355932773
382071866
381999972
382020890
356209532
382213252
356425686
356435411
382595031
356600188
382670622
356590624
356942264
383338350
357443464
383500412
357813482
357865083
383708590
357984597
383822434
358131311
358293360
358375785
384089751
358109321
358351335
384469718
358510960
384597592
358642673
358746885
385093370
358769053
385268029
358712633
385512131
358812525
385629301
358853791
358927890
385839575
386144345
359421553
386404768
359304652
386784030
359374547
359042170
386962624
359103684
387261388
359380697
387313910
387470402
359785228
387748214
360128020
387739677
360227910
387961254
388318416
388306184
361094086
361165769
388554297
361420157
388937067
361716059
388967434
362027599
389232836
362724626
389647955
362943922
362875698
363026256
363053249
390304409
363216906
390423427
363404552
390657596
363609300
390856012
363996685
363903052
391530076
363758529
391772717
364096680
364324345
392004109
392000865
392084719
364649362
392636051
365194985
392490711
392740430
365477070
392939687
365331990
392815215
365612278
393199025
366059869
393758138
393801356
366179908
394080632
366340010
394244862
394325910
366348277
394309042
394419066
367143309
394255390
394599708
367697017
394846109
394993890
368389173
395408542
395411451
368569362
395862224
395931120
369112978
396331795
369507346
369551412
369721304
396795728
370189387
397191911
370484794
397266970
370666033
396848976
370459735
370577827
370356778
397525938
370500645
370627116
398098004
370757309
398377391
371167098
371134893
370992592
398545517
398778237
371529190
398847744
371783882
399212842
371886514
399388544
372182808
399502267
372268354
372535916
399617975
399734174
372740086
372862558
373031100
400183190
400245551
373303976
373571444
400724165
373772932
401026813
373765316
373880147
401485618
374034936
401431763
374510668
401773790
401818263
374578163
374746725
402064083
375128660
402332995
375482382
375660769
402689271
402813525
375808166
402999733
376108078
403177531
376399628
403526899
376534002
376706654
403554951
403822347
376828448
404055939
376981032
377236265
403982225
376914425
404258252
377303150
404716262
404931186
377316128
405152771
405225804
377584735
405155759
405234245
378016799
405356649
378071059
405329213
405348960
378226222
405643871
378450767
378400190
406119770
378684868
378716107
379007892
406894532
407067586
379079545
407120920
379237009
407407853
407418508
379755512
407434383
380018958
407701987
380127931
407833924
408133184
380713064
407924558
380767917
380630659
408488690
381068370
408586612
381055049
408848586
381192770
409223925
381345991
409501918
381562086
381752756
409880052
410158996
410208697
382357061
382494647
410262813
382587341
410226560
410286160
410197173
382924302
410380092
383222864
410776545
383462711
411048784
383678547
411157776
383942551
411362679
384035802
384105187
411748419
384288589
412089693
384290059
412193946
384413939
412427872
384671170
412386417
384672487
384857941
411943066
411748826
384903517
411954772
384780878
412278851
385008607
385082121
412828088
385189576
385209347
385279514
385356545
385385371
413645080
385531175
413711806
385461268
385333536
413993403
413921420
386068900
414126586
386269613
386016206
414389829
385964728
414759580
385639931
415052247
386016942
415310811
415436972
415618783
386575584
386631424
386747198
415963803
415919491
386896268
416285260
416237321
387017384
416161221
387294061
416234631
416432607
387671159
387916683
416822715
387721851
416846446
416993452
417149128
416989896
387910001
417124277
388289779
417428142
388341648
417885891
388756304
388552486
417918488
388754811
388657654
388656029
388882775
388953942
418760904
388781403
388725291
418892043
419068275
389301671
419205857
389440704
419403969
389547070
419588276
389746445
419824998
390238073
420012120
390242918
390520886
420600744
420896322
390810481
420730671
390977199
421051615
391241273
421068769
391302401
421168378
420953632
391368607
421231945
391613956
421365249
391957681
421764933
392108964
392198352
392156067
422505577
392480808
422711991
392702375
392793878
422958047
423350591
393255277
393361577
423526259
423465624
393436682
393589945
393659932
423857072
393691600
393779124
424232703
424361081
393659113
393696725
394082395
425145717
394359708
394449650
425583272
394638016
425972514
395004086
426366122
395025109
426589894
395295025
395454341
426629585
395922562
427109544
427132390
396361294
396645567
427564772
396938776
427788115
396867513
396800223
396992614
428278839
397239605
428607331
428609897
397444915
397729533
429096110
398220193
429284984
398673138
429471087
398735688
398868352
398888156
429672148
398914719
429909377
399218304
430016821
399352962
430196925
430376568
399587418
399783971
430793888
399739564
430933237
400003307
400169481
431349641
400250194
431654267
400463614
400839792
432032047
401042269
401409905
432481245
401229715
401339553
401725766
433025389
433073451
401997706
433165810
402293382
433566405
402543385
433779624
402822277
433852761
402953713
434259636
403300100
434537810
434623769
403589860
434819416
403857067
434928244
403975904
435216195
404239130
404462286
435583460
435872235
404601155
404601692
436028618
404670118
404804050
436586567
404844431
405056693
436295368
405327868
436441841
405262547
436715163
405465638
436893459
405656349
405464058
437033429
405543555
437295479
405964885
437584698
405804774
405829767
437745939
406055127
438124988
406243395
405923427
438339009
438551657
406456821
406536788
438821332
438982841
407135046
439345810
439630931
407792577
439941695
440118228
407941284
440196047
440447947
440348625
408109475
408386975
440185838
408785494
440273663
409056792
440574304
440721786
409390602
409289875
409449873
441358853
441450216
409477834
441691104
409710541
441944926
409897357
441880223
409899232
409840123
409879403
442357259
410021548
442467653
442168384
410483946
441868751
410488489
410685997
442094443
411077116
442169651
442476990
411332726
442461067
411405224
442648505
411586869
442762310
411525042
442935426
443205198
411955574
443439078
412408241
443633570
412642170
443720031
443796413
412104816
443790527
412300363
444024597
412293414
412248907
444258126
412389078
444490280
412536560
444334212
412783850
444681130
413052997
445073766
413525224
413660493
445437483
413874403
445401321
445480536
445439641
414355960
414433146
445422935
414505641
445703797
414870537
446169837
446222085
415367792
446396835
415341291
446695386
446818895
415832601
415986119
416075481
415711407
447413563
415981998
415995762
447926233
416266205
416318621
416316171
448010038
416499944
448234339
448318163
416836663
416936762
417128873
448607361
417481585
448858806
417545074
417488336
449104221
417614424
449202004
449345902
417929590
417743298
449525321
417633438
449249626
449478157
418044230
418195340
449763692
449881883
418532918
450299203
419127856
450648133
419104112
451117107
419470897
419381613
451500950
419749630
451671807
419844206
451696948
420312461
420479564
452090994
420577334
452172620
420697707
452414548
420862502
452567589
421161814
452822285
421266411
421301994
452804017
421597622
453030389
452849843
421950664
453059824
453271394
422334985
453302288
422071086
422227327
422211041
453847285
422267556
421754868
454324573
421999486
422414326
454786091
455182200
422812317
422932878
455445996
455548520
455700151
423161711
423354824
455568341
423500360
423754247
455997221
423762436
456183542
424006591
424065161
456451752
424078849
456381922
424291441
456684057
456574831
456751543
424968781
456806713
457030591
425447713
457308204
425738579
457651680
426074261
458022868
426006541
426379867
458339622
426430474
426481923
426533663
458639495
426666869
458772471
426926749
427110164
459268079
427372415
459541911
427435004
459647501
459593889
427807962
459978507
427921120
428103684
460254391
428202377
460158903
428456738
460436168
428653124
428795542
429092967
461006024
429287906
461299830
460968699
429661611
429859465
461364346
430188375
461633322
461526054
430486894
461575676
461758548
430959842
461511586
461704647
431120131
461790972
461955442
431511188
462173504
431738890
462464129
462113917
432108431
432329431
462400044
462676534
432662469
462651325
432573104
432686042
462936296
463227028
433286736
433126223
463818166
433383824
463938792
463941773
463981979
464013548
433576250
463955200
433725450
464255462
433768604
433907935
464693951
434002080
465202468
434352472
465447245
434801925
465637342
434960261
465701388
435192085
466117894
435220731
466792275
435682770
435698777
466742362
435827023
467116342
435557088
467439579
435747557
435621644
467832094
435995420
436259933
468311895
436103267
436215345
468762927
436506908
468894336
436492294
436647774
469270442
436367158
436541232
436710884
469723256
436618017
436736544
469906988
436988826
469988353
437130201
470221103
437422512
470486048
437555547
437418724
437499166
470792151
437702198
437916808
438089593
471690291
438194288
471882468
438434616
472325526
438744577
472656749
439078340
439570496
473202941
473335015
440030718
473484754
473415908
440282087
473850810
440522925
474152962
440852215
473730598
473738564
440829724
473884533
441161281
474155862
474052433
441293441
474153908
441435289
441644504
474473841
441927611
474690940
441943008
441894887
475093387
441915524
442027972
475657507
441934724
475478122
475555526
442259909
442289946
475732016
442544907
476022558
442842101
476414994
442997212
443124031
476926535
476634646
443518698
443734160
477115908
444072766
477299418
477451045
444249275
477601113
444476176
444356478
477590615
477968681
477906990
445021571
444691219
478253523
444885522
478527576
445114271
478445620
445233890
478337674
478139246
477815346
445355059
477916607
445519100
478128251
445674668
478251299
445793687
478250009
446006691
478328852
478401841
446241949
478547320
446352362
478751481
446637111
478814277
446848844
478974026
446928921
479394339
446965157
447094476
447313231
480145727
480316317
480509403
447809574
480645925
447618291
447513379
481074017
447771171
447827259
481298590
447904336
448003372
481547590
447878080
448034228
482004087
482195659
448358388
482649063
448857438
449545741
449621096
483224803
483588344
449881187
449805924
483904280
449905849
449976689
450056948
484013793
484165892
450219448
450465763
484458310
450607216
484842563
450887764
450723231
485117036
450573034
485278659
450858448
485484372
485582350
485290973
451279664
451392650
485575043
485837960
451752654
451729421
451792369
486217173
451788109
451966598
486491593
452355319
486711321
