248697
767064
1630235
1799076
1732541
2232668
2743627
1837522
3725910
1720015
4290385
2651158
4957650
3054829
3496810
5175125
3695889
5334333
4129339
5833972
3663506
3549519
6224540
3677488
6442026
4258770
6685244
6768431
5323734
5558404
7108446
6510308
7011385
6718648
7080690
6592083
6672476
7628924
7321634
8126357
7946910
8406582
8403973
8485492
9073396
9257222
9112790
9422688
9683566
9420987
9799607
10165389
10070589
10272972
10336783
10893034
10323739
11018811
10412541
10577073
11704010
10067542
9679878
12283266
9454232
9143911
12512433
9487798
12384762
11918056
12071270
12178993
11656263
9987060
11594679
11225409
9952384
10475975
10367930
10355441
9472592
10039968
10433118
12007697
10746547
10812480
10831943
10620364
10670746
12676007
10717689
10786101
11129798
11641819
12369609
12414318
12507336
13014102
12687859
12264120
12379648
12089984
11891302
11959571
13477220
11288858
12015179
11532969
11053963
11109098
11029673
15037393
10752581
15393419
11520798
11749835
11997276
16409545
11859326
11951492
11944441
11646586
11841307
17737152
18324528
11079919
10980677
19015423
10695497
10293523
19508936
19672881
11084277
11256658
11518033
11528940
11861147
20845606
11721041
11847088
11642532
21553734
11184095
21816749
11257652
22428262
11729994
21750954
11865858
22128576
22176558
13107555
22535527
13408005
15151632
20120905
29785839
20600501
21194824
21172914
20349817
31188495
20537552
20637992
20591450
20764934
33047750
21853303
22146373
22670492
22677365
22803754
35030234
22341291
22788716
22762245
22874718
22370376
36896752
37890112
22886626
22518389
37344510
21714469
22537552
23230747
40604896
23466120
21513351
41967327
21325044
21567448
22295274
43812906
45634024
25067431
25537077
25899479
46808239
26871810
27785367
48655986
28477002
29697036
30006102
29803263
50366540
30748906
30495315
30031830
30762459
52075333
32180119
53196668
81199037
60249309
59613195
80697970
59617980
59492354
80512148
80930795
60188217
80895586
59613745
59357964
59442476
82273392
81654589
81526906
59539304
81779715
81591122
81536500
81501939
59909336
59725480
80986656
59405475
59286124
59655109
81804200
59747620
58206813
58293505
81978704
58515574
58171883
82377328
81449908
58122932
58209133
57625280
80734507
80507251
57195112
56565200
80797741
81085965
57156914
56191532
81187899
81084374
80187378
80011729
80341683
56562880
56748305
56781156
56796937
56376512
56363500
56407172
56377240
81615415
56648874
55524269
55540070
55545855
54407543
53924113
53430876
82716271
82258177
54271166
55186092
55391937
55926755
85968698
86227122
56672996
56251104
56155455
86933012
56533769
54970410
87018156
55132198
54981272
86975799
55376297
55664878
87376490
55402454
53686691
87404246
54301712
87945515
88350458
86532777
54211079
53381711
86717826
86560623
53654616
87160370
87003559
86811775
55641132
55108215
87665362
55159552
54495289
54701480
54693117
54097899
53604767
53627012
53722492
89379014
89611850
54906782
90840466
55287491
54056997
54349839
91807569
53772840
92128145
54247214
91897607
53906960
91912882
91759368
90409807
54559528
54063969
90741814
53618249
90381945
53257389
90527315
90218628
53113689
52545270
51480745
51258832
50585378
90292580
50745610
90392889
51474255
51616298
91548186
51972448
91769380
52058920
91942863
92198430
51626421
51694979
51566019
51930176
51862685
93249675
93014939
93099266
51856791
51767223
50075381
49821450
93973299
94005804
94074727
93836237
50319987
93794053
93170441
50512310
92131321
50642690
49850440
92618267
49984067
50014188
50152697
49250462
49455187
49032094
93955906
48934665
94854528
94806201
50101162
50169439
94516851
49653392
94599452
47708933
95262105
95175063
95316312
49455739
48582754
96033687
48480443
95505759
95780407
49269228
94681422
94880321
94961202
94760978
94467066
48815147
49014280
95751937
49285949
49227337
94796205
49374790
94809050
49325334
95107014
49669439
95518614
50135181
50147378
95359666
50170525
50052592
95486664
82829847
82889380
50639869
50469066
83572079
83734202
83719449
50252620
83889540
50190772
84106304
84184721
84251468
50491317
84753196
84842563
50459576
49906727
85751280
50331190
50109723
86471115
86493903
50974955
87081071
87103841
87400227
87730545
84320410
51164108
84505193
84522041
51113812
84617163
84631831
51481281
51742405
51814065
85874855
86119121
86427350
52352554
52439066
52291990
86994098
52398427
52327630
87477425
52544550
51778415
88290977
88468961
88501208
52635106
51965372
89045917
89892549
52509820
52447708
90197091
90324970
90353957
90422161
90439116
90384484
53154151
53254848
53175192
53135420
53151735
90964505
90939153
53264552
54088523
54279175
92927312
92589882
55162423
55346282
93169871
55586575
93456445
56092235
92884863
55450550
93126136
92513073
92358108
92382808
54910065
54475792
92301103
92172081
53712607
92143651
92309081
92317253
92249798
53458848
54009636
92905671
93027885
54422282
54170308
93419917
54226073
54634046
54655629
54301800
54029177
54250071
94310750
94004734
54244448
93450384
53207590
93110318
92791718
52378178
52284642
92429519
92508731
92103393
91668980
91000025
92050307
54158016
52243887
52100785
51694905
92145883
91854335
51638009
92041234
50933403
91420635
91199083
90703342
90658370
52209400
52178943
91262635
90330371
52389329
90552562
90259510
52840984
90751462
53377307
52127589
91221539
90512678
90581754
90798130
90017338
90044276
51987930
51830182
52179186
91232018
52925593
52588889
91561874
91398237
90513903
90919315
53516208
91123361
90864106
53110216
91388385
90902948
53901730
53950027
91006138
53641419
53777261
91329597
91317519
54032774
54335695
54119808
91920271
92077682
54879281
91805184
91409504
55281078
91604279
92044043
55616044
55410578
55167531
92522346
55446256
92709528
92608960
92714519
55668666
55987743
93029770
56119387
93162008
55796889
92744948
55602179
55310004
55325018
54949502
93187431
92946104
55504894
93030657
93078680
54858604
92884277
54445185
54483729
54482184
54823630
54916041
94299639
55065686
54873632
54798304
94519250
54412070
54334360
94651693
94462409
94517760
93519755
54323868
54226855
54114365
93810132
54188707
93716085
52639284
52661885
52674996
51963269
50676170
94180955
50165913
94208346
50343476
94662027
94691525
50599004
94599599
93822699
51046613
94177549
93935505
94238414
52157233
94702348
94730366
52006759
51238382
51145955
51074466
94852770
51352763
50715239
94604013
94326898
50563543
50416063
50377434
49964858
49332135
95586970
50169109
96348017
49980195
96782215
50545875
96467141
95305511
50419072
49838954
49607933
95084055
95304941
49675851
91580948
49653260
49536886
49034972
48981535
48929380
92298755
91394496
49177544
49001921
48704542
91885522
49204910
48267761
91794767
48218415
47132671
47074487
46512000
91678650
46546280
46700852
46840114
46882087
46062603
91661513
45562469
45368250
44759558
91686092
91254841
46119292
92124943
46101810
45623090
92286023
92485904
46034411
45335886
45329945
92014610
45305236
44715804
92221440
92165814
90906924
88684521
45038749
88850422
45243628
87794818
45178810
45144261
44697394
86711458
86238699
86001623
85810820
85797391
85875176
85450454
45263925
85424818
85346319
45486105
45529595
45219001
85859221
84782327
45066852
84871018
45604179
84198032
84075631
46179836
46654224
85002419
44682308
84880576
44832897
83996376
84033133
83985580
44817354
82953927
45107582
45164088
45117272
83741985
44177769
84375335
44714350
84403040
44723864
44022257
84172104
43427105
84248022
43628883
84511492
84013156
82409208
42716737
81396211
81670183
43488701
82586132
43886906
42844701
43029782
41845646
83167666
82589658
41987084
82767493
41319060
82902642
81847968
81901471
41745245
41902776
81978152
42019132
82003657
81536566
81434332
41874431
81649302
82018682
42195195
80752235
42516566
80912331
80775377
80154082
79666828
78929782
42592230
42099968
79904871
79586491
41789343
41878738
42214830
42129602
80868620
80260768
80114640
80383514
42196071
41818988
41649776
42022532
42093274
81251138
41982890
42040024
81183975
81144679
81198437
42124657
80952926
80899199
41678274
41426583
80171442
42383946
80489078
80735330
42609538
42547864
81063526
42723745
42792230
42916023
82002882
42766274
42558421
82185266
81939210
43196191
82405224
82271263
43332544
82981123
42863714
42982561
83370563
43219419
83611969
43230168
82464223
43193184
43213381
82710446
82527567
43416477
43440194
43426247
44213232
43760753
83198523
43837431
43271224
83351356
82598004
41907982
41643291
41727027
83021999
41794981
41722839
83278046
82749896
42091810
82807501
42592463
42315855
42160331
83022597
42372669
83596806
83578357
42870161
42807257
42183040
83978144
84481442
84534644
83607125
83556262
42538212
81481862
81650901
81181497
81082972
43113013
42417736
81142783
42454000
43206443
42737448
42243090
81728211
42068969
81905409
42321410
42749015
42764053
42496153
82971076
82849079
43507537
43545081
83572686
83649565
43746049
83573281
83266148
43814501
83777687
44079754
84102766
44805000
44814141
83977730
83820205
44750887
44653983
44884008
84101244
82559049
82520248
82451423
46057294
83947003
46840638
84358521
47306314
84642113
47257664
47238053
46943410
84741276
84378918
46065512
45913692
85117951
46284096
85495421
46093184
85095016
84394344
46735268
84806291
84997163
47659491
47481486
47496324
85638234
46845543
85718025
85652057
46736546
85848125
46815218
85314103
47193720
47376068
47814916
47769115
87121958
47894448
48058194
47851797
87773162
47849440
88029149
47522537
87638291
87127264
47533567
47255571
87551304
47254813
47045107
46953943
87984230
46888405
88065611
47574058
89203604
89108346
48286470
47693461
87710999
47542092
87265564
87273730
87349496
87112896
87469657
87787884
86817355
49665308
49575321
88901614
50783229
88958315
88143279
50762151
50139979
88365577
49492668
88317630
88207466
50157285
50114262
88180894
50323558
88284070
87964807
50110088
50175974
88087957
86986224
86802216
50224147
50428778
87454677
87310396
50455611
50007199
50052440
87723136
50673731
88906109
88743736
88001924
87735949
50602722
88059648
87959915
88031791
86591299
86339909
51270474
85946935
85920324
86053832
85732086
51490534
85781074
85738483
85143933
84973426
51816200
84600307
84637037
51661300
84758296
84895303
84092868
52015787
84089098
83852761
82983931
83384577
83880199
83558632
84166942
83054534
82342353
54169151
54157816
54333129
82219642
82159661
82403324
81703463
54608382
81463408
81423285
54857175
80688848
54868902
80790714
80667588
80803706
80210458
56091832
79626839
78563759
55952809
79128256
78311243
77918809
56995733
57148519
56365543
56292396
78838797
78412421
56491258
78353481
55887974
79266511
56809740
79360643
56566714
79318451
78997646
78719856
78388316
78545925
57534558
78839609
57553204
57478017
79987433
80081368
80063211
57670636
80311366
57508874
80254310
57646211
81633813
81283394
81374600
59152790
59634265
59454703
59466653
58967356
82165083
81774720
81832423
80747990
59268826
81074058
60663520
81715751
59869330
60356701
82336701
82343648
82204429
81320178
81292126
80990588
80758455
80927552
81088504
81352059
62084681
62142593
81479668
81629636
81329782
62217594
62119653
61981011
61831445
61901465
61695261
80610582
61392497
80476512
62476669
62537744
81393363
62446408
62017586
62011180
81872254
61882392
61244958
60403358
82546604
82584174
82987477
83052920
82461691
82424161
82418781
62121439
62210810
61662853
61599458
61802637
83288004
83047911
63534959
84350946
84025937
84174081
63630680
63235333
84719888
63828168
63909930
85386568
85700403
64395350
85366896
64575371
64478462
85947943
64311111
64117921
63420434
63444311
85159290
63281923
63278037
85367780
85373150
85089119
63240334
84365841
62188465
84835450
84805865
84739975
61782689
61286754
61108244
61474796
61778372
85412641
61249230
85566107
61161303
85769426
84826533
61085748
60802075
85230761
84858904
83931900
83652010
83746658
61629647
61431409
61680917
61634824
84644457
61482995
61309434
85026660
61771813
85082516
84635804
84729480
84697189
62017896
61664224
60948515
84979098
61722902
85785234
84853762
84320739
84471780
62466206
62347462
62491472
61841860
84651178
84564692
61888665
84801200
84022008
61874219
62580330
84633040
84006628
62737136
63044735
62707931
84536022
84289518
83788010
83706347
62817329
83853249
83872662
62305079
84001100
61534238
61617944
84471726
84316284
62023307
84374903
84235308
83527189
60577677
83387794
82049921
60808761
82244307
81443169
81271641
81285379
81280288
81008488
80973274
80274352
60368661
60134268
60867204
81228136
60823454
59982302
80751761
80870922
80854248
80700485
79533849
79151095
60679050
60399519
79093592
60836769
79169984
60612781
60306948
59990018
60020814
80467060
60707984
59972650
79695618
79370605
78770314
59298632
78851965
78463883
58555286
57742614
56641141
56259506
55976446
55354196
52503362
52736604
52502379
78770032
51895862
78365283
78473507
52220262
78506459
52347513
51688345
51534805
50463255
50202922
79187127
78834871
50826123
50647872
78344901
50935910
50915284
49851495
77755501
78042274
51251201
78650341
50257133
50472576
49676351
49801914
79919537
79562615
79329400
79148695
50334223
78095092
77951237
50453256
48766941
77821716
48397604
77900051
78012939
77948480
48922912
78211974
49278257
49420079
78213986
49947834
49207242
49127268
48793752
79474711
79622729
77516110
46858464
77785752
77785745
77570799
47218045
77303284
76894866
47272691
76853985
76534031
47596479
47842351
48057369
48300793
77513301
48092504
76963084
76925298
47953116
46931120
77408564
76812449
47188555
76963498
47572065
76214306
47183963
75433698
75919732
76020201
48402011
76181678
48354590
76079570
76289482
49440947
76709692
76758515
49410435
47652866
76780621
76743763
47502595
76843188
76547938
48262678
48513525
48278043
46470608
46053104
46118932
45394823
77788572
45591199
77703105
44633241
78093733
78131368
44787947
78087238
44656191
44415240
44736891
79298218
45304212
45842650
46091033
80349496
80056027
79754033
46782554
46724195
46675492
46401299
81106402
46704338
46916864
46633062
46623187
82123210
82368253
47207613
83508639
83242147
82319697
48692355
48436979
83012980
82712066
48791401
47819049
83426922
47455644
83749127
47430762
47430602
83298582
83249439
47820176
48624332
84398626
47886008
47181201
47457825
47419439
85012605
46633808
45651871
85642632
85830827
46673838
86046789
46812244
86177096
85740717
85466399
47139489
46803248
46553500
45924481
45544006
86153122
86029649
86030116
45614404
45631407
85679632
85522703
85456653
45817378
45988493
45785325
84944584
84900013
84756914
45825570
83865441
83746956
83570221
83366745
83462919
45715863
45287702
84037827
45396230
44551033
44833620
84843187
44498269
85208788
44963170
84159286
84311556
45689501
84799595
44995796
45048601
44386152
84559347
44655560
44768780
85093785
44716202
44606916
83924973
43983803
44564695
84709750
44571833
44699878
85070732
44885921
84058268
84501651
84403287
46009927
45947693
84950367
46153662
84821734
84192497
46838981
47629738
47644312
48072444
47968243
47443310
85945068
47636981
47478572
47479609
86447583
47650723
86707780
48140412
47531707
87611332
86930709
87128301
87027915
86851496
47978644
86496221
47601614
86506964
86301588
47469308
86236070
47451648
46236094
86766306
86349297
85802472
47265204
47335996
47462148
85804512
47335253
46268477
46278585
46249681
46600266
86746320
85827004
46332043
86156352
46261067
46099824
45365746
85888786
45039347
45240154
85944946
86216094
45791678
45542594
45130871
44836157
86950240
87031801
44909864
44813502
86832397
45619986
45487988
46054245
88092778
87421646
46695782
87966034
46866090
87963830
46911194
46491446
46627101
45439857
87995793
87313804
87045876
45882414
44754183
86380405
44589590
44707100
46272177
45826640
88101877
45780610
46569394
46743131
46948498
46848560
46772173
89172682
46577873
89098948
89306295
46313904
46049024
89642157
89599035
89365490
46719352
89745168
89843294
88930927
47461614
46966371
46267615
45783600
45701792
89420601
45719434
89824467
90297197
89801896
89413906
46609179
46377092
46565006
46331797
90178877
46005264
90099221
46075896
90112415
46195032
89364256
45911633
44501651
89565550
88915192
45167661
89422071
45096711
89581996
89704996
89065130
45384608
44970897
88581833
88668467
89060895
89011973
88610352
88587153
88404365
46501737
88339544
46488500
45913887
87243431
45512858
88201495
46393605
46748247
46698020
89277834
47060998
89858633
90122786
90452037
90324619
90338003
89925638
89699911
89911610
89595893
49706052
49467619
90062327
89971605
90106717
48901091
48604774
48432652
48762413
90846796
48670006
48757142
91029140
49171010
91966924
92318495
92711214
50699773
51250840
93679169
50822036
50467651
93945404
93840582
51227364
94167620
93231561
51440712
93380040
93402138
51815436
93758629
93697119
51452249
51089908
51329238
51191745
50755791
50362755
94487652
49758433
94823451
50243580
94966846
94802980
93490219
50619748
93620019
93637363
93575507
51070217
93678090
51127736
51365906
94445055
93956824
93641504
93594492
51879537
93916290
52375991
52688017
93589557
52205401
93857921
93545417
53438498
53193075
93352184
93111448
53536885
52385808
52371633
52177114
51833748
51163757
50912784
92932903
91943385
91832943
91731987
51044023
51283966
52081290
92827116
92657345
92538797
92231631
92307493
52085721
51618682
51628277
92261474
51433246
50978172
92848526
92491964
91950376
51505912
90615747
90551192
90764678
51713442
51643763
51452578
51397592
51079453
50097422
91075511
91970345
50982670
92406918
51504922
92979547
92806588
51959352
92804206
92781097
51987696
91831567
91883367
51886125
92458179
91979094
52470586
51949252
92846357
92838565
52411448
52388324
52489544
93163567
92562255
52838312
92478710
92608812
53022494
92408281
92341697
53202595
52542155
52554340
92383902
52677831
92380920
92174623
92428427
92582592
92445170
53831217
53597273
53569830
52589324
93130643
53060141
92196594
52516354
91934786
91573918
52068756
51651534
51338333
91799038
91798573
90598003
51570077
51653394
90082832
90012737
51974934
90182809
51605274
88944191
87977103
87695827
86528704
86642996
86986912
86486508
53074271
52913006
86746667
53320759
86104102
86121657
86304793
52440773
52104449
86279202
84702727
51865448
84114331
51519920
83926832
51515168
51937907
84966584
85071841
84781038
53330299
84897568
53553485
85002640
84664088
53788186
53609416
53504514
53001040
52343932
52378234
52431570
85447230
52939384
86029344
85722637
52981424
52479393
86436722
86466977
86050076
86032459
52261395
52314366
86424408
86242062
52863540
53125629
87728988
87742316
88247040
54287588
88195783
87794826
86762165
54536560
54391029
54204431
86734492
54328901
53872699
87421586
87463130
53858721
87055395
53693935
87281439
54104451
87315801
87026020
52564911
86113291
53002924
53287413
53073141
52186610
52018042
87092987
87043791
86933439
87653900
87254201
53605725
53016155
50623148
87860289
87591952
50993436
85253271
85163215
84974968
84511771
84916035
52661191
52833941
85704287
53431326
86489942
53405043
53554439
53828511
53419782
51679956
88159871
51785642
51678807
51684070
51535701
51115461
89261563
89362993
50892949
89649796
50973211
89784454
89993530
90206932
90248342
89323290
88098960
88169075
87698636
87514205
53625982
87595823
53753324
87503519
86834497
53837988
53992972
87171875
53948554
53791423
86438974
53291603
52894796
85130406
52558261
84732273
84408043
52576917
84654610
84094424
84532177
84685975
84843768
82756903
81243295
54485759
81146113
81112264
80780191
80608131
54130405
80537335
54157092
53994550
53965705
52547654
53066769
52981784
82936407
53703551
83045801
83247985
54245378
54224366
53931616
54063380
54085343
53877418
53666522
53308288
53004336
53061647
52948597
84373845
52986982
83875049
53288159
52643502
83835620
52091399
83889933
83947855
83335215
83256514
83152373
52830044
53041049
53501488
83486826
82893367
53760673
83271114
54066545
53055519
52780098
52046305
51961090
83619181
52174184
51654836
51684643
83838762
50918108
83814649
83853194
50849415
50779608
83569908
50369144
50194166
50029063
83799779
50104192
83728350
83750458
50531854
83612419
83906834
84023661
84651558
51961662
84681385
83744075
50961196
50805123
82755795
50983655
82287374
51002313
82576287
82254235
82044189
51038869
82074585
82251071
82101831
83135723
52951613
82999814
52702038
82898454
53031184
53412175
53170763
52831330
83681922
83547593
82736992
52887792
53070424
83133696
82200627
81888705
81460210
80654963
52582245
52652120
52428783
80832410
51839859
52053160
80998983
52079110
51885082
52127953
81345267
81569710
81191522
81013596
80974847
80987405
80184756
79885997
52861286
79553405
79339409
51677797
79688032
52000249
79759029
79744855
51773546
51849433
80080709
79889777
79203073
52128528
79177862
52186558
52215016
79496225
52255870
52814206
52223866
80033546
80031122
52793096
53098151
52072288
51972316
80420022
51739174
80409546
51662548
50599375
50305840
50085597
50180908
80949397
50547983
80722722
80360084
79770649
79669016
79666476
50545466
50188372
50596915
80769863
79551521
79449965
50524811
79916036
80093206
79867260
80132341
51480124
51141969
79915983
79782641
79807153
79806411
51356925
51220939
79850880
79648297
51464491
79285224
51281523
78629267
49768240
78335297
50296366
50307654
50222116
47989480
79422177
79486252
79530464
79508595
48860197
48209639
79823117
48293266
48319798
48072953
48787277
48763394
48221412
82408324
81871282
82061338
81228253
49398763
81255503
80471120
80664897
49913722
80925521
49870223
81067736
50057635
49645829
81411425
81141402
50068004
81711353
47987341
81264118
81255140
80870106
80731869
47826247
47662864
81036931
47647839
47625770
80777460
80487717
80618406
48455837
48532218
49302717
81761095
49215992
81458608
81564368
49083480
46861138
46546571
45848264
45999186
82253443
46134541
46617910
46157877
82659313
46312688
83504368
83330492
83703910
46829218
84596141
84517778
47066565
47414882
84952052
47372002
84735416
47228430
47200175
46852117
84496447
84422164
83842098
83550640
47000163
83422534
83225626
83283088
47236006
83533498
47300761
47338278
47655480
47580791
47345559
84355864
47189373
47227582
84359331
46684464
83131378
46791030
46455297
83089433
83384553
83112244
82952224
46733537
46428669
46285172
82818660
82005967
81403309
46067973
81444747
80729870
46367621
46367479
46165813
45895870
45846980
45868177
81727607
45917868
81488204
46086447
46380079
82185066
81852377
46496093
46263735
46240312
82009751
46083602
80699736
81254318
80848355
45182997
45438404
45883090
82262936
82154097
82496665
46469410
46914275
46256252
82819591
82757689
82541416
45635943
82590339
82251170
45868257
45572673
81986341
45718277
82597201
45907223
46040036
45624760
82852798
81689883
45878502
82317819
45678151
46113692
82740368
82018297
81974349
81237969
46856224
46922780
82107131
82227952
81904634
81842573
81578079
81277804
47770426
80813399
79982554
48199519
48018138
78664715
77533687
77507643
77353444
77740115
76854299
76584229
49168974
76586597
47977498
47745275
77177320
76847932
76733150
47892947
48108022
77202376
47996176
47955096
47800720
77559254
47612227
78113672
78039821
48870813
48265595
48377512
78634062
78279377
78158346
78414318
78525739
78764008
78598646
78639500
49964550
49634772
49584506
50082958
49901733
49576831
79409499
79233515
78884102
50037867
49889543
49850881
79304858
79478462
50716032
80178277
50546221
80755378
80765663
81093701
51029318
81119091
78410127
51516527
50806882
50289956
49217805
49197333
78790138
78634308
76941593
48978307
49047455
77105274
77469182
77544776
77617697
50184895
77421292
77368101
50347340
77810406
76873451
77326469
50904105
76888507
50475442
76066094
75633366
75935973
75856479
75982557
51364776
51300744
75732464
51344659
50315680
50377394
50060010
49739039
49583154
75915007
76002588
75981634
49433095
75578991
75670858
49571151
75128458
75124618
75222874
74878721
74746507
50035481
49166035
48907571
48267658
75048495
48256731
48538200
75387833
75462274
75568713
48231386
75570517
47818568
47356844
47323880
47596377
47458310
46707647
76113991
46693666
75216417
75350266
75034888
46535143
46462528
74899536
46990152
46985725
47350343
75436245
48071072
47610468
76666598
75852258
47898856
47300236
47436430
47208790
45958500
76389574
76536503
76668422
76594800
75874243
75729193
46032435
75430453
75442104
46347000
75734582
46505354
76484215
47972690
77050518
48106105
77217101
48439955
77347736
77298878
77291118
49033061
48351958
77669221
48505246
77718562
48483210
49283174
78364258
78475703
49477829
78159038
49924137
49841311
49607947
79171023
79065939
49815702
50321586
79740995
79654793
79306496
79346226
78094042
51560738
51319499
78448853
51472934
77271507
77906354
52820685
52928303
78475940
52646847
53054926
53178757
79898669
54021724
54019494
80005361
54019820
80113457
54026676
79516067
54425976
54069849
80059507
54282611
54361436
80467664
54231142
80313927
80626286
54890701
80764242
80641670
54616188
54020458
80397794
80397936
53976492
53261997
80826965
80917220
81126385
81130952
81402771
54529684
81629743
81493418
79752286
79988247
55420905
54166622
53957974
53975992
53565725
53402069
80668458
53485550
81037998
80981490
54280069
54154297
79205709
79384538
53879866
53575939
52950788
53066176
52460806
52170997
81172677
52252114
50682316
81562356
50917006
51186036
50737301
50704295
50884718
82818386
51096592
51262503
83450198
83301090
51366451
83103930
50492428
50494921
83206890
82896572
82995130
82157783
51036373
48632738
82228775
82239763
48745900
82374243
82525619
49134185
48964093
48876248
48947128
48544029
83201304
48862894
83822513
49789489
48661880
48361119
47787084
47436971
84631470
47415194
47592548
84789161
84206904
84469700
49045055
49128649
85276453
84476308
83452296
82623499
49425522
83421272
49855592
48445091
48438174
47736763
84186976
48661885
83831266
83680390
83255058
47774288
47563180
84010701
83978440
48793334
84852888
50042020
86043134
86793921
51470211
86915031
51340123
87253720
87174777
52292042
52251762
87862176
52258697
87303522
87021074
86788733
86519421
86816474
53171439
52838949
52874829
87515022
87524019
87918807
87942491
53384490
88335137
88219108
53782356
88591597
87573449
54080582
53798419
88092649
87647180
54381553
54443347
88075481
87703488
87556119
87424323
87405904
86340584
55845741
56144236
55889758
87120019
86804011
56032560
55976247
85975543
85361088
56142447
85825611
85641117
56155525
56306879
86131503
86724367
86135135
56759612
86229110
85985646
57206830
85643753
57423892
56743110
85297648
85773539
85637064
57499927
85602575
85058784
85329526
85829735
85879910
58780460
86708997
59736385
86977635
59981519
60238123
87226429
60393767
87574354
59920200
87561269
87611232
87594679
87488502
59788527
87571481
87666655
87337663
87646375
87530104
61519938
60106042
87889041
88007238
87501124
60351573
60175710
59505762
87742968
86856042
86894620
60435693
60533370
86909799
86857235
60936823
87333990
60095230
87206904
59979124
87091077
59557762
87256161
87470806
87304380
61051192
86210750
61279921
86487568
60997714
60239846
86559137
85945758
85906481
85171837
84489854
59433686
84812949
84584807
59927020
59802434
85333885
58923280
58706885
58654042
58652088
58269379
57388654
86455428
58147156
58007076
57859229
86853108
58351426
87548125
58777593
87607890
87297733
58637224
86613103
58522196
58502549
86538435
86705972
86636043
58177324
58133688
58624328
58277319
87851388
58296835
87986949
57364284
56494682
88399776
56529905
56956359
88830472
88834089
88785641
57359957
57161707
57098827
88731172
88554577
57447645
88789023
56704459
88625912
56535992
56126474
56043206
88930873
88653417
56507238
89066308
56693252
89315979
56525222
56847929
90239552
90001616
57242289
91340626
91467311
58787569
91419032
58445182
58190218
91455347
58929786
92505759
91771436
58862985
91429372
58799648
58452808
91693339
91948801
58776252
58922154
92122483
59155927
92252549
91840664
92055052
59901560
59349027
92249553
91501600
90990138
59688222
89841484
59688034
59247305
90059875
59234857
59064988
89914684
89772559
89781899
59379045
59493289
90050981
60000849
59214377
91044476
59486522
91595695
59772477
59732117
59535716
92155099
92045368
91774240
91097686
90190539
60645218
90500974
90109914
60806818
59245856
90696762
90525495
90106484
59910488
90196749
59687311
59122876
89535927
89593212
59575935
59357501
89864130
59461354
58477532
89575235
58770619
59051377
90509854
58351628
57241059
90146985
89946440
56174930
89890663
89361909
89411834
88766767
56416269
88437834
87672050
55490359
87271110
85730529
55999842
55514680
85943704
85903794
54600545
85651938
85196406
85152642
55135439
54965071
54184869
85271540
85064831
85033753
85375588
85268765
55308651
86106327
85651515
85763536
85361141
85364179
56064337
56293754
55602415
55430309
85496695
85118285
54591307
85435607
54385136
85396529
54702875
85690703
54740435
55002228
54692681
85568122
85255411
54465332
54395220
53357117
85507900
84768360
84549317
53189785
82793846
82965369
81712876
81243711
81267516
80799570
54020394
80401887
53985511
53667544
80902396
51978422
81046571
51264384
81080474
81618311
51699844
81797871
81538366
81441304
51542208
51375013
81061051
51452048
51389994
49853416
80981628
80073741
79849675
79172013
79033463
78212423
50539946
78655674
50567324
50433416
78921719
79420087
78670458
77426378
76942439
51608441
51026257
50666975
77943913
78261244
77521720
50914057
50970809
77952276
50976102
77375809
52045635
77200337
76966483
76605480
51726564
76659855
51901149
77192319
52016758
76824065
76553401
52837724
76765071
52369108
51560151
76900201
76893539
51932299
77023434
76571879
52520082
52900542
53557174
78196002
53329737
53899041
78448305
78368896
78007032
54136161
78251475
77825565
53687373
77799987
53696648
77858135
77601896
77282141
54395602
77443153
53540245
53120287
52801653
77582698
54001346
78438544
54190053
53765383
78789076
53536879
78527589
53317099
77848652
77869661
53592852
78124673
78098004
77579748
53828970
53325093
53068336
77946888
53120360
52631776
77780808
52415299
77087433
52826405
52900816
52521750
77563701
77205192
77699573
77567649
53570274
53414906
53333177
53189620
77460899
76986847
77074938
52950193
52479720
52202876
51753413
77571581
77285695
51322147
76958653
76538001
76553575
75721215
50583838
75732541
75748209
75453543
75068849
51820662
75902086
75986408
76100193
75819464
75768196
53457488
52591950
76028657
75881705
52781909
75997135
75338326
75331679
53115855
53135111
75475902
74937454
74916252
74886099
53251989
53095805
74720825
74714622
74396525
52915441
52412321
74747564
74677964
74690257
53527004
74311346
53213092
74491778
53492756
74498424
74746066
54127495
53838984
54242046
75474678
54330143
75708163
54424327
75833616
75787995
54224196
76381343
54953869
54532127
54247297
77027937
76847783
76129019
75094323
74002218
73268944
54644816
73561049
73612266
73585277
55272612
75116326
74901010
55774311
74910426
73847129
55878447
55979221
55527821
73959823
73698652
55461423
55435550
55114422
55728647
55745839
56163179
55480080
55208539
54605922
54838281
54621190
54657654
54681650
54888829
76554961
54827241
76630729
76958740
55283757
77280214
77201372
55137889
77542445
77426959
76793483
76592487
56001398
55837050
76192614
54360522
53182129
53290098
53043051
53023701
52598625
76558415
52499977
75994945
76115083
52603279
75079476
52713374
75047207
75414704
75413655
74515309
74647655
54081130
74925329
54324157
54262084
54058693
54173000
54059964
52595554
52614233
76011927
52447393
75677619
52475777
75591603
52689756
51764654
75085463
51718346
75297016
74936298
51937399
51580961
51271309
75380630
75783282
51507657
75993502
50996303
75906176
75695184
50916715
75502323
75735507
51564201
50431097
76138856
50268292
50303353
76035809
75055180
74709391
50558651
50188844
74414535
74676234
50918386
50519287
76072321
49677038
76550141
76614119
76121751
49894157
49902599
49261945
49154529
76600721
76341439
49503358
76561759
76557040
49345288
48478114
48112821
47470209
76830053
47455022
47037443
76611950
76489904
47319905
76436746
75951318
47493021
47729963
75669293
47206457
76046139
47891790
48117034
76564684
76409335
48307443
76407549
76807914
47985892
48052747
47911146
48097860
47991001
47653361
78162746
78212268
78676650
47874046
78493172
47949232
47999692
78738865
47993636
48096774
47780357
47427042
79234571
48158361
48144128
47054774
47177789
80080110
47614241
48217497
80753631
47743481
81182472
80812283
80558777
80461997
48734698
80700883
49019281
48915423
80271299
49166886
48379659
47492054
80826101
45963117
80119019
80217789
80267136
80322316
46398881
80216446
46054601
79875900
45858159
45767892
79892917
45033525
79672985
79535949
45352310
44895820
44735542
79454783
43743828
79156906
79171507
78677474
44130826
43888053
78802669
78946309
43625671
43565060
78954126
78350025
43347991
43027469
42764236
42176539
78735671
41414603
78998827
79409224
42350164
79668506
79761610
79376214
79250158
79295073
43401947
79426029
79452641
43653486
79793930
79854207
79229399
78236300
78164315
78079830
78229404
78148695
43901991
42141244
41757440
41671533
41644761
41675303
41695262
79108734
42237662
41780034
79581384
79311973
41652292
79000891
41579674
41556887
79381587
79370167
41972391
79499089
78894883
78667856
79056505
78602066
78168915
77491491
77223565
44160085
77639437
77180346
76671483
76095011
43966960
76379605
75964164
44155053
43747155
75962364
76249101
75937869
76271111
75050913
74393249
45967826
45282834
74732535
74772255
45386708
74623957
45123389
75093515
45158199
44264847
75588949
44469853
44909465
45143434
76213516
76248513
76249597
76204048
45514872
45557783
76436501
45619302
45493288
45475092
44822976
44499367
75408660
75184464
43573128
75402099
43568821
43482166
43467653
75559240
75578221
75487519
75399730
75590679
43928561
44022921
76004872
45136294
45094980
45188038
45111739
44938660
77757946
45621978
77875990
46486678
78065785
78211093
46441511
46327261
78298582
78077039
47089585
77973826
78098418
47006753
78532903
77835119
77945640
47616423
47933061
79258765
47435593
47216735
47063973
79213055
79147281
79243315
47475267
78946732
78157879
46919001
46757056
78390080
46162461
45707268
45857189
45277407
79800858
78928656
79025059
79169922
79013324
78760167
46359771
78820312
79147517
78682062
47017702
78720065
78677668
78902015
47422551
47217983
47013531
79333788
79140371
47120052
47120690
47356013
47367896
79703170
47853927
47341848
47149140
80122374
80370964
80376784
47325525
46985851
46481560
80493178
80529809
80055023
47014288
47410341
46606071
80748703
80692882
46581248
80552748
80021728
46620605
46605182
46623823
46643541
46040570
79840692
79689245
46320017
46306098
79711382
46204903
46072340
46435976
80953484
47266587
46577669
80694475
46663053
46923479
80643056
80571465
47377559
80727468
47216184
80954683
46927086
81023683
81089906
80808597
80843045
47309207
80980031
80328460
47591083
80996514
48130597
48226495
48262060
48852753
82269137
48630303
82335644
81705924
81562985
48883774
48380620
48278937
48238308
48434207
78778644
48724478
48322333
78919216
48867461
79280258
49123047
48975049
79338041
79221229
48915423
48954286
48983094
79474821
79514088
49459080
49168447
49113687
79913939
49325027
49951482
80728059
50210272
80874612
80075690
79775248
80018123
79894486
79843223
79390370
50436960
49840660
79823282
48754748
79646462
79552802
79309362
48349499
78165327
78483085
78989711
78724287
50165391
79019150
50686051
79877855
79100132
51359442
51121130
78951281
78635804
51026101
78758621
79100072
51352348
78898707
50969335
50843813
50638941
79056906
78515715
78437601
50901021
78602145
50828949
50369137
48174843
48181997
47867323
78688584
48115040
45978480
78579342
78716534
46870623
46869088
77677169
77381860
77381251
47176640
46889831
47018603
47116141
46867136
78953121
46867059
78592933
78673545
78685792
78697669
78170855
77793868
78049574
78121860
47883408
78091657
48365345
48446880
78443965
77642369
49033044
77447171
49475316
78359055
78377678
77858260
76666334
76699412
76260432
77248575
76989454
76020102
75165297
52036656
52319021
51598702
74817221
51587422
74342144
74748427
74623298
74528804
74686246
52796549
52756023
75228640
74650274
53262581
53530509
75664862
52903159
76077648
53032871
52702322
53236098
53163960
53027072
77354881
77429246
52279581
51927709
51976062
77706597
51133092
50709819
50050044
49607769
78107396
78713082
78742532
50676104
52331697
80833865
52706007
80500571
52377748
80119913
52353763
80280100
81024721
53561289
81145674
80995653
80848213
80753247
53644701
53311803
53188862
80951002
80694577
53411565
52546097
52247032
81177573
80937427
51823856
81140405
81128101
52260797
52101761
81322778
81237566
80439298
80523398
52503746
80551441
52995432
53064817
81470685
53352182
81508601
52866511
52998223
81965431
53348606
82567129
82734489
53755456
83200786
54134112
53769336
83682764
82662065
81809139
81828757
53711627
53157950
53505926
82533710
82278558
53795917
53910882
53681645
53586197
83581331
54344261
83443914
54688019
83934481
84383229
83888062
55735784
56004577
84747951
84741791
84676181
56760063
56971403
85102790
56849204
56237961
85319422
85323345
56390032
85399507
85893440
56799602
85831438
86077172
85968333
56980741
56322027
56589050
86360828
56606436
86044230
85484416
56323900
85389460
85404985
55245544
85321675
85597334
85521786
55018023
54935370
85124367
54744988
54270281
85070666
83874456
83970621
54571648
83903322
54427388
84186267
84055283
54756739
54622888
83779965
54608742
54400529
54287876
83939928
84033479
84084826
55488059
55049439
55110063
85336974
55385924
84910512
55206599
55036706
85288236
85113028
84342540
55027600
54920811
83045916
55324185
55633910
55402569
54811671
83649633
54810697
83091505
53740825
53607320
53791431
83765342
83209024
83583305
83507926
83795902
83697274
83862656
55599878
83934224
53802423
53246268
52878923
52768685
83264527
83276874
83310155
84182829
84078621
54472418
54661396
54721874
85160897
54679239
85178580
84389320
55606927
84354941
55726123
55713595
85026280
56134507
56282986
84966154
85095808
56312189
85261476
56464370
56269313
56252251
85270637
85149372
55850441
85324627
85412904
56106178
55438581
86185240
85992921
