479832
645690
243102
348227
368199
1795935
1628569
220330
753412
2632282
465337
563141
2133878
1417763
715703
511602
127991
2348911
126516
515568
3852083
546891
3893755
821410
3990476
991498
1059734
4024154
3058716
1141584
3045352
1259927
2571703
2659980
2719865
1409960
2754861
2608032
1280955
2315620
792380
2085565
564233
1768887
1918452
843639
1944575
1600762
1682618
1571234
1210246
1609859
545413
249622
1979162
2297316
2358783
2267550
539984
2589917
2499821
656137
2902112
1043101
3179883
979358
3010580
1260459
422549
2482148
2192142
631877
2184623
2275074
1651745
1007305
1691860
1194229
1215114
1421244
673159
463506
597358
616756
594140
751515
694046
259481
558329
268631
636985
440610
42937
107808
391616
217082
327086
317681
478808
460026
1168832
436729
496973
1213856
838542
417011
965544
445276
1011364
1016661
287609
1384812
861518
694136
228091
186971
387867
655651
486804
664712
384868
335825
230371
250275
1945879
413757
627365
1349909
1417535
1942077
2193776
1698660
1556455
2040736
1842090
1847268
383835
375190
186475
403037
286023
460507
630638
625246
663425
124313
637632
839245
278825
353810
728651
1050365
1803714
1205381
1353645
1617021
1589564
1374086
552180
638832
839994
1093715
1166919
1161557
1043661
1064246
980166
1205060
154656
114809
162245
177450
473343
189182
431870
219374
895752
1128414
1093393
1197995
1327341
1175998
1307191
1243954
1116372
1722176
2082435
1166283
1120190
107653
850686
811210
983270
800596
819115
917087
1091377
741059
125680
106162
42761
171670
24408
335585
376512
369795
360283
779368
587693
172485
30910519
340904
46285
31810004
603358
944274
958567
952067
32564181
1121947
1126477
803517
651738
673683
33185923
33072369
539772
33508549
912830
791476
703974
916230
267137
34805438
34341513
1027927
35710404
1740104
35966980
1212878
1303534
36283982
1329439
1595492
36591728
776694
36850983
715136
36966585
36643359
36255978
36472437
36491806
36247883
36667894
37169857
36596651
4932558
37134279
6017460
37990259
7403584
38840507
7563790
40403265
8990074
40554274
40292645
39896141
8392351
7928753
7528003
7517534
7005563
6573657
6041034
5878047
5824563
5484384
5532736
5566204
5702477
5598653
40797193
5641911
5196550
40919517
5651625
5755606
5774849
5858378
5831671
5524883
5338843
41842854
5247623
5210038
5038532
4777007
42142352
4387449
4576666
4875972
42577397
41980051
3289595
3380011
42446478
3554015
41837768
41862427
3747354
41668592
3980063
40642990
5152572
5280745
69980267
69792859
68343887
33212708
68466048
68521983
33841211
67332772
34191263
33918658
34035944
66744815
66587851
66686731
34184821
66573301
66999487
66431403
66230788
34446345
33747008
65926193
33983784
32807100
33133004
66677044
33306570
33292497
66978193
33332073
65881894
65621906
33683617
33325998
65315463
33657080
33611771
33772555
66490031
34084377
66243551
65460742
34273554
33581736
33542479
33101784
65995676
33071493
66486396
67344185
34289103
68006212
68140855
34978069
34895547
68405751
34746405
69035383
69481385
69700796
70946367
71430464
71111552
38574535
38809863
38750757
39077106
71455798
39794214
71728250
72274824
39767939
39454733
70793001
39931845
39938653
71390707
40170927
71800055
71523109
40792087
71641506
71585365
40517640
70987009
70440792
40688148
40672740
41051957
70482712
71127071
42180477
70511162
42756423
42244105
42164606
70729070
42037519
70769103
70687866
42395212
70676375
70350189
42142381
70571692
42331811
70544150
70554114
42916558
41797850
72074222
42855987
71599698
71975268
44127275
43900339
72506446
71457246
71679455
71831762
72638150
71152128
71142541
69865150
45891896
45810181
69979523
67880362
67530758
67603009
67931722
67429265
45449716
68474605
68697309
68230097
46299545
67625832
67540518
67104093
66368359
66752747
66426942
66086601
47438548
47581182
47680411
46813880
66945836
66755862
64731825
64439912
64259899
47477930
64076397
64015582
63989148
48134557
64590703
65076189
48858209
47818416
65228832
65033204
65173917
65268475
65122506
49118236
64511805
48349039
64845121
49198037
64570448
63441518
63427775
62758067
61885481
61687754
60989783
50695287
50757416
50545968
48481323
48862187
62060150
48237145
48290190
62664365
48457478
62185320
47060639
62409894
61921866
62086955
47173281
47216411
62145710
47214225
62267860
48047036
47356993
62341623
62126756
47859579
47781725
62518336
62436274
47978654
48111286
62778016
48160175
48050633
62315719
61333452
61351288
61373431
48428815
48716152
61685338
48146589
61048983
47859250
60980967
60745452
59727200
48062905
47706782
46952463
46434886
59723142
59485498
46852109
47246026
47260598
46919123
60021118
60173351
46992116
46977591
60628112
59755460
59098513
47168516
58332059
47604680
47805636
47411004
59051498
58727954
58721682
47976949
47813219
58955315
58993993
48465571
57934106
48230542
48233281
57284028
48499061
57619871
49944573
49576088
58679022
58559983
58419846
58434634
58246537
58319597
49607589
48897274
48773032
58596151
48949116
45345752
45427936
58062044
58028679
57932373
46178836
58481632
58626378
46581796
59439066
59413562
46733228
45750586
45866681
59790283
58852450
45656567
45517147
45223178
44584913
44687204
59057071
58839805
44762654
59314809
59116288
45645405
58401068
45237478
58500364
44245352
43392201
43494572
43530756
43430780
43089872
43146288
59489710
43407243
58869090
42688044
59217164
58379625
43417218
58468082
58229913
57927161
43121510
42046530
41969584
39532998
57974193
57712643
40064345
57903882
56627091
57032827
56825597
40076289
39308657
38093189
57044840
37861298
37788126
38189940
37531075
37158396
57534941
56818416
36583404
56917646
56336483
36829168
35731712
36265339
57180741
57085350
56740783
56686098
56623253
35212552
56526348
34204981
56533919
35061504
56896203
35222795
35304063
56780948
35025708
34973383
34661466
34709853
56738026
34537819
56530809
34153768
56566042
34155110
56557833
34052163
56606918
56298707
33415279
56319158
33530565
33058113
56325970
54355058
33007346
32771122
32520718
54137570
53872537
53995633
54763614
55017056
34797500
54900466
35466548
54833201
54790054
35737447
55176116
35815749
55320799
36338372
36162721
55528226
35832778
55721875
36308757
36342855
36637628
56200967
56199700
36299311
35792403
35953591
35918151
56638368
56735863
36076026
55646670
36262837
36264607
35398350
35284557
56250987
56223015
56122186
36168247
56336981
35868140
35808506
56669881
57243088
56772221
36197843
57395384
36283427
57733907
56870677
36550404
56453529
56509718
36623860
56681805
56527729
56377706
56373184
36606287
36721469
35343087
58634197
58340439
36193634
36919718
58903558
58691212
36966056
36890433
36527157
36021473
35180198
34512027
59552580
58471093
34493732
58388934
58457349
58269683
34701700
57753309
34809946
34760920
35300473
58193757
35427781
35748253
58613046
35545883
59041891
59098560
59400109
36012704
59636420
59589338
58539679
36711712
57825200
57797960
36655218
36638636
57724770
36821620
57980225
57837730
37111196
58017644
57250067
57810235
57538985
57351413
57317545
38914578
39019044
38908837
38510067
38423398
57888310
57884852
38212746
58260497
58248670
58238155
38055752
38086042
58491455
38244921
38524757
37795774
59310453
37100133
59881607
59988363
37271505
36993563
37082075
60202249
59600331
59745706
58681507
37420410
37011039
59162776
58763620
37260307
58766194
37115005
36945888
37167615
59648236
37406245
59665912
59104037
36879953
37386207
60009315
59980352
59314411
37319937
60333707
37753034
37409850
37476226
37385764
37317777
60498064
61108202
38035008
61042386
59829617
59949712
39209198
38785901
38950789
60920285
39632721
39637749
39526512
60953117
39651242
61111446
60661826
39808687
60328472
40543876
40438501
40543727
38330134
60966722
61315005
38501152
37947247
37486923
62018342
37493130
61876371
61601018
61007355
61211096
60493288
60906716
39430731
39225590
38757032
38979071
61067814
61123346
38830884
38675939
38821016
61040837
38755446
38710619
38300267
61444503
38562023
61382623
61621666
38608748
38668748
38605960
60631007
38408154
61175732
38558553
38450500
37518464
37587610
37527729
62025201
63107967
62575928
62428569
38592794
36987218
36837215
62749017
37584916
36704072
62903048
62888506
62421173
62581690
61906780
37145434
36995939
36813664
36903192
62427674
61265771
37428150
60545845
37589577
60838595
60788891
37979721
61230725
38359401
60106449
60313400
60460789
38764086
61202108
39041926
61675664
39403608
39093022
38947471
38775997
39466423
63296612
62610362
38101952
37389514
61693091
61475751
37618384
37613198
37505797
37257446
61330403
61431416
61538836
36156128
36049871
36248136
62035615
36310062
36613176
62624125
62805943
62763980
36420188
35909710
35549371
35412174
62976766
63066021
62636551
62803908
62185151
61611923
61342056
61227517
60415528
36487357
36831061
36406121
61418129
60943791
60890622
36372990
60885181
37214858
61197814
60502654
37701923
37131223
37322524
36966724
37011138
61504488
37077192
60898554
60689347
60675438
36797248
36260365
60055646
36206960
35760884
60181362
35839662
34882238
35213156
61318368
60932933
60696165
60291838
60389091
35619759
59666347
35860105
59632479
35848123
60042775
60034912
59964581
60076376
60402579
36247452
35168157
35387071
60876607
35454552
35071037
61499593
35069805
35049899
59702045
59376861
35301345
35090326
34284559
58702724
34585930
58841938
34590328
34606308
58222748
33986345
34024104
34056931
33469962
31588727
59183404
31998521
32015440
31895941
31722128
59991079
32616784
32526545
60666384
60880187
60906621
60350725
59753886
58987561
59004544
58653764
58165474
58422964
58354831
58459914
59066506
35489647
36249329
36372935
60219909
36567650
60335888
36570885
36631092
61069766
36865546
60909371
61188710
36654400
36466640
60667111
36534183
60863147
60698932
60633665
36113208
36142420
59999338
36226953
60084964
35271734
35222127
59992032
35374318
34753760
60550549
60409756
59777137
35134045
59055881
34105932
34173877
58522605
58896421
58660048
35005558
58966640
58951335
58985455
35470724
58522425
58450521
58441138
57655876
57153596
57386889
35590737
35323220
56616323
56562951
56553555
56008917
36176009
55589311
54925163
36044524
35340900
34966606
54695670
55642210
36128614
55954610
55032502
36098918
36159058
55020805
54898542
36218863
35424321
35231633
35406304
55377106
36093816
36144823
56289963
36426865
36505008
35827297
36312311
35937520
56120766
55809688
55187706
36529755
36244896
55699914
36239373
36243786
55827673
55579507
55364256
55479296
36605777
36558477
35274243
34965246
34659840
34010403
33620762
56229787
55423295
33362769
56053143
55621968
34057803
55433388
34368312
34409995
34449059
34535052
56187932
55781220
55773439
34614475
34688480
34588783
55776515
54147971
53249833
53985410
35666546
35161899
54422807
35427233
54434205
53451869
35263280
53490702
53291383
35023234
34772209
53668395
53581278
35132288
33920566
53342585
53276596
34071219
34081776
33817640
53508952
53310482
34794915
34793956
34752785
34480593
35165097
35264915
34850126
55206482
54795294
35144028
35021947
54872212
35069348
55162283
55013220
54432758
54023411
52374404
35630681
52493365
52316742
52882140
36802850
52453548
37149827
37246133
37062887
53694977
37615876
37638675
53827592
37816725
53498729
52766772
37220615
37387968
53264807
53519575
34978706
53500020
53379532
53508064
53520754
34966616
34799606
54323257
34996090
54456379
34545996
54239706
54366883
34932967
34923278
55007206
54279398
35551109
35520458
35505511
55126396
35363007
54770721
35455512
35128032
34674777
35508179
35654401
35552945
35206047
56128434
55801321
35354205
35982104
57205946
35993193
35860457
57206889
57194504
57408466
57756938
57556135
57033862
36295377
36332407
56336620
56398038
35985886
56689373
36007536
56798573
36008745
56842391
57285172
36762313
35383575
35171408
57607062
57174884
35474871
57618392
58034410
36161859
36151132
58427813
58118883
57650205
57362711
57070801
37239362
37254729
57530427
36408146
36364746
57670524
36579239
36430274
57834141
57634879
56705914
55949096
38162346
56770499
38197442
56736117
38484170
38022873
37877484
57598820
38214283
57792277
57893871
38496684
38052928
58157044
58354611
58021889
38936766
38871623
58467445
39098103
38941053
38901870
58677094
38734878
58971871
38693324
59116943
38516597
38036462
59652316
38689298
38829111
58736916
58247016
57486146
38937066
57659300
57827802
57868890
57847892
39783948
39752681
39865403
38814717
39592459
39426958
59895975
59829716
39129984
39458415
39437407
60297572
60587840
60890085
40488763
60461758
40734023
60645567
40900329
40475649
61046111
40678036
60894292
60770243
39805549
39818160
61202514
40678488
40552786
40220410
40584333
40851107
62746976
62642563
62493998
62381443
41004793
62612920
41533415
41256883
40490385
39585028
39189389
63422451
63891156
64060321
64100253
40190831
63854804
40467042
64298216
64557498
64745478
41259853
65197851
41962678
65337988
65089102
64515750
63981032
42569307
42281278
63819604
63971957
64126550
64137408
43004304
63628996
63062283
42907131
42163724
42096129
62132107
41486799
41452034
62097622
41034599
41085484
40248629
40425875
62823962
62195628
61757076
61957194
41018748
40876622
40562059
40938266
41162278
40477829
40179269
40129883
40191570
40802757
64779876
64763591
63676628
64348376
63655590
63846093
63760483
62734839
41933537
62865254
41081810
40870979
39773198
63159858
39822674
62534359
62420951
38923935
62561982
38722265
61958281
38885033
37971243
62599302
39146187
62710716
62704112
39471193
39219039
62835672
38782816
39352111
63983940
63510668
38671392
63782444
63523709
63573782
38775760
38772694
39120982
38864161
64167474
39134826
64168338
62320768
37676496
37461110
37433378
37509577
37358727
63254403
63067254
36813669
36513194
62982339
36979150
63102241
63189004
37107972
37099163
36950268
64004952
37040951
37029219
64344221
37487645
37427081
65506915
65402406
37433910
64853348
37517346
64620470
36710663
36535266
63678409
36435826
35142768
35545343
35381929
64082962
64216050
63999913
36889895
64785350
36485673
36182784
64863657
36182983
36050591
65448964
65651688
65530654
65244418
36787195
64812217
35400213
64555731
64591679
35309613
64862078
35555269
35752253
35610704
35307285
35393756
65036078
34665196
64860921
64227751
35173519
34883014
34455079
34228790
33677521
64707306
33649208
33691084
33674259
33380682
63605195
63567729
62184115
61405696
34093513
32913435
61241977
61130388
60754354
60871541
33348625
61451156
60835297
32455072
31832407
31214387
31294068
61622262
61320215
61211686
30630290
30162992
30061350
30053951
29794276
29817682
29725915
61655566
29703953
30027640
29897578
62218352
30338062
62567481
30438140
30515251
62779773
62412543
30719613
30826526
62702114
30697905
62133538
31100154
31377988
31550138
63083224
30733990
28851495
63358289
28940558
63551790
29507821
29324427
29331306
63929599
29382098
29414885
63862590
63430432
62983978
62942777
29761080
29837316
28601487
28316644
28346480
63974704
28057645
28818525
65635525
28589319
28370638
28759502
65162081
28859461
28710165
65579908
28985217
28897882
65676758
29677695
65432967
30331150
29783395
29778165
29595049
66217469
29792891
66221223
29503340
66193756
29088211
29397933
29465960
67161668
66835051
29552762
66434962
29646400
29107484
28924915
66556253
66257377
64947132
28719711
64828948
65049115
29898627
66421593
66177572
65856583
30702286
31301157
31490588
31569601
31619683
68306953
32401620
30645469
30657602
68649359
30676842
31186820
68148841
68115708
67382004
67191859
31898699
66551507
31903782
67099318
66946918
66636003
32013487
32409845
31961315
32094237
67413729
67203492
32321073
66655666
32440123
65234833
32575436
32693905
66086064
32906131
33124764
33389193
33448945
67248151
34103024
33640669
67990780
67682240
67247586
66796612
34276080
34376693
66756914
34602179
34013379
67437219
34777254
33822855
68033665
33728079
67454589
33881588
67695320
33991441
67662819
33965720
34030188
67225706
66837658
66729190
34263235
34559836
67025799
34835582
66841262
66676349
35054015
66880940
35620468
35752742
66870858
35925150
67482253
67561928
67187282
36137914
66959006
67155335
66272120
65991700
66142623
65947070
63150267
63062887
36948914
63301515
62915440
36215006
62983078
62753558
36904821
36809546
63634816
63959399
63973124
37048126
37090874
37209479
36549924
36414044
64229593
64546634
64768213
36958528
64599500
37075245
64857675
63795178
63236375
37282781
37094324
36369386
63589221
63303445
62437730
62325367
61908045
62397666
37654319
37587530
37559060
63148496
61950288
61872676
61766456
38503210
37926846
60757125
60699602
60308639
60232121
60013822
59214378
38006024
37979060
38121301
38069878
37867005
36583889
59567430
36728368
58946922
58956397
37439291
59215635
59784912
59395096
58688290
58536720
37737534
37305124
58629368
37256638
57175085
57045971
55921727
36560098
55992836
55983410
37265444
57267178
57340121
37803719
57807337
37204480
58501468
58110841
38775704
58209775
39143328
39104795
39109474
39037909
38737631
38441452
59068439
59070888
58587014
38920436
39046467
58398107
58334962
58244236
39509231
58417615
58191937
39299185
58002442
58089470
39521936
39402624
38252934
58817291
58523257
37948507
58453706
37242221
37120249
37159225
36829984
58275151
58713589
36634439
37193456
37146142
59549545
59630745
58774448
58170952
38560124
37719674
36678878
36202421
59067012
36711366
36226438
59425324
36476989
59200531
36586531
59180641
36472000
58531067
58328813
58106333
57772849
57432836
37134025
57811945
57828962
37278657
37097976
36618158
58366287
36469621
36430016
57606640
36419004
35768564
55954484
36023741
55376233
54680186
35857917
53779644
35905433
35774506
36483839
35890401
35810283
54696528
53814766
35511503
35254154
53730218
53540493
35109183
52957574
53087572
53328990
52885737
36134016
36128344
53735685
36142856
35868010
53960100
35682345
35444329
35145889
35383209
35016716
55384408
35738968
55702152
34811471
54399590
34731758
54987016
34399707
34762810
55348824
52715066
34017008
33890103
33825426
53325097
51683861
35127671
52178835
35694824
35175360
53151943
35096036
53145620
35131631
35670077
35695033
34361219
53967421
53701753
35401097
35616364
34416539
54416910
54319263
53327561
53336899
52978963
34956016
35110778
35111009
53751264
35282903
52987784
35170598
35720015
52604090
36248937
35984643
52692440
53269946
53449178
53419325
36923972
36025515
53880742
36889482
53591609
37154872
37450745
53826665
37051645
53969539
53514571
53575693
35992019
53039224
52917772
52965772
35946506
53808867
35969502
35664561
35653475
54391318
35909327
54606068
54466175
36416353
54274760
36330597
36801929
54233719
54986949
37268884
55121736
37080475
54958778
54858943
36833771
36798815
55086417
37135415
55500579
36991188
36868164
36515204
36423718
36267641
36140138
36065902
35425287
56036535
56265339
56301502
35262792
56627518
35614468
34100505
56896020
56957520
34709521
56918596
34501636
56968904
56028867
34954706
56403765
34442215
56513385
56134905
34926362
34984953
34574301
34385133
56496058
33988681
33713529
34008072
57181850
57259009
58295021
58337351
58547956
35934879
36018932
35862472
58678850
58698161
58440507
58746939
36681746
36833345
36740474
36434142
36485524
60524277
36990542
36459601
36721699
36950319
36963350
61338138
36941760
60655990
60829160
37382006
36262472
36093609
61208460
35773801
61203488
61063402
36333728
61628311
36444873
61957210
61863642
36936459
36918343
62409874
36688482
62846808
37084055
35801080
35875448
35604476
62905442
35393003
62539033
35282848
62497934
35155065
62195705
35264794
35327931
61991517
34347786
33653336
62141984
33417011
62135548
33147725
62393607
62393301
33364451
62999859
33302345
63534637
33811793
63764311
34351680
33313256
33153734
33248087
64419129
33130999
64503768
32646748
63239940
63099368
62680093
62315215
62354517
34283301
33924929
34272157
62285988
61263542
34162731
33658617
33588625
61693615
61725457
61433571
61507298
61541679
32924435
61485280
33052754
33873590
63746851
34085300
33746464
64190956
33692274
64430698
33454511
33318512
63840169
63879495
31928567
63746031
32359421
32407181
63662829
63473901
32696145
32808699
63749568
62876966
32991709
32658552
31691618
63662929
31828817
31977296
64219198
63241155
63360598
62853456
62783627
33377050
62792306
33503396
63451241
63664562
63908934
34829971
34839396
34966489
35042266
64557750
35265897
35272087
64457444
64521411
64056970
63760034
35684702
63911645
63410349
63604145
36860163
37206275
36713497
65518931
37419612
64938999
64904991
37467655
37601634
37235918
37177392
36676329
36727591
36839494
66280104
37029139
66314408
36687983
36544781
36146226
66280483
66057814
34140074
65933691
34182791
66156791
34289818
65470564
65300204
33724107
63779001
33796518
33534365
33576249
33531478
33315747
64674533
33392932
33210697
64881115
64165576
63667714
63807885
62769239
62939034
33729743
63148393
62018841
34336780
61868393
61703491
35586057
35222665
35723799
35433520
35645743
63115038
35417946
35193385
62744771
35053157
63130239
35000434
63280491
35299659
63516034
35424136
36093062
35968749
36051784
65386914
64859817
64748680
37094491
37270338
64814696
64326218
63722591
63255846
63678195
63088931
39027023
38989558
63335362
39026629
62554824
62386900
62346566
62132310
62038960
39078842
39271505
62488153
62521151
61271637
39603014
40511468
40160118
40442993
62812799
40293945
62732939
40365483
40368944
40229834
63134290
40297875
62999846
62545713
40284825
62057411
40746024
62262310
39502451
62332785
62167682
61881993
39743603
39416791
38994603
62024177
61384843
39238905
39652438
61634879
61685831
61411241
60830025
38901778
60509342
38971155
37564827
61381687
61413576
61540743
37938466
38172629
61655642
37967410
61686043
61358856
38244830
38277972
38281087
61388842
38822612
39708683
62281458
39367929
62431541
60956095
38665964
38275084
38217062
61816870
39180742
61854742
61882406
39553493
39324053
62179293
62126779
38066076
62134526
37905189
36509418
60861443
59658287
36773216
36492963
60217706
36907240
60170057
37328093
37273224
37261998
60845159
60907925
61156766
60614941
60254295
37054160
36888593
36927862
36170076
35554322
61371953
61127914
60608330
36111250
60564465
36248465
60439166
60465196
36418342
60625955
36525214
36284853
60630112
36577494
36422430
36463508
61363972
61742586
37274580
37300722
61799557
62230357
37810177
37771396
62130627
61889228
38326138
38967351
38855551
38940838
63149947
62630070
39174702
62527999
39335684
63012064
39304993
39354106
39306076
63389557
38841697
38068599
37233714
37001698
64142913
36648129
36891562
36777566
64998076
64806358
37352802
64131648
64439745
63791257
63703241
38106335
63744424
63694048
38071632
37852541
37421566
37119466
64303524
64129528
61950636
61627917
61314185
61178929
61076921
61252825
60800219
60640698
37742618
37865045
59906162
38407557
37108061
37849131
36188995
36603901
36837649
62939989
36833481
62835120
61829642
61820699
61278452
61501284
37823092
61466139
38029457
37149535
61980813
37135332
61308911
60793447
60344666
59723143
37322177
60309722
60362822
37296501
36752964
36813327
37135162
36987944
36705883
61105744
36463398
36070219
36172339
61618208
36292705
61596298
36864565
62012972
61821903
36707896
36308205
59844427
59275315
59334201
57802860
57748295
57621437
36762643
36832803
58054106
57852269
36683237
36286331
36112052
58547927
58513925
58452671
36237646
58614992
57326859
36401773
57123040
57142349
57819452
57682528
37012441
36858588
35946363
35292118
35196070
35308271
58854623
58668884
35620464
58321682
36189179
35385332
59482935
35554606
35342129
35474190
35155804
60595217
35648255
59966475
58447411
58287775
35845226
35841899
58422395
35843875
58546783
58568375
35946907
56960583
56512530
56331426
55482955
55125401
55083512
36423241
55460050
55058025
55024257
54458769
36463446
35766859
35361248
55743285
36379268
36840064
56602523
56648296
37220980
56827114
36606263
36219491
57122081
56796687
36314740
57079987
57223476
36661210
55043529
54870463
54274572
54164858
54136298
37315657
54102499
37081269
54384157
37659742
54397430
54417503
37662941
37395427
37419165
55222748
55016907
55047046
54832032
54767348
37812027
37710546
36998530
55139226
36203310
36279199
55922389
36940288
56282073
55410357
55472333
36860410
55493980
55385942
55021086
37875913
55523442
54838591
38016496
53346449
53364137
53332158
38173548
38377572
38139357
53061628
52914262
38452025
52517366
38116048
52778365
38624054
53180849
38963242
38794639
53158036
39167018
38820590
53725433
38420689
54140076
38528488
53536721
53559390
52434193
39717536
39713232
53757667
41204171
39902038
55413439
40453850
55609374
55674592
54599845
39918934
54443406
55182711
40820408
39652382
54798767
54773746
39825775
54649936
39964809
39746665
39619579
39141287
38537553
38502865
38606619
56674389
56385753
56108061
38653682
55848249
38932996
39466442
56731867
40293981
40432845
57935783
41466890
58116427
41586652
41443289
41450126
58333977
41892595
41810066
57529678
57196374
57348309
41648240
56987908
56348542
41659444
41679749
55782911
41138279
54640650
41192154
55209707
54974745
41734226
55092193
55339558
55364702
55680017
43218194
43217058
56719468
56012126
42901685
56082085
42887439
56620511
42282742
42438012
42578460
57064589
42376198
42481953
57650036
57509393
42480404
57519591
57365782
42335386
57293301
41740638
57199498
41593423
57037460
41054248
41288113
54495056
41562756
41669257
41254874
41216130
41719174
56248216
41678999
41078964
40684128
40232808
56810166
56799069
40312903
40162013
39181095
38801758
57075376
57265959
39026846
57918596
39713064
57403456
39695591
57362237
39330102
57716228
58259592
58350611
57496095
57579399
40471678
40192612
57721437
57712451
41481412
40880441
40773812
40189691
40504281
59217921
59594497
59571720
40434823
59238127
59282081
59161646
40685157
59399804
59591445
59647324
59359210
59353547
41536933
41563544
41722080
41054795
40700332
59220451
59312962
60045842
40356545
40152973
60114586
40060497
60323069
39921348
60348543
60487276
40717287
60533661
60549848
40518050
40458335
59809856
60070780
40652960
40221249
59947556
40240238
39877261
59188923
57900447
39675420
39216160
57871735
39161296
57706859
57788252
57258559
56978587
38443649
56901023
56844505
38618190
37232448
57317827
57597653
37559638
36873251
36981895
36482470
36476142
59137028
36970366
59280264
59301060
59093076
59099928
36944992
37066526
59590699
36977591
59625414
36694270
36620581
58621509
37099437
58069230
58020181
37359962
36422588
35738191
58409243
35219813
35054372
34600209
33553718
33355782
33535501
59922873
34205626
33438085
59943244
33548487
33917941
60812331
60926820
60954571
34510316
34524420
60909361
60909321
61093615
60917497
60601762
34765379
34729626
34154838
60791467
60572323
32495576
32502454
61250511
60476603
60264877
60679511
60519266
60446158
60245381
34105120
59572334
59392774
33898705
59489782
59527096
34414736
34581231
60166068
59448479
34636766
59710406
34589698
34692146
60215047
60245779
59866622
59761746
35443181
35370772
60158393
35471802
35507141
35167939
34972509
60076822
60222643
60102270
59825505
35634253
35462135
59683908
35410636
34978566
34369981
59699110
34319124
58982602
34296934
58992396
59045841
34837806
35066765
34772627
35591668
35699424
36092905
60918426
35694355
34911450
61061184
59940266
58178627
35379957
35595525
33953161
33478592
32306360
58791200
58884265
32560962
58981062
32489817
58867212
58212102
57976710
32808228
32466465
58326060
32105968
32230459
59298979
31742255
31698714
57806356
57957831
57332579
32162673
32607996
32592435
32038550
31917040
58761634
57514588
31528897
31407685
31554611
31960659
31814648
31270045
31442033
31469749
58066187
57405399
57220963
56861134
56851680
32357404
32133006
32179707
32118748
31540559
31510051
31109337
31279490
31495077
58644023
58496060
31955424
59441069
59052672
32245896
32473000
31713627
59330522
58919477
31893229
59739979
32139102
59505065
59983586
59932937
59552487
59153157
59252649
34481639
34337046
34735367
60777921
34660743
34586226
34575515
60827018
60302893
35173475
35326687
60976686
34943051
60783280
34953713
61429398
35894406
61654101
61620251
36394417
36214726
35761823
35576690
62243632
62018086
61448131
59227338
35846453
35139483
34481350
34608301
59385649
34268942
34222466
34297421
33971899
33911291
60069645
32397443
32184059
59999926
59592573
58900388
58580984
32171777
59309602
32443179
32228607
32270621
59886209
32391515
31266051
59425204
59317048
59263783
59509057
31927989
58817816
58892326
32820297
32693705
57698216
33620637
57937577
58617018
58444118
58598862
35041944
34143916
59544946
59260480
34960342
59635504
35196893
59736158
59787173
59791524
35644370
59166158
59194084
35975482
58691167
58245165
57881004
57725844
36001423
35880714
35336644
58146334
35319233
57534699
57642588
57516086
36091643
57502661
57352633
57265775
57376501
57330888
57343536
36231929
57453857
36362796
57724078
57811342
36338336
58010086
36688425
58138541
36669966
57842581
36110789
57429314
35864105
55823193
55671345
55757467
36062582
55560963
55601466
55386680
36373698
36280143
36050452
36202346
56305870
55910058
55747435
36820567
36878621
36583461
56445760
36265687
36139426
56273811
54707798
54927126
37181146
54023353
54319087
36855876
36349453
54372837
54654929
55009041
55058341
37651618
37321252
55202173
55180647
54439378
54813999
54291721
38003860
54570105
38213481
38694134
37827488
37334352
55422276
54920449
37609863
55359557
38570078
56077907
55935733
38709151
55990907
38534693
37725742
37811034
56280390
56390518
38092506
38398969
38614266
56937485
56543148
39030303
39060378
56832277
56680672
39028512
56562539
39459001
39032217
57399147
38907783
39094056
58338476
58195255
57941839
57777110
40233733
57491654
57657154
57378669
57118339
57037240
40180178
56876768
56326957
56276704
54261857
54250470
53904908
53964531
53194310
53179999
53575365
41768763
38827045
54033258
39175065
39073930
54276267
54161574
38483234
53951912
38963017
54038239
39298234
38917438
38688438
54097296
53847384
38965923
38960322
38404457
37842324
54477088
38292892
53588433
38475993
53625313
38413430
38129587
38278981
51668325
51695180
51328709
38177517
52058006
52047288
39357981
50416716
50582163
39999235
39864309
39689682
39649717
50232244
39653377
40500421
40685375
40474699
39887718
52658203
40416077
52710985
40546667
53809100
41607685
53322383
41809548
53825864
53135704
53212487
42260378
41297113
41491293
54267261
53807556
41284412
40229102
40638516
54890590
53305911
40263729
53048739
40127664
39649869
53513968
52527571
40088744
39505015
39435272
53342695
52659346
52446164
52656500
52619814
52873052
41589461
41477951
53702492
53908572
52998948
41647784
52752895
41060384
41422462
41012691
53411745
53468411
53897422
41096152
41544151
41828164
41854555
55200825
41910090
41907015
54788452
41729257
41898180
41649709
40776555
40977412
54568296
54487514
54464023
54450923
54189590
53947390
53427487
52958343
52338258
41518706
41621915
52470123
52509635
41962212
41105154
40760477
41180043
39704913
53276075
52642224
40014346
52673329
39385047
39211851
52532423
38961867
52543791
39175338
39217058
39102045
38131830
53339908
53356573
53373238
53453576
53449755
53582475
53695441
39152386
53863450
53349690
39837301
53426476
39532193
39413388
54057347
53916085
40280756
53608890
39668489
39523718
54112879
39422216
54041212
39969463
54704108
40870635
40166121
39829736
39202027
55995337
55930312
39568121
55884326
38976930
38261002
36429980
36549748
36167566
56500857
56375442
36280802
56471130
36821541
56447287
56806934
36444730
57610825
36832961
37528956
37720841
37188129
59177576
59297240
37627059
59381011
59537392
37754464
38396534
60408138
60267733
38348282
59455248
59369125
59191904
58521673
38464829
58937256
59109823
39667969
39783248
39741163
39637494
59356263
59257957
38663025
59277527
58886304
58541310
58184066
58460734
39123411
58466949
58363658
40000641
59013767
40192528
40209299
58848270
40174117
39339650
39196263
38869689
38897015
60057538
38947902
38800030
38169775
38133205
61038515
37189648
37185169
61393211
38195769
38002769
38033699
63028379
37782483
62868642
62220029
37594437
62316752
62375807
38266074
62568480
62793477
38688100
38142150
38064310
61907573
38354189
36251812
62088642
61848232
61820031
36655561
35730126
61335276
35543538
60508374
59910824
35299407
35419059
60309093
60205760
34959886
60276122
60638940
60391206
35484781
60490495
60753527
60931764
61023885
61045269
36367764
36298461
61395013
61219497
36499854
61109292
36528788
61652061
36778048
36634021
36665778
61852933
62224421
37160181
62094334
62018277
37533218
61792163
37005963
36787345
36371146
36418282
36118210
36093348
62577014
36548638
36260582
36090884
35963382
63493695
35925242
35632740
35835110
64051920
63426795
36475094
62721860
36373493
63403345
36087876
35411113
63166046
35515508
62911216
35925459
63109061
35362284
35237062
62920242
35560816
63322793
35324829
63606371
62889695
35510869
63884433
35005678
34864754
35290736
35494356
34900493
64457277
65296782
65098164
62726481
36146653
62918650
36653991
36638053
61805161
36656571
61619282
60930676
36718133
61374663
36972513
61467415
60173750
36736531
60345083
59172004
36663448
35981326
59794107
59377355
35707797
59103364
35543588
59189933
35616714
36305996
36414541
59991565
35717453
60521700
60566690
36254875
60869781
36190092
60773581
60720065
35423036
59930468
60172047
60083462
59519202
35982269
36041651
36169402
59135920
36224598
35307414
34612329
60636895
60244693
59881095
36472562
36425773
36214826
35985423
60034091
36603392
60001422
37248052
37369627
36768278
61244107
61238778
61402489
61481480
37965244
37300320
62102456
62068296
62036773
61822619
61221612
38155131
62010584
60869525
60602652
38273758
61450413
39141766
38132041
37605002
62233003
38381163
37871073
37713171
62831424
61965853
37372685
62737458
37751974
37935111
38172287
63471830
37999881
63383898
63341123
38838025
64150230
64022773
38933964
64152316
39433379
39495122
65198324
39607093
65618149
40061258
40015535
39245066
65590780
38548917
38621619
66455387
38680225
38318798
38243848
66648019
38661628
39117064
66986067
66964976
39054633
66775169
65427538
39024167
38668241
39113390
66143038
39321283
39114114
39134019
39149339
38952230
38936114
67353725
39274863
40192888
40236516
40326285
40063843
39434970
39445390
68665613
38864683
68770341
39398842
68844403
39422391
68781653
68694990
39589893
39443071
39535145
39124470
39096005
68627534
67561252
67591903
39338366
38694292
67892779
67800388
39214276
67155223
39070327
39032918
67746921
39282951
67547566
67458477
67958645
67943146
38289520
37649904
37757120
68397494
68284956
67704333
67852013
39440803
67577277
39635947
39234254
67788232
67796936
67916421
40045088
68603294
39866921
68894636
40247463
40383270
40671875
40647645
70723789
39936660
70136534
69992205
68769588
40216538
39978489
67726027
39454800
39620913
39250054
38916811
38818640
38845254
68385221
66814738
66424562
39004351
39427137
39349689
37625348
67803346
67640299
37732991
37813855
38013315
68072934
67817294
67619173
67546969
38098891
67446951
67591060
37995109
68007166
67612698
38769909
68037208
67823053
38957638
38078078
67638920
38178945
68215566
37670777
68649350
68178922
37813711
68239330
68689944
68767673
68477246
68260509
38246892
38019763
38180170
68822142
68494961
37443215
68671481
38288640
69598742
69135483
69185876
39070271
38936714
38886097
38489779
38098138
69979669
70509968
38727770
37827174
37425848
37295623
71271160
71553320
38103948
37929779
37396926
37303701
37403819
37115426
37094397
36783699
36972354
36773070
36744038
73438559
72745917
37497115
72629492
72399422
37438847
72595778
37446265
72380172
37665810
72194824
37743546
72855354
38033306
38553781
38492670
38208200
73843085
38419560
38607860
38270280
74098609
73841111
37612876
37453534
73707935
37306722
37425384
73517409
37867150
38146174
73383736
72944579
71777051
38476625
38062770
37801631
71896890
72302333
38013278
38076643
38122915
38405456
38187183
72837335
72579497
72800560
37702621
37646348
37303273
37000903
36955892
37280185
74246854
73851816
73874983
37321305
74049769
37788883
37589882
35891527
74755515
74930258
36725369
74474308
36957422
74755665
74493964
74378326
72984257
36114516
72382369
35701507
35391982
72457444
71945129
71684498
34951174
72122174
72232010
35561006
72080077
36110287
72949257
36235285
35917956
35843704
35562070
73541142
73093623
71538590
35523956
71770652
35559452
71207559
70641123
70078270
68915224
69121024
36130276
69280317
69333910
36357174
36205293
35958367
69163330
68767598
35513699
35569503
69223438
35367224
69470239
69693443
69486614
36475815
36340883
69733532
36508472
35623542
70458094
69544038
35660170
34818322
68711470
68337683
68252896
35534213
35385445
68064522
67453493
35608877
34958745
67286153
34455260
33045389
33571706
33671115
68377921
67443804
34046684
33209400
32393865
68242535
67726132
66608038
32426164
66343426
32269804
66006776
32795635
65522825
33201451
32468057
32845539
32615810
66182558
65233023
65532487
32842282
65116280
31929485
65116202
31800355
64432601
63042844
60881477
32095512
61367778
32358462
60803919
60583331
32206945
32587491
32578636
32716958
32478818
62006017
33358394
33008299
61721876
61287646
32080053
31682289
31455236
61840830
61374537
61692432
31914401
31371845
61610193
30994555
61193402
30576650
30890805
31086814
30798050
30691799
30615926
30388106
62705788
30976252
63124675
31795291
63903300
63916327
32336917
31757014
63057164
62624184
62599004
31761176
31374452
31574923
63223558
31769993
31436053
63535258
63345568
31634855
63551196
31665096
31535117
63888251
63449221
63361652
61551131
62461715
34123815
62577946
33741066
33708445
33768681
63398576
34465949
63232798
61211153
34759523
34344754
61874326
33947940
33680676
33569870
33779950
32654908
62658664
