851289
711282
1355083
915719
1131531
1506822
1540075
1541580
946954
429622
688802
521688
759456
763988
605669
634016
600044
335680
1029827
1184409
880163
169699
156011
397290
184180
271714
530168
391304
764282
410573
516818
1216426
787590
774894
927729
696373
828671
381129
430204
1107247
1228442
1094005
1050656
1358368
961332
746279
812072
978602
415641
218451
2311643
2594128
209335
2982228
3221217
3390895
626831
3608149
3770336
3493208
1011354
3343438
746193
3235024
1029521
3219635
3281471
390409
2572058
500126
775984
2390125
1659444
1062208
983534
64462
1664363
484107
1795544
1100002
562908
662343
861213
829365
97058
444229
525864
759235
784011
946885
290245
252230
321017
1628391
721896
692530
504339
345268
186875
256397
343536
95575
298014
17468
67210
156238
430216
131699
196161
155541
343257
262027
133771
137626
21039
221580
261275
248862
358760
276568
322954
267422
161635
402157
151837
382596
320093
218663
618444
349123
353506
322622
379349
106561
104390
74947
178129
109598
73612
588155
17355
366685
383800
129167
18489
194924
78259
79023
565497
728097
381020
738207
771397
330128
473587
290789
350478
148862
35415
206708
145077
16061
122526
80208
137928
72106
58701
134225
103513
117097
159897
113516
228979
209229
504076
179936
208626
24138
68218
157931
63312
146387
200016
145421
187795
59833
155643
393506
580469
284186
269410
686202
711986
44344
67704
248395
173689
897121
569647
446836
783467
279175
183579
139752
194410
114572
488431
348245
465444
591667
569764
22538
346138
1007834
39597
1331981
1293570
1243096
1048949
1317512
1429900
1291946
173869
604798
461580
17303
232746
576526
304004
514171
576773
746486
957888
1117065
1007199
1082055
1388411
1092962
985628
1307020
901418
1240125
913793
710950
857456
1722977
603437
2397241
841523
770917
1188880
919364
230510
3346432
3229592
1098504
3811608
3748582
2976586
1981832
3080828
2347654
4694544
2540268
2447772
2066636
5441729
5883469
6159433
3236307
6164385
3340812
6286588
2918313
6379299
5879182
3343469
6146863
3486426
6238373
3856052
6300778
2668197
6651076
2889779
7236325
3038787
7124512
3134645
7417005
3140431
7452664
3507190
7615748
7546809
3330365
2936689
2405846
8411228
2512556
8711187
8027141
2050237
7762635
1687141
1527795
6179173
5440488
1765867
1720588
5551748
1474279
1467698
5124861
4916280
2279810
5543109
5708606
2727460
2343635
1271204
1324177
1601716
5689637
5325908
649877
5444133
5545393
1219800
1302496
1220876
5812838
685182
772329
6575372
6901504
122112
6504919
194592
6745156
7341966
7729440
1081850
618371
802268
845662
1828459
2109533
2287321
1471731
10118136
1130061
10184991
1117728
1066897
10253263
10278294
10237045
9810206
9842259
10077688
1171866
1129866
10515335
1844105
1788252
30487981
40608551
30205406
28399021
40737538
28186912
40339186
28093320
28023092
40855588
28370843
41099352
28512340
41706909
42314852
29934300
29922556
29916074
29945222
29423342
29354459
29267479
28719845
43913301
43832275
29178436
44147263
43875886
43751619
43649258
29619321
43356586
29591497
29425552
42579400
42692055
42686714
29772376
29612316
40963170
41034867
29838200
30372722
41717913
41800605
29969831
29664302
28781278
28645817
42554594
29083022
42794223
42813166
42151087
42129449
42009229
41517132
41371882
30309613
41502037
41222715
40463496
40426649
39222342
30970249
39240967
39133381
30539708
39939150
41039977
41420183
42042205
34424095
34345519
42847040
42873825
42700146
35275953
42962823
42934309
35024170
42358489
42342519
32990061
42125662
42031925
33574499
42012612
42114161
33923821
43169188
34822180
35088536
35216542
43890173
43856017
35252426
35157636
44170527
35619612
34446291
34871188
46113686
45099378
36034514
36052065
45262472
35397886
44728283
35298903
35216331
33980429
33931288
33727298
44466021
44001686
33780669
43480525
43480191
33876685
43663577
43126167
34528903
34549529
44482924
34637326
34608529
34453791
34147479
34112824
33666640
45171210
34203849
34031745
45267228
45447450
45122748
34653268
34246789
33632517
45310026
33588349
33704411
43524698
33263686
33477163
43718406
43405496
43127760
43432342
34094046
42784845
34291747
42819046
42792549
34235916
43002950
34371988
33801188
41845330
33742571
41996584
34021109
41837125
41755340
42082996
42223813
41981638
39921511
40002258
35531611
39524187
39442667
39828160
38068541
36554552
36506474
38329467
36764211
36613933
38513438
36537195
39180739
36933698
36887926
35614652
39693203
39146416
35737236
39050105
35801343
35585311
39112762
39040728
38656298
35849770
35941880
38602087
36130365
38226139
36336461
35402828
34951276
34570600
38221021
36773957
35087975
34711840
34864585
34922504
37674864
34835693
37187849
37116602
37307223
35426985
35409518
36090156
38903129
38550973
38643186
36779564
39264253
37977097
36854228
40484151
36012098
36323872
40753685
32585996
32386924
40980831
31606209
31408183
40345239
31156264
40441012
30796285
30120425
29187858
40266917
29235586
40136465
40796364
40840040
40955919
40874642
41423206
31291212
30977744
41823619
41429174
31450770
30465182
30486539
41652442
42251955
31231946
29973015
29879970
42988776
43017021
30110235
43332022
43367959
30554720
30985814
43413762
30885160
42795632
42605917
42024877
32442704
41625728
41874645
32982806
33143264
42457397
42243119
42222957
33335588
31644674
42242176
31727298
42370403
42214774
41816465
32946177
32767812
42623295
42389377
33397132
42308715
33686611
41545448
33806594
33981801
33884767
42294891
33972199
42021417
40015337
33182915
39690594
39288312
33410836
33363955
33587094
33647963
39777059
33767977
33639119
39846894
40092086
33902606
33996249
33613265
40766801
33693328
40812261
34008710
40988622
34496500
41305857
33760129
40222541
38949226
32718159
39145250
31750959
39009872
31831789
38853010
38469634
31634667
38349219
37969246
37959344
37937655
32068508
31981051
31151409
31135291
38455063
38459559
31870077
38558841
31973847
40148191
39985994
33275491
40211113
39980677
39105522
33683066
38953434
38857427
39111204
38930522
38866488
39868608
35432817
35418047
35411575
35010748
40143213
39866409
35305133
39685173
35376066
39803490
39305844
39229052
38688038
36572153
36260929
39097518
38968687
36539688
39424581
39069850
37156167
39684224
37474243
37123856
40030778
39695315
39448919
39066471
38980263
38143594
37420032
37360514
37858858
37123623
35537417
39876470
35543457
40378118
40241082
36001599
38627628
39098039
36207866
38997521
38171716
37056647
37060211
37884508
37398218
37225391
37084595
37260404
37576065
37672203
37208694
38275743
36999273
37977400
36193703
36056895
38062669
38270098
36453102
38256436
37011059
36121386
36744162
36274623
36245033
37302053
36825077
36693605
36506523
37397032
36928444
36714474
36715720
36967203
37020569
37423952
38200537
37690670
37308443
37372199
39018930
39056880
36481924
38321453
36000262
35705465
35518213
35757074
38486845
38231774
38447411
36411962
36297677
36266135
35331008
35085513
35172477
34983733
39957320
39782681
34870517
34867209
34737489
34713737
39642877
35153295
34918518
34947603
40212353
34763119
40413647
40439093
35469710
34649636
41063960
34628560
35467538
35249737
42181180
35407548
34948699
34864360
42931926
42266089
42176413
41228649
41604563
35725496
40870359
41416147
36266083
41897123
36635815
36578986
36263485
42530401
36853250
43124841
42478805
37184778
37343171
37329073
37072945
43278898
36176048
35958716
43781202
43256676
34319778
43192849
42837770
42547484
34964563
42689525
42693129
35814509
35757340
43689577
44193040
44033822
36551315
44205126
36986440
35982916
44967542
36361841
36244392
45526568
35863701
35229177
45551069
45545580
35296826
44912424
44933757
34649011
34930177
34180682
34046989
34022000
33767364
33198181
32628102
45850272
31757611
44479598
44415170
31913493
31325883
44341605
31718083
31102852
31385345
45561781
31761226
31515343
45776699
31353949
31261848
30635510
30910430
46771790
31257547
46658786
30245226
46502475
46302986
46333026
45374185
30682356
30664698
30568727
45577185
30210917
29438244
46314378
46372868
46638453
46646525
46819936
46450943
45931023
47090452
46549523
32481513
47292498
32721462
32645578
47421111
32775531
32701428
32727174
47473268
47546462
32668611
47745835
47756395
32449268
31305355
31288245
48047656
31505037
31631678
31423871
48257490
31721985
46736984
31577720
31635969
31729764
31621287
46549587
46792326
46865675
46569369
46444278
46557624
32467174
32221657
45914686
45888957
45806886
45810984
45922052
45351163
45164190
33288659
45720640
33189973
32373415
32453682
46039185
45785762
45696822
44933318
33169175
32417331
32404496
45121747
32046476
45012554
31971545
31987284
30800183
46003034
44969963
44410313
31047394
30647513
31379282
44617518
43540486
32113713
44014006
31877497
31579732
31834701
30948962
45028030
44476223
44507676
31568923
44121705
31353596
31378680
30841920
43116933
30591268
29611764
43589918
43971370
30734610
43561452
30270842
29788659
30121796
44243723
44090295
29813773
29599125
43886617
42633278
30084327
30534457
31022635
30500883
30657868
43908005
30715204
30748756
30704024
30703402
44487104
44378632
30997756
44444931
31109927
44199355
31186308
44433227
31424330
44051753
31516134
43829385
43466762
42926773
31932411
42919491
32111375
41955383
41544725
41272469
41471251
33186852
32707854
42237568
42025898
33496344
33269831
33271401
33229623
42100167
33477496
33441403
43007875
41799054
41181999
33994755
41541441
41265906
33061587
33734495
33640945
41198740
33111413
33172823
40815208
41524340
41602196
31571286
42024121
41863065
31488469
31169286
31274398
31288140
41838308
42028329
42210615
32112097
32148632
43024294
32209458
32172901
41921544
41770970
32570282
32795834
41386796
41336956
41187388
33149577
33299022
33051518
42266231
33450255
33676721
42890319
42848335
41989716
41396427
41099507
40730542
40869611
40649831
41004484
35369753
41415612
40308479
40421622
39752802
36553283
39596702
39229470
39168396
35571295
35851756
34535796
34937174
39786888
39694652
35417095
39590886
35425203
39576486
39817386
35717745
39795333
39519576
39358187
35849793
36274646
36352843
36174802
36380497
40500427
36452371
35984156
41264546
36031808
35191506
41387965
41039281
41969225
42718600
42900327
36366511
42661905
36085496
36032317
35755064
43051952
43139749
42647994
36212605
36104443
35831407
43210320
43003215
35954850
35893441
42990582
35974642
35937799
34751626
43406570
34807995
34774552
43962396
44371255
43391541
43479281
35413000
43858605
42660460
36516007
36523611
35621465
35157258
43461757
42903953
34899477
35031684
34712742
42303565
34340559
42086973
34473901
34493385
42382786
34715345
34774964
42577740
34732156
41960672
41506975
34886884
34597484
34464039
40938504
33649729
40544372
39618631
33536299
32235968
32539735
31961902
31797711
40490418
31929495
32000909
31460968
40329560
40391584
31554917
38498856
37792111
37784083
37612759
31796616
31734118
38415490
38153687
37951948
31635361
31832097
31852951
38398685
38213126
38037354
32100646
30698832
38023936
37541573
30734589
30360132
30066184
30247067
37819048
29463081
29237927
29136120
29476029
29089373
28803904
28078743
39386589
28581336
39770657
28774474
28349095
39357874
39330291
38857815
29133184
27484015
26440372
39388564
39392374
39861459
39581302
27432557
27306485
39990177
39275486
27482553
39041866
27213935
26741672
26540583
25442482
25521152
39958615
26221805
40065138
26125949
39533958
26124522
39566476
38392723
38038906
26365117
26219942
38299028
37273740
37327332
37460290
36866915
36975323
27187493
27026559
27097039
26135694
26087178
26237035
26047175
26029137
39685520
38658219
38387375
38258536
26352627
38813495
26761901
26460655
26450734
25893439
39232329
39379849
39588288
39410682
26537172
26513562
25974791
26230775
40272325
25470423
24353044
24567258
24641764
24606116
41062201
40249036
40208846
40081578
39933909
39480062
39289614
39318309
38488652
25016153
38507673
38392286
37962644
25444461
37436413
26354682
38057532
38036047
37976438
36643490
36178636
36078116
26967294
36227255
35460375
34952947
35050543
27713357
35146584
27874917
28220050
35519420
35337557
35409647
28269825
28156703
27729869
27627472
35626578
28613697
28678259
36685858
36432401
35859158
29877298
29758842
29712949
35771349
35526078
30110530
35934654
30876503
31015240
36729081
36088064
35873780
34830011
35046732
34720933
34891591
31911529
34835799
32465920
34873261
34782755
32544018
31871987
31885273
31272794
35243917
31328508
35195898
31659963
31149186
31266273
36561551
31730791
31826005
31941584
32063986
37359961
32018490
36904521
37321947
33233790
33557889
33473839
33464928
33503585
38806198
33810057
39435462
39430436
33890905
40009508
34315458
34188772
40200709
33361991
39438250
39526655
39719947
34252103
40266725
35133436
33906138
40546492
33915349
40805505
40733216
34059133
33995112
40794606
40195367
38643303
34484871
38571365
35096814
38605139
35280992
39079289
35254490
34101210
34417897
39554145
34549780
34378694
38743819
34509340
38750892
38190757
38129600
33585317
34198131
39073958
34327858
40004129
39816425
34277207
34135890
38961938
34873107
35005055
39109711
34581657
39718261
39716457
34469284
33861330
39997940
40227268
39790272
34509340
34564869
34616504
34152351
40147892
39970644
39771666
34454794
40143845
39955417
37220670
35104357
34879579
34692122
34579857
34377576
34340168
34410745
33582938
38348383
33141952
32105183
31580455
30617206
30587631
38846269
30567905
30501510
39430829
38900043
38392520
38256900
38165157
38112478
37179013
31094943
31078728
31197250
30123419
37005703
30931998
29779397
30278123
38327695
30275357
38434488
29655054
39160284
30455771
30120252
40131448
40239374
29371684
28802074
40527857
40468375
28932713
40840992
41253076
29734222
30146665
30213695
41864838
30090156
41854176
42084786
30418562
42704382
30809788
30751464
43273585
43201963
43063285
30794176
31096167
30984259
30869953
31021560
43761319
43879004
43764260
30119075
29702331
44479822
29746490
44339311
29990472
44356495
30001118
44084942
30000790
29280733
43762458
28883224
29032590
44082682
44161181
43099304
29036494
42309314
28488606
42626579
28057228
28426356
28361778
43418976
42876781
28469256
42765610
42295586
28465944
28309089
42359698
28105482
27919849
42870075
27869971
27879225
27732509
27618041
44604884
28720749
44680396
28844115
45173721
28743598
45168415
28129402
27919620
28149807
46359515
46421701
46262303
46371017
29303850
28491338
28335751
45922511
45685690
45328656
44564299
29630634
44588775
43737031
42435231
29850865
42377436
30342445
42377376
42688875
30793653
30922357
30872900
43386129
31311555
31313698
43920863
44119087
31487173
44042368
42864164
31838398
31624640
42808655
31536139
43837834
43749669
43693652
33141243
44065421
44096031
33747190
43685556
43228020
42784671
42426806
41947669
34374727
34776582
42650960
42739903
35065566
42912286
41571879
35366249
35290753
35380468
41128220
41516572
35906273
35410261
35074343
40913114
34764852
34880070
34827309
41040498
40752975
35470282
34617150
34474071
41380559
34398974
34121508
34037449
32465807
32548056
41266693
33003398
41689135
41874193
41852502
34021294
34067550
33096030
32924912
33407266
44121586
34137960
33671000
33462943
45890842
45461462
45732092
34640541
33790956
46103999
33829226
33746406
45355226
44757013
33838828
33558001
44480146
44566638
33641352
33126916
45003082
33398357
45112616
45484241
33654947
45601661
45643402
33640361
33479539
45248146
43810332
33615599
43692099
33473274
43112208
42336649
42215165
33659190
33363143
42283259
33149730
32653072
32783645
43119869
33277848
33102618
32898793
32668013
43522761
43119501
42247139
32573750
32698946
32820522
43809381
43510875
33758510
33674737
43492558
42592904
34109573
42682090
42691542
33049680
32897846
41848396
41672630
32740118
41947707
41329697
33373172
41734418
41883322
34278403
42145469
41688070
33096196
32075488
41555737
41420681
32225770
32346057
31025503
41667175
42139073
41619119
40832515
31176038
40903839
41137647
41265805
41291686
40976367
32471358
31343429
39844315
31947501
40459479
40262533
33306853
32621995
40418355
39020165
32550648
39002450
38725802
32232750
38810391
38647435
38839689
37899758
33043346
32985303
33690737
39536271
39350092
32812969
39653112
32258071
31740504
31375268
31399715
40006551
31236590
39488345
31385768
39618489
31408906
30796677
39014134
38014971
37206068
31022986
37105631
31154908
30905990
37005250
31006026
30952034
30522703
30494782
30532536
30188888
37692759
30238368
30638021
30757360
38110232
36844512
36790209
36942184
36682190
31448369
31042779
30015744
29308146
36940453
29354305
29903763
29387594
28561892
28537383
38130774
38204954
38389448
28810491
38346238
27699986
38314860
27710001
37652081
27594706
37967366
27795468
38235699
27956787
38499915
28524586
28050966
28233300
38641368
38631235
39102264
29014737
38752282
28921582
28814361
28707323
28584303
29105093
28893222
29018673
40113616
39401650
29119970
29421846
28836810
40089442
28613887
28768493
29590317
29559507
40806543
29323989
29371388
29114776
41246407
41126320
28582655
39302019
28752284
37748154
37699660
37407437
28533563
28257172
37392301
28511398
37266249
28486832
27740967
37324487
37406393
37356854
27664806
37077114
27729289
27604664
27891500
27872829
37768130
28262574
37727771
27312886
25486124
25763312
38642366
38905848
25922302
24788448
24848712
39027068
24627157
23990586
22868607
39978546
23967426
40513740
23585578
40569617
23171883
23260264
40692736
40777870
23524995
40780066
23579605
39926513
23286344
39467413
39384844
23569373
24026652
40527422
24353572
24285185
24019330
39243820
39712906
39367657
39286085
24980283
39423736
39377326
39086267
39204483
25639007
25644262
25824304
39636966
39649443
39141998
38912552
26496965
38985314
26784074
27287667
27437894
39909265
27443646
27329241
40018580
27672631
27163064
40895948
41002838
40586186
28291393
28620830
28585743
41271005
28831609
28047657
28106960
28021203
41712315
41489974
41104092
28772915
28287031
42088217
28333368
41186813
40989193
40417551
28496002
40019888
39625419
28708411
39979410
40031417
39754876
39999892
39572698
39767577
29900852
40294836
41087625
39826254
40359365
40078975
39501308
32487691
39323102
39141828
39164684
39769812
32705083
39537907
32811725
32749203
31391233
31055776
31265842
40220845
40259296
31626001
31680702
31079153
30972013
30927543
30736809
40321708
30711507
30858378
39907230
40392634
31066117
30888423
40543881
40508136
40345544
30883558
40339712
30728674
39092185
39140806
39350379
39337612
39172543
31502103
39367843
31699913
31671647
39949735
39514482
32141690
31848294
31702623
32010707
40336515
39622475
39508564
32538714
32655859
39760247
32678222
31857861
31914052
32080156
40176167
32143579
31931316
32007081
39738243
39781412
32288183
39242646
37906584
37316926
37183917
33226805
37011519
33069764
32475709
37878960
33117574
33116832
38302653
33303260
33528890
38617415
38184035
38225851
38314407
37857967
38085400
38109596
37275258
35126700
37374559
36588311
36848150
35145652
35132548
34821945
36992439
36046560
35486236
35022314
34589248
34662825
36293523
35285019
34859350
34489637
36385399
34061337
37022876
35239141
37173756
35827448
34800393
37858788
34394261
37615647
34386956
38215934
37537847
35144137
34749337
38266319
34911861
34432777
38685707
38452610
35528875
35611907
40227987
36531621
36292815
36051543
34906378
34995938
40651133
40921059
40894055
35461389
40967915
35696741
35726815
40875647
35854922
35885702
41103538
35155621
41193909
35249702
35021028
41254504
40959252
35166073
34701627
33397115
40737607
30733000
41078983
40587721
31207782
40496134
40572948
39872396
31930735
39832780
32013588
32262973
40426583
32411849
40357071
32110068
39872471
39834037
32548575
32528553
32631230
32698745
40259842
40495839
32946417
33298232
42817890
34912219
34953278
34542624
43309990
42806343
35105357
43074191
34727873
43226657
34778289
43103763
33875258
43195804
43210281
34030982
34024826
43063473
33400675
42329380
33741988
42430837
41773817
34194608
42245928
42306162
42332959
42375767
34583504
42479744
41888501
41939761
33937624
41081014
33942724
34676921
43741431
36275110
43377472
43175505
37535551
44485367
38447482
44613755
38200031
45210858
45168027
38794142
44847762
38626466
38217350
37330857
45304165
38148684
37838731
45911660
37429455
46543429
46543070
38269431
47088839
38761136
38918516
37172436
47456594
36192102
46870140
46864487
45627525
36425876
36837029
36630391
46604092
46358203
45427553
36820985
45136488
37098018
36525465
37203689
37076989
36939429
36159226
45616559
45586809
35783659
45350772
45644778
45576634
36265435
36062765
35852633
34993698
45820785
34636608
45605853
34399517
45272027
45103219
45246515
35703430
34392290
34675977
46175614
45849499
45878349
45846886
34363984
45688672
34234159
34198451
45538938
45703637
45478415
45263031
34990280
34916305
34207959
33642611
33622888
45350237
45256293
45239830
45351744
34114062
44631248
34460785
44903173
34875819
35089083
44564625
35043441
34645736
34886244
34882710
34774218
33577375
45037257
32852141
32717782
32640667
44544979
44601789
32997252
33079631
44575675
32596237
32535265
32446301
44485366
43527855
42607850
32599056
32559914
42931973
32546003
41723113
41290129
31176523
41214776
41397897
41604583
41465509
32293236
32438011
41332133
41226192
40996609
41212531
40675322
40094870
39718664
39416146
33385049
39709900
33189041
33035690
39830739
39673357
33118335
39230203
32557588
32480191
39908884
39622222
33515088
33034661
32428898
39772701
39390445
39560794
32342128
32015614
31687814
31277740
30164172
28663171
27603292
27699553
27201782
26853019
27150541
27337747
39297879
26495073
38732146
38521401
38171595
38034180
38138884
38499241
39040705
28443065
27995332
27342798
26634513
39013206
38986958
38600239
26853535
39250736
38791250
38834942
39516834
29332486
29255599
28871166
28571289
28591214
28378658
28094101
41040997
41333727
41372503
28596482
28291456
28599634
28542630
42363429
29065054
43051651
40252483
28919280
28347749
39854159
28341569
28353740
39940014
28738559
29059733
28938999
39264173
38985826
27791927
38547364
38604357
39272228
38521983
29058485
28653642
27903799
38723042
28645504
38636401
29693621
39106682
29686084
29625829
39331913
30062070
39212811
39731794
30989721
39931559
31204615
40227432
30643288
30372276
39459788
29821226
29637806
29653891
29632001
29564993
29549760
29314690
29529963
40477671
40889194
30230177
30710720
41590401
30744019
40024183
30591474
40543155
30832554
30475655
30501618
30401830
30231474
29886616
29342088
28887389
27942082
27636382
26363219
26238947
26230283
41636201
26264689
26375990
41754142
26566419
25782410
42459441
26030981
26110209
25814277
25936572
43089637
26542850
43742842
26769121
43430837
26664799
43407377
43360753
42657270
27568447
42858667
42746953
42834138
42653634
28018753
42670677
27833962
42628825
42313095
42833877
42296120
42157126
42153906
28969709
29261433
42467161
29026404
29406744
43158534
29520792
42654345
42287419
28021297
41856911
28846008
42244859
29245660
42585683
29455575
43033829
30163583
27599439
27529841
42921879
27533841
27424973
27308228
27435575
27264788
26785695
26545094
43869715
26713356
26717826
44450522
44028960
26188044
26237630
26374498
26461605
27180561
45001575
44710559
27549884
45147094
27249689
27254094
45298483
44824320
44592215
27890721
44672134
26633022
26787591
26789254
26008289
25281644
45762555
45879025
25035970
25054806
24600071
46209799
46117324
46066120
24384583
46313782
24517959
24169602
46652827
46371395
24818718
46624983
25100486
46817966
26228248
47920264
47208106
46874838
26947193
27038214
47291911
47510757
27431079
27671030
47870868
28484103
46223111
46196780
28625106
46582632
46640528
46696506
28277568
27827904
27597133
47304219
46747279
46094968
45998109
46720411
29364526
29137362
46864762
46062959
46211416
45968589
29868016
45685877
44140318
30258639
44122700
44129418
43126038
42616779
31004296
31230036
43078930
43122011
43109519
31812166
31864729
42559276
31839531
31520367
31501735
31338724
31562412
31572107
31452701
43110592
43119981
43059795
42422993
31722397
42632390
31834597
41831851
41114763
40511499
39984610
39427356
31970337
32027670
32243291
39360694
32460840
32288146
39631143
39374553
39270416
38393603
32181040
38831492
32742188
38299513
38202933
37825995
32776183
32042639
31636727
31660460
30529006
37202605
30439038
30392539
30226230
37352500
30716975
30246097
37905022
29889208
36893509
36187652
35979439
35858405
35872109
29881945
29871876
28935323
28928375
28983532
28970821
36365391
29356476
29583508
36701088
29734681
36805498
30512484
38207311
31220912
38322032
31344885
38551128
31271860
31262961
31007320
39281988
39280071
31364027
38996110
31455293
38977352
39715480
32698092
31939110
40010570
31511331
31663817
40132228
39146523
39036467
31636417
30868978
39422992
31019542
31026884
31119342
31133347
39692053
31071372
30712261
30799074
30886251
30337281
40292968
40105580
39271184
31368541
31405523
40341931
31933528
39548795
39128763
31730178
31003348
30528416
30483282
30074207
40613351
30225607
39356330
39433982
29764812
39357556
30138782
29818928
39753855
40168003
39955326
30682792
40029758
39181339
31583390
39271561
29478085
38892868
38848187
30024602
39268496
39224056
29705227
29327389
28594176
39271997
38822484
28889482
28654599
39047486
28880046
39301462
37999974
29052278
29039311
38194369
38418006
29785297
29763993
29563442
29576578
38646377
30206749
38742175
29828930
29574698
29042439
38268959
29454092
29147858
38405392
29021169
38620211
29290147
28922758
28056503
28344578
40215879
28923384
40607300
29043690
29004621
41942655
30516484
30412470
30465899
41771258
41758124
42132717
30790672
42159046
41336104
41156313
30554140
41201119
41179140
41185269
40933083
31193702
41049259
41703627
32056644
31570482
31975616
42756821
32178047
32730989
43674807
33139373
43783883
33340332
44014037
44267863
44929258
44584319
44045444
43805459
35063061
34863041
44420082
34988059
34341910
33917536
33720915
33444654
33517234
45632146
33868687
45925494
45798627
45746364
46421081
34590487
46477178
34406977
33159776
33737255
47361882
33607680
33605677
33590308
33747328
33578678
33426313
47682596
33755328
34098059
47995590
34016149
48312467
48559034
48365778
34980951
48488472
35539008
48342927
35652745
35467528
48446612
48297457
34315818
47717243
47704790
47168613
47165626
35742139
34562879
47624221
34662498
47432674
34555208
47671968
47584969
47170442
46572545
35268560
35448768
46841970
45610042
36072711
45997639
45708893
44920790
45360525
36221525
45153083
36100162
45447286
35551556
35440532
34631533
45303744
45015992
44606300
44739035
45172677
44768066
35356221
35456495
44543505
35115750
34790606
34922979
43962952
43886869
35900656
35399282
44042005
42743575
42837791
35570226
35445236
35426465
43329957
35509930
34897128
34837092
34787821
42307527
42012639
42091172
35464391
41760847
34928458
34741562
41693530
35184559
35443400
41923252
41682174
35087465
35094360
35045507
42187500
35425936
35224059
42336993
42852749
42906693
43310062
36919019
42993812
42794977
42417875
36423321
35868471
42901704
36046707
42565369
42152061
36316089
42477791
34792261
34784277
34641141
42639435
43065074
42270295
41935089
35307692
34863175
42275917
34669734
41620495
41595511
33814282
33860981
33437799
40250820
39748339
38841786
38430884
34104525
38639541
33747600
38783276
34017955
33607528
31568905
38938073
38932914
39026651
32112358
39247025
32027831
39302985
39338427
39295154
39165126
32359155
38112035
31943997
37345659
32216147
36544529
32830249
37032922
33217542
32714895
32021477
37562056
32497099
32577947
32092073
32302294
38430658
32738286
32781606
38233875
32611756
38382214
32819862
32753857
38457438
38658126
38039536
32704724
32340135
37030685
36525346
32569172
31560956
31123415
37765394
31463475
31526107
31674005
38370633
37990260
30836725
38788888
37876397
36715074
31852160
36148370
31933275
36037803
35943888
31908043
36044011
31155628
31038959
30194119
35745917
30187280
35767065
29952999
30194262
36155367
36618359
30878401
30890199
29462533
37401588
36841090
30118300
30417618
30411675
37591888
30701523
37753921
37474690
37465644
30892502
30889413
30416589
38219535
30397725
30124028
38240519
30119744
37891802
30207176
30278214
38190786
38057100
38098563
31209136
31229316
38562049
38576544
38868677
31990105
38792386
38730228
38422831
37577038
37811634
32845526
38117119
38051376
32709723
32405027
37764248
37955414
32605008
37570956
32865268
32953860
37387049
32337328
37471597
37134875
32879149
30887691
30612158
37571696
37209599
37050349
36647893
31473646
31092430
37229152
31300635
37285016
37529236
37131413
32156827
37056449
36997588
36025670
32444976
35931460
32899585
31836050
35750557
32006779
35811965
31882005
35861434
35700140
35721505
32049526
36046172
35887401
35880178
32798920
36157623
35822184
33187592
32229297
32105183
31544512
31640286
31570025
30944508
30653338
30362388
30287052
37157848
30480225
29767594
29703594
29757139
37191413
37109242
29646427
37380857
36823777
29549372
36976369
36902186
29801069
29724088
36601054
29872961
29474682
37270762
36843191
29928895
29857017
37426992
37209189
29886699
29905546
29521105
36935183
36631285
36824604
36630103
30303405
29945639
30094050
36919642
30044170
36978259
37116538
30054841
37405250
37548934
30777558
30522187
30381525
38625899
29431360
29255066
39246093
39057221
30143282
30001214
38918077
37702456
36612941
35908089
30286411
30398779
30015161
37020117
30872745
30840614
30041129
30383819
30626561
38603883
38714521
30240075
38936791
38751727
39007972
30470120
38085501
37514839
30797594
30336653
37829774
37336348
30493846
37637741
30770513
30734438
37865806
31147569
38371033
31669930
31723655
38775621
38745195
32734759
39428789
39181504
39016856
38366524
33806630
38680481
33354064
32880266
38933160
39048872
32872149
32100158
31795116
37833003
37954888
32247987
38399316
32757781
39140553
32928454
38185005
38344999
38382749
33327011
33349755
33537305
39239436
38835360
33783580
33796864
38781297
32873254
38266162
38612921
33730310
38524594
33461250
32474937
32118538
39502681
39496201
32931174
39431232
39484384
32758015
32752753
39523208
39181628
32592984
32157714
31567087
31459774
31514813
31363633
31433846
31336549
40794179
40582793
31626050
40604407
32028522
40720947
32058841
32141357
40428014
40100407
40095610
39630092
39861117
39665788
39580130
39020239
38936386
33257158
38626456
32870644
32797766
32411943
39099744
38543392
38746018
32986168
32727686
32309413
32094256
31962862
39464196
39156673
38847755
38472052
32145933
38342725
38681071
33318503
39897518
34155333
34240416
34603806
35068098
35062724
42143616
34978827
35007110
42553880
35183356
35259320
43697607
43405125
43429369
41975806
35953219
35205639
35550768
41951076
35040010
41910772
42182287
35764044
35948046
34507949
35051008
43308417
34888457
43322235
43324090
43026298
36366794
36288717
35613441
43977173
43997989
35738659
43772658
43943632
36461479
44442562
36780350
44768135
45000367
44995509
44381074
44166421
44066873
43725235
43539558
42848506
43315341
39680282
39242492
43804411
43121443
38882100
43394031
38650748
43771705
39063969
38409447
38527597
39340842
45882704
44597364
43313969
39558151
39271598
43604763
43276303
43593262
40378051
39269863
38171517
44465296
38337654
44719399
38420817
44887498
44164274
43784827
43477588
43743605
43165054
42933907
39205941
39333045
39501707
39141549
43451990
38379051
38216613
37522714
37403231
37078713
43585073
36997075
37329441
37097188
36421801
44454788
36613333
36657560
44574466
36801198
44819989
36260542
44581163
36374839
36466276
44222401
36941056
36890814
36732043
36338594
44976795
45260363
37031386
37205148
45603942
45264967
37934052
45049087
45124851
38734607
38713517
39023233
46265291
39219179
38977058
38049080
38335883
38644153
38849036
47619696
38227201
38165896
38350958
38392623
46877170
38832058
47331055
38334806
47399591
47016014
46707096
37463650
36115250
47033205
45955619
46392214
36911221
36638596
46844467
36320124
47713055
47472646
37156556
47527643
36693019
36681797
46382101
36515826
46550377
36419205
35153637
46475858
46348328
35772488
46395849
35559084
35551522
34836771
34779368
34760508
46941298
34236151
47630965
34778554
33414189
33291064
33281613
48312573
48225073
48182354
33349366
33026295
32436909
49423141
30191086
50248297
50135784
30415341
29944198
50176143
30113667
29720342
29470929
29177675
50515837
50712504
50561018
28879483
50229788
50125989
28351170
28404938
27142376
27012086
50542165
27371119
26784389
50838662
26554569
25143075
25360888
25296460
51651287
51325764
25637515
50187291
25332271
47879654
25386422
25509182
25470740
25305862
47656899
46231854
25419486
25836549
26765097
48174788
48177392
48381442
47939582
27806627
48748716
48255919
28279390
28174540
28096117
27374738
27431483
47930727
47690081
27412334
26878374
27337982
27332987
48750272
27520016
26887167
26902725
49283329
26291246
47967522
48145156
47831768
26228296
47742250
46971701
46764078
26798334
46578837
26087799
46728614
46921648
26251294
26692076
26507147
47556340
47489750
47323056
26360348
26098410
47523994
26106602
26099064
47480946
46156459
45746955
26507475
45895731
46388509
46196494
44344709
44371741
27992571
27989882
44275254
44127273
44204735
44496535
28891809
28948948
43790557
43227876
43720170
43819189
43787947
29831324
29633029
44873018
29583900
29275504
44837145
29503427
28560168
28709638
28623278
45388055
28460132
29056819
46060198
45337872
45228723
31255528
30820626
45895747
31588199
31693372
32181124
32043177
46988449
32390855
32492175
47129254
46599573
46117662
32216466
31971819
32072808
45429853
45526506
45024184
44898551
44680288
33250579
32828958
32304757
32508145
45108502
31536742
31277958
43785730
31545353
43051739
42813019
42551781
42435904
32651565
32755127
42844703
32598041
32689968
32415958
32167910
32039710
32524467
32573518
32239142
32252029
44540800
44058039
32528165
43963047
32607108
32334578
44413201
32978456
44551419
43809635
43801889
33485767
44026145
33737474
43747948
33615816
44081354
44023918
43965673
34224899
34376628
34446449
44123987
43553995
43508904
35194811
34406407
33537087
32369814
43725725
32208258
43947441
32289599
43889914
32602375
43098322
42262243
42887113
33824859
42878114
33875286
42420943
42612358
42810936
34316151
34346107
42858855
33968044
43209579
42486607
34202827
42421908
34145565
34032610
34009187
41731455
33949035
33477725
42411827
42519700
42469410
42099911
42115201
40198392
33686942
34372748
40924102
40843611
40700507
39868215
40437422
35327913
39642990
35073520
39886831
35270614
34980629
38733086
38222299
38313869
35915472
38443166
38568146
35986225
38318841
38425691
38116292
37981272
36640577
38051945
37881854
37434945
37590749
36783849
35405670
38630014
35949504
34562869
38684320
34638921
38704999
38825850
38754252
38983040
38186583
37983433
34234979
37814508
34473448
33666745
38138481
38099389
33750286
37875297
33947857
33952235
37991720
37409835
33760486
36959450
34185561
37483798
36820747
36845367
37017837
34748015
36149473
34106659
32058624
36119352
32077349
31342131
31594884
36191331
31223195
35250666
31268320
31200008
35711017
31371328
30861779
30984486
31015128
29885163
35745825
33826472
32712352
32304188
32441882
32470386
32312104
31213351
31169700
32117443
31982440
32070645
31872754
31208352
31106855
31517994
30505864
30390433
30416441
30303640
30754621
29109123
33106314
29790149
33912146
33879225
30075079
29319526
28968368
33173793
28991284
29285515
33644447
30703411
30921888
30555367
31069322
31396947
38935075
38681685
38615225
38608736
38242347
37726969
37676217
37591289
37522672
37144933
36792715
36621153
35832027
34901047
34655889
34450200
33761836
33417655
33774286
33678426
33855604
33076607
33112195
33070468
33064302
32576452
33183833
32655200
33184638
33328773
33225765
34033019
34320518
34645424
33982063
34425833
34344719
33913095
34199881
33818556
34142903
34100055
34094326
33978102
34331107
33751002
33790627
34285237
34241747
34035210
33924437
33697663
33068578
33978670
33802206
33189050
33917355
33145985
33290687
34032175
34223360
34340758
33743813
34359686
34265613
34997973
34416213
34038621
34042815
34142144
34070319
34646890
34376093
34483040
34821395
35228733
34641266
34390375
35352977
34930972
34044089
35062140
33800488
35219217
34190149
35534963
33678399
33813669
35928380
36314388
34018029
33068130
36215908
36306333
36459992
36248672
35201325
33302980
35201165
33787793
34126483
34172217
34184849
34028784
34092275
37103567
37051394
37131552
34375218
34629945
34535887
38208738
38266377
35048154
38301552
34859199
34949129
38807370
38782684
35221611
35407965
35187414
39291837
34959398
39128480
39128084
39032462
35712277
39371401
39008015
38989564
36009295
39239093
39316696
39356402
39172424
37357342
38837904
38699660
37345234
38201118
37523037
36644091
36623727
38130767
36527793
38361027
35085642
34539925
39069749
38984867
38876596
38865242
35039604
38570555
38773199
38619332
34789856
38644651
34250505
39117129
34177792
39329024
34324266
39306092
39216393
39155894
34607113
34092631
39813884
34669173
34602395
39156439
39090874
34221572
38403390
33215387
33464875
33338332
33336593
32994109
33183824
32815362
39596562
39521513
39234579
32906822
39844941
39759109
34088718
33998412
38324701
34220168
38286481
34374097
38537583
38005312
34549262
34434111
34383059
37944805
35637020
35629592
35094192
35944842
35836192
34857224
35759825
35135213
33926346
35522358
33520090
34844144
34049875
33948665
33756115
33873635
33769607
33519662
33321373
32793772
33715844
33749223
33273257
33426939
33982712
33966419
33944393
34531241
34509975
34292091
34360841
35615253
35671007
35228621
35039812
35233704
34043422
35744355
33484190
35264196
33357943
35634996
33896344
33743507
35834845
34955519
35450831
33479881
33288097
35831698
33452148
33279639
36041306
35376247
33279460
35440571
33205684
33028691
33043532
36486485
33441443
36458495
33491590
