61142
48701
13541
18506
18937
13481
35039
18022
14066
15859
17451
18724
16526
16909
22584
14154
13488
15439
14201
16637
14741
19773
16961
13617
22057
12781
13204
16444
16666
19043
18397
21344
21185
24614
15419
17678
14816
17166
18284
13786
14952
13359
16793
14921
18084
18425
14145
48163
170251
30527
12296
13791
631296
14872
486338
249754
34094
10569
371494
294213
127048
29161
39921
167298
133797
21626
435242
14154
576547
130312
18885
1058157
103639
12739
137410
34485
23004
190510
15640
1035286
92280
240822
18808
44416
10253
649972
29899
15937
1183857
430078
254694
232900
14430
17176
15319
944813
60270
292461
190188
17330
569103
17973
478153
15734
15926
18870
1060154
43081
333170
18375
12244
13826
18815
13526
18908
2305625
214134
20230
11318
15497
458483
21256
18110
983820
13859
238264
22173
179952
111252
19358
26551
685322
347661
158559
404569
107752
257681
550190
15573
529873
20802
507012
14530
297397
291103
15246
22751
14218
855775
226103
51361
294838
17442
210365
13037
15087
905070
14748
455149
545858
12462
201294
247052
85668
15139
15660
16451
19184
577102
373476
14803
15014
507202
11877
13643
13956
20319
10803
1220423
401909
180328
15631
830653
14966
16715
15558
864864
24238
20028
16159
723128
49450
725051
93854
14613
20090
514108
26958
20029
15177
558445
12488
18025
33055
15541
661935
15170
16645
655731
13673
270066
247805
404555
13453
487006
51667
19804
172058
13409
487094
212934
382671
767664
185804
17595
25344
14670
687974
20752
554441
20259
80221
447174
182138
66878
14014
195286
60403
18039
690303
97123
52907
14551
21403
17806
686914
255832
24143
201095
68271
128880
14477
124326
217680
108971
73994
15183
177134
17712
224931
18771
273491
160516
83184
315602
306894
32577
19385
1225007
13849
14585
17042
29201
1645501
140027
18893
12538
13761
12560
19736
22365
349382
16203
24254
18591
620788
15773
15096
133223
53770
460788
18962
201738
424145
70821
14572
414810
225345
28458
222409
15116
245547
440505
52160
237971
134858
69334
36821
720085
82100
31681
12355
512309
65378
14139
132549
16007
13136
542255
16555
728974
14780
609896
15553
17431
862133
388898
293769
20283
510675
23627
17232
17212
19873
1361027
62584
17847
16791
13545
450911
74364
12423
123255
104596
17237
700393
760204
17260
14290
21358
1154654
16125
22137
433339
288453
1654312
124831
1684628
439924
2129957
579455
35056
70052
738190
134278
46813
930284
959118
328829
467686
811054
176325
477767
382744
334055
492090
2109462
398082
376086
409867
99840
46247
82564
161422
283907
254237
792247
115986
175919
921629
512218
41748
502393
205864
117471
207962
122258
67069
719760
424808
932894
405481
72483
170627
318899
578505
132689
304255
74805
508346
55943
513477
1259402
176851
59722
158034
672357
269663
146500
541671
595434
279656
442498
99801
64506
29537
277232
30812456
30747508
30304117
700870
30137982
805883
107691
30643701
30420814
480028
134720
30132964
31141625
1568567
206944
31680729
340456
230050
31488460
242296
31859313
31632233
30416968
1083106
95707
30946
31245695
283080
514009
31611465
549648
72180
521130
40018
202329
32651679
32637371
352070
31768163
31556682
547317
31841251
31838619
689577
157833
64280
708117
47532
179692
75075
527076
91710
32891659
614368
33674242
325975
575265
55378
34291232
33974156
417700
33242693
32976148
33063612
32507478
31651939
31656704
1625990
1009821
242070
32832987
32848467
33008733
831529
33114176
33348395
32255698
581238
32296058
31761750
594135
36850
199598
556817
31807965
330932
188305
33560
30850232
106306
202095
31066206
30225556
137727
30504087
936296
159507
224470
31096028
31131169
30865246
31015474
30881631
1953627
141435
31581819
637492
193395
116430
85104
31607338
469024
31622716
31479121
803169
31915769
494646
544039
189825
309115
154470
32697833
234652
353520
32938889
235707
182561
69855
32579613
30249431
464353
30644509
668061
31042743
31645709
1136963
31507307
31714397
787052
137696
145616
93562
101538
400865
41753
32721712
452429
46705
32820711
246901
448817
33057975
32308052
32291837
32194110
32246170
904468
302358
106960
31753484
146748
31620653
338758
31601081
154208
31031485
30551179
1273106
31422318
723900
30964902
31058045
31267438
525041
30536112
29996172
644633
1005539
385224
266243
131216
336797
31110483
108623
245172
31534419
1177195
32432413
459516
369193
151622
381325
155592
283956
33900444
302581
45208
33943336
34110217
32327913
31494169
30836766
996249
451211
31224633
31282262
31319100
635805
31072004
31886027
1418818
31717285
32037745
1248266
247876
218086
31756381
306952
32249410
32069690
32228466
1182785
27274
127798
32773544
32996169
33074101
32907645
1200825
145651
139707
319493
32731276
32272817
32541636
636046
42308
106195
32949450
32786865
535525
31694992
31807798
31963120
31517882
30972732
30333579
30357975
1672966
30078619
30385098
29831728
1200743
50934
28921639
28449243
28162866
481142
125222
28733649
28352899
27598927
734901
116021
199508
27469683
27477906
27471252
26210350
26241758
25477073
1235077
124519
25249987
304617
632018
26207485
538288
26611741
139775
41002
60356
27877982
1299830
405350
165256
28421197
28258447
28070997
780543
628691
28429614
28345979
786069
27850774
27726402
27623271
353562
27569182
27415459
351790
66931
27646779
705363
175043
44466
197513
26323964
25979126
239321
24775603
92904
23282586
83187
23046582
22823953
510589
22787095
113120
23119497
917057
23957192
23475743
738503
41641
23726504
23545231
23554912
599458
27834
326842
23175720
23014807
22576957
335614
62103
197750
29211
127475
28316
22311701
22279615
22243884
1257353
271524
324817
579036
23222971
503952
831299
23786557
23542212
206864
23412321
23251504
75503
23005021
792704
23842098
632891
178618
23614240
23281628
23216646
23121900
22941619
449837
22584703
106525
98263
63647
140401
143693
213996
83757
96684
23246598
23311902
238412
167939
689761
396524
516998
25534882
24985251
725558
195570
126884
25656344
511567
25466561
661514
25511014
25335560
25347984
25702763
934362
25356798
104848
25314013
25353377
24905360
25106183
830045
24787837
24753799
255473
467727
25299528
25464033
25677464
1264714
85720
783011
276402
26267474
233097
25912993
91895
136285
24860868
23959374
23897680
23953565
23275263
23683731
23186624
23154480
1684881
375353
24236813
1035619
24867645
24861981
24671843
23673458
23732324
23746279
906148
88288
24065125
337570
32398
589623
24713608
24656273
724354
25032198
24760060
24600871
1133692
24979284
24557762
24573756
24798720
751588
24243118
415716
24495929
382904
1233694
209269
113324
26289712
288062
26005934
25532240
594651
25615221
24712891
666310
23576976
23562711
1111302
29621
24592024
24594529
24225334
762682
138911
24196063
23909702
681022
97404
24340952
193540
378498
25016825
25215032
597847
170581
25470207
25780403
711494
90178
62163
25296350
1190527
26411547
24260083
24274434
23657878
593728
83931
269556
23989251
23982068
23850295
962631
24540650
24490734
1013678
93190
24424876
24471698
287157
24453242
830600
179384
130054
159475
25881573
452622
26042586
885287
26401744
26626431
356389
26330
26017078
439769
26265568
26236742
24793357
864819
113372
479741
123200
25413638
32344
25325513
519691
25799700
25869068
437824
26005961
25900715
654336
26289875
26256597
26553037
1777657
26362539
25682199
391982
87258
107652
117605
26150343
300077
68708
26220207
26159198
391832
223052
256898
275569
153286
27386158
898544
28016198
416080
28302531
660194
27542448
27752252
799160
152056
65438
27930587
28210469
529510
100208
27779158
186856
28178626
28227313
28883478
28884122
2482879
29311142
133818
596550
29701971
240383
70144
148710
158905
73041
306710
244119
28932433
163350
28399373
362080
629912
138835
33258
30492
29442035
157917
29802464
474280
58389
29588193
29984465
1029748
30204457
223848
117539
29623058
29610544
437056
29687930
281078
29398310
564410
29682101
29575704
28930773
28732873
28468387
28142493
27763228
820581
26808487
263720
26751811
26852024
27211507
26422288
827207
118529
26591780
355784
151730
244874
26955921
26310245
296559
146543
464937
40050
27334
458085
27143134
27167800
27207126
27172714
25647680
25315879
1498932
25792949
26287044
964204
26381248
358467
26280041
360851
58358
25971623
377330
26150514
64702
25459291
25245838
24918787
435545
25150242
1187635
40358
26250504
842108
26766132
26086021
26146484
846808
26133200
25386502
25493681
591346
137059
25401122
279135
263340
25699722
25740821
24395403
500492
23851922
23595170
23427153
591924
23551012
362006
22990161
22799943
22676536
21761949
475537
325465
300804
216334
91282
137557
23000237
22292432
412561
35592
56634
56899
504549
42404
155400
23390245
613120
22845048
22108199
21298869
368011
328899
521546
190246
22235351
64122
93986
21272629
20783742
20628125
327986
168933
20281651
20101657
156220
19853307
20821541
1167120
20861384
441964
36826
21231143
982874
267618
461246
21889382
74369
29436
21915835
21934445
885116
22429408
22425052
364605
23115801
751681
199326
23528215
297230
105302
23551842
23469267
395503
85221
23826967
23433341
548701
156149
34496
831129
75488
24619522
503545
93353
24894077
24388877
405820
135532
171217
24885702
177551
37107
24047172
23890646
461338
24518783
781358
106792
69704
246327
25000087
25645124
25510598
995379
63399
275011
25050869
24823293
24588603
24233866
24158912
736348
24107558
24302103
24521290
24761978
1233561
107776
24696654
177890
613305
185110
60689
24258599
102604
23802606
360805
723463
38147
211856
25079191
24888193
1044812
59331
25470352
25495063
549537
25403074
25047513
277904
24997543
445362
25301856
25516554
25478007
882084
83476
275602
75693
403776
26963218
26952587
26627613
1418575
26830401
27061620
988548
27797429
523186
338067
50690
31719
28946881
684935
27746116
320738
28120818
26945651
26945501
452635
450655
28041336
768747
28256652
27481022
27381538
961190
45123
98538
370048
28505378
525319
28575336
28334493
312923
28800233
489154
28888429
27924370
389319
1081900
313857
29222824
330109
236570
48343
28807849
28438801
791986
328140
28693251
28646161
28141085
532510
50852
276776
47613
28682552
375646
28348373
324015
28385500
736173
28741352
29087491
28648853
28560785
1087253
187994
211080
28674119
28873437
29069490
28513613
2239116
49728
29214077
29998320
29246907
1570270
28992002
271272
184327
28706181
240199
28913665
28546441
927420
124520
28941293
28953915
348498
316465
29396164
286676
414115
30017753
592760
30496846
320730
131497
30818616
30619215
30359645
789037
30768018
30068516
1006696
30931410
906226
29560671
30029571
29260359
856936
29398769
29782881
30189687
1147086
29776406
29692185
29571832
516443
29364987
325779
28442673
754645
28886014
29115730
28867517
28565477
27706548
26650774
27624995
27329840
27270859
2884802
29709
27915751
264910
26969290
26478382
26420835
26595572
806082
241889
26038886
259276
1317351
183607
27560668
28246125
1205638
28190184
27958150
27943666
332674
379334
357718
234300
373605
27875833
27528944
27517171
26842256
1179567
27249824
216620
27383083
27036053
1035149
35335
837730
28378615
28052582
27557845
564783
27235007
27383699
27394410
578569
26498502
309635
25738224
25691487
25848821
25060538
24492968
1784703
588035
238010
93441
68967
470968
27127759
26950612
26745589
26725647
1206476
205677
27224146
595501
26878920
26962161
26714784
26157474
26340876
2236724
146211
26732944
26753560
485575
34326
26685268
39525
26050039
42881
25853825
24808201
114494
24814909
258552
24494533
24446205
24273396
487906
24077710
23772732
23675682
23459498
23828108
24005468
1186823
23312315
143084
148774
23349857
23251167
582700
77224
23293740
146238
104705
23371518
23655440
379777
23832266
23120712
23787256
23731090
23238646
1818100
274850
65187
110802
264808
24153382
25301922
25340659
25139925
1832100
464242
125940
25234986
23808277
832361
23615250
288137
24094025
24081610
24043422
22589987
22687602
22357339
1520160
22600701
243606
22515061
233424
341085
22796465
220414
169660
22870444
112004
100600
80709
360743
21803991
21809349
372251
384685
80843
301685
429390
23139779
335956
156236
241757
377373
23859905
162042
24183593
24981593
1398227
963035
300736
34117
228509
26250177
351317
26939642
26842511
775687
27210323
728924
26154
27367445
380554
27482954
24840696
25032989
1084695
26062902
1059120
128047
26351476
195778
152657
25991316
25562170
25451114
372550
25355570
25541007
515973
25215827
758641
24768224
464316
25154666
344499
30993
444735
25599736
224917
314186
26274046
269323
26435630
26408756
26404096
621701
790236
27443890
283054
28445089
28356537
1133399
35876
28953108
919660
192715
29201070
95428
29835503
29890360
813555
70354
29904618
29993069
29750982
745533
77106
107052
29703930
283238
29584421
29396719
342537
29739565
29497696
29295157
820667
58155
326305
175657
33270
59930
135837
47296
30157677
132564
35325
264315
37935
209705
30071746
561933
390798
30806533
30706608
29670673
28549162
28447148
28401895
27747205
653388
27396
131950
59839
28200907
1000903
178350
527953
29145528
392429
28455141
109483
29134273
1609778
78709
30124223
30220686
253581
36529
30283831
30279282
693379
30387779
30674886
1103671
441834
98334
31069682
216896
30848595
30536884
751662
30964556
446331
193696
30544065
29850261
29464365
980257
473120
122708
262765
310517
29786588
28327323
27633876
508323
547191
28425217
346168
27980787
280434
27976454
240233
27748299
355336
52620
28020194
339471
171446
28096178
27099962
385109
26744792
26815622
558901
180556
27202711
27971451
28013624
1299844
91650
28136177
27528886
27851637
1157968
390610
44835
27866878
135018
819193
366814
28891
45316
56885
186117
103799
29077550
28526383
497118
556299
29082856
29334335
394935
101408
95304
531565
728788
30839001
29793375
663310
29049379
350089
29425637
28730010
28390230
574310
511237
329127
97174
28795636
28701355
388026
28774423
28497427
529513
145685
28879758
327184
29169687
29254932
745454
30136548
1722726
30615554
119431
521242
31446485
426274
31727529
30732585
30090493
607522
276047
43991
29726615
609842
30928831
30922326
30885485
945409
74992
133210
31260118
383785
31550216
280277
156462
31714420
30998966
29609182
29588700
29060031
513191
83704
275840
168374
248358
28916549
28869195
266710
28747463
28549406
210925
28392197
645965
28188752
27327156
27296472
27055804
465570
26749191
25780288
245540
25998566
26063793
543277
25138391
24945292
24873067
24062989
447958
24096200
756611
24517451
24454477
363820
24331680
24342290
24134767
24079093
729946
239458
24288597
429092
23982739
23265653
24638961
24694316
2302746
25573360
24852271
24545065
1792647
125918
352585
24155242
24125976
487982
23891977
23649600
485897
119210
22495314
22202186
515533
192257
22418364
21992223
523445
22407164
167653
520379
22927202
131460
132820
22051175
22173230
348830
40801
21843047
21874087
187644
21606441
365352
21190652
21098223
79182
20507652
327788
132567
627915
20562196
626151
62392
171685
136895
20540630
20318567
20110858
451128
380157
389533
21686975
21311404
968702
232165
20691669
20753305
542627
20946312
368332
20642719
239606
360587
819292
976384
22640602
180788
22583025
185321
22798097
22803582
286344
158406
71108
23252433
1190532
24186112
23484610
23775760
24056106
24258008
1859286
56309
24435667
24089332
24192904
24444981
812602
25195830
25175198
1427710
25530801
30892
278637
25598768
25730938
25531278
669604
26543601
1232344
54893
27279246
788465
27862260
27855376
27194703
766491
27347168
110610
243025
78003
27391116
453986
175845
135860
338484
108455
297748
192958
88334
28835490
250124
34539
289423
116878
63049
108582
136093
418677
140294
30252444
30364308
860838
110122
186236
69569
30519990
196609
30887447
825563
60070
119862
260749
519381
254452
142846
32658514
391532
31378203
217578
31582347
556125
600296
102436
213607
32494604
32363952
1390061
32590879
31631254
495515
154263
82494
84608
32019618
31681508
738396
32062442
166928
201960
31883160
76294
76714
58177
32279612
32145141
32147711
1061039
31951381
31614437
32165205
32288461
1422285
32306710
32685534
712749
32672894
302974
32824603
480270
33217772
32918971
31870077
324867
102141
31566548
497342
31836853
31891066
330677
30263399
116861
30515647
30142656
904191
229039
69582
338776
30945917
343558
31117208
30923237
466781
236982
24877
29389645
29292996
29110126
352219
29904275
962063
297157
83293
60826
34851
113985
30115498
29281396
29404930
29072769
28782439
28572910
1148296
408323
348155
28977129
192382
119687
29455186
401899
221110
29999835
407555
92789
29859328
29110884
29272975
28968459
28673371
28614013
1169513
28741622
380836
28258801
536306
337817
56830
27983013
354274
120295
61909
227613
28047859
28117303
28221259
805407
502965
239666
252660
28987008
445592
28984972
27718167
26496937
945521
26510235
26067820
353820
25911759
24320010
1027607
422841
406290
25303364
24968128
23409464
751390
23606644
316484
23328437
22948366
22596201
183789
36443
1017807
31587
23684398
314086
23416129
23240522
22860356
309002
22795643
22921400
594336
23288597
23230044
22494119
22447809
22417872
22224500
1414458
22772877
23388207
23348891
24225144
24247724
23806586
3133975
23415680
23415998
23477317
23800161
810808
23565660
202278
164750
129656
329266
23628765
23390652
435176
112870
117692
53286
165841
243889
24189417
400623
180707
23853219
24296814
622770
24422509
23695189
22904199
404461
22924690
534457
39682
23061355
23095533
530756
23369423
186617
23501761
22657289
174808
22535321
805120
22670324
22504715
479550
122815
167874
401539
74790
152437
23783391
23339353
712985
51630
23491728
230435
146656
69509
277592
30197
325620
24336769
408534
214106
24659279
607119
345575
432520
25836384
25296213
291931
59594
57150
74859
25338497
24650180
24510406
561764
24500748
24206755
1485365
527233
51033
25288675
324500
24959466
209709
396996
25273296
25203756
24932722
24729820
24587732
23419672
23436222
843665
23779646
632399
56796
23711154
23589551
852221
134640
290708
108058
24768579
24756024
444335
23726817
269247
24363815
24367521
24522085
24407165
1559885
34267
526608
84754
25457512
321167
33461
25587072
716507
25582306
26207611
801920
327588
26457810
160551
490558
517434
27389185
300501
38783
28155699
27455160
1507371
104667
528342
28354758
787925
219053
28663788
28146819
28166042
990289
28445
28250493
103985
510867
103610
28902607
486303
29350416
29402459
460819
29072957
29166924
28894855
1043983
29436565
871168
29139574
29037279
29004383
28880743
28947918
1788687
29575715
29290607
29657799
29605520
1277744
187417
29590238
323358
29736677
241709
1050326
683581
102858
158897
503088
161030
71352
121036
32386369
622851
32645265
248199
32075151
125538
32308758
439837
31228317
31210167
207237
30977307
30103604
136810
29700981
287642
249560
28763412
607258
200842
564544
246612
496141
246085
115709
31048243
121510
210847
45557
30895214
123652
122944
31566605
31813547
31764486
31220443
30326944
30336635
2829628
30777445
470842
227991
31254344
31255278
31178698
31244554
31244075
31527838
30979713
31155501
31166033
30081446
29959693
1822289
29940150
324624
29575310
29814170
561151
29899653
246641
26616
30436781
874662
29481873
29064301
751264
29253626
28969758
28646671
27958235
1103163
27091262
27043226
158490
25763733
562603
25258692
24950617
25094090
25074442
24441411
795117
24071594
232421
29749
24075768
74740
24113673
24180429
24009301
1069920
88761
25099
316288
24920804
24772550
24525287
1838529
69259
24335147
24350922
286886
376811
41440
24878048
433606
89456
778061
328307
296083
26251234
26185700
25849912
1075920
186685
26253408
25895156
25681555
297022
110057
212720
100110
23473437
204801
23163328
357668
62447
723536
23890386
23743471
536632
23863110
32133
161152
24039540
24182264
334571
24207260
24264349
718556
24288869
423627
1033988
23348824
23251879
422628
234013
23053634
23018953
645935
23075268
23228450
415125
141116
29855
22979593
22951005
451616
22075685
616847
22218632
22228861
348924
308540
225281
22873985
506386
22977353
23107453
22782976
582631
23243829
386788
48030
95597
23121520
367010
23354329
174592
23373348
23415487
131641
150857
36110
23600229
23780527
788509
177605
52383
234527
24054153
23846892
785242
23993949
472784
253120
72846
24286777
453897
25002237
24787185
24928466
24930635
24830459
24869550
2422827
85908
25257709
60667
88597
63063
242560
25309668
25405702
622869
25622852
25530257
787188
26282089
583767
26282979
180183
185436
26701530
26916182
26803157
903278
30621
292609
27338927
27002059
25517573
825030
26200004
1650717
26919981
493627
89741
27288446
27489597
26806563
1105113
25525235
26049796
808246
38400
77569
322182
26090776
25701161
25864651
25992115
944200
72265
265932
26413087
299729
26264220
25292082
702439
102092
25834381
968245
26816376
1011994
27346926
27132646
629112
27993379
578258
28242218
676039
28325488
27223585
26992288
963370
227811
27068492
403643
27344422
351262
27243781
27611621
27328019
27181055
27148619
1102169
447025
27825648
27821567
1012243
27257956
291545
27417773
550595
27955506
27947052
27523913
27446594
1412722
501199
28164197
28077055
28222838
27920268
722130
27902991
27859904
27940722
27140942
1065768
26759905
26115724
741164
26349516
26018994
25851481
475498
25655838
25644352
301081
211147
416895
26156292
25614904
357760
214842
219316
56634
126018
25854889
162267
38024
25865202
577874
181300
404124
30369
26978381
480488
26952966
1020220
27576156
502772
27117667
27546094
915349
27670966
666099
239692
27922766
27774814
28016861
27202033
1105884
121143
48717
276234
33002
26873508
93359
331781
95679
1064513
386543
44515
28086176
969065
28961286
844060
29591852
91554
28965345
28419710
27963788
27880744
27777631
423679
27790887
27103050
27080951
27262498
883778
56875
27014366
25715654
253781
155264
71428
25587603
378765
25646210
613869
25202759
91876
24792260
62181
24647547
759125
316800
101055
25368501
25416746
766579
25418100
456454
25543257
26096177
1262318
25745470
748714
139705
27008632
26965135
700193
27078521
25867129
25893627
336588
25654433
919671
26394619
452652
25921081
25983888
554181
121536
45989
26903806
27390626
26598647
2254555
125528
27571929
27768596
766758
437258
28423951
28352127
789779
27930630
322766
28297004
611852
28613123
103465
159227
215487
292927
43211
29197756
94945
46982
33815
129862
147908
247239
29234715
29184139
631477
394960
29617573
208952
29891050
30124760
462381
100716
277914
30406085
29680986
322327
405270
30293787
185639
29338
93704
528433
82170
149542
167990
30810300
719764
31001183
40655
30054763
29107648
28543356
28624699
815463
28055237
27806624
27263993
618252
28006071
27648642
938424
137071
176358
28032889
244072
199729
187976
107498
28212572
26481289
25494366
510249
24938657
24923126
152689
32654
25134481
25515248
646768
25822653
25960474
600270
26561920
1344188
251119
27337920
27406806
598514
27692257
27352254
27510039
27405105
1018409
27491438
320309
605355
28201332
747280
28329036
64535
81252
28399991
27483272
27770570
27251056
1033388
44008
26732217
26387282
26330717
25060111
956796
25353418
283511
25432392
25467021
238807
25537197
25645570
687530
90875
709077
25743481
25624767
381502
837256
26809928
627526
25969046
516404
25762764
25816749
24850154
24768237
24495823
24465225
25239032
24879679
25415984
25615107
25154504
25493305
25320212
25060989
24837016
25117465
25177779
24877352
24003595
23567613
24124706
24118187
24121359
23931436
24427837
24536048
24139958
23448936
24166922
23622658
23257145
23469751
23412163
23737532
23971550
24784632
24531180
24275659
24382674
23598070
23398196
23346290
22940319
23796215
23849144
23554461
23532082
22770465
23238387
22915046
22957339
22723333
22779826
22851050
22843794
23358105
23703773
23683943
23904493
23865090
23893763
23868904
23112009
23091670
22032635
22037769
21642568
21596740
21603231
21427189
21700981
21845431
21127186
20996230
20809822
19966548
20752049
20290745
19977587
19938069
20395188
20283971
20848337
20618573
20765887
21467390
20921006
21320388
30182941
22046505
22044089
30768307
29899002
22271576
30483449
22687657
22743232
23263483
31571018
31545270
23219415
31083218
23652969
24003197
23607592
32041126
23786711
23399148
31957034
23604535
22717032
32325620
32349789
23101141
23344766
32267538
32120156
23446770
23510372
22866984
23055635
23069193
22649454
33436615
33448393
33464247
23380841
23253167
32104592
31028921
23225954
22821613
31229211
22725036
22674755
31946910
31978275
23078381
23825376
32862278
23943125
24025008
23851295
33375385
23451577
33702844
33038339
23695982
23950350
23470353
33240477
23512848
23699015
24105696
24085974
24063373
34567163
24878433
35327697
25046527
35362730
35393284
25706406
35253907
25864267
35489263
26273668
26300680
25704218
25215968
35932836
25537198
25849394
25161072
25396365
24798295
38034080
37654261
25405608
25395141
37743158
25578867
37606626
37248299
25662252
25394579
24676338
38081039
37931635
25369078
25022879
38210128
24661019
38287574
24678608
38114678
24463430
38188712
24359841
24948720
24090914
38874487
23604552
39202769
23755390
39190785
38782124
23384168
22783619
22547728
22053544
22083611
39020060
22214487
22305149
39698951
39643715
22687346
40009776
39666254
38717954
38938385
38852471
38442065
23844676
38986367
38819829
38822139
25238251
38864361
25069625
24690768
39014799
24864192
38508124
37838745
25006301
24812108
24826370
38502048
38638777
38892680
37928727
25647524
37739912
25324660
38370139
37344379
25774998
36198873
35176826
26486774
26444580
25946169
35594727
34622564
34619061
26169185
25823341
34682326
25342407
33551516
25181746
33575393
33462837
32643574
25470339
25736955
33092580
26022422
33139230
25912899
33383390
32981814
26355628
26392717
33279342
27666638
27548300
33419310
27208612
33166698
32969478
26638341
33764873
27702904
26818812
34112726
26542044
33967905
33357076
26114002
26185543
33830075
32848822
26154521
33019845
26966481
26883762
27233302
33130788
33222018
27104228
26796090
26856116
32840688
26611657
31131735
30224445
26466602
30071657
29797126
26256385
26165271
29833005
26409428
29622469
25902235
25905713
29974128
26336636
28187725
26007062
26038694
28507731
26015325
25781447
28492319
25961922
28722965
28538678
25461456
25416148
25619371
28925962
25936212
25651931
25529929
28865973
28344715
26327908
26160956
28915535
26201543
26386605
29098470
29036162
26560582
26432934
28015019
27732803
27929072
27906569
26623112
28028729
25553731
24534520
23808046
27464768
23656206
23636296
23871777
27978744
23776820
27624598
28032368
24125406
28380720
28006597
28527398
28603079
25063884
23872654
28146486
23605826
28897362
28775203
23925597
27873643
23165605
23405496
23804049
23592596
23373028
23619193
28942766
23667632
23019191
23382944
29917383
30111748
30361729
29740220
23908494
23905190
29907924
29574111
23450631
30056308
30067770
29764101
29507325
29639607
29418815
29070732
29432478
29662646
26011068
24655058
29724771
29829087
24889578
24860552
29741251
29694059
29553868
28732579
25553373
28702764
24680577
28735833
28197288
24684324
28087142
26608787
26524722
25234203
25057473
24640383
24336425
27096106
26368350
26272200
24111730
26359879
26373667
26093535
25126237
26234737
24830738
25593223
24627946
24645395
25099549
24736377
24753519
24963728
25819782
24806524
25601830
25764989
25247855
25082427
24918737
24781775
26390915
25131258
26876455
25119765
25191598
27454690
27069824
25194850
27070586
26532564
25638913
26647768
26323821
26194990
26227064
26237714
26302788
25340971
26639177
25061760
26106447
26325616
26043503
26341411
25437667
25355988
25297144
24899925
26894341
26864067
25114449
24808444
24763055
24206792
26516942
26588363
24189544
26678051
23888523
27148114
24303799
26888547
24705929
24491691
24738565
24386273
28472308
28082640
27948394
27780392
25495065
25224830
28129025
28138994
24745658
28073897
25155629
28257257
28198945
25373997
27806580
26964192
26929150
24078006
24075080
23827584
23638710
28076660
23735391
23477456
27705814
23448729
27732775
27667263
27289400
27729308
27758619
27415292
27392855
24558829
24373311
27833727
27251378
24258187
24619813
24691999
24426934
26819045
26376409
24255608
23918601
23912217
23433704
26447843
23296121
23133246
23242805
24056443
23494750
24426292
24032572
24021415
23952510
23419559
23326170
23953847
23720295
23696246
23868877
23604197
23265883
23156522
23365572
23898003
23902575
23703536
23602075
23687988
23763081
22763793
22708974
24754329
23544555
23729233
23642614
23751350
23548834
23538666
23229760
23659028
23697017
23712866
22891536
22684541
27096833
22784544
22454134
27657523
22545778
21537686
21178568
21736268
21439487
28842189
28473031
28434535
28422140
21533921
21183345
21368241
21102510
28255327
28123663
21555663
28392746
22295126
21823749
28968040
21899203
20264323
28543671
27960978
28057651
20264921
21042027
21236779
21029631
29475391
21174607
29267656
21262181
20653532
21040684
29518314
21023079
29571648
21007621
30210518
30405910
22759098
21278471
30797228
30475956
30443095
20952274
29500902
29330468
20958240
29232398
29176214
29564208
21430004
21595513
30759551
31255266
31287177
31394579
31659183
32109029
31965264
24914735
24972525
25322940
31961128
25503200
25242199
32551635
32507895
25805314
25047732
25056741
24632543
24644964
33629886
25008007
25350770
25437070
25173364
33682126
33752976
25296275
25676143
25522126
25685625
34292089
25756972
34204042
33998642
25730400
33827662
32826841
32877134
32860929
26373717
33703859
26411012
33594991
26649664
33730823
26147996
26201130
26083154
33547280
26674853
33509079
26807858
26825245
26639473
26165335
26416886
26575960
34840155
34483229
34346648
26985151
27090458
34820019
26935082
34862932
35068396
34858171
34694389
27190547
34789339
34914104
27330227
35369026
27798639
35362856
34938200
35051922
34841004
34428096
34411390
34068792
34484917
34231655
33934330
32744646
29000015
30279443
29781521
28990570
28875296
28322158
28611199
29393811
28721247
28731912
28206775
30138968
30144686
29939976
27857057
29406121
29540630
27979734
27747314
29518361
28021827
28570440
27577644
28649429
27428856
28855253
28155780
29664520
28365855
28582648
28401767
28420984
28384247
28923434
28778092
28871445
28099398
27802736
27523041
27533629
29843176
29727578
30067035
28170122
28330994
28319389
28309016
28544094
28305766
28445011
28010484
26634967
29457949
26946650
27139764
26907614
26646362
30210041
26363340
26497471
30539569
25868992
30845826
27095704
27118257
26985238
26214539
26902482
26229998
24964918
26882061
24039256
23962239
23555554
26951949
23345787
27109526
27201604
27342664
27180932
23702697
26355630
23860223
26455974
23858810
26368769
23831445
23772250
26048983
25964519
23188245
23074911
22905641
25945551
21706611
26368651
26197396
26006755
22161390
20765216
25872160
24607099
21199123
20998975
24759125
24597072
20811554
20862698
20670478
20739034
24673974
20874010
24863708
25325338
21690744
24779886
24562498
24389352
24523020
24674621
22473797
25181814
25107251
23091485
24871080
24762602
24837918
24465380
23812084
23405894
22176460
21712359
23731618
23652640
23575638
23573303
23803410
23992198
24079701
22730414
24316256
24446485
23597189
23096242
24630717
22951144
24631283
24648784
23181430
23148579
24937995
22788543
22807802
22813660
23038853
22850045
22204908
21588980
21290774
26006427
21760641
21655119
21145000
19780936
25411359
20033257
19598107
25833416
25783510
19730824
19931432
19345999
19029595
18390617
17883383
27857939
27765160
18229903
18118146
27366703
18115711
27558237
18156227
27776017
27441936
18515233
26756571
26982612
27139375
19016079
18987434
19050401
18908703
26926813
26707868
19040415
26707386
26363576
26230429
26251189
25577060
19527206
19232288
26149021
19509592
26324410
26288728
26221574
19805614
19755702
19675290
19169459
19301408
26970766
27257826
19997771
27550831
27371785
27666308
27514965
27362660
21907010
27434011
21991399
28310762
22701320
22762769
27556857
27284944
22840917
22402021
28202408
22304392
22225762
28498084
22564851
22415729
22420135
29204451
29609011
23651119
22847105
29577493
29055505
22719653
28839733
22806136
28995556
22796537
22679295
29223287
29248447
22919192
29128744
29431056
29794234
29663309
24365242
24394789
24526818
24657282
23651349
22730720
30557876
23038472
23383065
22968284
31118652
23044571
22896875
22885909
31272266
31294063
23137634
31266940
22812483
31414068
31402098
31662224
31664375
23565849
31345389
30410192
29308760
24475945
24393095
24325879
29068183
29059406
29376022
24596316
24806124
24917790
30235289
30426681
30272834
25839704
25685272
30415690
25698940
25610384
29848867
30000813
29967807
29804495
29741886
25890055
25576090
29728824
27570746
25338793
27447337
27013933
27418379
26135257
26029111
26063147
26564499
26290071
26093260
26960686
27035959
26112522
27132971
26372308
27040724
26451582
26691143
25521397
25579234
25621773
26492309
25785869
26655931
27541024
26862587
27628161
27671366
27958365
28557071
28030503
28748992
27899166
27575744
27660187
29146391
29193912
28554694
28606408
28697997
28205488
28925327
28165159
28507386
28426337
29003977
27685891
27754060
28843308
26746736
27800551
27888347
28069398
27403278
26471648
27881317
26820559
26529997
26757567
26790461
26580420
27066368
26397208
27446785
27107540
27019841
26920100
27231143
27196603
25794837
26867599
26381269
26341098
26329485
26308436
26067725
26120434
26813030
26378593
26509124
25841083
25947434
28614210
26188634
28755791
26795011
26749375
29159259
29285122
26995207
26636561
29198277
26253562
26590013
29260357
26596990
29081313
29010797
27694157
26950094
26591323
26407907
27420014
26450450
26929387
26917636
26618224
26538092
26608444
26178470
26517852
26478194
25797130
26128786
26776983
26900071
26308580
25884262
25720635
27577959
27336126
27474093
27390296
26833787
27213557
26595371
26444677
26689655
26861725
26844479
26188173
26087108
26081733
25209192
28204512
24966506
28490222
28542022
25230035
25222242
28800786
25299050
29093075
25799729
25730821
25680324
25711480
25578563
25350745
25040091
24369557
23205295
23041921
31634726
31830744
31433271
23667014
31631878
23632476
23062982
22830432
22243472
22248796
32877507
32896484
22894132
22135712
33798092
33507031
23266566
33891468
23358679
33738497
33445210
33376471
33306010
33531004
23958868
23716829
33288971
31928020
31136210
23980000
31098802
30818307
30669946
30631805
24804386
30380664
25063317
24893370
31409850
31470482
31359875
32087018
31896559
32033878
31654557
26954411
27073658
26665928
26829831
32043614
32036850
31790822
27464094
32052155
27711481
27440287
27119817
26353284
32541328
32091117
26900747
32375248
26543006
32454321
32766577
26634786
26615571
32571893
26756530
26894571
32576052
31583690
27086885
26809415
31391430
26722308
31417066
30928548
29126588
26587570
28886247
26910915
27801610
27735657
27744468
30601006
27783748
30598171
30484245
27447562
27700117
28011103
31453150
28035038
26455672
31281423
26336756
31375701
31366828
31428693
26812563
26777509
31890219
32137680
32237287
32148455
27851344
32795873
28075380
32969204
28960421
29145878
28801317
34330666
33671743
29490606
28487491
28623009
34167719
33382190
28953256
33655151
33798582
28717738
28590838
33747675
28688143
29009391
34213957
29170325
29406826
28649049
34343473
32639445
32627892
29472164
32768562
29371641
29350221
32488466
28959195
28955666
32310333
28805093
29092258
29103187
30351081
30102605
28595238
30229202
30124292
28345673
28239132
27282755
29323817
26883788
29584857
28449462
25742780
25682916
28033610
25597708
27840706
27648529
27811222
25061935
24823901
25161407
28403628
28378569
28275509
24249484
28334161
24085590
28540513
28477040
24334304
24122222
23325258
28881640
29128776
23812682
29123291
29305125
29196365
28227786
24645371
28490408
24944721
28429721
27693911
27916124
25792792
25101181
25280604
24634529
25080110
25113359
25139291
30060334
25019568
29873335
29160187
29324904
29233340
25680023
25690044
25497292
26434280
25398970
30686010
30359379
30701405
26335517
30418583
26122569
26178054
31230007
26019193
31189365
30749087
26356497
30713615
30678873
25943053
26095877
30753615
26180746
30857933
30911374
30999433
26480621
26003220
31196892
26021910
25094631
29219022
29180901
25628485
24946188
