28199
20680
15771
20053
16831
16372
16008
12867
15172
17935
14742
14190
30186
15321
37277
13270
28671
13807
12320
14571
14646
14807
18762
24798
12653
15201
21131
13395
14054
15044
13452
13480
13856
15952
15770
15499
15472
13145
14879
15368
19137
13600
14103
12385
13282
12805
15513
16101
25238
13647
12693
15189
14899
15436
15210
13436
13161
13032
17389
13492
17572
13180
14389
13206
15605
18599
14784
12735
16858
21332
19828
15491
13727
18309
14725
12399
15107
15670
38235
29753
45918
13941
13373
19602
28018
13591
13843
21931
20568
25066
14071
13066
15867
12548
15377
12274
15114
33234
25530
12350
13715
17180
15174
15330
13841
13798
15411
17200
13630
13991
15552
11670
22141
11574
14357
14067
16295
18360
14647
16410
14426
13893
24500
17317
16812
15291
15970
21152
16556
22399
13875
14925
14706
14099
15718
15210
14253
14301
14125
14571
13695
16717
13711
16284
14920
13789
16891
12733
15176
31254
12633
14843
16666
19499
12750
14249
12337
14552
16320
15668
24873
20124
13971
13697
12977
17991
13666
16427
15905
18503
15314
14964
22570
24556
13851
11896
226769
16646
13620
15728
14952
14168
20673
15700
21156
12380
15125
19435
14096
14008
14031
13482
15680
14964
11909
12224
14139
14835
12246
11787
13716
16016
11869
14920
14062
13790
19576
21609
14433
14202
13108
15505
12399
12702
17810
14296
17270
14449
13352
18231
12985
12475
14186
14319
17414
12296
20911
16480
13935
10620
15087
23401
13642
15688
13418
13855
13003
25992
13605
14288
13950
15527
16683
14211
18097
12738
15646
17617
11958
14571
12236
13131
11932
11893
14179
15201
14871
16571
16453
13817
13454
15420
13876
14835
21230
16347
14870
149344
30146
17778
13936
24879
17080
15013
14714
17870
13054
11754
13046
15071
14371
19517
25081
26835
14115
13050
17779
17659
14663
12916
17106
20993
12595
14882
15210
15137
16490
13324
15548
16695
16646
14367
14884
16989
12839
15344
20196
17242
12796
16127
13717
22072
21009
16430
13512
13744
12961
12156
14678
16858
16370
16306
14146
13212
14336
13472
17728
35748
24047
13000
13609
16657
15012
14156
13529
14411
13505
14335
16683
13830
14112
15669
15285
22493
15386
18690
15413
13261
15665
14903
17773
13492
21943
13674
15846
13828
13918
12915
14373
14837
14215
16614
16430
12303
11948
15912
12263
11464
2134392
1037083
160027
214895
574467
33224
73174
741511
965080
48339
133310
39169
120209
536128
926142
590121
715226
954393
161023
329098
348270
222120
464089
808874
1018993
176443
269459
38397
118736
482768
385117
855660
337941
485682
749123
1004449
276657
2104459
705467
193868
392682
269095
41978
379362
409316
618182
98569
40941
80913
157119
398769
281077
203192
171546
231549
219076
804329
668528
82925
144719
481989
679215
309108
537753
185920
658927
116131
291107
244934
187536
188833
88679
97543
794595
227244
116643
1051545
1448354
336976
71125
406997
211933
102060
129610
416786
922628
223994
62009
62297
173377
313713
1087844
574072
131771
301600
493156
74758
509878
822017
101950
187097
719350
74346
647322
319669
85549
2363883
180739
438190
766794
192448
328742
266095
166131
345447
194374
676491
436926
628933
355069
959131
1207148
76934
164814
350081
106516
401237
222976
71702
920050
386891
748055
25515
30141
266093
983728
365327
1191280
620836
690677
327761
369377
86323
102475
170880
29105
311356
655069
42765
47771
424279
49061
42200
921504
984874
202990
680671
126494
146906
440367
251432
172043
192238
1345994
33937
420202
106515
512411
145470
1918634
195865
780212
256980
2001116
761953
78749
55550
885047
392445
424535
680419
210956
278460
173880
295226
192423
225576
51069
177689
276804
148358
110792
320672
462624
711330
192547
584692
366098
400113
1502631
132746
268905
786642
271178
260442
57056
84870
616134
139297
369798
310723
68616
545319
978846
348584
69154
496017
288442
278468
69031
467460
37872
282151
470247
43424
353748
1268165
596587
93893
273039
313014
117651
53717
259694
745735
506247
572013
888618
1396652
497991
404303
978319
153159
390935
762600
1396076
542665
317007
43715
575421
4005025
229239
841618
800825
1009021
117830
245414
376342
334794
759399
1358463
288683
789241
855193
1089039
464479
61826
57237
177073
561355
246162
433367
257162
391646
81082
247559
623085
149795
1094587
30454
507889
1246171
201479
131870
263609
189502
136014
1334647
120866
268471
308227
43077
324223
161058
134213
274625
342119
2464898
395959
1715755
115607
113471
256868
1378260
353592
244227
38829
77868
565398
41818
1565821
977755
553171
128688
78001
101586
324078
204496
220670
46956
28251
264802
270790
668300
219434
794041
244780
36947
270306
472099
209428
42180
1147688
324132
291862
517965
847707
1211810
1562537
630028
95324
429109
1230102
795141
230161
296351
160663
449384
127365
207654
245148
792089
29215
876837
143271
548372
226196
261261
480624
132268
342512
50744
190024
214343
421186
745505
245503
289730
293163
32328
186001
570219
35946
38131
90740
594728
117651
556379
81373
203831
705992
212930
406905
503390
63319
35293
523556
571954
232391
88276
900874
95370
610874
183815
734120
366748
86560
325553
87939
234594
935476
1018216
465789
1699892
280810
136255
460552
266770
31042
1427541
254658
57477
80417
392168
101342
166898
971116
93118
61283
601654
975387
57365
746763
72701
32289
122715
32167
452205
2308813
72142
557817
88733
45290
1139885
57010
161748
75455
324635
89582
197039
370798
1261001
79712
26103
499485
870743
174343
755784
475125
58653
30295
472215
220703
764609
134541
80657
950031
1723344
598153
53591
649531
448180
332002
216914
1411427
230353
1356238
1318997
40231
27113
56823
84550
552773
979280
861007
536335
148935
325796
151438
45195
257552
80992
31373
74742
461146
132959
186922
153941
65467
961145
86317
505176
251244
383035
136084
1051567
2397713
361252
52629
81079
292515
323772
801238
518743
810403
244929
115577
324694
70886
514022
380663
263373
228263
311239
186971
127916
250610
162577
336473
103669
51120
563255
161084
33700
115256
862804
250610
960689
460134
373630
1624494
121408
1635995
377984
42347
28925
462681
148599
294136
454531
253556
58243
1118785
239811
44388
552567
1130937
861933
743527
26766
285285
139182
103354
757824
64917
181148
126284
126770
400366
465861
955653
29565
753607
260545
585948
99968
714835
541593
1598462
72713
78428
147153
249801
207513
37772
214383
360979
119362
389267
326807
202350
40850
355064
223679
342316
187689
73649
92448
1879124
779199
661311
85405
182104
581307
505015
221423
27265
1494736
1057989
61271
175933
562559
82527
131642
29730
267997
842982
26593
654751
588902
715745
901600
279169
290520
675287
356745
494296
1235206
115228
129760
1197340
496737
245029
63342
174828
661090
425038
850844
258730
221678
147919
118401
200360
162862
25449
241790
767522
335474
810813
145769
243597
284494
101730
137999
202087
111224
798321
182458
1600543
340698
224446
233725
496858
254137
220361
460641
280806
249469
498697
1209795
44758
42916
420051
292518
171175
236978
62895
336139
132287
48670
734637
140427
303789
494974
519822
272099
99354
57430
277144
205012
770214
102725
868998
230600
708033
343301
1126709
925335
69859
121017
294561
59330
492556
354965
34933
1084883
804134
1374803
102929
103232
53613
167091
301103
808103
278550
178368
679303
553021
199176
247601
233873
716243
755943
373565
526976
94399
277425
181699
943757
105755
736030
242211
2483752
639771
134875
593639
769013
241648
82684
149687
157099
88711
306299
249469
1113308
172944
124208
362264
628795
149088
36210
40225
1120226
159509
547144
474183
57640
288611
613832
1030987
243124
225660
115457
443495
90048
436559
244554
290406
563681
593636
313869
492582
75074
72542
34992
67779
110622
822483
255349
260377
185361
164124
530220
65322
830226
123660
383660
353597
152839
251303
577256
125975
299326
144045
432368
81856
73402
465924
40555
28673
362518
465731
424948
185454
1025621
58160
1501756
180603
597936
246630
959107
356711
366483
112061
344491
33140
98504
188605
329355
1388127
3142446
525555
709331
156330
298885
755731
335355
309275
60717
185765
175044
248548
387241
405798
437351
665988
183694
99930
59926
316354
269262
176424
43743
415967
43255
353016
729459
198985
185985
149003
37211
502424
575245
32157
54407
118725
406419
1344855
37086
229264
644535
195006
430957
1366107
94716
28435
365750
317714
1059551
168174
57927
136763
1536270
267080
52821
197094
572701
1062726
286593
1170190
101266
347927
132688
266875
135742
929199
196096
349495
970111
482438
31245
57986
130669
31113
105363
44967
505262
92101
316319
32839
41352
546873
58940
1034184
110080
732360
444122
519313
400374
269235
108664
198279
393040
522371
121054
135727
1325107
1250929
524877
654496
58867
266045
64183
520796
641471
307436
32823
388962
40126
929723
538796
1413473
128775
728718
32808
709177
248941
483389
337832
89373
179897
532181
205926
114784
36111
29859
326176
330632
215851
334324
668070
424931
267265
1434447
938076
244403
382985
422676
307833
1457866
97767
881696
222125
447810
35311
915536
307102
208966
88761
31304
661460
795611
164789
237267
381995
225926
249772
738674
90261
736615
77777
75513
310182
1908150
33463
49070
425800
415775
1539222
441955
888264
430584
416919
89679
1194111
141437
404561
994004
172844
104519
427338
729596
41805
1132878
429023
522583
484027
287520
75697
787721
189575
104502
1210690
209882
27027
593234
520833
442482
282430
115050
1852686
1586320
507543
604368
1224907
357455
326208
42165
762236
34610
30510
503202
622025
506420
394233
326097
593949
617481
1352334
456645
48700
90149
303116
480567
216533
90383
256916
1362525
272538
578149
859287
333844
90800
263219
68147
967399
813210
215802
2138026
289477
241196
41443
245527
435531
242160
117138
537125
612836
266946
931070
117588
395979
36736
487839
600244
98556
74536
642205
713449
33280
814011
543575
136159
151301
1272180
675847
242711
1402598
33401
41457
107474
1109909
32807
463222
149739
183700
622548
161400
141749
251082
70804
344545
234259
479665
402993
192950
435527
201575
468343
138441
137338
291742
125249
113880
53741
133112
145584
414824
337010
36122
992546
228828
109178
72601
466102
242435
472642
175619
120539
34364
141656
977500
25324
1108226
117466
117915
647105
283878
93023
722375
200697
32341
555417
137740
240018
230487
476827
54663
121211
256987
639158
218575
210018
617447
1149898
94654
379230
43949
190312
57164
390496
515415
80909
692942
113817
307875
343209
155052
445014
318152
201544
263461
1213530
200877
182817
552819
225350
291825
25328
253058
373544
54441
1350499
183478
207252
528315
232083
933705
184877
270983
1744483
231453
127052
987575
130608
237003
192352
78580
492923
92715
790313
43329
230537
230062
173423
239614
1485707
452208
788387
190660
580775
2853505
105164
225318
230837
208232
199539
224225
249429
100220
98579
53672
55589
633225
73263
585780
199996
809721
100946
232277
94906
264130
239041
389271
1014644
927936
155037
99879
38152
53510
54098
43543
1623201
130463
303191
84424
179017
275096
126813
97808
86027
1017081
189072
476994
248724
199825
321027
299177
492226
680705
157137
39005
221314
194720
339475
735775
189596
320252
271334
94369
375050
547679
86380
119400
146458
802688
67563
295305
195453
615773
211154
230629
1143718
1175458
1478569
234587
73106
720572
297302
1118860
547737
1318625
950426
54709
66342
74226
248330
272888
944831
331457
271896
283911
508943
346335
989071
522860
637209
269257
1316946
162861
163980
1467962
831852
531512
875080
2666408
1309224
172344
1736437
182479
408667
286897
808170
81059
117459
591465
331544
1019706
260041
354763
198749
339104
312289
859069
319403
1265222
728653
472708
277514
173553
95940
138981
713265
273649
809985
648945
163775
200689
97821
499184
151086
310995
207279
531704
559310
38479
666209
321471
469256
323225
443908
694262
155041
467666
489534
135895
230703
100961
694754
117188
296714
344353
63562
114963
30854
78828
36352
191733
355810
459588
343854
34024
211607
991554
1053602
266528
371176
199349
48162
174124
164129
370711
59977
863639
371073
389493
98706
45229
506090
375227
340680
1366644
936050
226356
101893
124673
125003
42885
437675
40244
365298
166183
776474
377118
151831
397690
266595
299125
134883
233310
1023591
50753
1270092
82111
299727
123158
548189
382715
1331933
854627
643905
94285
586250
615339
201120
395166
940614
1082199
113629
1307415
616464
143249
139278
79677
38264
40442
269987
144365
296580
524551
244558
153321
351509
629928
306051
274451
204270
200081
309726
70651
317333
529471
584717
875749
217925
239816
1598555
1169408
233624
28017
450791
44782
32446
807419
331375
209703
211057
478643
82179
166860
41818
168191
409614
1016848
57443
63229
444656
128631
544131
116215
184236
1069538
31163
525327
426400
139791
630390
361856
63940
79943
193730
497919
133126
266122
642873
377084
329525
72583
364216
539795
255996
865492
264359
26972
433404
315499
116054
400699
602038
591202
1413344
163877
399896
512971
867259
48055
178254
77016
1168510
1350577
647729
330897
343765
1198305
105753
44838
981199
583684
50547
47383
1381877
192225
53472
57853
796218
115306
49062
1036113
566550
877619
106714
716249
1191384
199807
63441
567455
714933
346795
1478032
190991
1000646
395497
117379
415668
112347
88287
315591
84246
630210
903035
1624902
668667
766915
274411
750571
443896
1161277
423512
325995
332621
184881
101658
482662
39267
280672
124175
52773
733803
70895
62670
434552
41806
343817
188309
95719
624566
394500
120442
705316
141694
34902
315288
292769
463757
77200
29791
34752
136908
579061
709198
383840
278120
341673
1056068
570596
742813
663603
131056
276350
822169
135384
620687
119372
86438
264812
348795
212252
658625
233994
233983
378982
194694
639733
957338
331432
317312
541910
203933
164216
622758
77410
1191580
59107
603542
249719
388121
297338
824078
806072
278426
481167
101781
38706
575384
2435442
496469
29583
590131
289848
291901
572295
387051
951191
61593
237818
83763
113267
623020
157619
81509
154563
44033
104833
225898
94375
387173
719123
480135
56179
1070798
331148
167539
1109250
350688
113742
376343
281478
567200
1719912
89880
482742
543813
378025
26909
249435
311977
162170
325232
511174
335411
811479
64247
87117
252642
770097
101743
417777
186289
949618
1033111
227260
625984
1451419
668611
973630
565372
545899
366803
428847
113583
328898
90041
756175
141162
99289
540090
37877
353264
226312
153740
1713759
374480
2337345
335847
796505
209578
267494
84810
27460
1630726
302530
233185
228774
293218
138804
375484
298342
196087
772915
423751
362286
35200
845271
45863
43435
173993
261032
698186
576523
809931
583040
192999
183244
1421227
101569
280953
156580
790775
198728
173637
218515
189020
448585
683530
457938
307475
650052
155667
803467
568561
461634
518538
208490
708249
200629
951368
46430
184607
457373
1803663
784101
41439
46909
194273
223758
122063
44354
599548
951487
475483
343308
644015
2452507
61860
43757
206458
399816
428513
38226
45679
618202
443132
83613
49981
306084
2798741
39616
308692
609862
29168
316929
931188
362467
405451
35178
185376
227858
470198
771359
75639
49466
873483
884473
1951527
333102
307851
581637
58549
202923
37960
791484
33855
190010
876967
398626
161135
67323
515820
162825
539421
679169
220180
44397
749124
524035
183677
131879
277916
223157
1005823
94398
213836
29384
626611
147800
508191
756214
529502
477452
409883
201714
461147
484565
58134
739249
909781
42433
730206
821679
511382
156724
771078
391397
191407
108668
1561265
67106
524346
335970
556581
461758
240327
222637
462931
480736
133894
32089
592631
979599
360462
168548
603756
833563
363047
82261
139928
173026
899664
106174
343636
48301
119303
167453
67262
908097
351466
215523
431020
852910
60300
37482
28571
325012
94145
93140
425551
272127
135742
1201000
590405
424276
683339
428501
823966
136974
274381
1211147
35851
170325
871026
65272
866125
303581
115985
155607
86741
941221
355124
122912
702227
35344
604492
441010
252461
319939
49396
311749
527557
149528
95057
411562
216527
537502
35731
982527
1396945
189039
165373
46289
620547
112551
697787
92016
326682
868335
137271
120304
148470
177474
347842
412496
412661
408931
160572
1009303
464288
89713
82775
286043
230714
1492085
62335
392268
129188
566830
539198
513159
843501
37892
100198
454833
212353
969358
197307
688211
371866
937357
77293
245791
36231
1481386
236733
538310
123774
46013
294682
196373
62279
91898
1950283
680887
297446
58585
1170308
624626
49940
50397
1216995
151638
835149
1061467
427888
442719
762767
1350270
555613
457989
622142
298613
120700
283111
360432
226368
240826
544713
437583
951399
567606
575863
619695
569796
89344
252037
489111
306963
344843
79174
1351368
312537
213727
1229324
239742
84001
84952
177939
1922592
61662
398695
794917
384214
600266
206846
310218
48830
303796
117576
77442
450299
129349
116958
2283512
195369
479570
164879
653891
1276317
940832
947955
262062
272826
1090469
289756
48068
570262
885338
100498
213292
117561
1079981
61565
116815
412097
232754
58844
595063
489686
284706
89076
1200901
144620
2010383
366776
87433
74669
233144
204203
625084
1168685
404835
198600
83483
526601
786437
595703
109761
231444
368128
202103
515557
276015
117045
475764
635739
160000
44154
28614
781737
364737
1387907
455031
746285
139191
1052695
377670
206415
111907
717180
1675779
558708
429762
841929
1540505
136994
474923
477538
68089
130804
31022
192633
620611
187208
56813
401088
340542
265200
270225
128142
294580
81794
114500
285457
787323
255021
499279
360027
1532854
180329
392248
148731
191076
411693
97478
72094
750121
181737
474733
385094
345855
80522
276293
187311
260164
291594
50007
186574
148176
636542
354015
282597
228109
339141
511436
433225
52237
330996
193223
29926
791158
99591
1647270
242284
264554
388641
27626
196180
359556
76235
738580
733278
781004
242178
249482
250312
30910
34990
100783
273543
497905
136834
211347
210392
1994145
85569
456744
826334
102172
542894
91171
82587
557015
42852
481291
339664
734602
156124
1008968
131063
342354
240370
242390
119823
1768599
252124
446100
898485
39413
62931
368239
113398
360241
85973
1425610
199836
125687
302691
192353
562189
643686
107952
308012
194523
390790
34397
139139
499826
273674
338632
223452
374441
99760
576247
659827
89804
646663
866563
364512
186681
50659
1349271
591986
342914
359743
272391
179705
73078
380221
1560045
592777
196478
48510
165865
213781
25478
535283
88196
936601
1270589
45482
56485
543721
488068
231311
143323
426513
1213626
136654
568510
40811
70347
515865
267057
201153
221244
28715
313961
393050
135730
412654
474400
239502
570000
438999
308845
52651
2006727
90650
274646
32222
1060289
60420
401807
616492
366626
240091
764646
171349
155668
2696781
103992
1082670
265895
152340
205917
43220
210431
746913
700003
717826
407801
282905
39459
399333
33702
714654
616964
986657
90211
27743
151835
49790
489199
119026
473187
272355
212368
537223
209442
246315
903076
197447
43470
687795
1305825
101801
148981
857427
1327683
672584
93019
1106675
1019174
859123
52107
496804
516719
476925
378336
79111
983067
189660
632104
454761
124193
177978
593123
74589
134272
26610
54205
304552
116097
114766
690875
70233
77991
56972
299170
903320
1332047
38538
572257
370994
262934
531678
495309
345856
43274
42835
40034
100624
34262
39711
716657
186961
52289
142799
406076
43505
279780
75793
38944
197798
1108699
332437
50647
216115
481568
805456
109728
264256
124586
194414
435275
357377
245228
597270
123217
735044
651394
473101
1513416
196811
375041
937807
524285
72230
1035286
753707
95483
1363495
215575
148131
316632
158337
236170
647714
280413
901417
221548
55880
303907
346205
608068
737549
805680
563745
972146
64734
182708
260538
1084210
323295
900083
221870
185252
39582
225724
160517
1089119
558827
32816
566784
86982
451863
137050
161315
157629
434620
254209
1598693
409987
54766
248409
59085
751444
167827
44641
727454
557201
547671
76909
254261
169281
473426
48425
1138282
206664
1378435
41497
211078
700111
86065
77897
400332
378100
492498
450146
238972
2458631
33941
164964
573501
418226
30475
1339766
70696
530570
67583
353725
109526
671985
295210
1347685
815933
621507
777301
69025
446567
1020008
149794
123919
581785
231471
32233
152681
124280
860419
102985
136256
293471
277308
490917
916330
316506
104432
1449470
179506
46795
292705
522182
79995
501397
961524
97380
144328
101321
295476
486051
128391
297606
1321770
245592
392702
86933
26311
127350
627238
286017
237696
75485
1034102
324647
448961
611472
324704
341499
1276699
181533
413481
179026
266726
633497
1099844
98296
72708
1198600
663458
204464
505983
323845
286244
827509
125686
707628
94755
464679
606682
772651
34615
578052
28911
267013
184794
220730
1629639
920181
911379
433241
683946
407355
310433
907023
591779
143662
61475
1592255
155282
457545
347807
198310
457058
885771
33118
303929
654790
45189
51694
148593
675240
1141676
317601
1136023
614412
30966
415584
115248
330544
449473
950873
857528
306357
554130
1405573
939306
378860
300386
247480
550019
404254
1397420
291522
120807
1665271
200899
428260
1573642
329801
140724
876488
158459
71584
138684
667868
427104
128031
564005
416744
454839
329327
32854
37525
331514
350615
66131
544845
435701
276846
297748
319722
47492
1202870
152824
66935
506768
351035
609550
429657
30737
453516
479971
672657
371077
93211
500286
34991
271285
404461
306504
658134
989795
795701
384616
348836
348689
922656
1217518
279066
359690
273148
344297
790831
2042534
782460
535707
253701
60900
1467617
1790837
128966
177652
684927
55488
505814
796521
502296
76234
148099
535584
145415
164471
31360
293064
663049
207415
1149294
1440072
162428
628830
1151913
382201
666349
1020036
480516
410743
474083
724037
387292
960883
60861
87349
30742
2132164
129129
863030
449595
169791
514716
83999
204811
100902
1282106
554397
614008
36978
49884
878621
1214598
130758
76227
29864
807346
1003046
283703
174329
395301
277002
31246
109742
1220005
580203
429460
805246
234094
435038
446306
39541
1223807
1000699
711316
332210
263059
43307
296764
34400
188530
207199
637331
745335
55856
1566173
134483
446030
356200
116529
431835
425582
132171
538373
82249
986572
278971
593058
357320
900855
538643
54721
101520
460348
653059
96593
339941
444385
262155
123235
171375
973220
51171
209270
148438
551836
31326
1655127
251709
661645
328101
111611
198292
828135
306354
1044151
122945
397709
99353
393526
540804
197629
335967
603770
165347
155136
49850
43700
542604
30141
222650
730885
340991
172905
47981
493750
517925
331467
681967
108097
392715
30480
242548
1057019
820803
428346
723280
39263
143199
807980
423363
178400
383779
164210
271676
111785
437917
37709
183729
192766
154573
198706
55021
315140
512399
289047
146191
351803
186049
78152
366349
419945
734689
157976
45675
706850
251338
2767556
88298
238942
570869
712016
33690
555344
932223
259917
268860
482066
650965
771325
655557
78488
232192
356227
228739
55990
1436469
250375
75027
127453
490448
44817
388819
226489
991605
902432
192324
466477
446200
1242372
719252
524578
1248224
386986
772661
188819
163165
222190
261962
270926
114972
3040003
1262006
506837
147916
27648
658044
99906
356117
494503
625846
922285
107269
52066
238922
309148
1362486
353223
140023
529206
229936
693356
357521
1000845
140932
61605
674956
493558
820006
317905
81918
146583
998645
71863
461710
195654
42571
163847
813599
1519138
246427
217201
159848
112966
500894
231847
46591
458852
145616
1165884
513936
170967
153832
373677
1112282
97473
469775
235682
393328
493453
565971
1001210
227765
66541
215091
148715
34753
397763
332363
379814
35482
131972
127113
432989
31757
96958
110614
280561
516288
72438
596483
191130
285310
201130
391957
258795
668972
1052959
388139
59575
535969
36146
801221
447591
152522
981617
611688
207607
56497
142797
272460
29584
550240
587280
72516
99606
92923
613139
36917
77493
860384
92640
334875
105832
288262
624203
555818
93688
452503
487030
34805
180791
1075078
383179
181363
281591
213498
42466
42454
145587
409670
456025
360069
39180
152403
611729
1048007
1752648
69770
377780
757661
86453
301436
832125
152540
161332
410102
354101
156252
242415
455837
32183
105493
642220
581553
223343
194365
63088
718052
874715
51326
259392
66941
151709
1215605
851479
101651
487930
367007
226861
520532
603001
834934
82126
592541
188448
265638
262147
2643418
138577
727572
212332
457942
132784
210123
78139
28791
116719
582202
811696
285627
348852
43242
168277
434437
298480
247808
703080
200182
28947
111484
655188
268952
330695
779885
281128
126198
370068
1085037
426266
103445
95965
181566
52780
302035
233405
157926
488506
911339
356495
189224
311940
524526
109218
49624
123955
702967
1018626
853749
378274
133348
732290
30123
533309
234796
355298
462632
363005
156824
243691
1038569
480209
103321
347819
568481
96391
75748
503206
1004579
571453
269144
289649
94319
98707
624638
65780
273357
45007
37722
192648
510151
157087
279262
208884
338268
759819
588109
298918
890972
198802
324698
194338
1674942
735168
127829
113913
1239009
47650
381516
64687
352480
75596
506320
642716
100126
409276
218980
207125
35799
309100
1342055
39650
106111
1540142
173915
451443
528097
187575
250969
560913
35186
211080
237099
258826
438696
1688884
66536
221758
719805
384192
373176
58303
57972
62853
257622
266688
73719
68591
193439
1634717
274944
405693
370005
570548
49926
242911
623875
224142
615404
175696
538190
376589
67423
351384
355007
1218993
496331
1391882
837445
423804
941247
304520
171493
492488
69185
2623911
156363
354157
700178
346909
881984
32289
148187
1554892
51266
51653
597219
120945
282171
199613
116546
397128
121440
752055
44386
291802
572115
905769
226184
70358
617023
1281577
299941
427859
165951
120387
1656205
183277
285746
1659294
150231
388437
623963
220419
945873
882373
828292
673118
487325
30431
58055
66442
93640
197248
31887
483319
1470052
3383729
86593
524613
76934
505605
305239
205115
539017
425380
738424
484784
875810
2143767
42778
448473
794999
285243
630937
143593
408931
1316587
1231462
596361
1290167
255602
144713
78910
63489
77851
535866
192752
885728
395720
494715
217104
133031
850522
1468418
955137
119724
294478
519729
286352
40909
1301202
319277
289359
822537
431772
563363
355462
44455
70825
321293
882979
305862
594215
284323
951699
77042
461017
558690
692765
688317
244111
469390
675244
283208
1460339
618931
107587
114982
1470537
577136
348789
259092
72611
1546016
610556
514820
403109
139308
503009
304464
272823
406235
116593
110236
676782
640187
255310
456937
970144
560885
624373
50058
134653
567201
1046786
88677
139333
635145
236469
1409715
147984
106076
259837
562466
69645
422815
300152
604323
1066670
803407
752902
950998
164068
210488
1093743
1305628
535728
35345
200362
240784
894785
79070
487486
211068
313320
765728
172814
912311
141748
240033
84240
325977
106377
38616
263119
268568
516991
122864
149120
85294
810575
361176
519641
560612
84706
102523
183936
1122147
82441
456335
243314
33485
328386
355430
148491
106682
119333
424702
218864
138237
990837
961904
2024845
75926
430529
377689
1258362
902332
79343
911747
66172
86865
27996
411112
953744
182377
340224
132108
722720
206533
1232098
260757
208348
193059
644048
485987
361535
339080
84584
339463
126594
478677
307572
172251
251888
2221762
210311
490984
81161
83473
464282
28616
331561
435037
141657
109977
183679
837319
353284
290049
2315053
72092
97036
157160
143806
525327
675033
218828
707663
38663
248039
701178
515346
576646
39072
370922
751418
179191
28293
762517
87975
117868
31405
79557
41676
28633
1185826
796321
264207
499786
165604
94154
708273
804862
252359
89645
379484
358038
107799
509628
353813
1135479
94116
405990
55152
364454
125933
124887
155834
300604
288082
201239
298606
698396
279615
280993
213599
250007
1120153
603698
383072
39317
965061
948431
436354
31036
666671
381217
284863
744482
653791
183748
120551
894162
442035
162477
37589
63993
511332
710598
136724
286639
55106
332500
803957
395631
268158
259457
495791
174403
290804
523661
1365125
736316
1798404
148581
153986
609610
39249
330948
305294
80162
912762
362411
225969
692229
309884
664326
76153
24277
162549
369881
343492
677707
35003
578911
444207
103378
203863
572190
40231
883829
607642
694857
174213
278471
153728
356051
971918
232746
43528
106954
388066
196598
498502
60020
102141
54419
514658
29225
422149
736889
316206
927197
127951
458370
370596
437506
325025
292219
312217
731796
419481
78937
290012
296069
334014
621845
818133
69748
78499
89865
617236
486727
1425214
799331
844753
140844
372493
232846
42134
398408
639482
655010
182041
274101
419121
77743
456437
139637
61247
160463
433723
307958
239531
455229
311738
58246
215478
28404
296261
144999
170493
639592
244254
83742
45542
385926
155019
239514
415922
210728
485896
1117656
383329
494621
60381
91046
476645
302818
266963
48650
407625
41603
736373
155632
116187
478926
396501
112466
1010435
1215191
31792
60714
200360
94156
370486
107762
163285
134668
528091
1150278
1876106
1322311
294440
46160
620585
689094
184648
1267876
244960
467402
555190
339604
97401
378253
62286
457792
125961
808113
534555
580332
603337
1755027
429033
323401
95092
853995
263164
760749
1669418
212907
611550
441363
275349
628452
69778
95329
38181
205747
36914
409435
372734
232259
872836
39832
119694
596744
1049014
165016
416015
1158733
307145
941845
432704
156825
45596
195163
224888
126092
95354
558229
125581
425925
813463
90024
54654
63341
233866
103751
284687
250197
278488
225002
746896
67500
157231
110140
199457
453380
86305
229106
141681
660729
645151
759146
185542
1544815
1184250
910088
596257
681693
389955
459985
218758
1580294
207905
170963
267929
331036
222029
250660
84747
458760
930737
724093
171355
1241521
1694434
2179948
439747
190520
185311
177040
247569
246706
842499
1272035
431408
48519
127027
37207
410955
69133
380694
809471
232923
397751
498278
437001
985466
34131
187479
416068
179713
467887
177974
368041
143783
58915
336477
700247
390358
560194
442839
1087815
506022
196865
188083
159411
540067
499318
619463
280301
1091604
666831
398418
79736
647650
77200
327056
253571
835387
911684
897163
232068
594889
306201
223106
1138125
333747
724299
658519
907099
338374
249912
603641
55456
169953
37163
924118
29837
313533
1471745
254716
735996
517518
284332
704608
36658
158241
134631
281506
544269
437617
289148
334759
43723
573432
150137
899223
792333
41583
130715
74588
359768
56002
300137
846533
365244
162626
136376
669724
512735
74328
224639
162519
456096
106135
252262
392301
485896
2846282
500860
1273056
24537
1586520
404635
43190
38259
479601
300753
917997
887635
427004
1799092
157826
861894
118261
405088
1065242
335054
487271
883915
442497
187359
599348
123516
247255
790836
28788
938412
142318
304880
143568
570811
358708
1320145
53876
1049954
1123706
350248
329414
334289
463184
683222
116629
1046501
1000631
266481
224805
223958
197850
657065
400342
532985
437760
306580
259372
71614
210291
731043
279317
868812
228381
39290
