52820
40735
21303
15957
17766
12489
13718
18352
17502
12758
20078
9993
11471
23166
16409
17932
8035
11176
15282
14550
21125
13975
17904
18564
16171
14427
13862
12597
18650
14915
14934
13228
12123
14003
13208
12005
14016
23775
24468
22893
12721
13056
13041
27198
18822
13616
12258
14579
16089
12714
16796
21684
13865
21323
26047
15553
9851
15142
13271
9709
11836
20510
15800
15568
12236
10620
105303
136255
26754
15817
17026
192192
14383
1035736
92499
17460
239216
28612
647622
27182
14476
12728
19233
1178437
384814
251673
9763
231023
8038
13923
41788
15543
12791
13162
12959
940787
11574
25939
55432
16984
17987
12004
294904
188188
574875
18383
488234
13428
14622
14147
1056423
35435
14467
13424
335027
12546
19501
19118
16195
18368
2310770
217326
12981
140737
17463
17098
654864
72851
14593
165512
14979
894986
468070
13199
89891
14968
20288
15005
11695
690201
169141
117927
35535
55919
75378
21205
17025
14851
10733
657812
12646
233631
71486
301697
87178
16292
287413
16102
148067
214082
84285
144854
26457
706295
470164
16634
89343
13652
19264
448246
15152
1063262
17163
11890
360040
12025
181607
13553
303587
64965
277747
20345
358603
15452
13780
17721
463791
19092
17596
14498
13478
17173
2103361
492530
99912
14481
17863
13333
16363
18019
1203304
14186
235191
14633
12829
15615
418174
12697
276774
11600
599508
304655
14904
610493
15499
102130
24030
15751
19572
14978
15121
18661
13327
1338407
18482
15383
473401
11635
394627
16864
15420
17844
1712089
195652
424823
15449
14183
1380833
15247
19738
19255
17864
19049
2084667
289450
171530
20625
14155
389554
26253
53468
45661
259604
37471
100416
17349
233101
194254
11265
104357
360908
72371
15182
18662
365841
13007
779065
285432
98947
14257
395945
11280
787443
13745
147245
13615
225707
26049
14507
1147611
14035
11705
12586
14002
12971
16019
14995
618462
19213
12317
309292
14861
13956
15173
690430
11387
246598
317646
9502
645157
184371
175174
19350
16617
1157074
58768
334551
301656
16854
108722
13405
16645
506160
64024
16905
129883
16713
14749
533407
15435
730230
21515
606452
18804
16620
858396
390515
297909
14100
502962
17853
12529
13759
22058
1359108
57027
14901
14456
14142
446986
56318
12838
126875
107584
12240
682280
758313
12669
12582
15097
1150285
16251
13613
311212
138707
10962
14848
614187
275065
485543
18349
550560
14173
558813
179721
80423
569079
282603
13659
271459
21889
1444674
1681744
2566856
3409583
6797376
3391247
5948319
6467027
5377196
7964923
7150866
6532839
9873362
6694422
9182327
13441786
9131706
10333871
14786227
15393332
12373385
16470092
18048868
14410135
17714223
14640976
18428402
19112487
15724355
19598444
15953553
14067519
13788510
19864402
14629299
14336100
21374853
21609086
16650539
16636520
16656912
16624415
17559438
17538642
23140815
17150660
23632446
18982243
24362979
24754091
19805723
25555534
20475682
25864203
26007286
20814877
27069537
21542487
21613631
26663911
26832052
22035871
22478763
22906875
27447603
27416066
25523295
27606288
25098241
29258688
25810615
28746922
25304729
24531074
30325075
25951072
30922340
25744850
26059489
31768567
31987031
32082189
28198291
32393559
32520638
28191749
28733016
28303144
33171060
29028851
33804031
33584445
33773246
29966678
29614937
33377218
29402393
33481844
27644897
27341817
33024356
30977379
31317172
31094598
28035660
31115993
31071003
28492407
28880706
31410410
29093266
32888440
30479770
31836290
32293306
31902442
32902834
37448454
37204576
32859476
37374293
37194168
37890076
38433604
38099198
35077047
35437420
39387197
40369682
38081805
40499430
37921326
40652075
40074941
36680532
37048362
36425081
36349117
42166203
37291484
42693309
36110871
42805722
43146797
36994116
37434454
45031540
38292583
45932439
39274453
39174694
46423535
39589441
39500579
39756639
39385672
39047534
48189396
39265792
38747827
38214053
38005846
37489889
37477157
50559792
37666893
37889543
40213158
42098252
56095268
45478053
47382503
61008338
49118731
50121924
49634562
52437878
67694065
53410186
53354463
54661953
57806204
58880893
74862814
59886321
60555172
61034742
61179421
61522941
61559792
61932337
62224404
79044643
62490617
62552152
61782590
60842822
60779563
60671962
81107647
59955294
60049969
60443535
60401296
83149544
61815809
62005149
83972512
62361762
62895905
83966050
63474432
84488281
63829396
84025898
63843391
62854952
62557837
63236550
64143949
87982531
63427038
63718546
63463462
63490845
62986106
89936377
63881041
63829027
63709056
64337897
91376382
64363569
91637995
91357324
64166693
63341591
63266493
63326864
63299317
62905523
62731850
62638318
94451233
63745445
63786171
64556778
65217028
98056142
66781605
98979028
99489536
99543317
99786159
100058133
100062053
69071048
99772036
99503673
99260694
99272531
100002862
71508385
74678905
104502581
75913798
75335660
75642379
79165184
79176838
78786243
78865596
78858655
79009415
79016447
110783234
78970732
79369363
111487134
79180697
79034061
78822657
78492671
78745644
79251912
79806865
80225993
80547478
80173654
80056543
79541745
79655083
78646499
78719995
78875949
79480116
117835134
79500506
79977170
119707019
119786463
119832086
119665744
82068138
121014472
81727134
81211785
123397985
83785656
125242654
125810545
125971716
85255155
125787845
85491897
125887753
85807618
127186098
86457974
86930627
128355463
86980435
87413560
130220352
88538722
131228340
131246185
130584170
131046411
127761089
92732357
93346666
130043592
93819061
129447085
95369740
130915848
95584569
131797376
96024498
95565431
132157963
96124041
95873342
96097413
95382514
95164621
95092577
95078243
95345322
95303166
94905660
95273413
136087826
97103854
97101040
137008615
98106944
137463603
98597045
99272373
98717613
98966547
139631711
139957027
99158439
100032064
141586732
100664733
101038887
142411358
101337942
102243942
102288588
101630015
100858100
100803933
144297143
144212168
100683675
100797646
100520766
100476037
144290976
100657207
100450856
100817352
101072838
101407808
146883192
101056368
100838912
147233481
101048608
147839897
101722907
148409706
102583440
102821886
103110791
150000099
103063713
102997867
103015869
103259119
103293743
151254215
103568894
101602485
101698407
101935500
102081077
101967759
152947282
102069354
101195214
101567010
101625804
101216465
154792858
100808765
154663734
101057691
100369221
100555747
100365210
99790625
99934711
155854164
99921483
156756167
100045506
157561334
100064010
100448155
100932386
101568074
159418276
101169077
101450185
160479750
102105840
102672733
102403549
102344714
162148116
102063185
102211788
102195120
102197110
163027949
163172726
101609018
100959705
99849298
98875023
98959978
99188902
98502036
99295798
99145970
97307853
97438595
97189830
96478509
166625314
96411151
96478257
96061083
94838389
94353412
168101060
94536331
167434199
167618374
94907041
167857308
95075004
95148826
95312096
168869603
94941977
94756842
94327204
93897413
169987563
94069269
170747198
93502507
93039522
171196614
170922986
93344421
171074748
93520626
93806263
93742212
171517104
93595404
93832699
92870089
92458888
92655345
92569242
91951524
91278147
91472475
91550991
173820844
92027620
174518509
174611398
92385128
91708602
175383487
92984679
94251269
95557612
179335693
96520638
99382605
184019500
100952134
101781273
102806869
104664844
107400875
108448723
109132283
109381585
195000537
109450440
109363380
110019904
109856925
196168915
110518603
110800515
111130922
112209289
200755206
112578963
202623757
113748480
113572216
116155893
117390843
206772812
117549396
117366178
207247076
117389311
117144526
207934344
117187284
117382409
208994124
209375633
118641045
118641763
210032950
210021704
210501723
119965550
120241679
120344007
120424972
120484279
211330828
120846449
120858293
211979539
121227373
212057955
121598549
121299116
122148585
214330752
214355367
214214484
122832038
122758362
122842970
123006690
123296299
215847794
122502375
122948891
122863058
121543775
122050867
121555210
217958648
218068777
121374366
121236843
121399261
121439090
120806172
120466010
120630259
120737071
120095962
221162860
120202718
220583001
120389324
120622829
221496256
118870718
118164387
221483043
118841540
221055933
220071017
119450732
119263029
118994170
119104249
119140618
220803591
118977244
118988035
118861924
118666504
118714342
222385801
118981350
119463046
119494477
119734246
224338755
119908171
119237181
120088663
120187037
120030260
120813059
120964879
120779525
120464354
120759443
229185147
120420830
229573533
120531559
119583672
119666230
119551915
118850120
119208465
119927552
232159906
119775397
119964377
120037690
119312008
119028333
119113434
119657018
234822404
120300028
120667597
121063725
236556186
121108492
236376347
121593918
121429340
120797419
120943827
121401077
238390892
121740201
121265889
121356828
239339683
121907133
121416247
122070148
121568432
240347057
122438698
121712819
239255683
121622014
121632153
120063244
120499293
120652269
120402824
241497135
119895235
120358534
119208937
242250968
119234572
242576210
119478218
242741053
119963701
120032665
120010966
120507054
119893740
120083672
120207768
244498626
120510242
245531388
121085831
245922515
120800908
120602193
120565474
120170562
120148004
120169590
120258129
120513294
248037307
120154802
120982987
248499620
248443054
248345640
121353972
120863638
247423428
247084770
120770655
246963090
246850080
121039448
121390821
121097479
120969712
247553551
121046424
247740639
120791754
120923403
246932100
121281162
247462777
121626522
247098788
121527232
122042352
122123720
248076333
122313242
248043711
123081109
249502991
123593253
123752357
250063596
250941575
124762075
125519533
252270610
126864787
126601352
126767366
254730738
127308740
127144942
256186952
128542770
130544452
262795401
134046785
134142459
133923569
133912183
135418293
135109814
135351254
135944188
136296705
136715323
137311135
268656935
268594329
268674083
267939917
267787916
268020709
138990587
139269149
139306370
269239313
139357100
139515406
139487324
269429986
140382057
140459730
140578600
141451196
271140836
141854760
140642464
140925543
140457848
141054755
141723001
141855519
276134541
139715590
276833723
139625223
140431891
141144306
140788137
139764446
280482550
140448963
281484685
140970238
139771289
139983357
140522025
140954455
284446657
141991383
284707480
142031485
285955256
143419366
143736115
142777374
143007452
143190100
135258732
289433310
135754915
136355648
136753894
137253706
291629987
138853398
140052961
140652453
140952214
293983430
141853826
294536675
142851231
144150802
144650506
144850084
145072008
144804245
296417798
144922304
144890028
143794396
142603142
142694340
142365587
142524961
141965440
142003913
142195192
299171576
142096149
142285228
142118796
142169682
141399852
140549593
140151755
299773082
139513188
139585670
139369820
139278967
139048491
138886762
138680267
138578757
301347223
139026345
138797923
138644184
138169105
303118324
138554861
138766539
138699082
138717112
132357076
133255158
133554518
305589151
134055767
134854827
135253583
306931638
136553936
137153108
137752538
307887491
138252168
138551600
309340631
309528517
139951387
309620570
309970447
309733032
309589108
141751215
308501759
141953460
309076709
309281933
143150205
309560661
309336224
309530069
309623679
309635051
310008702
309872477
144756618
310356342
310333062
145456088
146155921
146555705
146755314
311762038
146955155
147354884
312710715
148027362
148422257
148966690
314134174
149156991
148906769
149000484
149250066
136855509
137455217
315368376
138054870
315305723
138654432
139054403
139254389
139653937
140153588
140953117
317136118
316985061
143053140
143653970
318616512
318998726
144456320
144609217
319594463
145708456
320339391
146709976
320607402
147207761
320120724
319861410
148707622
320439568
320745110
150007511
150307534
321228806
150408804
150510675
150706512
150808939
321650254
151706254
148458284
148756245
322107446
149755225
322998482
150755223
323559572
151354715
151555667
152056238
152354424
152754170
153054653
325531544
153754052
154153723
154452894
326931219
155453007
157052381
157354620
157854260
331478490
159456799
160153786
160355499
160653257
160384635
334272167
160737607
160419395
334843576
160074622
159896529
158587484
158274718
158548104
152756310
153055466
153355366
153757467
154269652
154755074
338347606
154955126
155353302
155952499
339282893
156458371
339667217
156952077
158151029
158750651
159957911
160151840
159796867
343679930
343793613
160529214
343397138
343534412
162625468
162720699
163765707
164655633
349409131
167009356
352301043
168718820
169202309
169165184
171786602
172710753
358081566
173398740
172933852
175005164
175497914
176295179
363244307
176917056
178327768
365243625
179096022
179816491
179658479
367003188
180187390
180398839
180884525
183463770
371897661
372268562
371815880
372318468
372258496
186874922
373154770
374142884
374737110
374615711
374180363
372621826
372543542
372969992
373083200
373282657
373199774
373352352
373077265
374167481
374229926
375174534
195413261
378251134
379767959
380810262
381171976
202410358
380984255
382053917
384803003
207371596
385220998
208664091
386312690
208622696
209546555
389085093
211101220
390389337
390707751
392100772
392840107
216997607
394435903
216817178
217004483
396332038
218077082
218716419
397690019
219474433
399299173
220660075
400665464
221449035
221647244
221660061
401944559
221708486
220632142
220534906
220689468
402987791
221054110
221388912
221816164
221864635
221409859
221079113
405472012
221733408
221972025
222308911
407111732
223212479
223238322
223246174
408449883
223550085
408826937
222995755
222669693
222816210
410427475
223283253
223340884
223450651
411286440
223586423
411318534
222984378
222822424
222364124
221794051
222140198
222893124
223039584
221209862
221543005
221463660
221798734
221375577
221420809
416954100
221805433
417143838
222245546
222671141
221896774
223259609
419100607
223159383
420447165
226362886
423071881
226721677
226845949
229944299
427147000
232055952
232173264
232663605
232404106
232473493
429635474
232490435
231136489
230516008
229784516
230268369
230753245
231011198
231960785
232713381
232629614
233172179
435804913
233870139
436103848
234084934
234219059
437106085
235340885
437240696
238087293
239984907
442019756
240653557
241361006
442992718
443608148
241188095
241338568
444105177
241196081
443680225
241554070
241461116
242634110
243565644
243661748
243663597
243898267
243654860
244110048
243759037
448845269
448759024
243921713
244430512
245372615
245914342
451995465
246683271
247240926
452762174
452279916
248131116
230055254
230455512
452935092
452740824
231354658
453642191
453883051
454436823
233556945
454991558
234454235
455522900
235254213
236353537
457274724
237253234
237953205
238353591
458331834
238552564
239217837
239511467
458774402
458724971
458910038
458999604
240411181
458750299
458773132
458187073
241010929
457611312
457464861
241910668
457914173
242410443
242510199
458688616
243109080
243908735
459583516
460565082
461218822
246608632
247408477
461947035
247908124
248408063
249207727
463271755
241055630
464508709
242855125
465381178
243556487
244254234
244453570
244953175
245653140
245952645
246055914
468206649
246553788
247151222
469243213
248451044
248850773
249050309
249349838
249449589
242055615
471480809
243456116
243855202
243954670
244154518
244253909
472066328
244454045
244553850
244953335
245257248
245359489
245452628
245752403
246352348
246411973
247011888
474581515
247111813
247411266
235952719
236253298
475528432
236851607
237151286
237550527
476145283
476026899
476798753
477635188
240049833
477730576
240551336
478561422
478633919
478748506
242348985
479736553
480287036
480445507
479597842
479477142
244948722
479759455
478891093
479451991
246050488
247648336
248245840
248810161
249109233
482908145
249809069
253211336
253909197
487148235
488046856
513175206
513653611
281811148
282010933
282210104
282407814
282707738
513903681
282907270
514044576
278957097
279156845
279355867
279555494
514473278
279655529
279761297
279854953
514685058
514400802
280055513
514453777
280254624
280453277
514303441
280559726
514568103
514757350
514046893
514088367
281353141
513699736
281555532
513819753
281656366
281955521
273358085
513848025
273556422
514215281
273861261
274260836
514665264
274658466
515418880
275558999
275860421
516081543
515656939
514972694
276157876
515379281
277152798
277360709
277552416
277759821
516725090
516594613
278155441
265461978
516022690
265759728
516093635
516106862
266055369
266255691
266362987
266460789
516386059
267057754
267154416
267459693
516166900
268155435
517080809
269259085
269553399
517517460
517020522
269752718
516878395
269859062
517017353
517529119
517305688
271216395
271317374
517377651
271516558
517562105
517466215
271817004
516745727
516725509
516365112
272317254
262155714
516429518
262256932
516218431
515375445
262452343
515407005
515732206
263454587
516172456
515885226
514585017
513709507
263957409
513614044
513372287
513733472
264750711
513820004
513249105
264951177
513043888
265053830
512705766
265155071
265255185
265555998
265754952
265816735
513271105
266211978
266412174
266516042
267017880
513438924
267917214
513772153
268410945
514639689
514656400
269317325
514401507
513993451
513895616
259055909
513823864
513551816
513189573
513091411
260456457
512982188
260557181
260657573
512957236
260854947
513134622
260959895
512651038
261454193
513141027
513526217
513603902
513644153
263559598
514112247
513863671
263956790
513756721
513134637
264259182
512263656
264456105
512112077
485159360
486655657
266657038
266757738
487054687
266954384
267453700
253957042
254066020
488456912
254257280
488854216
254754565
255155361
255855129
490253955
256054561
490353864
256253947
256359986
256455189
256656205
256813525
491253906
491272801
491352734
257119678
257215886
257413717
257609964
491867008
492052042
492169525
258112629
258510529
493351815
493451153
259709515
259814518
260013572
494350907
260216071
260509613
261208301
496170838
246457824
246758146
246957253
497650724
247757573
498250209
498270589
498349725
498449188
248355509
498649925
249159045
249954988
500148836
250059264
250255517
500448564
250454428
250656338
250953815
251058769
251261620
501448142
501648800
251557584
501967096
239061774
502447738
239356514
240654409
504146960
504447008
241457494
504946616
242054920
242154332
242258104
505446265
505545878
242654444
242753583
242957124
506246078
506345478
243258501
506445281
243755499
243852090
507144828
244054038
244656830
507844774
195059172
508144479
508163050
195454258
195554633
195653105
508544048
508844606
508860665
196252449
509142991
196350176
196855238
510042796
510442622
197750800
510942563
511042137
198248869
198554523
511741712
511863032
488897303
489016565
489296451
199747961
489596205
489695865
489895591
489995036
200348964
490194912
201012353
201311843
491113821
201411205
491397690
201906259
491694072
202107160
202306567
202509575
492496526
492593465
202816786
492693157
492792714
203215017
493292270
493691336
493817354
204110543
494092222
494389218
494488863
204807199
495188204
495392234
495789424
202063691
496285830
202359888
202559653
496585256
202755677
203460163
497690807
203858707
498384642
204553318
498983960
205058062
499185207
205256014
499684435
206050993
500007745
206155179
500183031
500282533
206550860
500498364
501281971
501681258
207751841
207953276
208051803
208022941
198389947
502880967
198591814
198799340
503204766
198986112
503381089
503880065
199883811
200083056
200283667
200485143
200590343
200888697
201283409
505779349
201581071
201681315
506378864
202085725
202145102
202247524
202539928
507079120
202838197
507179220
507377729
507878514
508177004
508276564
508376472
204048842
178860641
508776136
508793431
508875437
508894623
509074576
179255456
509094275
509473828
509573393
510573417
510673133
181154838
511572467
181860057
182070785
511971815
512071578
512371071
182856514
512221734
512108809
183455152
184259766
184554868
184957088
513583460
185152846
185415879
513890488
513767438
185812048
186211717
514270747
514148029
186918772
187512773
187613519
188114041
188313630
188614019
188911400
189215846
516681187
189517478
516637603
176258967
516380777
516385019
176757250
177157959
177461401
177659801
177854126
517302586
516882949
177954711
178159206
178553559
517641353
179255517
518232488
180260745
518500190
516979328
517057851
180858323
517269181
181257313
517310378
181658774
517581405
164948595
165151443
517486560
516790866
165246869
516276526
516314610
515629477
515945962
166150217
515119509
166249911
514196180
166546194
166745603
515082028
515018757
167648310
515096066
515456122
515325164
515430534
169146973
515547196
169647211
169847579
515924164
515697991
170343551
515788817
515538050
171543213
171703569
515762545
515162335
172110195
515552428
515648380
172308476
172628011
514868101
172904601
515153762
173507444
173707419
515554292
173907224
515429304
514418400
174304142
514166735
514068843
513298345
512522840
174567456
164062000
164161540
164754753
164859301
165055498
165458835
514666398
514530697
514552148
166654743
167058826
167357715
515234676
515247768
515311504
167853924
168152596
515767028
168652341
515818859
169256345
169462093
516500064
516561320
516394954
169954404
516439979
516011152
170351387
515290465
515278350
170754296
170915049
515647711
515731459
515321684
515615995
172113420
515827544
515376765
514706191
172521578
513443095
173011022
513640241
173114271
514005550
174315417
514715783
174281245
514214528
164055982
513329053
513361404
164355502
513187033
513093166
512951504
512829210
165167581
165360998
512990531
165558012
513031094
513106276
513100707
512462565
166057979
166358546
166454199
512882502
512675535
512718022
512625048
167455678
167559649
167758943
167954790
168052509
168559618
168752216
168859045
513364529
513288728
169016684
512348333
169111787
169312344
513122153
513095544
156552988
513382001
156752196
513659655
157251425
513137867
157655928
512972640
158055487
512990993
512866634
158452145
158654140
512702065
158754932
513134879
512702645
159353119
159548885
512944743
159754203
512876199
512629721
160149923
512350391
160450633
160650493
160753337
153299335
513141803
512924958
512695221
512831299
512434402
511686562
512228978
512404633
155499808
155702087
155797770
512352764
156001447
156396881
513476042
513159179
512074549
511842669
157702919
512220741
158398064
511859908
159096690
159297113
512438487
512060832
159896203
512160648
160396325
512234113
160495688
160996783
512734298
161196429
161395540
512410574
511962100
161696062
512150170
161894090
162093894
162294387
162608490
162897912
512075866
