390313
494675
151086
355972
474752
1045651
1079442
1079589
484884
227371
364256
273881
369921
523677
218146
237250
1132884
1223325
1256320
5068284
1427573
5198111
1598456
1867505
5601524
2046846
5943914
6139555
2868105
6073145
5407523
5418070
3618709
5223157
3490346
5409898
3400442
5668877
5804351
5657735
5465585
5335287
5119961
5469177
4672526
5695090
5651403
5834036
5351351
5720467
5860432
6127696
5818173
6246465
6709717
6152909
6920184
5857759
6940220
5349165
7048176
7052900
6828864
5564658
5749875
5287820
5268367
4329494
7261115
4339726
6532149
6143312
6118194
6225609
5601870
5641591
5115238
5202330
5471757
5322214
4403121
4424754
4302578
4802066
5724702
4666246
4965950
3998471
3723317
3586205
7213941
7120836
4467378
6217918
3745832
6287589
3805553
6378666
3825371
3752167
3295973
3035611
2194372
2271938
2152776
159211
8192955
8558257
1761908
1616462
37823549
37715133
30500598
38234684
30378897
38207233
38031378
38579772
38697617
38845425
31918721
39164232
32115901
31751664
32319805
39826888
39816907
39279653
39079515
33075041
39245309
33093965
38715252
33298706
39110510
33660175
39226597
33775505
33657824
39272167
39321423
33653700
33478989
33600675
40204634
33657441
40401673
40414434
40415670
33876154
40308897
34077268
33286881
40211406
39912958
39790128
39445948
33244557
39927742
33414709
33526825
33310627
33818831
38840587
38583190
37922474
33755424
33698510
33608395
38469074
38093104
32704164
38284998
38425941
32619365
33551696
33040289
39871634
39817783
33588485
40931308
41182360
33881633
34052077
34139784
42885781
35563759
42498498
41886194
41810439
35772004
42358175
35544816
42429561
41647173
34980198
34536470
34583521
42495292
34748739
34861694
43314349
34987700
34977202
43315386
35203164
43623411
35728710
44116284
44230711
36076968
43750940
36308582
36542720
43146331
43000110
43428580
37213873
38525698
45214903
39172417
45396032
45547938
45015028
44689218
44549043
44510752
44577612
44374448
44391224
40470978
45011404
45024916
45056705
45489678
45391733
45036115
45406781
45412862
45278664
45383854
45022755
45860225
45820121
45133183
45177823
44595571
44170573
44510286
44027364
43608332
42914232
42934321
43105008
43644257
43523685
43803400
43747767
44037810
43903114
44306742
45252297
45354586
45048019
44419603
44816389
44976798
44730672
44489365
44921989
44963321
45391239
44347334
43795048
43514582
43093446
43540928
43626825
43208142
43085535
43673079
43457364
41880172
42682068
42970591
43238130
43258797
43352102
43729886
43115083
42414401
42478339
41915448
41783841
41586291
41921650
41792727
41534573
41759609
42216273
42726434
42386194
41264950
41915999
41919871
40924878
40945784
41246222
41147954
40101074
40304599
39209058
38820008
37107127
38152497
38927737
38967702
68993282
66531986
39067677
66735344
66731319
66747896
39505704
66527221
66802782
40061422
39181004
38425758
38612363
67753076
38469434
37852641
37708618
68209418
37317284
37129855
68026397
67363576
36941385
67409250
37381199
35439040
35266069
68385346
67600629
67676498
68044933
68218750
36846826
36572801
68887312
37113505
37260534
37291560
37216411
69062098
37408278
69270100
69438273
37972461
69586194
37661860
38107627
38091897
37502899
37135516
70933117
37322174
37167021
71157152
37201506
37266930
37121919
71018400
70984998
37476331
71522084
37102629
72033556
72705682
37899013
72444807
72608082
38622392
38533600
38573728
38535077
38215133
38381904
38360065
73538567
38746048
38620377
73749696
38547198
38423769
74197428
74436200
74279198
74086131
39179229
73822573
39166510
39206853
74211212
38848476
74243324
39138106
74368745
38770307
74934266
74351532
38778178
75568253
39328995
75010884
74290744
74349941
39788876
73691996
73513580
73439181
73652952
40285268
73026223
72490842
72724428
72754555
72449726
40614617
72065274
40739798
72218384
40823379
40406025
40369003
40116240
39780073
72723082
72264600
71561279
40848842
41256701
41589390
41460808
72669289
72130506
41369120
41010029
40966167
71941816
41189307
40471653
71636571
71953685
72082629
41444937
41858091
72339776
72278897
72274245
72535366
41498531
41170998
72575502
72664336
72137749
72335169
72272830
72448620
41900450
73320336
73488663
73457201
43016068
42806183
73356985
41952457
73294939
42179766
73239134
73077021
72861668
72166612
43314403
43054890
42666335
72496832
72410542
71003946
71225258
43307078
43380311
42995343
43283090
72025808
43715295
43398732
72545136
42963057
72631890
72291065
42802198
72575106
71829541
71958716
72130800
71813896
72157767
44321283
71826598
45460990
44791988
72699248
71995276
45226007
72086518
45174218
71063248
45840547
45433954
45525388
72640017
72513616
46153670
72744358
45949387
45685479
73372870
46261076
46387562
44904467
44140990
44082585
74588789
74729655
44547364
74942745
75024627
44370097
75031852
43944187
75405495
44682577
75844843
45118845
75886663
75986439
45372141
75477674
74963572
45398364
75481586
45775762
45797578
75740536
46209053
46187931
46093132
75856406
45341742
75954594
45421021
45294932
43425422
76476756
43806144
43274758
77157326
77114337
44001832
76240592
75926531
44622539
44588317
75937472
44718868
43951406
43791634
43585533
43460686
75589253
43344837
43228628
75374493
43121253
42800385
74980036
75425413
43812372
75593891
43897181
44150741
75501361
75771800
75223142
44267997
75116049
75231950
44103104
74817007
74523826
43786045
43194532
43123841
75324335
75137191
43779769
44313547
76171664
75705420
44382047
44442370
44510589
44161977
44175500
44071651
75394796
43765529
75440127
75300917
75287334
43083061
42868564
74530161
42858889
42938706
42777730
75019564
43308274
42418695
75653215
42217168
74723669
42619405
42000606
75038227
41081514
74863857
41201722
74690745
41629454
75215968
75400628
42430513
42188637
75297790
74657313
73580715
42919962
74246570
42929726
42228109
74498306
74827553
74621791
74616889
43031523
42751072
73267592
72463436
71903117
71788482
43381374
72005544
43274190
43348953
43186266
72216221
42997545
72211103
71972753
71545503
44646377
44022033
73631152
72270524
72398364
44609199
72296987
72355847
72207359
44889278
44956269
43874077
42658957
73437462
42991844
73598391
73587754
43507679
73449131
44322172
73678960
73563458
43876561
44274555
74691826
74458418
44535997
73891837
44564190
44627858
44610533
74899426
44584728
74787821
44542443
45178424
75268542
74996386
46174719
45676442
75001643
74648893
74275386
74267639
44753245
43695755
74137377
44325603
73054587
43947501
72576195
72299274
44014084
43651948
72865304
44133849
72861098
44115956
43574014
43544217
43300178
73034956
72301343
72406765
72146984
43858395
71901609
43905578
43854902
44071692
72478562
44972603
72851812
44696398
44415744
44511365
73776094
73840521
44567408
73973249
44118445
43465156
43255911
43358839
74698342
74295670
74698236
44189469
43824055
43679328
44076184
44757361
44632635
76505889
76071346
45011388
45073032
44586990
76392877
44975750
44493927
76076745
76167399
44409473
76271286
76840032
46152251
45935905
45998240
45769834
78093424
45546918
45792727
45656805
46022709
78750319
46117269
78863338
78744052
78687659
46559460
45360622
45231707
79181876
79009254
45807323
79532709
45596891
79907301
45750443
80378428
45731844
45681742
45687098
80785060
79307131
45420115
44896771
45133210
80871432
81544456
80616541
80566147
80338104
47261895
47184048
80273860
47462441
47638018
80226095
47572494
80020829
47573138
47520489
47514051
47724294
47734199
47730867
47597225
80882908
47651881
47280377
46586231
46423815
81305665
81253669
46449577
81210340
46416489
45815245
81881669
45912267
46057271
45321722
82415859
82518137
82273498
45505966
82364543
45320045
82358610
44624636
45356675
82840266
44839998
82771493
82433289
82539628
45393190
45276972
45542428
45562591
83358902
44119896
83499905
44045238
43154345
42715284
42668399
42360870
42829232
84558567
84237198
84228009
83822645
83883838
83450497
43685945
84121404
83956743
43920891
83759788
43157455
83995536
42774578
83946874
42472893
83867670
42442983
83826110
41238971
41127014
41190974
84064919
41239504
84845507
84563889
42026927
84789122
42068122
41117452
41375785
85321948
40952006
40991356
40484050
84695035
84681581
40770901
84800450
84851629
41236042
40941816
40379521
40479401
83762799
40199748
40141469
84100541
40427681
84141449
39443372
39037894
39103659
38868467
83756316
82760467
82460196
82330096
82249664
82181401
39243124
38259623
81928939
81416978
80610224
80482049
80796035
80827629
80264848
39507128
80334532
39320489
38521305
38656259
80338099
80367475
80209094
79618468
79624944
39577870
79142937
39589521
39222375
38454648
79376133
78613151
38362572
38398921
78034406
38146597
78913502
38337673
38519222
78919190
78394481
38959818
79034592
78672558
78780251
39802910
78769735
78581043
40286055
39853319
79247300
39948147
39357948
79283822
38315382
79979029
79190897
38445416
79307880
78190229
38623970
38635695
78445742
77644279
39029742
38864807
78055310
78183956
78116454
78764373
77952904
40051835
77574023
77396720
40323596
40173954
76868237
76807228
76475043
40531017
76099268
75896737
40566696
40461341
75528901
40479463
76256455
76108957
75512992
75077442
40644190
40720147
39944958
75633969
75398809
75527213
40274446
40748475
40325024
40266441
40110886
75620534
37953459
38045647
37771096
37954694
76766632
76746868
38141141
76770224
76993338
76767526
76560446
38931072
76575829
39020253
76896830
75339564
75250957
75182602
40395334
40195989
76049331
75790046
40855281
40894168
76219618
40624500
40033977
75203669
40498685
75377530
40838539
41026920
41119241
75884896
75140644
74690024
74601560
73798075
42547297
42533609
41530735
75190533
41693120
42000721
75472252
74909334
42658652
75078150
73916275
73646468
43358275
73431969
42928878
73629299
42501767
42425360
41687719
74044458
74114282
42690618
74268688
42860609
43001018
42832859
74896301
74879471
74931788
74721256
43691458
74678467
43755808
43316411
73978805
43795796
74401110
44061211
43701009
74560247
75528635
74736636
43795817
74201858
73212836
71858242
43343914
43585109
72526475
72661957
43983055
43905290
43584436
72504368
72511634
71915161
69905495
44171062
70093197
44463819
69948195
44846947
69761224
45123192
44202375
43530230
43456301
70564172
70498385
69876275
44534232
45058937
45142062
45026058
70677956
69932265
45610035
45763508
45906940
71271035
46146869
71394338
71334878
46315343
71028016
46141961
46216586
71824400
71240932
46794111
46710395
71098247
70656170
47012757
70200565
70373701
47506406
69290104
48273698
68832044
68757043
47472093
47571521
46380842
69192643
46958291
47183146
70075072
47974055
46949050
70701752
47403645
47480126
71090137
47693738
47896444
48272638
72157987
48274047
47507123
47329079
71299408
46538639
45717022
70892244
45614504
45856594
45362452
71645918
45523077
44900133
44444315
44641888
45504745
45028642
45522578
44547978
43982844
74211347
73306446
72675576
44491700
43996113
44169387
44203592
73353994
43395994
73550967
43107967
42594121
73574453
42784511
42915444
42756165
42690331
74630175
42845907
42875712
73429529
43230820
43321945
43158282
74400813
74656169
74724334
73829136
43944228
43870298
73809527
43107226
73038511
44213896
74039018
42938531
73958610
43050081
42381919
42203657
42233924
42455469
74942802
42224818
74895865
75540846
43035497
42930195
42765834
75169100
41355938
74988059
41472288
74952745
43001001
42749504
42484870
76334340
76862967
76713106
76749841
76367745
42784387
41784177
41811001
41469945
75627721
41817426
76793418
76161176
42643293
75912214
42204080
41776719
41519128
41491184
41053288
40889908
41032306
40798059
41024995
41225407
77558641
77572322
39868315
39455269
38904151
77780087
77559866
77097555
76536383
76267976
76043890
39021138
76195183
39574306
77139945
77055723
40617145
77120831
77540965
77185828
40782095
77301167
77347163
77667017
41365829
41032651
40995570
40992994
41010131
40971847
39647771
78994088
79218988
79133536
78637466
78526709
39929328
39826077
80034744
41100043
40167497
39715729
79975962
79910828
40218275
80677795
80886943
40762847
40677543
82089721
41446829
82158221
82255177
41935706
81402912
81176067
81314027
80440113
41560871
80292830
79915808
41749675
41301189
40685235
80206623
40210267
80554865
40094527
80050026
79770349
40237058
40111478
79332741
79579029
79632713
40379026
79681287
40343641
79521076
39638146
39724665
79814245
79432402
39790799
40205994
39891984
39671119
80672389
39608516
81616554
81084233
81065494
40639462
80779031
81032036
40789694
81397980
41481417
41425625
41637139
41304047
81995276
81861551
82061804
41766794
83114395
42674790
42772908
42795604
42941187
83712604
83057049
83139963
83212079
43286141
42524797
83338454
42750982
42255929
82861354
83544051
43130338
43127808
83731023
42906401
42907214
42463078
83317169
82123960
42563096
82449749
42818500
42596040
82487644
42855011
82198776
82301701
43337966
42876175
82844650
43002279
43072463
43115084
83531940
43165993
42588362
83458748
42581241
42532433
41353374
41240923
41088760
40092865
40264902
40087678
83858043
83868326
84573803
40902467
83728388
83764395
41151751
41204114
41003363
40788637
39976442
39914509
84029470
83814364
40191789
84161396
40194377
83370916
83382222
83401685
83654702
41431630
84068447
82711505
40112069
40047314
40013950
82050515
38948025
38811081
81710738
81398756
81391016
81486157
80842352
80655131
80230569
80039507
79296849
39412823
78535575
39733541
39506059
79050921
38720494
79335887
79626488
79126436
78946375
78537092
39314285
39304443
79127072
78224859
40603503
78435664
78470709
78340849
41228624
41083289
79905149
79141319
41977764
79069322
78581567
79233832
43119280
42977901
42732759
42581402
80063352
42651000
42705306
80455021
80185918
43008865
80082134
42421892
42055665
41164094
80111476
40917329
79455971
79488084
40517007
80227208
78456391
78526852
77219636
41890666
41549487
41120457
77260531
41496095
41503138
41519709
77573210
40690586
40716629
77878466
39590636
39650082
77302804
77456177
77344629
77399580
40304428
39625936
38873832
77358412
77068759
76645609
39061163
38180685
76713406
37744196
77121861
37709592
76507086
38030636
38506390
38592982
76785100
38500474
75963444
38443676
38759080
76270597
39042386
38360500
75518180
75045395
38419550
38047761
75067255
38250475
37680159
74922170
72606027
72612976
72379115
71616629
71408689
71208756
38544929
70384774
38905342
70757767
39193984
39183268
69943593
37826852
69735809
69451648
69625938
38731021
70119556
70405559
69567205
39133392
39169444
38848494
69921957
69401654
69714282
68998648
40166657
68805099
68745189
68571290
40392378
67104347
40020044
67256177
40891040
40960971
40809811
68757715
68787346
40722664
40848621
69258463
69226621
41579244
68624515
41853084
68689975
40736885
68198820
66049264
41253013
41861419
41801101
41886454
67524915
42129596
42029019
67716999
42148693
41956247
68444437
68852356
42419230
69256022
42587703
69472988
69407420
69031165
42575763
42474352
42510663
42536499
42468479
68570985
68501779
68408773
42592243
42513398
68192007
68269141
68206049
43110224
43425615
43525089
68803395
68571606
66790071
43477871
43428590
66988830
66971953
66892549
66657674
64939409
43975956
65188921
43306342
43340347
43464323
66118759
43984542
66037083
44480226
65873529
64625787
44931887
64962561
44999218
44741389
44333014
64990602
43312373
43302282
65321339
43422835
43538483
65488450
43614393
44214159
66279336
43762456
43682323
66680461
43595132
66746562
67288405
67010359
44650331
43435718
67243675
43611862
67244709
67466859
43107145
43261322
42925673
42435485
41234602
41140700
41435479
69589611
41790955
41524540
69752724
41664536
69707258
41868743
70503278
70329613
42168159
70180036
70104864
68816309
42381024
68002488
67789316
42341201
67782210
41915576
67780130
67518862
67156637
42045485
40906968
40704767
67471034
67775760
67557002
41756460
66843272
65869385
66122516
66208113
66638798
43228063
43212790
43595881
67162648
66694923
65974060
65688695
65481959
43784502
65792597
43876200
43999776
66179601
66011685
65776757
65756914
44699875
43782535
65555219
64961805
44864592
65699151
64808835
65385700
46055273
46164577
65238365
46615199
65591449
46803621
65930699
65234159
65482765
64826263
47041348
46539496
46135906
65285556
65212103
46357182
65161334
64972959
65867395
66175626
48442211
66171337
66791677
66990517
67178284
67140276
67123606
49699240
67280275
49557991
49239703
67571098
67426097
49364818
49396588
49561571
68173597
49662285
49908103
48518874
68815558
68278777
67927819
67448968
67678038
48824283
68109130
49111603
49521584
49637050
48459767
69467781
68572340
68682365
68319193
48044083
68137783
48102387
68260668
48259772
67082363
47556514
67504476
67559901
47169184
46747966
68322169
46134139
68072278
46434690
46586213
67677692
67429186
46813216
46507212
45714969
45750823
46470003
69129903
68958402
68251987
46056386
45333178
45378561
45304764
68329919
69086755
68587131
68456532
68990065
47364311
47146934
47030598
46950849
46183253
46280622
45837421
45861446
46201619
46518584
46538853
46162807
46434869
71511055
71239968
46118213
71329964
70816032
70768283
46647051
70845141
46923081
46644021
70793829
70640610
71058671
47113499
46616756
46273506
46873060
47423814
72672892
47186884
46835676
73099324
46077588
46148508
46062944
73491445
72993969
73005795
46852996
72125774
72199726
71107715
47030741
70876759
71355132
47495371
47470064
47262977
71970068
47596711
47143874
46933340
46911816
46923333
72163542
71881071
72078618
72087458
46336305
72182795
46766944
72747277
47041083
73118740
46634803
72813868
46279931
72743590
72398260
46745130
73205660
73144217
47022250
73431781
47434900
47547586
73477807
73201264
73056461
72604597
48536090
48095577
72607481
48416586
48373656
47854496
72817750
47523208
73185417
47374734
47361729
47290639
47153876
73783768
47039617
73430976
73885623
48063280
47139767
45503522
45552822
45165828
74467224
45024667
74063344
72388889
72385417
72030273
71664946
45355050
71388336
71327170
71647485
45871257
45146761
45081376
44181824
71883861
42833929
42254211
70679375
70273219
69647483
42891245
69786193
69787176
43205151
69884691
43278542
43501264
43454606
70903912
70836797
70268674
43984481
41784323
71071583
40485328
71315509
71091078
40693997
71107762
71100519
40583443
40319567
40071022
40051460
39859536
71089945
70979914
39902415
40059328
71380095
71182827
71147849
39978008
71439140
39222524
71829125
39412730
72224286
71547819
39381492
71032521
70471815
70514905
40192522
40025081
71052980
39961348
70954823
70813400
70320695
40640039
40110958
70343011
69457952
39643950
69087472
39907579
69614217
69017416
69144539
68687647
68368392
40342977
68350537
65950282
65669207
40276472
40161852
39302795
65789804
39544336
65047436
39581370
39520911
38888109
65592724
65712896
39228702
66062463
39518021
66245158
66155854
66116851
66163746
66504195
40364271
40512861
38434718
67904793
39304698
39360213
39609196
68248283
67211953
66995623
39455077
67033447
67080737
67813770
40555256
68067827
67835944
41674113
68124067
67756076
67663842
67761538
42253925
41680927
41297551
67949442
68082578
42277582
42681709
69314051
68531834
43127289
68992122
68996931
43379077
69053252
68664938
43066207
42785010
69181180
43117949
42590289
69152936
69048312
43460566
68586165
43981239
68515284
68262435
43675918
42882268
68124388
68056397
43908379
43819803
69229391
69245166
69241871
44986000
70001148
45023178
45073012
44281702
69984176
43935857
44057554
70824262
69139489
68867672
44445459
69042554
68348392
44624365
44406268
44265825
68627158
44446316
44282395
44145908
68827280
43990552
43623836
43209350
43261930
69769042
70610391
44081447
44270156
43793232
72088571
43545892
43671095
42138097
42826344
42585216
73050417
73104048
42785631
72658244
43026138
72052544
72950147
73590447
73465043
73360974
73292290
72027875
71999238
71839398
45651369
72288275
45824380
72338708
72225867
45972440
72065888
46377038
71837311
71585373
45995206
70907520
70542862
45783983
70027980
45214316
45094776
70264943
45630637
45685109
46091246
46222977
45819732
45213977
45277928
70839821
45361289
45537361
45488566
45518660
71197113
44441947
71923917
71715723
70897884
70562428
70805575
70412403
46586432
68582475
46236752
46329827
69161647
68582853
68750376
68704488
68404418
68603001
47878161
69533188
47315871
69205933
47724095
47647746
67976863
47235211
67774506
67077375
67125174
47974546
67951546
67598306
48608000
67957603
49661696
49660657
68822281
49982478
69607096
69101050
68494191
50371791
67660802
50421872
50043379
50026122
68217158
68440711
68594007
50153633
50084675
49130965
68696312
48827477
68431616
68158373
68668811
68468823
68451872
67856081
50558405
49755740
68057532
49889784
50091472
49722066
67840847
67224946
66868584
66773013
49136488
66876695
48771656
66685867
49464552
49700843
49709078
67526435
67106326
66624253
50563490
50352271
50507500
50080599
67379419
49781928
66885332
66031117
48915724
48921375
48903002
48007194
66567431
66620050
66587919
66467701
66593914
48860781
48948172
48959256
47180733
67062421
46349559
67245834
46434871
67533792
67543558
46814752
67157917
66950091
67176516
66721644
66648507
66291929
47782989
65289226
65375593
65392694
47148590
46927323
65169798
64970134
46814355
65247989
65126181
65169295
46677186
46200436
46117661
64742734
65100532
46198160
65235533
46564535
45983855
65638459
45703747
45354837
45778303
45008629
66931367
66971043
45181853
44000342
43835497
44125831
44207314
44163732
43523325
42956092
68122071
67799388
67791679
43728016
43453323
43435159
67422706
43326107
67457845
67314862
43985348
44387360
67771422
67320573
67230885
44190397
44137088
67572450
67382826
67450645
44685040
67717495
67596581
67613308
67462167
67568314
67728174
67481828
67847420
67790646
46441098
67556282
45239166
44378099
44215489
44008241
43976087
44580960
44610765
69345753
68821221
68735788
68337912
45085485
44809460
44697275
68429624
43121311
42498332
42308352
42670426
71057018
71111385
71286280
70854447
69579960
69097618
69263163
44112565
44474023
44296776
69661957
69850108
70059611
69248808
45165542
69387523
45350636
45186193
69422033
68603516
44694240
68630136
68391558
44765480
68758707
68855007
45204971
45035970
68784249
67469694
45182180
45364421
45870679
45917742
68742913
68320404
68397187
46748147
68938686
47653192
70020866
45449453
45559956
70158831
69411667
69602538
46000904
70435832
45180360
70124256
45057539
44888446
70265597
70012741
44936725
70024765
68648191
68571082
68093995
67612785
67499401
66617262
66898432
46018699
45602868
67696489
67766038
45854331
67920703
45042332
67918294
45437058
67799735
66808287
65991894
64258389
63096944
62938239
62656135
62614584
62083979
61454912
61674702
61594980
61143551
46282383
61180772
61450951
45991337
61534260
61413583
46480051
61437509
61450706
61370372
61502130
47521072
62173087
48186761
62711501
47588292
63091735
47798406
47974448
48070740
63838608
46582433
46726490
46638823
63926688
61629729
47310797
47324218
46919408
46861226
46114985
45815701
45803058
44754722
62605831
62168177
45061530
61977132
62496632
45786523
62635207
62261292
62060405
46165952
61696776
46869544
61906583
47439248
62445181
47470838
63330484
48218721
48317612
47627481
63380155
47335574
47332286
47269763
47259971
46627731
64417985
64583126
63514448
47281314
46619123
46238973
46991127
64963204
64490029
64169273
47194970
46804323
64792001
47076764
65223240
64296486
64498186
47942229
64138726
47545053
63250874
47185499
46989601
46758811
46913120
63883338
63747427
47021320
46723987
46369466
63947151
46894148
47133934
46870963
47458547
47779493
66028138
65418558
65108703
65678642
48906492
65636921
65176091
65488532
64850181
64870704
49614823
48978777
49496582
49790978
66103088
66102351
50484316
50133805
66879312
50218185
50082768
50039926
66858077
66925173
66926715
66964316
66869146
66838345
65721138
51843804
49528625
67114818
66916958
50202844
50580098
67149115
67065108
51280055
51541491
68257815
51913662
51385966
50749567
67634773
67609496
67557574
50385944
67637980
50502731
50374210
49549516
49561742
49294835
48620044
47121289
46871351
68701869
47421380
68350181
46700249
46111575
46547014
46561865
69021626
46520056
68482763
68419886
45902823
46232619
46155784
45886284
45273908
69502975
69535251
45699445
69240005
44801181
43936679
43480102
69783964
69629592
43606415
42968506
69870785
42221398
42099836
41821980
69959054
41761015
41070356
70550867
70450927
41024101
70419253
40782455
40514886
40539126
39788502
71947255
39496383
38949703
37993658
37332053
37111391
72438285
37230780
72852251
37337505
73113534
37248923
73746611
38452935
38285415
38147859
74171938
73628104
38566163
73478963
38651103
38956634
73142873
39561206
39034600
38901765
73119068
39181105
72167814
72715091
72733432
40283480
72980629
72939007
40215102
73320351
39514344
72167381
72346263
72566149
72323757
39968374
72384085
72355399
39357348
72191463
71780995
71892482
39245692
72246381
39949515
39142870
73127691
73039906
39567004
39963236
74307166
74173001
74438661
74535722
41341177
72634845
41526659
72823775
41863575
73063294
73506743
42380546
42455486
41455794
41219216
41609059
40755221
74133554
71470153
40335916
40645363
40252231
39395588
72355385
39686269
39491127
39556373
73018638
73031023
40685432
40462498
73496109
39919785
73884616
73744518
73097970
40424607
40813778
73314297
73305592
40543099
73588599
40587695
40570205
72939017
72919983
40204195
73672853
40419139
73616180
73668741
73244395
39934979
73430774
73452363
39519818
73273468
72045787
72682273
72557622
71988386
40599207
40261561
71331467
40032645
70741732
39552477
71017124
39403885
71300447
39939150
39958391
40018741
71100719
71160094
70761785
38180187
38093733
38067552
37855135
37359004
72402074
72340781
37702558
72372196
37323787
37429946
37523689
73150194
37829055
73624262
38230753
38265903
73981266
38392035
38500685
38677701
38814400
38929573
75330507
75395758
39439623
39232022
75693693
39102393
75183386
74724645
39410934
39073917
39136546
74908429
39083851
74659853
74516640
74678400
39333603
39039083
39097282
39334946
39380593
39076022
39116009
39058494
76222925
76378078
39669933
76879758
39572567
39633602
39525335
77555523
77549374
77643938
40219540
77501650
40204523
40910679
78523458
40898871
40436625
39698846
78672009
78624469
40187951
40115147
79919908
40400394
40276460
40564052
80996498
41230076
41397155
41630871
82213094
82159006
42039871
41750598
82676641
82454823
42392578
82942855
41674880
41582145
42102208
83990613
83912140
42302751
83426283
42608973
42711671
42134397
83749401
42366925
42477933
83772655
83402011
82929825
42577607
42091621
41816663
41545154
83841155
82723990
41103592
41123095
40795099
40016895
83836523
84073018
83697172
83628561
83488278
83780880
41941653
41727781
83904296
83274462
41923819
40301118
40396265
40474783
83982261
39835377
83464817
40191448
40473209
83833235
82841537
41093937
40688346
83081703
41687424
41432346
41341321
41647632
41700768
41542397
84851336
42010352
42345377
84240544
84515387
41857018
41730481
41805695
84892149
41649051
84551500
41381938
41066215
84474679
40961507
40973598
40610362
40127470
39526578
84933341
39508844
38550565
38346091
38628254
86734438
86735946
87123503
85915123
86082214
40955857
40682382
86830784
40026145
84766848
85298163
85462893
40812968
85109290
84883002
41210939
41546141
86367554
86189922
86298707
86293947
42951334
85546189
42702210
42524241
85996372
85085065
43427498
42743442
85028929
84886971
84924423
42952292
85286430
85232772
84963773
43195917
85609721
84194262
83925727
43868662
43680681
43377793
84057029
84461553
83486413
83336853
83284600
83965912
84239831
83739863
83392057
82348596
46534656
46828630
46704419
46549408
46313521
82821195
46367169
82853120
81893768
46234840
82340979
82847096
82221738
82054728
47153516
82610868
82353824
81811017
81841686
47419306
81406743
47129460
80710422
48226549
48099695
47925507
80425448
80304653
48064353
48285481
80470485
48116425
47942182
80114566
48253332
48241605
48168148
48241147
48284112
47920557
81087496
48126902
81099534
80569392
48247356
47483432
47861219
47056986
80564651
47133958
80669490
80266671
79626238
48128978
48202832
80215099
47910530
80093969
47900274
80842806
47734749
47668557
47410915
46798719
46598884
81041563
81112457
46422400
81317267
46025174
46037822
81188702
45151018
81021574
44642892
81316638
81140148
45082392
44680771
81299517
81371605
44416844
82128152
82171232
44968335
81296731
45215172
81568754
80670062
80446532
46124605
46062281
45988945
45324079
44714577
81230535
45154304
45213036
81317462
81247431
45303471
45021577
44872552
82055881
45288405
81714735
81396921
43448081
81074298
80902266
43558825
80277045
79434757
43439968
43430268
43297996
43171624
79997704
43250985
79631077
43138357
79837525
43132410
42406435
79932154
80358920
80149374
80048138
79750245
79456844
44132786
79900526
79237749
79555181
79573462
43765361
43684181
79927340
43757489
43579329
79662999
43918221
79777314
43877668
43592005
80116517
43677472
43178030
80741242
80135032
44018625
43924086
80953009
80714310
43763142
43646033
43616192
80648827
80647684
80614071
79889277
44203176
44211883
79697039
44552401
79653130
44593874
80184524
45004085
78676556
78907034
78769031
78253366
45523304
45334373
78034552
77608746
45788402
45771327
76559583
43058697
43235394
43607252
42717037
42406522
41714545
40302110
77899126
39928505
77354918
77432962
40454304
77480496
39756631
77302650
39742621
39993666
78026668
39755460
39068479
38640557
78081070
78112079
39034159
77034559
77321741
77228035
37069359
36681176
36711532
36748597
36869160
36670599
77394930
36525725
78001661
35522610
77755183
35519616
35394112
34452693
34434042
78653625
77969077
35391967
77790603
34936802
78148983
34750966
77376540
35205292
76318356
35583668
76015447
36182120
36533007
36564659
77042289
36897597
76565767
36653130
76799258
37026805
36796950
77118125
37068833
76020032
75801399
37189275
36933844
76032448
37563767
37566102
76157447
76115243
76288344
38126732
76457403
76079550
38737984
38545921
38099993
76118225
74835129
37911893
37740194
37605156
74696455
38096148
38164176
38048865
75320266
37827171
37833173
75360140
75391709
75077985
75644028
39263199
75926150
74696377
39599757
74323547
39198047
73951193
39296340
38975601
74222898
38390493
37704825
36752998
73933495
72210172
71267903
36935951
71168444
70764381
37364056
70561565
37355168
70555308
70118347
68366472
38120109
37574594
38276833
37709401
69330918
69088556
68968320
68781134
38182306
38165747
37950058
68508295
68252811
67728490
67565648
38056470
37673329
67474377
37333174
37581972
37505852
37362665
68110518
37521446
37942372
37872708
37881386
68192189
36962304
36432115
36499201
36435314
36578236
69358160
69319208
36491323
36562558
69836568
36853007
36291985
36220648
35539048
69969584
69126569
35667238
35634381
35771616
69686309
69303816
36178775
35357332
35481277
69755860
69998442
35732668
35726211
35762352
70848315
35209455
70912825
35387778
71275656
35031234
35465641
71211750
71238417
71593737
36353047
70983185
36379934
70766906
36026869
35849633
71132436
36327510
37077817
72018411
72023347
71474406
37292947
37353866
36989210
37070279
36932336
72047521
36490037
36512524
36674753
71981260
38336396
37623715
73692740
36665900
36766152
74130275
37340239
37523833
74534081
74278863
74159242
73655133
73104418
73491195
73837774
73460126
73545027
73314392
73231874
73464919
72813774
72637579
72431026
72615446
41080018
72113094
41119053
41000587
71341856
41223271
40927675
72089316
41513889
41500483
41425469
40570371
72735344
71769597
40476145
71474333
71412583
71689687
71080934
70863300
41200300
41083564
40822825
40250307
71406999
70744253
39862618
40316415
39935776
39631979
71440191
39307357
71428286
71506974
71552271
39665182
39494673
39410149
39300136
38676118
38700613
37319114
36654099
36715387
72643571
36951600
72612786
36766129
72498493
37183111
37144909
72778467
36724319
72161074
71940930
37063338
36996759
36963595
72288293
72302407
37696012
72258378
36501805
72266277
71011467
36407425
70983705
71266394
36885680
36853720
70981594
37003065
36609133
70886065
70822743
70790375
37328775
37511328
71422912
71520689
38058435
38414882
72892209
38625872
72793283
72577979
72039898
38598663
38842634
38324899
38282263
72448651
72312251
38217037
72164717
72169527
38482044
38586611
37958574
37970843
72556928
38039723
37945878
72933021
72530195
38408454
72724352
38499388
72573087
72969837
38732506
72927738
38873099
73403228
73416207
39402238
39379914
73209215
38482684
38818170
73477540
73657746
72931240
73247849
73091687
72846820
40082639
39947499
73233323
40177253
39878057
73377605
72845424
72674909
39934913
72171551
40427925
72940703
72628047
72871081
41304398
73333601
42245457
74199472
74264088
73891061
42608946
42478188
42646704
72957192
42545135
42408977
42600571
74027591
73613688
43133193
73761036
42676963
42620906
73767146
42285185
42110532
41894907
73325206
73135743
72968742
42191811
41683198
72897467
40890175
40681690
40828687
73304109
41351045
40730695
40009991
73420829
40061539
40085335
73072085
40147917
40121895
72981454
72993563
71758644
71429712
40690335
71921065
40673033
71529184
71040358
71188198
40952444
70028136
68966565
41042599
39488005
39600568
39651017
69220245
39684578
39740328
69904730
39736227
69445236
36329443
36311252
36097874
35592927
35394736
34797340
34976614
35081876
70196449
70748697
36008729
71527174
36696589
35922404
70722320
70302062
35710380
69727027
69707159
35994253
35568002
69431012
35656977
35523334
35560346
69950818
35822852
35591334
35197855
35237267
70712251
70491193
35454559
70038907
35846274
35758108
35485660
35239133
70300838
70216391
35590882
35538416
70483624
69263356
35420885
69261073
69082020
35711044
69376641
35674193
36279817
36506383
36110705
70559196
36331747
36252690
70577634
35733239
35913771
36125907
71543998
71801952
36726439
36607385
36612947
36703916
36110234
73152007
73121490
36415974
35705654
73946917
35242674
73618078
35018810
73616737
73539255
34858649
34639254
73700708
72582070
34808561
72651074
34831510
34489490
34526301
34400688
73422632
34825779
35099675
35289596
35155858
34735819
34561933
34158718
33392679
33091209
75614869
33348158
75183162
33487133
33125724
31952110
76021093
32453057
76182284
76720709
76664108
32885386
76221566
75041843
33480597
33242699
32240059
31332713
73879885
73770073
30559307
73314980
74237182
74135286
31555703
73462512
31931229
73772804
73400297
73134907
72147697
32662196
32631216
32579815
32779281
73547448
73262198
72868045
73069625
72606288
72158157
72216066
33721668
72059697
71156267
71229837
33847785
71189616
70811529
34269904
70523594
34412605
68914237
34400356
35086097
34644788
69281586
34678456
35315322
70105809
69948284
69879692
35875905
35664289
35175643
70521045
35467446
70585261
35650526
70095993
35483993
35549070
70689972
70593134
70496495
36202811
70496456
36537468
71221819
36422174
70956437
36093508
71077776
36114468
35875396
36392610
71891481
36506750
72249807
36792879
37009199
36461512
72267322
72391645
36540254
71951823
36600673
36505621
71707373
36640016
70971651
71028585
71092107
71218066
37362286
37398220
37360189
71150227
37249414
37718899
37092543
72223600
36336752
36447614
36522924
36078720
72892816
36818047
36858496
36855686
73002711
73145197
72380632
72089314
37229792
36965788
72880774
73074847
38067754
72322896
38698875
72842534
72664565
38998290
38867442
38720145
38829001
38804683
73094361
72858048
39165758
73295281
39504878
39602363
39740950
39301095
73450439
39084445
73430473
38829135
73155194
73220945
38527601
73603714
73622136
73442809
72917280
39507836
39160062
39117020
39088055
38662358
38189527
73197219
37057089
73206440
72955142
72444868
72292114
71287679
38072879
71464919
71626630
39167839
72105290
39296697
39098671
72422226
72122522
72145022
72100831
39842678
71661581
71669205
40144746
71658515
40131776
71816588
71599598
71297852
71175870
70272473
69956069
69969436
40820219
69141299
69116970
69167959
69774669
69715192
41971883
70531677
42756216
42788033
70246696
70202249
70495865
43308688
70801691
71076733
43822179
44099693
44406132
43929091
71851676
44240336
43867408
43938829
72380468
72316317
44407717
72169146
71515071
45407402
45423260
45662010
45551809
45837831
45685947
45904462
45761645
45220008
44550080
73813880
44173989
74091010
44406182
73867443
44607140
72705247
44692868
44474526
43137595
42944916
42670154
74033218
73768544
74804647
44000136
74917245
44477847
75360129
75535911
75122390
44753398
43438010
74888468
74484438
43583888
43240583
74526923
42985713
43163469
74551598
74548309
74486660
42659821
74578109
74122371
42836688
42758304
74404999
42419084
74558450
74392011
43014160
75386190
75484527
74909206
74913453
74578247
44397310
73863837
73512086
44790817
44565484
44523541
73019988
72884572
73024345
73371843
45667353
45818807
44952817
74108949
73823331
44873817
73379763
44797123
72642978
45142638
73209541
45061703
45231730
73304569
44964315
73291457
44830440
73477145
73346227
73473504
73272203
73264682
45072856
73140328
45199286
45364059
45554754
45328927
45420029
45622032
74024521
73841049
72517391
45901732
46253321
46256105
73544053
72322256
46974290
72326940
71508593
72001969
47260731
72118122
72364404
47365257
72048409
72157739
47417444
47450714
72725582
47891920
72369616
48527758
48081847
48027782
47781387
47294667
71907313
71740777
71406659
71258709
48504925
47580666
71283465
47431662
71570725
47047224
71452798
47033034
46981711
47262255
72045127
47793853
72001619
72042747
47749158
72432236
47640519
47490573
71321475
71644833
71871767
48051788
72048805
71932835
48652104
72111342
71962901
71036301
71207853
71062064
70993784
71220115
71213636
71020781
51263410
71727695
71847303
72190296
72512846
72323254
71969247
52477835
72276514
52795722
52083058
71829540
71336654
71484487
71308453
70912742
70942705
70903408
53861623
70165647
53950024
70322518
54815806
55607980
56088967
56067247
72550218
72547143
71845865
72026703
71703756
55853583
54836610
54690447
55192818
54295332
72381818
72578234
55020487
54781379
72385536
72251057
54307213
53028641
72729452
72859788
72747530
53218814
73105182
53215984
73073345
73070120
73039530
72001868
53115377
71432660
53046102
70708117
52748003
52595014
70768142
70794454
53277318
52687791
