52678
77439
91387
108547
32934
6671
30910
19947
24678
21837
22560
32722
20889
10919
18804
19979
43295
18415
30269
32331
7709
33545
37668
63249
35371
25252
27963
30312
20728
29842
19719
35086
27326
39705
19434
29682
39584
72017
63771
38424
19475
16483
20498
31228
40734
19108
26806
16696
28006
19237
30295
16078
32170
53732
18737
30676
59418
71851
40937
33826
31015
25996
28517
6276
34315
27499
47908
24178
26398
32122
111711
87421
32202
18993
17795
30973
18133
14345
70372
27318
35424
19804
33636
43439
61396
49732
20869
32989
17399
28225
16606
23524
40071
28403
28524
11447
35111
14582
30907
35521
45301
60065
71802
25001
84044
39410
29969
17690
31977
31815
13569
26196
16648
34488
62660
26770
25592
28025
27937
29016
25394
13199
27555
29220
27442
16011
30960
27492
6223
23467
47564
14443
30442
47414
17518
21139
17586
31448
29237
34124
33133
31838
25238
21091
20131
28718
17810
5270
16952
45931
56981
5879
49129
20335
27074
44594
59595
50367
28681
32074
29452
25480
27145
9720
25148
24835
14389
24162
28820
16555
24063
32533
18170
28211
16906
18333
16258
20023
30573
15685
25431
26096
27848
19388
15580
26295
42100
27715
25582
17889
26444
27168
31971
14219
28415
35547
52022
324032
117102
201029
110793
100760
19975
44486
34922
19242
27806
21353
30545
18665
80882
22381
89222
33250
28555
38474
27659
30234
12121
27300
19104
21576
26576
14899
28843
31656
26650
17477
27502
31638
28604
33048
15975
28509
35550
35560
17657
35911
16767
26846
30445
29029
26972
7653
27294
27661
91715
98628
64214
41801
32459
26269
27629
16765
27618
32085
9622
14444
20926
12918
31309
32990
36737
29051
60375
79002
19790
37942
32044
30260
22158
19246
37043
83765
76677
66901
124734
33623
38059
46046
26790
30741
16812
1294
15575
5673
27267
4746
29693
23998
32172
32376
27716
24189
39852
52769
72512
28812
67300
10046
16658
42836
23879
23235
27005
31424
43168
25250
27339
20153
30712
30054
19107
28762
27918
4641
30308
30641
18652
32618
34991
32059
27630
27605
34217
40115
49367
65036
44635
46794
67278
27402
25244
8867
15757
20332
30752
27127
20357
29242
44315
19684
13172
240524
137179
164552
30154
21873
23510
21441
29022
29727
31616
18418
30269
25921
26139
21479
35942
17994
29561
56345
78610
24459
6636
15526
28570
13621
18494
28571
16872
28540
29326
20110
21631
18568
21278
19548
32740
29262
32799
30170
16929
20340
28240
21144
35691
20012
32478
22332
21297
56594
23128
68470
26374
21702
25010
25367
18650
54235
31026
17750
28086
24389
20953
18522
29204
19520
27371
30285
30368
6485
18035
22611
30656
18505
30406
13253
28793
33946
4887
13316
17477
31223
4274
25967
12400
35443
41211
22529
15614
33437
39210
24227
50308
86253
76075
74683
46757
51102
53300
93186
79223
46478
7477
23719
25531
26725
20336
26125
29611
15918
6727
32763
26199
26950
43484
16954
6773
20509
29292
20818
33917
24216
20103
28450
19487
19269
27160
16785
11989
23615
24551
29900
15994
26637
8976
27581
31525
32261
21207
33133
27295
27070
28862
15935
27295
13099
29123
16166
26427
48726
28256
21544
30041
44869
17316
30109
45060
26507
18761
49170
18947
34284
24094
25773
4507
17013
36797
14372
22433
25076
27084
19103
16446
20761
30286
32047
40490
24330
12200
32484
28509
13181
49971
58268
28402
25523
27311
18903
34295
25648
29835
30314
23470
36333
32287
20911
22454
33391
38119
28418
19981
17148
32332
18852
38307
25745
27517
41096
26295
20661
5387
30013
30282
34281
26672
47462
32997
26376
27891
19064
30618
21755
32757
29275
14380
20942
63253
25861
85744
25646
33052
36762
25726
29520
19894
36855
22029
29159
17261
27138
18997
27713
24080
16078
28005
28246
32922
38765
17476
29682
6338
25637
38429
36846
57638
20995
37384
102505
87262
51958
72670
65325
32670
23642
17781
26218
16616
27822
33868
17379
30379
28156
23731
5738
27780
18528
21034
29358
26947
15434
35341
30198
30556
26695
33778
24970
40211
55349
68760
91800
18570
51318
61479
20767
15293
20719
30219
21538
16450
44753
65155
24495
17585
19621
18921
32449
59817
23521
29469
24608
5490
30672
26967
42160
26567
27059
14768
47759
41193
26372
27803
24433
16506
25126
28649
31401
13845
25215
15947
25599
18796
29078
15404
27320
35555
14756
27166
16689
5356
18129
25607
27355
5174
25211
31716
20770
12650
29671
24927
28767
17480
25201
54759
36545
17851
35671
35650
27554
14498
32964
15627
22614
26791
29148
28297
26889
50528
48108
27494
31688
24600
39015
29125
37510
17625
28482
18805
40652
57846
32211
28463
25536
23689
32121
29689
24183
16404
25165
6309
25693
27002
43152
17216
26485
30101
21419
45304
31187
71411
15677
25079
27086
16579
30981
16811
30397
14989
16159
28359
31017
23520
31467
26690
23465
27873
15633
23662
26914
24653
16909
52810
38228
12513
9619
21323
14526
31528
25357
45781
27499
24741
20477
18125
7240
30617
13983
35365
24680
33139
41163
39166
29304
19025
43520
42973
25204
14530
5710
18298
44921
25264
26499
34109
25369
31278
16657
38720
29295
27176
28192
29863
32256
5814
26146
31917
26402
20243
28384
31283
4741
5728
27893
29070
26774
25499
15065
29884
26763
18692
28618
29426
18020
26453
55875
24400
15504
19364
5799
26990
34090
36327
49432
29853
27990
24761
28281
27329
13852
27300
14653
23040
17647
28639
54838
29435
18637
25545
33716
16509
18476
20590
17776
19303
24315
32783
27087
4948
14620
22316
17363
36594
19348
17848
31846
31185
16504
17332
65436
16342
25524
13687
25721
46124
17551
25953
41754
33448
53442
64983
56110
33376
118003
84731
190849
168793
240110
44113
79275
73583
30886
23110
30891
29151
21098
25265
27931
23890
28563
14970
33580
42815
16203
25933
26210
39528
25078
52363
29441
30093
32731
22395
20313
31179
17422
26650
29566
26107
6619
29450
14659
34333
33797
16993
18962
24367
32638
78543
61175
19143
34518
51824
36486
56796
24646
51779
26650
30413
19863
29982
35091
28540
21245
29726
23644
17734
47617
10233
20174
16045
34842
25991
18862
22588
23920
25235
15079
37331
24668
32586
29289
29905
20636
30442
29758
26680
40975
39866
21132
33028
14600
30246
53139
27466
27565
24339
19106
27694
39102
17157
14017
27752
13689
34900
25864
16417
28602
55240
23725
34524
61005
19034
13908
23955
5629
12434
64688
44612
91956
21663
31760
19321
19027
27861
29458
13852
25950
37306
28818
17696
12636
26947
23954
24778
27794
26304
36774
7147
31376
28420
23616
28830
9414
11737
27414
26809
19123
27145
33618
14614
38750
28442
5698
31896
27682
25616
28961
18136
23831
16054
27058
21111
23904
36634
28326
14808
31474
23931
4463
16108
23439
6711
25079
32638
15251
27385
21886
31047
25046
20184
25850
37961
42904
30661
8416
29372
16516
28205
30770
37809
19638
31762
31861
14757
27926
26861
23031
26682
16921
22056
18467
27240
21413
31544
29630
11740
6288
40691
21968
41518
59039
69142
21230
24152
27502
15258
27011
16197
18808
40072
11675
28200
10950
63733
6256
30865
21295
34962
13277
24588
37598
56946
16163
15900
19712
32797
35499
45468
24577
24455
27887
28960
66459
131296
110052
137762
103839
478202
80463
24540
116866
435567
92584
152612
37384
37424
129123
140641
77253
356186
38237
73465
209872
92038
1060163
187645
267471
120171
38220
93914
148907
163715
68018
124063
73981
38416
252598
178538
203821
33702
46536
52660
146329
89081
231543
79970
154982
137458
527375
196919
400147
47074
126063
71541
83703
56922
77842
107939
212315
410687
119157
30284
102280
359827
237813
295427
181095
329641
47113
222116
74294
705689
285058
31721
112841
112184
138928
104497
102553
141304
80271
93372
253788
135616
61255
123753
313949
37793
190877
339265
64459
49896
126808
24791
303483
180050
288071
58069
233920
45774
469575
150465
89735
386713
62536
39500
267178
54328
60332
391697
175996
113791
35589
73161
35581
40829
96316
55909
141524
293745
37908
58758
73560
247752
87931
31978
310712
67088
252956
33519
324798
145918
145071
632324
124901
253787
193821
338216
81007
221009
577892
89156
180847
248787
464622
671299
648132
430233
360412
203580
120015
127951
249078
70001
225265
182533
236918
46790
219419
31026
116094
491555
240690
113844
117496
666078
107121
83024
55108
96965
588745
247373
165743
30326
33779
518193
67438
198120
40735
159528
63340
94818
594292
90806
54489
59302
75767
33512
177200
39959
88414
89551
70559
85296
966777
53011
93147
79218
29382765
220594
29498770
202672
71568
82090
46001
339132
30208630
29929402
319119
56612
29875533
49544
29817322
65229
58862
29829589
29769520
29576488
65123
71307
29512433
108547
33713
75451
29616347
111957
50128
46412
36068
172777
76050
29979169
114613
29936771
29723969
175409
61990
29694155
29545321
83051
29485122
29426221
73886
108068
29466534
112231
138267
281990
31384
78308
29922156
29878103
29882101
29800729
29639226
397500
403560
89062
27489
30118283
30232425
30227251
248538
116216
30385900
187028
30384571
335349
34567
39599
50714
94192
102482
30622962
120631
30406785
104410
30397538
30455549
180499
30477332
30358055
128322
30323609
30308157
224412
101785
30361040
30324302
30190963
30079795
30091316
494761
29877971
29884175
29711761
29680481
288541
191364
29754728
29809507
29583375
29638575
304835
29668863
29988803
595098
30057981
281000
50606
30235728
30216966
29970331
29965124
213940
120849
129258
30138228
76845
113180
29963600
29962874
29841765
29911869
440581
169065
30156016
107689
66886
38530
30192953
56842
30263147
30280103
104144
219833
30641200
180898
30645428
187690
30713417
200367
30909802
30691392
249783
30753297
69690
32339
43004
30754397
30772420
30945135
489153
30937571
30913198
30531164
30513405
363815
32575
30508638
307842
30806531
134848
30776835
30694959
260245
65870
30957687
170730
30622054
124230
30615369
50034
30402808
30425882
160509
31321
39147
30437795
195858
46831
49154
30730690
30799865
30751040
418094
30749271
30581851
30231082
255685
30165978
30098629
30077726
280806
64775
48684
50003
61075
33362
41863
30117298
30062690
30004355
254828
30048579
30130636
30008230
495882
82215
30250182
30193520
30311978
258976
30292782
29787087
349381
79068
120404
30150750
30173442
91854
163484
30237763
30135891
29877602
29507859
29478241
199415
29430373
29451429
313068
29632280
68899
29365943
119132
29280840
29204590
29267153
249637
29196750
29179882
360977
29258746
66394
67461
29477970
408680
114429
47541
29639917
29774369
320990
29310755
29165050
28988492
71748
28846452
138591
28867280
162558
29026858
55804
28951353
28906266
28754918
28667247
368306
34083
150022
28708170
59109
141349
40789
39703
67830
28980785
29004675
28614605
28350029
231808
124647
36951
28591839
302237
28757844
154572
143947
210460
29010213
204780
28804164
67116
28970714
308991
36522
28970828
401261
29326314
224344
29371307
125097
29443895
131122
29286414
29307353
29168810
349359
207805
29320206
32951
50513
29172722
202762
46540
29163186
29173571
157678
29243348
264020
63866
29254768
317718
29743209
358727
29415683
29573189
320906
29512204
145402
90331
41022
29667697
29642602
29509107
146648
29572314
448267
47207
44090
29811142
29750864
29747745
193942
29858920
112635
29633764
29515616
93065
36770
52637
80533
29599991
104691
29572560
29627550
29674872
29708631
307342
46116
29436598
71414
30176
29464396
109369
29640336
145938
37369
45006
35172
29544797
126654
54194
29575785
133886
79748
29739527
100957
38570
33955
45540
29811658
76010
29988317
266905
43723
29901818
133382
143380
46942
48402
29758911
29805873
206522
29820010
92442
63271
538384
98154
107268
30417126
233649
143732
30987976
351022
31002439
30991212
184028
60179
31023626
223658
28901
31061917
31035872
31083456
213668
31071184
146448
31116362
121151
30782273
30889949
30579990
30618462
30465134
30297812
30154510
30178263
29603489
29512775
29478562
836041
29658323
204142
105951
29848602
29728394
29381665
29356135
334809
38588
29316941
86833
39360
54096
28695285
61590
43024
35442
48820
28765163
254129
28937776
168744
38186
28996077
29164165
29276718
381172
29325700
29357717
29454660
593888
43850
29410106
193993
29416668
29421513
123233
29320767
29349319
29319755
187835
126637
29682522
278672
42447
323637
30182560
29606775
491383
29780431
232253
203204
131273
30227021
30210480
30193189
254717
62749
29808551
79641
129038
30064270
30039629
30027233
787686
30180398
29710879
29712034
29656086
29698150
29689708
29666327
29746049
29606329
662955
29587064
142326
97076
29525680
29526859
29511834
161184
110537
29477367
29392990
75007
29344877
29273696
29255766
29047752
145921
28977745
29018868
163598
57017
245970
29210946
282282
29402686
28945020
28812046
28557940
209443
28687469
28587263
71017
28601781
28420890
28285024
301860
274141
28253952
64378
28286821
75648
28324378
28125938
235491
28247474
229938
61136
28355107
28333832
28019891
201248
188192
79225
28385778
329115
27923
28472147
28282923
71425
28216063
28128747
169839
28209840
28103037
27938205
264391
70633
27965805
90220
61892
46083
28086471
28053179
28022627
28043471
27953802
27929166
27947480
826233
27805451
43096
41913
27713161
75402
27838506
154026
27951636
158409
39722
47876
27939125
27859418
208038
27709613
169386
27678575
44331
27687141
41541
122484
116164
27866211
27901545
27798723
27841118
327662
27867665
132082
24575
27940565
27683910
27687619
264903
35441
29766
27699694
304497
27979659
27891017
27787499
27527382
27531811
27354619
299450
121437
110062
24547
27665387
27667595
278840
34233
76535
27427210
27455242
27290134
149002
71459
36824
67625
27395272
27423474
190916
27546833
27569884
265289
27854326
27888978
359186
34427
81313
31007
64271
27864144
27896850
27831768
27903360
267706
27836832
27578538
27574090
177810
74398
172492
27755349
40940
27466182
27232310
27155227
305633
26272
27237646
291949
27543181
27607102
269268
140691
80586
47795
27841352
193711
27938081
27930910
194595
168116
28052927
28056653
28084414
28004080
340195
63632
212608
28199565
27951118
27910906
27880404
27978976
27678553
317349
27758287
27249077
27203236
332094
247072
247631
225372
199756
27033877
198727
118769
26996986
26575211
148854
115659
26704631
152496
103390
58426
26899495
201347
156481
26906711
155284
27138856
27144938
26847388
418760
35908
26969948
97803
26829927
26850971
26800949
26569506
298745
119883
49069
62067
45812
26321745
26384491
26254005
244486
26316003
160074
26221891
188265
74020
26302376
73086
45837
26335624
26170144
25908701
338694
243672
165390
171460
68572
31866
26360485
156510
26404035
26301521
26229981
282483
26407726
43726
26265596
26342380
26524221
26485582
26421619
445460
26354005
39158
123994
26579625
26507754
337567
26394873
26331207
26246654
26164779
224430
26256425
26145664
25921984
464411
48272
26016753
182438
46539
51318
68240
26174464
111862
25470988
25002818
385682
25261003
25175758
177137
25107504
58798
24989641
60585
183675
107626
56537
136518
107152
42423
25553658
203185
96737
25773369
233862
25850052
25698178
220245
27281
43985
25758397
25607213
25635486
368260
25850810
25762050
25808149
166257
25818520
267185
26090146
195071
226074
77606
26376974
26322983
131385
26378112
242019
178614
26466708
26449291
394932
26639836
26603826
334459
60745
26987919
26908933
619092
27213878
27154925
26858110
26807208
26689697
268749
144022
31601
26833700
113384
26954136
26902095
245141
26729510
26437190
186666
26471496
59223
26438660
26391835
110046
73886
26488758
26502496
26153274
251874
25682121
249117
196128
26088035
125266
175704
33101
26123704
87552
25738938
25807280
246107
38224
25828315
25626219
263917
53464
25496846
25497557
25310489
162795
25115211
109830
25201244
25317988
911340
25969734
25888840
25900895
228709
102025
26061597
172173
26081426
79363
26103205
58030
26049512
99337
26237383
209393
26250360
26234319
134448
78106
26397124
103329
68455
166958
26510697
67456
35915
43778
26741014
26846918
465851
26950068
255350
52378
27187553
123833
75848
52907
252890
27603100
205195
159973
286344
28068188
173299
213919
73039
28187772
32817
28189829
125353
101752
53257
49120
28374509
47543
105330
28633892
28843150
523069
73060
50293
28914867
28960458
261294
69110
29097767
142909
101390
98094
29274433
29186542
29120720
29095691
217299
327889
29306284
262854
29265926
173013
29102211
74457
119389
29010740
75819
31248
496401
263202
255183
203533
29585825
150192
29537193
29165387
235871
29142666
29129284
29215836
205056
33150
29231611
48730
91552
26842
29483
39658
100217
29262877
29309788
175329
53060
29353755
83239
90505
288039
29567725
40310
29467456
29556154
29453042
193450
30928
29454486
29221033
29186034
29240162
29115099
253807
68675
29304356
29332463
29220190
29153644
29235583
611938
29322895
309612
29339584
129021
29665021
29500660
400140
48492
34225
29487467
29687508
29718595
29653606
428816
29516543
49017
142237
29599765
52972
24792
48726
29773995
29771407
29553689
29543945
29689698
29853202
793271
60505
29962851
29944828
29596063
29591036
29522430
296335
29501368
56547
29528158
29422167
135838
29574473
29512391
29499509
29169637
372538
108396
44940
29310082
29293801
29258259
29269207
491209
29302784
57610
30655
367159
73770
41175
40563
37045
30071016
30074202
30017018
368008
29776210
29699962
56854
55358
20763
29761101
37509
46464
59721
21345
29890972
354910
52008
39318
30013489
29877556
275012
29825760
29530233
250850
29694261
29579566
29417092
29572852
1000662
50155
30085300
122709
38218
30223655
29833479
219874
30164068
246059
120708
47751
30424132
30423036
30332274
254532
30371529
217473
53228
61281
30428691
30385750
30459576
30475463
269828
41431
48226
30669007
30609711
301521
43471
107981
64901
34057
29520
30683930
177708
110608
30705377
217231
52560
30763285
148412
30653897
30863225
499848
31106376
292052
31182697
138397
31024919
60328
51225
31058858
37472
47963
105981
249965
53609
31374266
68880
31498442
122142
47232
63705
47000
128483
87935
31524318
123806
31513010
68967
31655814
211144
43443
89280
67041
31924218
382000
37705
31984122
293949
32047160
45994
154358
95582
32347989
223813
50250
32568455
32691493
32286539
32293841
519330
76631
32381768
128930
32485404
32319843
32356641
32280164
32253735
32275487
32233221
358672
32277903
31995100
31979240
272815
31961534
50477
85902
67155
32089652
92610
32335884
310368
124449
32424575
115765
265126
32594584
32785056
32670677
327667
41964
67414
96475
32879899
32598326
32559092
312208
32505286
83383
66669
19483
79941
56290
197189
32983
161560
55392
62177
32850390
61197
151928
107036
145068
33203618
35795
33349868
33366995
258333
32740247
32370998
32254653
64454
32279189
29570
32217737
32271102
32242979
200239
32059745
184416
32193074
32151105
32231127
31893518
31775548
31734288
31698408
694017
259935
265410
31612880
31532758
31369462
31610476
31300130
845953
49861
62782
193997
31649503
156106
31270469
31344927
31347098
31357298
263283
61555
249189
124337
31743967
31609505
320517
163332
31755410
197453
50423
33662
31873319
31861323
31860763
31781526
31796638
31856726
31800492
772203
46880
32245869
32299340
271635
156682
32459174
32083657
274760
125534
32216605
214982
45699
69963
32226133
37207
25713
56354
32212796
107893
32301
256830
32451927
261428
110046
58894
32585465
51676
78749
42229
46540
316982
32724198
32741024
32757524
181677
50347
76385
82785
33092495
32990460
32812465
422279
32363097
32362813
180798
32347807
32404517
287167
50579
165292
32474723
272419
24672
32855799
215006
32849289
51433
102644
75291
82859
32795451
32839534
32809467
32688501
32523620
32318874
316702
32333817
32293241
237850
32114402
116049
31827920
541469
31633719
71298
31341107
130493
31455152
31243400
31005565
318332
44693
30920269
111438
30631827
64225
390748
31007355
30892801
120403
30653399
216679
30503
49105
30919536
161896
30945643
304255
31220371
30952805
31006915
31219316
31154921
483905
144459
30769958
105618
30868364
31054200
471744
119958
45564
31131641
170981
152012
31652578
317181
35753
31620153
89461
31630181
127827
31594191
218995
56299
55523
31674488
147004
31737505
110561
22698
34709
31482072
136847
43081
83032
31606664
31595121
31660407
31693115
31679665
434258
62513
48104
31777019
31773151
211415
31899191
31675276
167542
174149
31719276
136167
35989
31880583
31848285
31805491
149731
31666911
229126
31856049
289154
31652318
103003
31571225
31483
31441
314161
31901647
108015
31809706
31710938
31802607
31895754
698930
32121414
31948140
31855382
199531
31900703
31848241
31914966
31799405
31694903
501467
31973048
252897
57290
183862
32224391
178556
37243
32276280
245664
51789
32423763
101633
145163
126626
30743
54333
148400
32863881
32867421
33078684
378701
32937385
107020
54011
166559
33109863
95365
87858
72590
33238804
33316281
551217
92211
221025
33766405
33656233
245544
30807
33710570
33745897
110800
103201
33768820
32986953
33029099
33036165
359816
33190945
157624
41145
33584385
33522023
33337278
465039
33327461
33218701
33222750
33296355
447196
33088226
33101510
33023871
32945785
32544299
32455625
541601
67151
32831059
340990
35339
213052
32704897
32518759
32537229
32560236
434730
105493
105838
32983170
32707725
32799916
334413
32850984
173099
201922
35143
33319356
33103822
337163
98799
33210165
33100929
32876400
32758330
32607065
488357
32450681
144152
102122
92679
46192
127347
32666890
262424
32679656
32657850
32602521
203428
20804
32297971
111368
192275
102403
32500201
181090
140204
32425689
32353654
32189132
31795621
31691510
31498870
31163805
30936537
275138
45309
31009726
30973132
30925296
391902
62579
30956267
89226
30948120
121005
49934
73959
31004415
30966440
31014700
199162
31244509
217781
50156
31445837
31452024
31293338
31375501
31311816
31350508
31283222
30966414
30821576
30563777
724304
30413268
122586
88903
30506252
158645
30247402
30231797
132497
30352305
88207
49114
44726
30404652
29989160
29660306
29452843
529686
54418
29657201
166088
29726864
29801755
219307
85792
76486
29990922
30230238
352958
115459
30320785
246684
30512519
240074
250110
233467
131210
30930726
30888602
30788882
175610
43995
30917253
134576
30778741
283541
31031139
182655
43229
168547
34900
45335
31248181
284188
47914
80091
31648790
367859
31902650
193285
31690613
31634184
126364
31674368
52996
48020
31500330
31448189
31058074
246924
140513
182053
45998
31463364
85342
31508474
226332
105570
31656283
62725
188784
31927914
31520258
31399557
202866
32437
45000
31128815
31061377
231482
31081045
47683
31122635
117470
60280
82199
31307242
31388588
318944
31514140
224269
117550
31701566
31327708
210346
31256771
30961698
193725
31063780
30690594
30635368
30599554
30543654
30467341
529871
30137821
66773
30103024
95085
36073
162683
62730
100223
30352904
30131073
30157799
30170935
380795
39623
30166630
84827
30211782
170421
30404033
198646
97148
91878
60428
28056
30389373
30236045
123158
29949231
154867
29974178
31031
29774753
41014
46410
29831052
29823959
206741
29925485
107693
81224
29986954
100768
30196263
229414
30134160
132474
28152
30193681
188573
29622
30217260
159576
30076452
29779871
61388
216821
100760
30122367
188947
33993
50736
30077520
30081360
307756
36185
30315129
50856
105173
30271475
30229887
211033
29967395
46417
29926170
30009565
29693265
372026
29938084
67008
91678
29707159
40495
55960
59661
174207
29833380
56087
29799219
29747875
218331
29839253
29633018
29686621
29437693
357661
35516
29358604
135632
29104956
29021164
287791
29036331
63395
124448
163177
40533
49559
205192
29347040
70473
26560
248571
29598879
29540881
29538519
29378189
412204
176580
29473239
29438178
189828
29543289
29594429
29551539
29458934
29397676
29494939
29344599
29302684
897086
62755
164638
46572
29799634
29740770
29786124
279789
29523187
109556
29481357
65003
245108
29722569
79539
45850
61543
29405102
29376887
268455
29495021
29523403
29588394
368383
49418
73401
28400
89696
52618
29517863
175276
29611642
29616161
131609
190741
46030
21444
62155
29899722
30023777
29793937
350079
131885
29911737
58499
30078748
190236
29849569
165722
30010770
356192
203706
36450
30220603
173814
30180102
205249
29785790
217403
30175
30047665
177187
29878660
29777033
63097
76658
29716466
274489
110034
29927385
29924956
29453007
29484721
578777
29533849
241957
32526
34977
29567389
29447032
157128
50177
51119
29514063
232863
46353
29736786
95155
43033
54459
29787875
29640718
29271183
143133
31704
239382
92581
31198
29649131
29721355
29545183
29523707
282154
29555312
207610
29554630
41913
87898
35239
49303
29632888
29659280
159966
29643582
29513362
29388095
29429885
249410
29172228
28963403
28982651
550790
29339772
140602
29345617
28842664
28836868
133736
28907948
28818795
28513387
28449404
231184
28187062
81292
188041
28247430
416119
28601771
173742
293847
149321
29075728
29073714
322565
29230127
111248
75056
28862534
28816212
174338
26288
58144
127718
28965012
28985502
134144
29085723
28845236
307195
35478
60495
213392
49326
88498
29232396
50198
29085680
142579
29151873
51491
29090244
247449
41002
29327807
29364766
29367253
195405
175022
29560252
120993
29412170
239785
29899349
341522
32276
29935115
56299
29860439
29879774
286367
231578
30068020
30349691
619841
165916
47663
157366
111116
56427
68752
233702
31382254
140436
31131258
107407
77048
35373
26303
31071107
31124234
150923
31225681
108396
191071
65738
31326636
31422922
262122
29740
31659606
279975
247666
31850065
31895968
320733
34036
52447
51052
136173
26148
32323277
29061
32317863
32281117
32340455
32347655
438006
51353
315028
146547
85843
32904533
61611
32867822
119758
36652
32794983
41442
32590790
32642478
32737323
32532035
32467350
345752
32478323
82249
32344572
115868
32202009
32058918
31890572
31536365
31559939
31586643
513876
24362
31708599
31754363
31580164
538221
43747
31383001
87488
31061046
30870672
30825618
186771
37727
108319
44225
51180
75382
68636
31055187
31045721
225096
103391
55839
31277893
68178
29355
71833
102516
31476440
31556629
506169
31395944
31358342
31313039
31084927
31069373
525160
31262722
191723
31314220
31257912
181500
31243117
31282622
145428
39733
50317
31276052
228714
93489
159885
31483096
212619
31454550
31205626
31127902
31290586
365738
41949
66224
232433
90984
31737844
69411
42519
31663873
196913
31737511
40596
102852
31929171
362365
32118918
32103833
335018
32167214
32273802
380687
32329441
189590
23355
86571
98854
32375362
169981
32328466
32288889
79854
32364319
32162362
32225518
266590
32057365
74947
56769
117117
51908
31978743
31934809
106775
31955672
133980
31947035
40622
46323
31973797
31875771
154218
44555
52983
31999463
114241
32050957
31989816
31728914
181086
31703616
107554
86641
31696361
31583109
103545
55089
31553314
31590519
31165691
31099028
211756
31156326
168673
177262
31215048
98412
82963
67596
70764
86263
31403814
290537
98163
31754510
132438
73146
65917
35879
38900
53599
78568
62257
31910990
31910501
31819067
31819202
31682213
31701216
31536044
388376
31718494
31627767
330541
35175
31582932
81598
31618721
31515318
175792
35322
31579713
98250
152721
56833
31734189
184066
44512
36885
31764848
140149
31766029
115476
31837229
176533
49127
56105
61000
31470852
31052396
31048907
180197
30990433
86457
76807
31023626
30859533
193005
30959217
153250
226456
160021
40370
31243847
132986
34953
31300249
85668
187417
207047
31672536
31806491
433533
56204
97143
79597
98274
32157165
32117738
185600
89160
32328911
144260
32229857
31750200
158565
29665
31914857
31797151
162446
28133
31806785
87279
300592
32119636
31836822
32036787
751053
115965
32614849
340065
73089
240906
34745
32915208
141883
80372
32891581
32746411
32569755
193684
32443
63380
32523916
32738721
32332269
32255985
32378394
494154
42655
52639
171030
32422213
61937
29482
32274515
116575
32474423
32147835
31827901
31763620
498711
61150
31820605
120609
98956
41988
29611
154132
195296
50107
52542
54345
32126395
32137391
32159854
177938
136758
86757
32307346
290979
32166212
32121166
31898850
331806
31961478
104033
31862532
99330
31963391
31940200
31919837
260827
108441
70233
31810520
31746725
31929742
336357
82918
45792
42015
32240996
267052
55118
31946103
59679
31998373
185756
33128
258519
32332641
132375
32433117
168698
153906
112428
32570554
32507175
116151
32458530
146736
31557
32557294
119409
32610804
32580567
32643164
32590914
285849
44647
53484
32570639
48873
217475
178017
32900114
33035980
273454
122661
101244
45904
233714
33119935
72133
33164535
33192340
33214366
158445
35334
62087
153556
33313407
166230
83444
33371025
46989
107266
69713
72323
33612578
102704
40249
36647
90155
33772239
33780223
390083
33820717
33391359
135743
32959681
178202
98195
37065
153023
43752
66099
33235678
51760
33166440
148972
33021237
42726
33005803
163338
126292
55831
38110
33086439
33058980
32896506
32857266
32463952
32468897
198244
36390
32372882
79977
72377
114562
159847
32717434
288370
90138
32859447
214156
32883364
32877115
311684
36606
105507
27684
33093246
70480
155990
52406
33178363
32746712
162673
31214
32751954
32706972
88535
93011
25748
32983
90970
59910
106657
77609
33094085
332611
32928371
61954
32726125
286253
150069
66779
32091235
32088464
134292
32042324
119467
32115025
142113
32182956
32018403
32062231
608034
203684
32135274
77337
218114
184301
32363957
32563201
32325445
32357591
32346601
32144234
875711
120592
32296233
49592
101848
31875810
31862653
31911082
32039288
463010
39039
32281059
32270796
448907
32371944
32345419
32287089
32245349
32158841
225992
32317506
184430
95483
49041
32400941
32319718
238230
84944
200650
32682615
132669
42071
59068
32735016
42016
48817
172065
96457
32798632
69859
32923194
32859539
381067
88968
79135
332670
63747
77596
94384
33359233
33337704
33327967
33381430
273950
64155
63473
33376643
166144
33455279
33158135
32909460
32822914
338636
28407
32751571
32575879
127908
71749
32626393
32604570
212119
32727166
181687
174529
80462
32927940
67347
84118
34180
40697
141856
33230075
33344905
800110
82712
62082
34185850
481089
69885
34270979
83495
34257493
311614
34058751
203471
34060002
34074966
105696
86028
34222732
34065517
33710622
251571
33682613
33564659
33519589
233192
33360125
122667
33227157
102576
33131358
32945676
99069
165296
39708
39356
85268
33345071
223082
33045404
187355
33116850
33199877
33127734
251749
57203
33229669
112918
52829
33195150
59977
109378
47326
33318296
97878
33185021
182170
88235
33432626
33276041
84619
42506
86602
33339113
33402705
295076
33587056
33430317
118012
36601
33320450
58769
561984
39102
36691
323319
34240424
101452
133479
180835
158408
46540
34730975
163953
34831033
107008
34771463
124316
129447
69097
132360
131999
41153
86602
35373096
35306921
326906
46683
61046
35618716
106985
27606
43500
35882554
293701
68882
36039012
35998861
409914
35970705
35760728
35390981
405352
35285770
77223
39216
51340
35370690
305499
35702370
35799199
222660
35770882
210970
35815869
140087
38418
230370
36113607
35973170
197469
166861
36116570
53378
87737
36208784
36244794
36196559
415748
36331017
36162366
155868
36004049
36174522
36052739
414466
35966422
35980625
36847
35910026
36103069
36122486
370507
53111
36249989
202215
36184742
35710446
35644671
35246543
194269
35290797
35089318
476371
35100985
34827044
96748
34964694
123123
44275
69123
43228
35069322
34888761
34953272
188077
31826
35046206
160604
34718566
88816
34947070
34677477
297932
20076
45160
57026
34194281
33744899
68403
33730641
33759881
33650634
184551
391134
59937
34003345
65934
33872108
33831285
33820617
33816924
311371
33712749
33729073
33513032
33486326
33439300
333477
33502516
33531440
565765
247134
60957
48663
37401
62816
33627965
195061
33875371
225044
34467
42382
33917486
179321
55674
34057193
33884574
404313
33886540
66875
153632
34064235
34028895
396902
34165802
33991774
33976467
239772
60669
93408
79340
144565
34540880
34395524
206212
34474400
121732
52389
34512332
34351493
34253762
34142742
33755308
33682118
33445515
33415915
561115
33352548
141539
67997
33388615
33341371
33384829
33428444
33383010
33316108
433703
33126283
244653
111758
55689
173972
33337470
32894833
32825629
88672
32843226
32819377
142126
32866544
32962428
624247
66803
181714
33111396
133588
24285
33016229
33049478
167831
49658
41122
40055
103531
125075
33251022
33278675
33144152
277742
33015785
298659
33022560
421698
33361146
41475
33344568
41670
33035800
33045592
68607
33067458
33135207
33132633
33114463
218133
33245599
33009648
32583932
338160
32556794
32566501
32176227
32111014
264007
32089557
32178174
32153455
31704741
31626951
429970
63481
29460
31672413
45304
150904
31356187
31341557
31394732
255416
36095
51792
31515
38334
54991
31425978
31299599
194286
34324
36793
31524848
246322
150593
152212
306937
32032487
31680410
399809
53930
55254
103904
35653
82090
101149
31847451
31684963
31839987
31788270
31828161
31822020
31566850
704812
31511524
113556
31593736
31511589
180659
31408593
252688
31298676
31239574
205467
31344835
171497
31428824
179916
31686141
31735520
31833795
454995
31791810
142388
51725
46425
31830147
310033
32147139
217727
98097
31871771
31782178
151433
31623222
31404940
31367481
118350
30835513
30900389
374333
130048
84299
31247343
200155
31197204
31106667
225414
30983909
53218
31012735
35674
31141
31304
31035674
49342
31131141
167777
31947
57042
31095028
31197670
203035
31048289
31011974
38027
45787
30902875
30768771
341593
30406127
30320795
29421524
158713
108633
47741
36580
29644592
29459478
29418071
384174
29401680
283955
29488321
29471965
29517967
352598
29564186
174228
220949
29886974
129594
154577
30084395
30099598
280714
30103686
30074246
30167340
30249555
29926466
29931868
611340
29845770
29834022
29900252
368712
29900196
38646
235063
232165
30227131
30137446
186900
30214716
29969772
30060813
29968567
29880818
263923
69912
37356
36803
29794238
29851584
448942
30149409
29271239
28911447
28863021
28785754
28432416
633257
28405515
28121519
93545
159601
56424
28166983
259177
28179518
152951
28274020
182780
122527
28202445
28145263
28150163
173016
28008210
82792
95078
28134793
260439
27908049
27815671
27754330
227619
27757579
57615
41633
49785
51596
27583670
205280
72577
61775
54432
36658
99229
36097
62575
27981229
209830
27914168
173674
27916405
27889335
220732
37908
47823
27992098
27765995
187043
27763681
27672191
27580527
254415
27701949
162599
27790300
188785
28005069
212552
35116
28056242
27930749
231598
112929
198303
28268689
28135488
28177851
254281
28198224
89462
40310
89674
138161
133734
83196
28620932
28577880
201853
28556520
28383656
169371
29349
28396833
62833
80344
28557581
178575
83359
28583289
28513088
28577077
28529374
28420796
330584
61177
28441733
35784
36309
70352
91037
100171
28458508
28653405
28508736
301614
28674455
28565195
229745
87874
28698567
28708086
197002
49443
28665002
362427
28638643
175298
28791440
185496
29011632
266777
48260
29092759
98991
96558
29264984
249332
64901
78861
122583
26771
80127
29577753
110553
29577915
29587348
29571189
29478267
237190
29359663
28802780
28556302
28537421
318624
28139454
28165337
195485
90910
28332347
28375120
28409809
28191675
717415
73188
55376
23261
28534393
28539357
166741
60674
28131146
28176180
208628
57884
28445598
28236240
385311
242923
154466
28159217
113865
28176564
126625
28261442
28290099
82213
83215
28459113
241930
238065
28590620
28580874
28573535
237379
28470585
220407
114979
152689
35839
55301
28917731
116704
28930506
81689
28586
30170
28958729
142718
29160917
29316417
401843
29228349
146601
339081
29447792
374758
41675
29538086
127066
141838
126382
95635
95823
30096426
359354
30382140
239924
420051
30914339
43483
30545938
30362817
30035327
30111577
30119394
374134
29636491
156675
29774264
158939
29851589
98070
33374
29764973
220577
77114
30013739
193749
29709702
330819
32130
30126898
272206
91220
342188
132291
34627
30776610
105210
30837329
30830076
162449
30793084
30821098
30839547
182829
30884408
210048
30831200
155492
50437
25790
30961755
37525
31113996
487332
31396047
28267
31433187
31336106
183541
31385886
31274455
165907
31372624
31301116
211796
37811
255620
31611177
31542414
31421509
194819
31487290
47017
31344816
31215324
212210
31369755
166453
66944
25937
31195672
30575083
170721
54101
30687507
30060327
30106649
235436
62141
139482
29949614
176103
30189696
30169621
30269044
312079
30291326
30285727
30210671
258432
123965
118120
30465618
293075
81984
30728320
30538452
294555
53910
30766459
30743364
30684022
30403438
30356548
316077
30210633
30122293
29977807
105402
29617166
29686811
29684894
29589047
29694152
29765999
29599345
617068
29555215
99133
29284247
68642
29390079
29278244
248947
29389483
29358704
219236
29460866
29406363
212322
106464
29623968
230861
34810
57107
66032
29639120
29651502
137229
95883
29899069
218523
29981946
69633
29740030
185742
30021200
30037019
331582
30112593
29878194
544585
160515
30130548
30079500
29976239
29883864
217355
67142
29906611
30052980
328177
39368
29924703
42095
101615
29671785
29513573
119956
37993
142401
54885
29565952
157414
29608470
48188
29580828
246447
77603
29709470
29632878
98659
29520367
69746
262170
29748525
38859
29768766
29705834
29635471
219672
31497
29895478
340312
172582
101647
29675633
260166
29817145
36089
29707518
52532
29872605
29802821
268834
29900579
29967223
29875446
189226
29875870
151119
29649006
29707702
29560506
210962
29479614
29578162
152330
78348
29403
29533442
29533476
29474767
244999
29214275
29017881
28908700
28856623
252939
32502
28911375
134816
29054995
29096802
28899403
258740
39595
37087
43239
46738
50014
29005748
29017203
29064038
28966194
335995
28823183
28507560
28475764
28317752
28268573
28431204
733066
45128
28542534
44417
28625709
28601324
238026
141225
186524
28859393
28754273
148484
44331
28767101
238742
112111
28973368
29019984
392513
102674
166897
59840
29312632
42971
28883631
28926132
113544
28961147
162870
29100971
276032
68545
28765259
82958
72814
28882882
28786703
244933
79185
96747
40885
29020423
28996236
140437
28846256
28756795
28701870
157473
28690997
28736067
292252
28867135
143486
85151
29413880
493294
36996
68700
104266
29407621
29298652
200354
29319022
29160500
29160073
140624
29152949
29232100
289648
28905338
28879846
146185
74446
164178
29040178
98125
126895
39988
36153
39373
29111001
165488
28931762
37697
28840614
28470877
28463389
299568
28541281
28612622
214383
34961
89253
29311
28980928
28948867
429265
43619
122121
57098
40251
42007
39488
40800
29175842
29151364
261434
29375264
29411943
29364614
274062
29218528
261485
29219608
144058
29181079
29162262
210156
31264
27729
32348
46179
209582
29348471
113741
30841
177665
207379
287155
161793
30071082
29925882
30058889
29978415
752197
30107784
214277
30266416
101285
90086
30324937
63627
105885
159410
30638861
30675265
30475024
342100
30359473
30534697
30575472
294128
30518663
30099617
30123280
30043231
29832610
29786548
414348
29826976
160803
29171173
146845
31122
157070
88806
29414933
132209
28964361
78849
175469
48326
169162
29097708
303258
149180
31698
44277
29098598
191057
29176153
59084
59373
29121924
372608
47176
76653
29505293
29352221
73530
29529388
29584112
368295
29505163
171501
26469
29528989
44808
51941
29487504
75817
312508
183665
29776330
388846
29976280
297491
29773807
214054
52211
29474705
327891
29226
29574148
177287
27356
77881
29706205
110026
78800
40054
29817311
29863491
237644
180693
30124970
29917322
123157
42712
29971180
90402
124443
71584
26756
26004
30092278
102985
29897612
119746
29758601
29666396
165190
29768132
69151
40718
61704
29735297
29797118
29727019
214961
70507
29911901
29586200
29534544
29520169
29487789
29544272
340419
29576126
29356082
29350524
29544362
29469412
556325
35424
64500
42612
29589534
42470
29480216
29382136
492647
29495071
138284
130822
41007
95893
76674
29839904
99484
29805365
114064
29936561
29957488
343109
69082
179931
30220488
69708
146242
53551
100051
30253278
29923650
168592
93911
28519
32475
105226
70394
30422858
30323689
443260
49333
30232348
30303734
30365037
300972
30825
30447354
30437896
30544446
30540249
237288
30532169
30389369
127900
40896
30467420
99739
30479857
183274
60341
30634073
189372
30647008
30621568
258812
128741
30915518
217410
32547
31101870
405055
31393456
31373805
365173
79914
93297
31508715
31525573
91431
71553
31500253
31446997
31126403
31037829
31016796
30769539
343074
30847655
357191
23844
71475
31273096
30940817
30863167
30801028
495964
267691
400810
33450
60657
29437
142068
66086
28738
74001
44274
31955572
45431
31699299
29995
31703902
31622292
48747
31620294
31465763
31523093
518032
104199
32176391
537250
32315544
263484
93626
32479955
86336
32378233
116556
150919
32453634
32430128
163021
32243835
76592
32246976
42798
138394
220405
32522231
136016
32404641
139302
217423
81036
32593833
32700013
278795
32809161
32496234
84947
32426211
282793
171567
36192
32701559
32575116
32424793
257465
32473321
32446185
32415472
201489
122490
32661326
32603404
196043
32760768
299957
110542
32783555
32917205
318276
64104
33420257
33304523
412814
65193
114904
31001
254858
68181
33695477
176929
82434
41672
34035040
34077334
34040963
34076524
403084
34123071
262897
107174
34297930
34223006
272764
39829
34298346
34238223
259935
69545
34426731
34227475
111986
34308681
72550
60910
34339631
146593
34366402
34365154
34336659
267300
34438955
256110
34500638
73687
47063
162912
34791847
125707
34572091
34482357
255816
34514420
34584938
34300714
34294098
34138272
33722002
33604960
33245248
354956
142169
61098
93830
32557
33566772
33604181
266015
74519
33577711
33422685
167426
56222
33449642
285458
33677948
33700986
255387
72052
240170
53035
26194
153940
33855875
37888
59541
34039944
34133945
34125564
447659
34284073
188899
28512
34351547
34288892
34138031
251241
33688648
33483271
186516
112503
227007
33783165
137349
33828173
114181
80725
34115102
34150797
34135010
34128520
571801
34332785
34350125
537617
69382
34327620
288386
48450
34460553
34597079
330314
117087
34608690
34620845
34815486
34929427
653660
85404
35044048
161860
178718
34859670
88478
69480
77712
34934910
43347
100524
44680
67873
35007563
35091213
34899961
34853511
34924514
34854089
648928
284294
56596
34936511
41082
61775
34972796
34971141
228804
59435
34908483
34154455
302825
34075009
33901882
78678
33652185
98121
33583999
71425
33387985
33376298
246679
33099956
81833
33091442
33044359
66374
131598
33206344
154002
33100583
85706
33189973
33203301
200352
33293179
33359339
33313992
301645
32838
181037
82950
133194
33662072
33536608
86085
33478042
33677658
305425
37690
33551890
33478754
279617
27303
88789
33166690
52986
32851965
32818924
32859341
429611
32645254
32719152
249891
32552134
82588
183831
49323
32681749
32602747
59373
32567249
32650849
32048620
31839082
421961
99937
72127
31910278
120085
101156
36563
31677066
188263
31693091
31626844
31430403
186345
31434770
138238
35066
53281
199469
31442746
126027
31526851
67871
53753
43063
31533157
31259776
140902
106034
221331
31605574
31515216
114339
31595690
31482791
31439688
31387313
184013
31441388
31312619
181765
35194
31384882
31522326
342988
170857
31737872
80323
48406
31788327
31820959
159606
31793908
31835823
137983
32037798
31908240
466972
31884167
98850
31927117
31877185
262538
31889864
31647266
31302679
31289746
425310
36653
287565
31586882
58557
38487
31601398
31512524
114349
38463
24452
67854
31146025
227468
317092
31667101
31152786
31216665
447257
38587
31230272
103157
31292332
190518
125377
31499206
31492879
236385
31594807
147862
84507
110249
31719657
31773205
31795076
259767
57855
94175
31970238
170579
42698
30543
85769
32165504
32104405
284238
32027612
32008785
192176
67116
32122349
60180
31807448
129152
152389
31727601
344626
64652
94769
31800147
31933147
306338
64665
121779
41417
243132
32183082
155444
32265332
32185306
115352
32314970
32367500
226678
32394607
247615
83582
32737123
32752768
32748503
32313369
424799
57009
32490523
388521
32755839
32713938
92171
37123
32562331
32216043
32211770
224133
32209322
32192416
32147493
371778
78979
31738185
74407
31080207
56422
30847104
30705381
30779861
30575289
313212
120532
33987
30788368
30797313
364400
30911785
158163
35133
30758582
30737283
30442542
30325659
30236778
279534
30244423
85447
126647
111519
54008
30401802
249444
30341887
222454
30413991
50527
30440448
152636
38625
30498863
30429116
108130
111619
233718
27381
30776927
30575823
143354
30578785
174811
65502
30545803
30440368
30371990
216784
57522
76768
30130644
264327
30197983
210280
78098
58287
173169
30219653
198154
72946
49778
138793
112208
30279642
30525992
408007
62749
30597367
30647519
30593135
30294703
30287892
30036929
436756
30189598
29976828
41523
62136
58921
30128992
30152121
279025
188517
190155
30409086
30428426
30465374
30445231
316297
117711
205534
30528626
72326
30545320
30269909
30274247
30246830
326727
48730
47439
48105
152189
30481618
30404245
351320
30639095
30739817
30728064
30742678
30775119
589203
30851974
109983
59754
46127
90217
37747
30697704
68975
30641970
30600624
30669636
30547378
280660
59415
30281265
69681
30373697
292038
135423
30212018
110524
31987
165581
42320
102824
25728
128660
152409
30526337
84838
39125
60016
30556896
229349
63920
30689157
106585
36659
41206
131896
29140
30759801
118593
216499
273648
31346171
31393150
295331
39842
47255
31417247
31360743
141911
36562
31471196
31266297
31203360
416721
42777
40497
31171489
349968
31304342
31216328
31205865
408589
31189935
112497
31332035
31046843
30610505
201226
30476301
79334
30358753
127802
30452480
30223232
150192
30020480
29863261
29661709
29611513
226503
29218386
64500
74527
29219186
44129
29238163
158300
29240338
52079
51738
70265
29351725
149017
209748
31565
29667339
128396
60995
41330
70723
28226
29477400
126764
29451541
46532
48756
83979
30172
43904
29533287
29401224
373357
49211
91942
42944
29582982
29587906
91991
190403
29921207
29883905
221326
29809091
109437
116337
29972167
29966106
29884516
29857701
29870501
376482
156706
29994288
126086
30069569
178918
30002853
372052
30401530
30287463
184201
30150456
30146056
101709
30084060
420042
210207
122778
30495761
30456172
75550
30353863
229793
52011
30327572
30299971
30157538
124047
30183161
30051388
126397
119347
114135
30185593
30064984
142041
30027648
77223
58889
30027366
123813
39191
30108203
266876
32729
30203146
30112453
30028157
30076784
30057404
368541
29881242
29818385
154344
29763954
165331
230448
145382
44661
55313
195882
30202983
55125
30375918
30310127
30155102
30053150
435481
46158
100386
95699
26238
30316576
30335370
187520
40557
30072174
201055
30234125
30235194
30274152
30304749
376181
30362056
96943
30429078
226004
118990
55084
68062
30784609
30690355
254842
30666266
30492465
167283
36263
175085
47600
30662281
30549489
30548088
30544722
207604
95498
52333
30416308
30289771
30272545
147425
87673
25231
30343623
30375147
30436061
418356
33610
46730
30736067
371632
35638
30795914
218672
30864813
30678993
30562716
30566268
30447473
474418
87255
48869
30156224
254115
46811
47814
36548
35351
41289
30535646
30399700
234968
60835
148279
122463
30553986
30455390
30263822
30221341
30216500
29982914
464827
30059283
30048614
29890733
29688598
29688090
346000
29561598
29712099
464881
29835575
156709
85374
210233
30184332
29992421
29525983
29417612
29002924
423519
29034731
29041373
132279
28993767
28993361
29027169
258120
28697726
145306
82435
28793970
28679584
288706
119056
28997059
154851
117163
119345
29160264
29085122
29145815
29102611
464012
32179
76509
45432
71886
50239
29577021
489540
235868
29960494
66172
29729060
35167
29709874
149281
29769548
29676794
143649
76539
202519
84467
30040611
30150188
30243382
30100654
30100777
29872148
29874874
29863617
824712
29971119
113080
29929828
29948785
30046231
30132040
464931
30133051
29857301
98624
29660667
37765
29570916
29626981
29492056
29490796
272194
29141116
41092
28115
37439
36909
55567
29187730
214305
43001
70484
29464309
104263
136203
29474469
29505042
29468638
29213764
410274
65633
29344753
28839621
28726141
28444335
28475367
28399042
632408
28447811
28441692
191230
28540281
226179
28767613
148789
28690629
106880
154754
32876
54985
174785
32233
29153335
28998254
28957660
28874675
28831790
28802691
28707334
28406302
810143
250292
28546193
28697310
302473
28765638
28806510
28415858
28401908
28178840
363353
41363
28239211
229841
101660
28531321
28670389
314324
229155
28913909
28838455
28671949
28664618
183325
51699
31478
28635727
46943
54129
173597
28856100
136044
405908
87023
29424843
29337638
29304760
29009204
414581
110534
59050
28725626
28698670
28614933
476895
50897
76636
28593191
27907919
64919
27863343
27821696
141186
100855
47313
28150642
265014
36561
28008651
59373
27889913
27892522
149349
27930136
378431
180640
58030
28062314
54759
28016798
49036
56212
42777
28134742
27903954
27711221
238708
27737550
27731246
27739738
27640298
27605861
27599378
27580756
27607120
27572169
311091
36578
27573278
27545457
27445227
134776
84076
32318
46612
27481896
27499722
27340426
27033793
26911174
26879958
26805866
284511
26689551
26410423
26426940
240053
73574
70627
68839
26399965
26371881
52662
55803
26398081
37479
103044
26299691
335181
26568714
26592003
26594748
26656820
26357251
26255223
567766
26783348
26480083
26513603
727201
92514
26713924
26737686
26457414
26031934
26033102
177243
143983
26068645
25901342
145508
26021200
26025155
26010243
26102675
271382
96384
25975083
25912263
91703
58009
26009242
73515
26287
36771
69638
60364
61749
88427
32895
64230
26244906
25982864
225335
25949845
57414
25973757
169466
32336
26086056
26113293
26175323
26090404
377437
101616
37433
158775
43133
26340738
26213984
25682713
25609144
25612395
281855
25588693
42195
25561165
71355
58186
25281362
25268536
25220058
25101314
25142721
331014
25474930
385087
25541629
169189
25506419
92312
25415965
168587
40943
97225
161849
25360158
73380
25392240
25314769
293356
35005
116670
154014
25891416
25874579
258145
38623
52248
26081930
279042
133690
58599
26196784
26142991
26044131
26151790
334420
33385
26213696
26013683
25973268
211784
25926703
131138
131032
25901938
429797
42386
26112140
26100306
26198889
26057647
26055645
25981484
25762166
538280
81271
25518242
25506325
163679
38486
51985
25247461
25328793
25339772
25328898
25335464
25312644
431713
25167366
293025
25453220
25399460
25388109
25457890
239185
25474806
93483
34787
130841
150008
317306
33502
60011
113596
140116
26095370
277454
26110192
25686776
25694091
63555
25638734
25592742
156352
25686556
25628766
178111
25640603
25612678
25613717
380426
25886161
207122
34055
25839676
25788189
25763599
394447
25710373
94582
86514
25500532
77415
51548
34828
25548165
211720
25481462
51164
96938
25586789
25123855
24730437
200895
24741203
24867207
217818
24785884
24806544
24446740
230896
49167
55315
27027
116152
143783
60980
70817
26627
174592
24919876
53224
65876
59405
79086
133652
62660
40788
67198
248626
49443
58887
65554
105220
25647538
116085
121428
25866838
25905982
203685
44906
45919
26044247
206503
26088532
90926
42341
44379
100063
163336
26342112
26282773
594899
26639638
26633194
26786180
587174
26735855
26771824
180706
26764158
100037
84892
62027
41337
26928875
26903891
148896
41580
33499
64294
47410
27268879
312396
27344626
86296
27571782
335822
27643770
27550035
27456976
355742
27264264
227102
35633
43106
322164
27970134
229081
27938865
369003
32515
162089
28441509
82595
122258
95246
124297
44926
239192
86802
41702
28927739
86209
28871209
93946
28732067
28755093
28851828
412772
28864186
28830022
92315
79703
39940
57874
25988
32877
82131
29014327
28916262
260856
28983777
28940689
28494963
264367
28572481
28671409
361968
28508279
28455468
90401
40940
28583662
169471
274876
119429
81080
25011
29961
43071
29239
29282456
328433
29428713
40154
29233441
29130672
140707
33697
29119086
200916
29240270
29442966
29687614
682230
29709940
29538812
77211
29262933
45909
29163210
60778
29143993
391284
29317419
29368135
222280
39681
29450575
29491552
183188
36772
29239721
140451
52978
29499
59434
28746303
81744
50794
28829696
57625
197544
28974377
88588
29036784
208299
29014056
208815
28970104
28881832
111775
28759315
28779830
201398
94577
122040
29053775
80581
27409
29084525
55951
28756647
118739
28759201
28802830
287449
29000188
216395
206190
160228
29118331
49797
98335
28947092
28994228
137588
45682
28854474
124596
29129577
29157205
285250
135959
29254981
97694
29376594
29429420
29539052
339724
29555446
29646062
425385
39577
42029
29969253
29910394
243011
30124140
30090670
30143802
30147821
281349
30184641
30172405
30148868
238583
30197864
30200874
276033
27509
41682
30400281
139360
30502972
104731
88800
110947
30611522
30692328
208266
30801616
207754
30859410
30902016
349198
30934410
30852440
332855
41997
46303
56064
30925886
30951761
318501
31045163
30992275
105934
31125109
31149813
30546301
30446070
30439675
324684
63072
30305215
30395977
204418
30412617
30421111
221128
109963
30699833
30615094
150348
30658398
88643
30598482
147640
72929
30771039
62594
30717758
30622888
97375
121325
99351
137506
30937262
31041321
30961621
30658280
421122
30710730
30704917
30757954
30610046
307044
30618554
30574439
30638979
30471007
30545296
499054
30593194
49278
68899
30580073
30674826
213761
30698954
347128
30989181
111028
30936491
48561
56975
31071461
116762
31055732
30999490
30888995
170480
30614135
30511226
30441864
30505854
30156293
30155136
30147393
558858
38351
29840553
99059
84918
180054
30095129
29862620
190104
29984833
29984293
30092098
588469
30012262
29921750
78914
29900870
43124
29964921
102486
29865656
29549615
154217
29340887
106736
115683
101544
29483611
101320
45906
41983
39684
29450126
97268
29482459
103336
46324
46485
32643
56928
29582966
29670945
29684963
156373
92304
29893800
457676
30080655
267196
30351975
220032
60720
30370577
30301054
30274012
30194464
30180741
290970
71956
26362
62504
104236
30645275
214111
72283
30483937
30471519
30591588
360459
30595785
112960
30615383
128473
30928
97764
30113813
29944418
260748
323011
30265507
30368043
174182
77313
75532
78300
30584753
30546638
30522323
307399
53788
30635906
30661907
207739
30662846
30629646
30353840
146444
30358186
30312278
138477
30311110
30092684
30046975
249151
29902990
30077356
375832
35984
156334
38587
221074
166876
30541872
30534924
74635
55302
30582687
30542921
107971
32725
80236
30492454
30558550
208378
113848
30803562
129061
25300
123641
46290
31116750
30504458
29621432
29517981
425625
29637671
117737
49518
154914
39622
112936
29738234
29592080
154688
51252
29390509
160617
29331690
280438
29052368
29049470
192875
105121
29016572
118806
29008074
91553
29092904
321304
32817
149668
29585807
29429948
312333
98883
29535393
29108391
104248
49148
73199
42009
29291052
237982
29194992
29104486
150217
29117102
28902686
28859021
28132442
28256354
247204
27804700
109363
27424102
351773
32695
43052
39373
83145
177538
27915217
27841732
658755
28267377
168667
134122
28204029
241832
39775
28346556
28320468
28127388
162429
107136
68368
28426397
28153345
28228409
392729
38370
134428
28504047
40310
28530362
183545
38185
28409214
114777
28483592
28607461
28460209
27936458
27870978
610084
72917
46596
28012990
173642
73248
28096932
215545
28135108
55867
28141464
295913
28031659
35676
74861
60920
27879778
27819578
161330
267611
28196534
314713
28478090
41992
28616260
233428
50557
28444785
28299369
28267177
233006
28420420
321510
89450
28529524
28554101
28456545
240477
28474907
110042
28419875
225012
173789
185312
28728209
28748708
29014211
29037230
766041
396975
29507392
206773
29548022
64630
120585
29428876
198791
29462725
44645
32751
29425212
73797
289192
97643
28772
100479
29864758
134829
106226
39985
60632
30020001
29817547
120319
238800
29769430
29644377
29712631
337896
307955
50600
30071491
29778486
29798185
29675846
180618
170192
86635
29798923
29789704
133275
29742954
29695234
29835808
431692
29621384
113869
123352
48901
29807694
29609619
29629153
159339
29860697
29868403
29660941
366824
88827
39567
29790289
29973075
274950
80256
105740
43273
30106357
112238
30173989
29939117
277012
92426
79645
31758
30385377
30215354
322551
347620
30758865
30645158
30396399
482968
30452231
82741
65531
215613
59338
42188
45387
30746776
30763791
30338400
30247921
30165472
30130769
30034660
400670
36003
31432
30216292
30240574
137949
27298
23032
30246
164481
161117
30634674
30616891
171733
55902
30724898
30787123
30789251
30798327
599214
186251
37694
31043539
285220
136995
31321939
31275064
224566
46997
31487781
31326454
31411088
31452857
379307
31071676
160860
31281616
275381
31317740
31219255
31220086
31266241
346822
120153
33590
31651463
257316
31693431
106932
31603791
72105
31681909
146330
37348
174010
31868714
110820
31724866
45114
31763726
31806239
528605
230543
98231
64253
100547
32372459
91378
32536658
32408603
32134678
348679
32201044
32159482
379848
65379
83838
32422242
254916
123593
40775
54269
94922
32832450
64059
32930303
32932671
247816
32952084
32973042
32947629
273015
139481
33165431
139280
87993
33297026
33447811
33137475
339668
73082
33019901
33154960
32768146
421582
84521
69194
33003385
179853
61627
31456
53561
57165
33109464
33066286
33079462
316660
128332
33521749
203142
99351
35821
62318
33003
33689963
33850294
33963565
445984
46284
59733
49176
46789
37084
46525
34230405
33982704
33869254
308412
33813363
38803
41232
33715153
33746915
33757199
254000
33696389
228051
390921
95898
33852827
254516
208068
78232
34019888
33874439
170984
33979676
34031189
92321
34095090
34079765
33628919
33561320
33566113
33432363
285612
33430209
169168
73584
90388
33544934
33475285
314615
33449811
33213378
33177965
33139428
389224
309181
33451834
33319167
113525
33201706
72737
61313
68479
33349294
33328966
172124
81473
60372
280833
33642131
78957
33774046
181103
33890162
315319
34089261
259892
45128
34571031
34553479
528612
39967
34747003
34690227
34497672
33837432
452345
93487
176934
164334
119222
29477
34553222
34523182
34765900
34688434
429760
34707139
221844
69434
69412
34731601
34634085
34513174
34500562
306978
34551505
34416677
146598
34250094
174357
34495332
34284179
34258599
441763
80150
34312978
80194
34344036
34171181
185995
34165744
33598
34019715
33555358
277013
33753128
33628653
188555
30282
33708337
331566
38779
62596
33776230
33718530
184223
105923
120219
29236
68950
53647
34258701
34247358
286551
94471
34452512
34667979
34730340
705148
34828908
34790978
224092
34617759
34214638
34155910
33706807
208376
33568804
33395062
138949
114012
33576020
60800
33591181
33294457
66757
33348066
33426782
33134884
401122
33121900
43496
60094
73576
37499
33133592
32926109
81114
32925215
33047205
32903497
32849280
32686558
32544709
388127
37251
183897
32603867
32471222
141489
32393871
32347878
32340940
144702
107667
61133
32407908
342574
118483
32213232
37395
52434
64481
95420
32184611
119053
226050
73751
118377
86052
62751
150446
38153
251982
80085
114817
33265024
155278
33363979
33509244
33267845
456096
162392
33353409
33278241
33286941
122673
33327865
278698
249215
58035
33556164
72571
33277084
33081845
260003
32806131
32954251
250694
42783
49357
32453202
85070
127185
32639172
158592
32481990
102935
57197
32494330
183596
32676218
177742
44504
32241088
32048026
70376
37327
32240310
225782
72318
32244182
469746
85602
32510662
32372890
246495
62428
151150
32298211
99587
32355496
91240
32436092
32791425
497667
29468
100069
32637631
38885
115153
32789444
129096
32745606
32937776
32712019
321928
101337
32704827
32554762
32528382
128968
47615
126174
97614
32746268
32493673
32560612
214843
56026
32709739
165317
32730055
233952
77601
32731313
32553904
32547453
32656764
32082208
32194041
444227
31546440
50933
38887
31569860
31461463
114130
31586598
261149
31287059
31329058
31348991
166136
63612
31472375
31531974
31581463
247214
31565414
31324859
31290654
30909365
30955277
159794
72642
30862427
153463
30735151
30766179
30747668
30208631
29885285
231583
62744
30011856
90703
152064
147298
30045906
30069810
59690
30039927
251391
30242300
274438
41534
119382
30447661
30192482
244166
30325913
30364950
134789
30426977
30409239
30001841
374083
30125273
30084190
315368
43528
37719
30218309
138213
81125
30075856
103904
30149542
30099975
101387
30106638
171409
55308
29643225
145871
29816798
536366
29914526
30014455
29968837
29984500
29671238
467554
29392944
157586
29404751
167966
29424572
29461080
29457049
29375078
29174497
29078321
28922193
28939225
28818922
458170
28750418
268845
51223
111152
29252224
304233
42149
43490
29080716
220582
39917
26629
29140356
121506
42843
66600
29195998
29219689
95733
96970
28868677
28673266
180186
28663421
28597613
28334437
387267
35478
55118
28503471
28537277
348464
28880297
28876477
28755377
283203
28895584
28625326
239482
28269735
91026
27856679
27880558
27879248
27855383
28017803
443902
32279
28390311
501393
103790
364879
42393
29057676
29074781
29056463
29433005
732398
29511511
29408207
306862
29188457
70764
91974
114937
29373010
71794
92944
29632378
272649
29775707
334508
56619
29895277
184039
29592876
29644292
29681582
29508137
29683445
29323337
29180688
29045811
606434
240012
33950
488995
265247
261883
233716
248162
260806
147739
50890
39100
29722036
46383
52964
29193409
105438
29264480
44192
43258
31825
29117767
250370
29337657
29376152
215640
131950
43516
48952
198524
33031
153130
52149
29987264
29266787
29259773
249634
29147113
29114590
29131778
286543
28959099
104599
28956301
29107969
257157
29236260
160473
124803
29289105
29330145
29278469
29126706
29316708
642073
29296682
98075
29181636
113870
29299414
249908
65897
29418985
238672
29546167
33434
29541253
29537847
149709
29327360
230314
29527056
29428664
29116025
126440
29101707
28568545
28641945
321356
71217
239065
148007
102529
63855
29842
23677
29095245
58007
28908921
28839402
171200
28757389
28776927
187287
61307
28704132
29807
33815
28630693
56860
32946
57167
28673386
28697786
184296
28827691
92120
33485
29012702
363254
29030453
29075398
237519
29252862
29207495
29033818
186703
59429
35931
74212
33278
29224106
75191
80935
58410
124951
109783
29395379
90479
55807
69719
125989
28315
194317
230866
49411
30042324
30033326
29933606
81908
29927029
204153
60201
48204
127812
30233527
134541
30233369
60317
30350069
30432638
258286
117325
30367710
79825
30506013
30489268
345683
40603
30595351
98660
30635430
30310204
168120
54434
30227454
30072186
28918444
28890860
28760661
237314
28742336
28582290
28612735
28646594
343047
28516674
28125270
100591
28171007
179700
28106790
45865
206189
45438
28300038
28144495
114395
338208
28459254
117189
124612
101292
28564616
28605721
28508633
28423594
580209
28542839
108646
42038
28630587
28552224
215207
106631
81624
28400403
28154261
151614
35336
28314576
28043730
28030651
27998411
383445
148646
34534
172040
27923699
63082
27895896
106821
27881111
27881033
27716629
312445
48095
27750949
36126
27717236
148382
44880
27943508
340872
28184965
149400
274763
28372129
267952
28408205
28374925
50448
29970
28312919
28117530
139793
28059557
28097437
28060712
28008151
27992766
371152
31996
32888
70173
63668
28028936
28051279
28113003
187598
48747
62654
28248919
183122
28166407
56430
39708
112427
32935
28198437
62223
197494
28602977
28670289
28500644
28477314
28426370
28430464
28435564
491615
58198
116141
28578856
28651533
28680305
366673
28884189
28890160
320796
29094109
300117
25668
29134065
29251779
335039
78184
29485475
29368187
183339
29176416
29266574
29414724
608507
38750
29378029
29474289
29183222
151095
29014544
28967698
28926456
28918804
28997605
365170
28816377
28823987
185471
28757422
28762109
28706145
28658097
334842
34380
28643987
28457908
28071517
27967613
211806
37036
210982
101145
33418
28234224
28208538
28184382
28276222
294997
28194385
253178
63579
28511050
28363022
28384090
331021
163294
28648641
116230
28630017
28579084
74689
29582
109926
86879
98283
182983
28954009
36430
19599
47283
123164
95062
29229248
29208035
323109
29427448
29330440
28823054
166586
28792906
28518946
235080
28821891
28877661
598596
29018928
29104551
197523
96332
29058091
29089585
29225821
29192154
887542
28521
29475642
29168589
29304759
301845
29403159
140666
81912
33478
29609963
228440
29648223
29557139
29630675
272214
29657073
29539264
104867
29558056
38268
29372941
121128
67789
25557
36175
62146
126331
29358164
294785
28899385
28876003
28860562
28525503
28353479
28365916
333491
28312827
116615
26021
78934
88920
28401684
170376
28263082
144903
49443
95827
28149119
106676
27986853
178788
28140227
28191590
281692
28152268
28149955
27915860
27938876
110073
150671
44750
28244293
213530
30237
28318076
27446159
198357
218450
27838283
185057
115234
27882739
27746705
27954878
27919175
27335296
27349664
27605990
836220
289765
101247
27807153
27821445
263870
44077
49047
27947848
27887015
235086
28014279
234956
115602
55147
28195286
28040626
27979073
326620
28006077
165600
28059932
28007813
27807343
27783441
248630
55037
60915
49429
27903823
27764489
27613996
27583270
27552951
27482636
27483111
465024
27550506
27537077
27530394
231374
39159
27519721
68696
27506817
40264
27462275
74328
26814478
125651
30803
27004623
27069717
27009431
370216
27090307
103431
73091
79737
27128641
27174151
162504
27407843
27403671
364187
27400514
240323
45220
123516
27464156
27281700
27225652
150814
249347
48130
46448
27507541
240644
27651728
27656263
27566480
276067
84428
42670
53986
71971
29387
27478328
70744
32264
47723
153901
52971
44629
27198456
27198182
27322436
27203159
485799
64467
54217
116221
27197196
68513
79818
27237355
27133267
204708
27196502
27013369
26890553
174012
33406
143032
39019
38012
27121363
27022435
189920
27124171
120327
27056222
238766
27404919
27552148
444312
27607493
74484
27564860
110619
27599884
27568541
141927
139276
89714
169108
27924984
235851
28078028
27974281
28067008
28070863
27930999
27951134
27697241
496738
28041154
27710108
27479474
27395924
564044
27624281
27492704
27398683
27312152
338982
88982
93075
93591
27539054
71186
48111
27342217
83132
32570
27492064
27344785
218864
27422916
27463652
27392559
27157692
27139520
395428
27033379
62093
37507
27174084
193374
27154951
175007
27242398
88878
27216390
138422
27215833
235164
53838
37011
32947
27109684
40257
59131
26758385
26727332
294277
45466
27045946
26953759
322841
168011
337899
27751970
252495
73118
127784
125777
76914
28005611
198050
28168752
140534
28166454
28141363
187835
33584
342327
82307
28606766
28459826
36334
28460069
28527409
28413344
269857
28351951
28223767
27798364
148277
304926
37604
28159315
28197210
28169377
228249
40406
69257
71700
28328578
28454826
28473322
223378
40302
28397693
28306049
28270597
27928776
422704
28300439
28058407
28030729
27995358
404990
27823778
27858160
155983
39404
27829172
27868114
262786
27783197
303496
51386
27894793
27843845
306817
223218
34948
119489
61902
28402720
199856
105203
189254
28782558
28947182
29078190
29133134
29134027
751402
29269213
29374586
363855
29365594
29289679
236996
40291
90385
29367806
29418437
159018
29531777
29545626
241370
29539381
29564879
95149
53590
147312
79655
35769
111679
29586497
29642053
138919
32448
29633406
124042
29527250
29564169
29334649
29390973
489055
29481392
375029
56501
29890210
29882008
29887684
29603676
596834
29374195
29369529
29155148
29133607
29139182
157134
29172399
134771
268130
29456050
95315
99191
77698
29266824
29272658
125773
62383
29042422
49726
50892
68007
75648
126330
135955
29268722
29152598
29170052
197801
29143604
266236
29179958
28863260
28885874
249043
28738874
28676060
28346823
148134
28476898
262518
28550197
71565
28469879
67367
28519883
124861
28544401
28500790
28489905
28122401
137403
44101
28109561
419253
37186
48709
28422186
28437490
236637
39609
28557966
123219
197371
28833271
28824818
29055327
536025
46079
67109
29070362
176481
28896817
100407
29033290
283532
29064918
188664
101084
42637
29034720
44307
63052
29112477
204110
110639
29207733
29262234
302909
29528873
123709
29516086
29322195
29306933
29366407
28975463
28878080
28994699
645937
175799
73675
99810
34971
100070
43531
76979
29090018
32331
29160006
139023
29237480
29381257
29119405
28750336
28763459
28502947
482955
36869
28858255
342098
28784632
69372
101224
28567820
28572752
28444560
152115
28372487
66568
28474331
28505468
277084
55769
28573669
251984
36348
41030
45570
33281
28872413
320083
80845
29080335
242702
29194599
195682
64463
63599
54583
68898
30235
29517830
29501993
289129
38582
29670701
146285
29670691
29828662
227260
44539
33591
29663905
174571
40324
29776164
29820902
29774407
29939306
29935754
30188762
29992602
746406
29964925
29888954
29830046
29728831
164772
29656623
58915
29428671
81491
115879
29584618
29534553
255825
29502326
269826
51972
25093
29577299
42964
77467
87525
29673836
39627
56580
85536
188862
29515819
29387175
29442493
169008
29337190
29199653
28850123
28873755
260241
28794876
399125
29184384
29011657
262012
29020198
129157
29035977
28981101
160006
29061479
109118
29117174
28856233
28894290
28836602
324819
28969954
346751
113993
183481
161542
51279
29238097
152781
71463
66036
29270650
216002
29499460
287318
29546739
82870
33255
29549435
50136
29708686
29240526
29193460
380545
29373543
29499977
29639904
827771
45423
62599
93057
98205
30143137
30106316
30199388
230328
74003
91301
30050303
30116490
417620
30407884
30426293
236375
30227946
30202548
30183779
173046
88820
30309235
29995276
30040957
29899898
282779
40306
92705
30278370
389375
30202636
30114540
74702
326793
30480491
173887
30596375
92295
54153
30612152
92930
29020
221312
30880363
109225
30704322
86574
47658
30760663
119559
38796
30826486
30897895
295854
156038
71531
31010752
30892206
451679
298670
87344
150662
31481875
45259
96802
50287
31780634
31755522
565641
90181
31842475
158235
31193131
117285
31013570
229220
30843388
62745
57792
62816
30976789
30962551
30608385
30698738
30993273
30861404
734783
30862934
30820194
84747
28714
30836216
30828419
30434498
170390
31824
33593
64590
33316
30585945
30673347
30655838
30541107
30579471
720003
270417
48901
43640
31065739
31054974
31064540
31070410
30699037
30722383
30677902
345509
119245
47492
43577
31010076
31055065
313404
31007542
30955756
30831583
30697839
30370666
250278
30412588
58759
147417
30080938
292661
30013113
251436
288675
45017
160400
30493099
190604
296543
164386
138610
130505
55719
189354
86345
36447
31286683
31230194
31083102
30927122
30781747
30622271
30578526
30485486
30431125
30229711
30357843
30312144
360319
152732
30444232
30129119
30138097
177623
31842
53216
30080144
30088798
30033173
29843554
30043416
29950063
560282
29370146
70610
29444291
57499
81235
29466445
51249
164179
155135
52779
166800
29899681
123025
259798
88779
30190548
142450
30295521
65896
240191
30837059
30957542
510687
108703
35609
29015
31162176
31102191
30806964
30693237
289033
35756
198702
264127
197556
32336
31338962
94940
31430086
164381
31083354
31089305
30947578
122082
53214
64150
30892133
30694379
30791888
234353
30816327
182673
31210725
481205
31399017
247611
166942
31903674
31781794
31697896
31772639
31684359
31911509
789265
31969082
113584
32061600
87719
32078316
90100
31885687
31600047
31687981
31558019
31293990
31329018
31138951
586137
30989121
31005171
30802419
217953
30792225
191491
30638250
41222
30474838
30356023
104863
237944
30607734
30352702
30333940
143354
30213012
30165591
161900
30228889
174683
30576854
379540
60252
30712691
30593292
30084721
30026605
158404
37799
30021460
78326
30023796
261664
30204853
30248947
30209659
30197226
257621
82851
30040601
208353
30044262
30058490
221813
142834
30285057
192488
30418652
161471
30618360
390765
30735001
30717568
30651531
30304752
313491
29928508
30112484
29827617
29733445
703295
29914598
303667
30064597
29913329
174204
30044062
29949875
208041
29880315
29875852
29695790
91506
29754295
29556831
29634507
297279
40261
29609440
29675046
29681991
29717738
363253
354029
30213920
133501
37235
30321731
136159
30313979
221120
75358
30288461
40165
30061776
101978
30074398
29957044
197221
47127
56393
68558
154985
29947516
421331
30254492
125700
30393370
161132
74204
30592004
30526222
30507380
296601
47910
30576061
30572855
102145
30222345
95585
30130081
76374
30063134
30105160
336107
35216
30317818
234600
30396546
30303629
176387
41043
48041
74604
72544
30570420
30601424
221664
30569788
148699
30518265
144116
29455
30043663
195110
29980677
65868
29745395
283705
29839997
100269
29848606
66837
29787586
151424
29955309
29881708
29834343
29638466
431803
91963
29668521
29252009
295863
41459
70242
80018
196861
29601987
56182
29536739
29384155
29429388
298834
29111219
29183833
183397
63690
52431
29473476
318740
29665312
195916
55143
186481
29973837
152834
35156
29968587
30080022
335590
27921
52241
97594
30095357
30145439
29856261
323441
82408
284477
30222869
30254455
29974513
29798205
219918
29819940
29481248
194783
108236
30430
29764851
29701703
29517589
29478393
367497
76036
29297858
29278415
166249
82589
240400
29278440
28965312
457500
28762111
28665003
80340
56518
250986
28826093
91204
38877
28672302
28648487
81911
39868
28542947
74258
28611822
293364
28719647
214359
260084
29074417
28972378
348650
29150157
205594
46483
116118
29278082
29290789
399488
41441
33083
34010
29671606
113761
29725187
45178
29712520
50997
24234
254554
29778240
29696241
77290
29556867
40520
193049
48309
35794
29768912
183569
43454
29901953
30091
29498573
290424
33114
191406
70942
29868595
30030765
475571
30308260
30282722
146483
42949
43192
30535776
409980
47028
30740624
306582
30562363
50032
170335
30590112
44503
102706
102287
71427
30789328
478943
31288355
209406
31363283
47259
31392371
31393433
196940
41793
53445
31438097
31279141
107266
30953211
30383665
30433552
179649
30445297
30107878
288322
30283136
30314813
30149138
29919291
29915141
288321
30039420
240580
30244260
104372
30012336
182851
78266
45114
30314605
30155932
30160093
30094950
196214
30038490
30084038
30065607
130025
347288
30442905
30209779
30173250
30260293
336270
28289
30233514
152739
84427
30512420
205215
38704
121007
35754
192925
28411
30307925
30011782
30012765
284088
29471019
53999
29362831
50966
29184138
177389
29242
29345562
200900
38026
29453842
29367380
268237
28891777
28772116
268441
146273
31623
29146481
138065
29248161
29327892
29286787
29371489
29351291
29479726
29217712
883580
243322
314265
39165
39655
105796
52515
29266099
28744019
96964
286690
29107458
29222008
29079133
509563
29413970
29178480
29162932
262919
183984
29312243
29404083
29367020
29344723
244335
40135
29283318
29221690
70063
29231811
32492
228175
42951
29459966
29438977
29297463
352432
29369
29427522
173981
29564302
94009
216713
29607102
29674224
212474
206586
30064233
30022531
161975
215950
29978835
30102166
30133171
30143447
30101192
30242137
700542
29996142
30007102
294603
30145329
30113722
30141604
30116259
29978418
304306
86394
30163231
327617
30222062
120125
72719
53842
30411497
243106
46208
30677535
30451814
222752
30464845
30392983
30328256
30170655
29963721
29655359
29742198
558856
34663
29773879
29825467
126829
47347
51844
219491
118013
194394
30324650
30062157
30097360
30269937
29923981
426890
269080
134392
30145165
30160332
29885473
29950232
30103286
463077
30335258
197763
30398100
30315485
54875
94146
34094
35328
45182
30423211
30335416
121667
30457917
152905
30405750
30514146
302948
38533
70094
30199
30659279
118192
30316470
30192562
188620
55769
28242
125211
30255024
30187620
30230510
214510
30324561
232605
64113
30484349
242401
30421485
30137152
30183257
539923
115278
30233450
30229161
173009
79882
39148
30326102
30304614
30285088
164739
66930
30269551
37187
84256
30282114
30263286
30214439
29909352
29788886
146749
29970519
324371
29823792
102816
80291
29813018
44371
29890561
29766248
29703957
417013
62248
33078
29825363
129378
29820102
29708921
184218
137895
44698
143265
88862
62598
30160335
30131417
243209
30074990
30033295
146119
30139067
30119698
29909920
343400
29989240
219291
29762386
112047
46736
29848827
29923602
29806575
29788049
362231
29718557
29427114
29484328
29180358
419834
29064221
309459
29192143
29084347
29160240
29124465
359304
28799941
108237
82205
28826730
51578
28887728
326249
29077627
29299154
29498823
683127
29626264
169605
29480720
29503627
198414
29457723
56076
35012
46880
29375611
29508379
384807
29092499
144851
29108132
85508
287888
81380
36196
163937
163739
52661
53402
29760939
29820168
29673432
305676
77371
29681347
29742193
29659368
197417
99026
53941
29836612
138025
29663637
29286538
29091799
185636
55806
28992531
28850582
29062563
360499
45347
169384
28837210
57118
28780356
28781577
28534333
189806
61736
28730796
28745408
186745
48821
69512
28762813
28681765
270258
28522497
28236424
28075227
177815
27837035
170772
28011991
224895
27910542
27707671
129586
27680043
27557520
27389570
27043772
549939
31826
200149
27293150
114845
27265793
27249722
27211310
186499
27239533
27268883
152736
50156
41474
94662
27337276
197318
270359
106209
40551
27825006
103611
27942471
27913227
27725235
329293
99494
40869
41744
27957766
28041658
27990382
28001073
27872103
27697597
27878588
27621077
594527
27672278
27653216
133421
196171
37217
28009034
28044748
28208733
471897
28240097
27875372
27873947
158368
27921796
34803
50299
27830465
27821767
27794811
27422644
485397
44526
27449683
60031
27441534
27432336
151933
25984
27456711
216405
27606998
62957
44127
27553656
27458863
27546804
468604
27506277
27492771
61285
27198267
108799
42686
37523
83568
100273
36851
44494
27358510
27324023
160421
27293980
130426
32941
27335029
153863
27358833
125864
33189
56955
27299368
188722
27456806
27178837
211937
27207671
206343
79525
27122223
122224
79773
64435
27140380
141499
58008
27587
96143
27361242
223889
27214844
36734
31892
27243258
93722
27242356
27066906
26942813
26952995
26926118
185298
26952774
78330
52434
26997471
114136
27165520
225155
47442
28418
80911
36984
57144
87505
27109783
27118424
27173095
27115876
27041972
26971181
558462
160586
35911
27201072
26816695
26821751
26610071
26533312
294650
58696
26566314
120605
26744332
26778154
26514769
308926
134453
121609
26861015
191557
26734672
26573999
26599356
138009
26856340
26825664
26953475
484719
26667405
66348
29859
26585854
251451
26618157
26419453
26434300
279552
26541715
26568398
181921
83587
26659780
89986
26784146
26666253
223909
26682628
113958
26804526
364524
43936
26889456
109632
26925725
26514731
306871
40111
26583502
148668
26578314
106920
26416580
226650
26623854
26284761
428011
26662888
88312
46861
26753537
156958
26808275
26668694
82472
68111
26487484
26602534
260186
26644969
39688
33925
40613
26518623
26603107
26679365
494100
85927
26867611
159441
29959
42021
49289
26815443
26694987
128622
26505195
152232
26612777
43631
49327
26480204
278079
40706
56963
37104
26782766
26795060
224729
26625724
89902
26588066
96368
250701
43185
26586414
532733
26998882
113463
50195
26909893
95340
26742021
159476
89999
26889452
97348
38006
65502
26967937
157850
26935478
146473
45386
109121
27083786
27041899
26989871
104287
70391
81613
27145683
150832
27371269
27524445
27537077
27426621
27363066
27245444
579403
27194192
27334964
27375618
27117130
27030112
426841
102303
72602
269269
42837
134809
42309
27584316
27082564
402314
27329835
78236
83179
27281563
130306
158217
79892
30812
53340
27729422
27496403
27574401
508331
53749
27864829
27718120
27730812
327741
90152
38559
90239
81718
33690
97803
28116011
208382
28181718
28180303
28190775
28159411
28245937
498935
176689
28198881
28175291
28127716
237776
109597
28148132
28432231
494584
28473263
132703
28563291
158820
52037
155936
286085
28943873
203841
29055323
28924507
170530
113209
48429
28957571
207718
51792
109753
29028372
28824268
352141
28795186
96042
201531
45563
117881
29313434
29252076
29249833
29270741
29144125
28948467
28983439
28231648
28168357
27998727
27936235
27963684
27997354
27915781
1151914
132758
28118502
28080137
85164
28111621
28041457
28107484
507464
49081
26079
66115
46121
181024
71078
43690
28567570
28400022
200570
27148
23077
34380
28562888
28685687
209586
54762
28827908
469436
29020365
29014114
262522
28944854
28931464
28901189
28911675
29157290
617135
29195975
28988400
28819833
28926209
250184
54192
28801039
202520
75353
29015273
219070
29310064
29225136
323307
35655
67289
68692
32158
29022642
45388
139403
29157284
29184995
29167006
29098973
29039345
244063
28946694
137629
65005
28563911
120163
28536048
225369
43893
28773746
154095
28804483
119058
191655
27334
28821421
28761655
104510
28855442
170832
28885026
28865506
28849961
28730350
28790428
302448
28763560
175476
66337
99327
28990164
74313
28722288
146942
108318
119958
29008250
28782821
352048
267723
29022759
265774
35748
29076838
29269298
29271489
29194937
419807
157089
29341077
55802
29102393
131526
29126450
202983
98110
27258
40390
29369397
29291132
29262619
92002
29272201
59376
168875
30392
36971
29275812
84052
29308799
184833
29367077
29311313
160532
38396
29193745
139110
29276035
29197318
28988849
28934585
29014452
28931065
28863016
28915581
28908546
28682089
28695914
28583365
28466574
28312510
1087693
26807
56615
28212870
66247
47543
68792
46435
28191615
28198600
28145270
159436
28924
28173233
28319115
196954
28498733
28653666
447732
214398
95311
28939765
28824053
28801930
472016
28798374
47812
45718
28807594
93435
72121
63977
165125
35416
28943385
28883861
80732
28761201
54280
28547822
28548644
148849
47886
28758
46603
28635119
67360
28659673
28598891
181853
29918
46792
28687665
28553229
244393
28780607
197737
43614
28825677
28452796
28489544
28556665
28545573
28287664
28394593
531291
28381411
164220
28412560
182003
130648
67999
72269
255763
28905772
87156
28756528
105246
65396
124527
99930
29026695
92971
28967034
48479
28842638
124189
29048488
241667
111480
29101332
29086202
29204026
29170118
28947512
469661
28803911
28698453
28569540
188961
28679966
28697144
28681541
271654
34194
40304
28636388
28631823
182048
28285735
76492
105617
28480237
28389422
350812
28558420
330268
40222
69192
167310
36576
28976277
28863351
28986508
28941819
361546
145444
56552
125411
29222715
28986142
28920305
28799802
313400
28771390
28792886
97045
28682121
28599421
28293427
268420
28433496
28655741
368899
28604580
48685
134367
28575816
28183577
28205563
28369131
705386
28290727
54087
79396
28127361
28139403
136544
28038870
28113429
28095899
241369
28064944
158765
27943492
68470
27975038
199971
28033606
182318
52791
71902
28174778
264829
28254837
28283637
84115
28304269
174619
28232726
72726
28134
28206909
78967
28307280
266058
28481746
81052
218531
28216318
28263966
282701
28013827
51612
48340
27965178
140780
38395
27676179
27669785
237596
130695
27860593
27591339
101025
138745
95589
27985644
27971552
451355
409581
27767065
27604387
27587435
181165
68652
59279
57968
47112
27733443
245004
27945124
27838010
149015
27702535
79138
28895
27831590
27878221
248582
27689045
27408393
27357525
524767
27526141
27053882
26901280
26898586
192546
26770166
26418638
259115
26606013
186374
117046
57174
26705046
54418
26136512
26155806
26211478
26180399
316810
302840
26520213
158913
26553036
26565761
240508
26778268
113674
26795860
44293
45853
72684
32562
26905863
151226
27082570
27041465
319316
27138638
36801
27000278
119996
44005
55866
146763
26912189
26919653
26865062
26810519
93146
26768722
26194498
26235568
350501
119765
26342837
300800
43465
140141
193950
26733640
113857
26738601
145234
26365178
152091
40114
88907
150713
26774836
175919
252351
301871
28391
48919
102102
27284798
78928
159377
91693
121107
27684036
27727713
27622494
239310
27474300
554008
55680
55563
56371
40092
47925
180595
83176
41393
28251828
134951
40276
28353452
93019
28384869
41157
54942
161458
49780
77568
175141
28723061
28703079
28486162
141438
28133713
28099858
201682
47637
42070
70056
47256
44366
28256490
28073166
104633
28118819
70476
27098
28135095
28147347
247414
28288097
28451979
283795
28387208
57633
28293545
28053150
81970
57286
28049570
93366
27874347
27856813
27742741
27721246
256106
51432
35887
27867354
27944905
188180
28052698
210961
27984777
57731
28041489
130811
28040038
27989907
27872687
27843655
27382365
482003
27430830
27254167
131912
27219962
27235200
94493
27094658
27101256
165120
27124997
26837357
111434
36261
26884314
26928064
89104
26913116
164612
58546
67479
68812
34944
27122599
26974530
339024
27049223
75445
27108810
259786
62556
27201950
33922
153520
29962
144613
79590
44243
27677187
27758589
355781
418006
28169652
270790
28368122
28370905
28447503
389297
28592708
169006
28496222
28672828
363673
28748269
86250
57101
46700
28820518
28821278
28841604
320563
40899
28935408
28889165
304885
63137
29012837
125670
28998542
29109558
267439
86266
29311563
29167887
29155688
29079807
481958
28782650
28742060
77260
391337
28931184
265108
58861
51660
29092370
29046099
54376
34944
28821320
143909
28895435
28912553
112772
143422
29014475
29187475
264245
39076
42006
35881
29164614
29166180
29174998
102415
28986342
39845
50040
28968355
28740397
28716341
174246
28654179
232986
28920474
28897131
243154
38289
99562
37751
29222700
223975
51017
29488298
29489205
452757
29396945
29327407
28860032
28784683
213166
28576111
158773
28701210
28650269
28586076
360193
28480516
28663309
28555675
567464
28892655
331509
29113237
29097430
29101316
29104205
28944922
28849966
28810376
828673
28945772
28954743
229089
72849
109421
29260398
79960
114576
29183206
331805
93691
45118
62167
29495840
264477
29865409
29409306
29320474
485242
253580
109799
29521404
88826
29627965
29339206
29393427
508106
57652
48225
29571618
245012
48931
60040
29867570
174039
30027340
29977987
30225073
428455
67636
30363743
141271
124080
30610227
194123
30496062
30320231
30287204
30079843
517033
30332232
30182863
183654
30011746
30045098
180151
29991586
255237
30358016
30453366
30379646
30393653
30227805
30182413
30057461
30003387
29748863
707342
28226
29725538
70073
45152
127406
29919567
118893
29879576
29808277
29721422
29785360
29620938
29248219
29204193
29239861
29374039
623229
29250810
29319778
29038874
29100528
460392
65842
51758
28033
84138
62045
129965
125670
29443133
29342769
29076059
242338
28463
29135957
29156523
144529
104127
29201503
29013245
319669
29143077
217977
29205484
63697
36071
29103826
29155282
437134
91320
74597
29486713
29492843
137144
29391904
29072592
29080195
89528
29049933
31424
29201132
363908
29300642
29472966
241045
35618
53655
29370534
29203660
270500
184185
40756
173341
79713
123471
71833
29793149
180831
131351
29988371
30019380
248480
77591
30056036
44557
29856469
29784414
241766
47488
29953634
29752064
29955972
482530
29816654
121615
29729137
29925977
29807823
29742913
387485
74553
114703
85308
43660
93679
30010449
104313
72946
331493
120721
30686304
237109
69986
30854557
277600
244261
235249
31060050
31054823
30908212
30823575
30654935
30264182
30157127
560246
30122054
38966
29725573
29046321
28590065
28595542
170098
47051
28648283
28569302
149701
110391
36242
27916591
187692
177169
28243403
28271224
287031
27851746
27893163
27964283
262019
27983437
50898
28014235
159489
52865
28031386
28085803
393122
65367
28161487
30860
199944
28451698
351918
99979
28751625
28745298
522347
38288
73875
36870
48712
102928
48818
34794
33015
54476
29146835
278307
29233444
29314764
29335541
169488
29248463
29132995
169535
37482
29363157
29430030
231623
110348
53014
29607098
29476067
29502526
299398
55728
59583
56006
68846
32102
29607296
225508
33713
57972
29877914
168517
29884661
125265
40251
29986851
30181847
30200305
30167423
465057
41473
109061
30248078
30072234
30034793
29999329
93429
30243684
415007
79678
30426368
74362
69007
30457921
30440981
30687989
460250
47875
30783582
139413
73758
30840626
30963000
30549339
252905
30563196
30471595
30460078
258683
30431133
220706
46782
30075960
260654
124137
90277
136515
30796142
30323585
461685
110916
31885
42075
30265459
19671
57196
126388
43283
30309673
30280280
30164939
30099007
255502
29925121
202178
30059539
29980755
309207
29946746
94680
37070
61462
104637
39595
123974
30229872
30032669
30017214
29879419
139228
37896
30026700
197938
150391
44279
46816
30118964
48982
29881795
39678
33099
29948238
63552
29830592
162670
47131
29803410
69234
29826998
42732
124277
29968695
184659
74112
33275
29713680
29576884
29570303
29478480
225458
29456864
150264
29574529
108762
90273
29578317
156114
53670
34435
63972
31431
92334
44951
57689
29947073
274410
79532
55254
29980569
199189
30246175
260466
62816
30379729
120918
30548508
174824
300335
140505
30931922
30897313
30888452
30860269
30634002
30665464
30348076
30220572
30187971
711316
103137
30420327
30471197
276857
40834
288093
30766246
178431
33588
31154
56699
26591
31034590
31019114
30937518
30924568
30809844
30735179
30447493
376757
30445762
31110
30049287
42784
29225
86585
29971073
61573
29935677
32663
29958029
46190
30010934
30103725
30272814
30309310
502719
96253
30287244
30350093
321746
100276
30114537
252492
30131904
29785464
29429149
29317556
93858
139074
63125
29463022
146014
29182000
29051765
81375
29034277
109349
29064129
28742553
28509424
187684
31688
28395377
79009
114442
28596852
122722
90141
47891
40790
28552324
28496225
200882
28334347
236773
28370848
74417
78190
28400010
55285
28388616
45978
28443377
133606
42519
31551
47711
45627
28262016
28659370
540355
28670880
28679493
28682458
28293335
28203232
28269068
465703
28330934
28330528
90186
28403531
166589
85159
28502478
28633169
312640
62480
28747853
47067
154964
28767731
28555963
28526839
28561040
175730
75677
179037
201982
29119794
174136
29079518
29062204
29040560
122133
29022658
29090060
28968926
28990798
292322
28945726
28939998
29028891
28432412
478796
220353
28766392
28732136
28724227
28753809
299735
28578826
102628
115598
28664660
30655
124140
27142
42216
73206
37877
165359
29049021
29169732
29236531
29133564
28782087
795966
28889580
28945024
28968990
207371
34342
183424
29133544
29168900
29035670
173907
28889493
28761459
28680487
139452
40645
28650062
28080245
207133
137148
49758
28150818
88934
28073486
27993787
27854109
245312
27933857
27732234
27766472
196593
27584037
99984
27662594
184179
161568
27838088
82098
27883336
131510
27935615
27951416
170001
27504719
111853
26527
26930651
72123
26950236
27096033
27158608
572156
117568
27473768
27490776
27399143
27335688
579275
240260
130160
203436
27663173
112293
54459
88213
27816918
126182
27877471
27895688
27952886
230759
28070041
260246
156485
28272816
28266735
240749
42989
28244594
85469
35928
35586
27882614
55409
27882973
27899667
327635
28007376
75253
80590
26608
410017
28412332
28399601
28350977
28069165
162211
28143905
28020623
27740470
261344
27430363
44316
35940
130321
151471
27650623
27094391
218839
27018675
127087
27095111
170106
27101954
27122430
27167602
26946995
26980709
265918
77925
79804
52595
35360
47898
65743
27048321
27048066
26988949
234139
96666
108287
76077
26994550
26690859
119171
26669506
79636
75939
136330
69525
26900520
303968
78149
26830047
26955979
26940973
250046
26849584
26931646
26948485
195387
26998736
26725039
98038
26547992
26463667
26468886
341210
26526776
121997
120228
71327
78011
26576070
26514186
57223
145205
26564518
183061
26685140
167732
29551
26763691
26743030
26809918
243798
26817158
26643708
306701
25974946
26032031
288178
26026046
44738
25926681
25868189
25828922
193293
25888216
128962
25943417
25960645
233743
94921
26202590
26173335
25975103
607516
138720
44253
61053
26182221
123904
26357550
26481636
26281099
304407
26084384
58980
26215301
26255870
26251710
465469
26268938
159204
26330827
173004
34588
26375216
128490
26204555
121985
31515
26406171
26535357
341698
26615773
26547810
92704
26424559
125284
43026
114838
26568766
204670
26153384
26051418
137103
25743139
39779
25628953
25463262
459076
25528246
25550068
25561059
256291
252785
201344
74182
26164076
26148318
26157516
260032
26180918
112322
39890
31157
66992
62723
115126
26303006
26213186
137355
96803
134076
43434
37322
26233315
26170596
86157
25856184
70754
25825553
293753
37468
26001210
25987993
26082285
26012657
378647
164866
82146
26267268
26271908
115143
26257573
26255779
26194678
26452576
26540604
26590782
719109
26525263
30563
50064
26385386
26357727
26131860
26141800
303368
26198276
25993586
141546
26085542
116581
40342
26719819
814647
46379
26936863
112567
26732157
84014
143228
26855006
26922952
213524
26903962
55046
30977
193790
27035944
27027932
27008733
26990655
26800321
26601460
26602112
327715
86486
26618110
26604520
177619
34593
270331
38962
26845603
26884136
26891063
26845826
440469
185521
26949344
26854090
306376
86819
126455
43773
26865
38298
26999434
27013128
128125
31157
94370
139563
27220400
91328
123742
27312634
27259785
79587
27237638
27251696
143946
193661
48905
27448539
228754
27478788
49132
276511
74301
27723417
27598036
149684
27634357
273324
27950489
260363
28079185
28082726
307591
27611500
45173
27346
276667
27877772
260282
28077677
28257181
359565
53990
124265
71973
28527819
28435282
28541451
28544950
391480
28606391
49223
28612517
28589766
28493394
353358
88793
28389792
28418283
172391
30356
28375724
59361
267751
160290
110308
29000981
29007846
28929670
373409
28591686
234526
203452
28558964
296774
28741457
28781703
266762
44464
47334
35210
28524
78140
63062
29302342
255909
244522
52640
107284
29296545
88245
29290244
174308
54570
28938
30594
138621
29576883
54545
56507
87200
29595467
329360
26406
163011
30015376
29995789
184683
102234
30094983
30136300
30138981
241285
30211109
138706
30280262
82213
60591
96169
30208518
120124
37283
30174910
30114984
30160505
173003
30155606
90162
35556
30188974
30379218
344612
30411497
30346975
30218146
297414
30191214
30058405
62139
30025908
29959956
29991972
29903306
483737
30128975
286734
85335
70509
30256616
87805
29978005
208608
30123666
151372
59549
30101898
30198678
29858971
303344
29750519
51177
163627
29789
29833640
29839210
212181
29883186
29737096
94233
201372
110908
29851426
29972236
29799536
296673
29786286
29729339
30019254
631244
30020054
60708
36267
57002
67951
29666813
196499
80741
33355
29797260
29796179
29962860
29836974
29910612
29878981
502838
29956775
66063
29608161
29645692
153392
29592587
35331
29492077
129720
29500945
29532073
29525471
29674790
416881
34361
29773700
29532897
207753
29610551
175771
48573
85731
29960568
252582
29693541
29705718
29723794
29346015
29239723
29258131
29403307
29417732
1274107
1227918
29698019
1121513
29701774
29629950
1112134
29639299
1018688
844003
688726
655177
630446
578273
569777
29704898
418133
281080
29791711
29978248
502496
29804308
29560110
29531118
29529317
338375
28462
29522533
29499814
201412
29486166
89040
92901
183501
29697985
29634634
222775
278500
29943977
184774
30028284
206872
30066727
29910366
30039704
299036
30175350
228432
77247
46117
30397197
364985
159114
30897177
317602
31004500
280719
60806
211869
31417507
259564
126196
31117222
31129015
182566
31107985
30940430
178962
30801043
144251
30765377
30888875
241419
256275
178822
31050337
31007776
30942737
426754
54776
30931125
49829
34797
75663
30974312
30872649
145689
30838034
273268
63229
31131080
283051
30990668
30856495
186138
30959390
139813
103530
97509
106505
31301928
31297934
31000344
148077
36182
30962712
30983835
231342
31030907
31053995
455036
67865
56406
232185
69717
35076
47826
31870595
31387235
31462547
216901
186805
76521
149830
31711542
197328
31159625
178633
31268225
31276831
255084
235133
235502
30758
31444974
31342010
31389974
31154634
382356
31261690
200306
31421673
262758
149734
31571564
31469711
31471935
31385661
31390961
31362813
461250
31366695
31289336
159060
77185
130282
31532863
61377
31436013
31212006
112260
31119157
31023110
30972973
30942645
30938745
279543
112470
84295
75213
31248755
31190617
31104447
339160
102568
48210
96199
28586
39164
31468312
48652
31372497
58156
30752558
57873
42027
30562143
76227
137351
53885
30752925
30626166
218942
68439
65034
32944
30773095
121189
37980
64013
292644
31140439
31166104
263560
31404651
295086
29704
31405686
177527
31482132
31484540
169720
53044
99830
45312
31793902
132315
273643
32040218
106244
31886015
179998
126606
32147922
31811345
31956746
432827
31924371
31903629
209231
35323
254576
179905
66798
64790
32047171
32039914
204238
31914221
70792
161909
23817
32145037
353775
95543
60397
107478
32364714
32357463
32438941
427899
32556468
32607430
241371
32322897
110152
45534
109441
32326352
32046862
255588
85827
34388
32342723
167127
32224836
31944164
31834171
31943934
403485
40308
85583
31982622
36538
31613856
113971
53710
31519976
31417236
396503
31401901
32169
31761806
31674303
31719647
599589
260866
162433
31737891
208412
31723613
66739
44933
31809876
263679
51827
31966985
269248
31933605
173180
32018536
129983
56237
142908
32225243
232649
31680299
31690055
175128
77538
31885201
461841
31972471
31752757
31551081
254904
31592980
84397
31061931
30959857
30845711
30590498
159221
30464766
30077759
191196
30229606
30104816
206342
50340
30066807
60511
30255245
30145687
30089651
29889404
29847098
365330
112883
30022294
29992452
175532
29920442
138750
40396
46801
30066675
29879901
29870668
265779
109686
30053093
256369
30135096
107473
57945
127347
30297902
30304558
30385703
30416216
316394
273397
30408107
30391438
223498
30118395
29973783
30002938
29873870
494992
30119268
250828
29974707
51656
29951053
80602
68977
71491
92847
30107564
91429
29980766
90435
29939403
58317
61270
30001482
237294
30182395
29979440
354494
29920370
93393
145597
100650
58274
30333068
166166
30274467
311830
43314
58632
30789476
415175
30608658
30421270
30331276
30436889
30531153
593967
47879
30453092
30460253
30382456
99855
42156
47988
30506240
30486344
221755
30436016
36104
30391632
30407417
107714
129123
30724713
368863
30812080
30905721
30891039
322426
39777
79238
77681
60814
52955
31094856
243337
30912636
52595
30948758
30857764
30654075
371563
30704586
30702631
156597
105819
48459
30809763
44164
30798562
30788133
130904
30679448
30514825
30548648
30405988
30573802
30539654
799152
30873308
30657293
30584228
30413402
135537
30246633
30234219
30334700
171818
30282648
30439336
439017
30544487
30684076
561501
30658446
253279
30661466
71207
30330722
30128690
30336488
30364555
30163464
30017128
29764538
29204016
29188339
28771697
795859
27598
207685
142455
28982908
28932146
153861
53289
36467
93284
198119
29168581
29239015
204304
29304612
126467
29394165
253671
29492488
232319
29495032
205442
29505687
29519225
307514
29674561
29523723
29519992
144781
29401238
131245
211596
29324256
29363530
220049
71733
29397046
81194
83134
143838
37391
29502941
137628
29271428
47370
29320180
118740
29325416
102784
29324898
55554
29251332
29262266
29239162
256703
28600433
137565
90201
198515
28933783
80483
29226292
28995119
28984176
28917436
695609
28912939
76648
49688
28764824
28622107
475103
28935466
136104
29031823
28971317
28772635
165691
124648
28557398
76972
28485755
28495136
156891
28448871
79588
138604
79464
28672121
35269
28736728
153663
96005
28863915
39788
29081703
28894734
28899931
583650
29143859
224373
29171441
29370404
29409315
359408
29462278
173002
74189
29706826
29372617
29362921
29294355
29009899
29070352
551109
29416091
29429128
293417
44731
29287382
29237861
138536
29056983
58739
28732467
112038
28851326
28472908
28411642
28478083
372713
28465800
28263468
331742
80732
28214994
102558
28288194
196315
44682
28081436
166729
156717
28296778
93379
111394
28279543
91592
39850
28285592
45359
28334813
27706809
274689
54900
27834839
27777910
367976
42822
27784738
27432674
27358374
383250
197019
34611
96022
37168
27689356
87098
27585042
86638
27564421
97208
113744
27705191
128411
27604209
27496595
70833
82035
29756
150553
43590
27465894
27513687
253317
79718
27645449
27627011
144006
81033
27705666
27683898
27712046
27591159
347232
27588248
202553
27438184
27057738
27067379
26980723
140507
26902063
27118796
26950362
26778281
426630
26672246
26719461
331239
26670913
246232
82837
42861
219826
26852307
52294
26936154
364121
26929863
79085
26652729
26754712
26766373
311880
26708027
82552
102558
134437
35100
26997144
27432382
580222
193073
27826745
346827
27897953
27986810
261359
28181272
28076414
28075009
340493
41541
73413
28099463
47620
55074
27944705
69978
188675
28105194
45220
28217522
250402
28381720
125192
28408178
28283809
188221
28353059
69190
43977
75285
28512425
169856
156721
159348
37746
28645365
28716600
28683850
28576299
28347539
376292
28191452
28210143
28239814
266663
28354702
139957
28329856
199104
28527605
28427517
28400942
28399465
479566
28448864
28049322
69210
28140277
119407
28175619
172794
35988
128083
101830
28388850
28379254
266398
101364
47080
44161
55648
28627447
70654
28449615
28386760
28267210
264932
28293128
130665
27863939
264930
28090423
50498
27614684
84972
30682
27521128
172645
27656765
27621280
75796
64906
41079
136392
27696
101548
27650672
27525706
27457062
103290
75010
27581243
306550
27756329
27715278
171074
73012
27885427
303542
32336
28023220
157626
48655
119849
98699
37484
112863
118871
81023
28606240
179454
28674696
91514
28350831
42994
38291
28291583
205412
28466253
235922
28521079
28263387
28245280
187155
28268044
28253392
28054556
