112859
92123
68709
32425
17622
14479
14495
15992
13515
18517
18449
17775
43591
24928
15726
12660
31276
13776
14041
15538
24196
13542
16585
20073
12832
15066
13348
16982
17683
15620
14698
22791
24451
14766
13264
22223
16486
15406
15441
14601
16534
15079
25408
13855
14784
15767
16707
15194
20532
14703
12703
13778
32363
17043
17089
14375
13707
14376
20464
16916
13687
16002
15838
13079
12356
15561
14282
14276
15427
18332
16354
12423
15704
48926
12272
18923
14572
15767
12124
18060
14774
13236
23616
15592
34276
15040
31026
20859
12355
14548
18587
15067
23682
41937
11909
19184
43829
16804
23811
12276
15100
18065
12195
13274
14962
15636
13291
13886
14058
22831
12832
16828
17424
13574
16565
18287
13628
17687
11750
16344
12942
16102
19258
22388
21324
17713
14080
13791
13187
17272
15384
17411
15176
27796
31477
19320
14554
12790
15281
18892
15326
11545
17061
15605
14663
14726
15735
14451
17853
13365
20137
20306
12697
13960
22466
13663
18945
13358
65687
31396
12291
14549
13087
13529
12483
14292
15926
16237
16434
13165
13209
15307
15146
34175
12823
17109
11846
16602
17242
15983
14628
16328
13167
13692
19833
16136
19482
27442
12665
15660
13401
16536
14357
12288
18610
19525
18257
14277
14363
12823
13307
11594
14793
12264
27635
19475
19875
15603
13116
16365
13182
19109
15315
23368
16595
19990
15672
16088
15534
19228
19170
41147
15917
13258
17344
16659
26688
18369
15369
17478
14147
15595
15065
15565
12343
16014
43763
14195
16619
14868
14489
15713
20993
15166
13454
19453
13780
19604
12251
24444
24308
14615
13049
14801
36647
20369
17735
14067
13689
26194
14206
12653
17904
16712
15045
18202
24299
20784
21905
15163
19789
20925
12293
11067
18292
16705
17596
33012
28992
14529
13276
17419
38606
16015
27624
18948
18857
14007
13070
13017
14434
14527
20170
28359
13078
12817
15150
12258
14865
14666
37516
36715
32019
13907
21911
16080
14950
20396
13675
14955
14896
15979
12317
13385
21395
39992
44431
15343
19971
15042
15540
20609
39847
13024
30320
62099
140703
76327
11722
19578
56209
14279
12215
16142
27467
18984
37161
26647
18399
36061
15283
15825
17676
11122
12248
17523
17818
25114
13698
18078
17920
12304
14486
17744
33619
12389
21630
13119
14183
14971
14163
13871
17829
18698
18570
19500
16050
13629
17752
12772
16340
13830
16554
15244
14863
15109
25401
13045
14925
12629
17973
15024
14834
13497
23123
14633
17281
20238
15977
13619
27683
14439
17153
15667
14567
23378
11670
33492
31869
458145
181369
1035059
150956
226029
1286258
321306
240210
979230
138136
47588
108940
534575
951044
136644
144112
582640
530208
713498
162428
358761
231333
962282
404918
179943
1015582
268751
36265
121134
881579
857181
1320528
186651
749475
329048
115652
108924
169052
52677
1005195
274734
1120945
44156
718561
191814
264178
44790
904745
617781
398898
215180
949200
166773
218147
662345
140692
1424869
66701
480153
308156
934720
41323
668972
114159
618610
72696
796022
226708
597002
126188
66716
516730
718660
707024
422231
188285
461504
941478
382526
388725
545765
352473
322977
506676
234702
612627
307675
841915
675292
691729
165636
35914
115135
884987
27368
266871
94884
2362039
374386
175444
468009
435763
195377
325174
260326
167649
343988
186269
621253
2071045
516385
1210652
78344
167769
422976
108726
357381
34337
924606
903808
389638
271086
334709
56577
57123
1186977
1312219
112464
623373
381430
1061053
655342
39371
57100
396567
58419
65673
681475
920511
683326
1350199
38797
2158617
42386
427304
107451
507856
937580
151649
401751
59714
1994551
1790973
335216
77753
255855
28646
884487
715638
681116
206980
279812
160317
402543
194145
162889
269758
322085
582005
462325
453527
194861
698336
633551
1497043
131042
266904
272939
269735
58174
84283
362821
1747649
326351
966826
628556
230238
30265
193904
492639
278353
74163
394010
239948
275757
237860
133148
276083
112113
1273641
93039
802242
105594
273463
734925
838196
580943
672153
210518
169893
41779
122346
141110
895164
139130
494421
763417
68522
399402
75289
44718
41451
249989
56202
392001
761312
886015
1393389
1355168
479045
550934
322401
40760
577037
1025630
840185
948465
122774
31273
796902
560619
118777
102054
215507
60438
368911
481907
434188
159380
1359753
399735
283918
853713
1300129
463653
78190
53623
173343
430002
908061
132599
256399
249884
405069
617245
142208
1240542
2040153
194240
137148
425307
260828
189471
136032
576517
388363
823467
30845
271058
148111
375462
186776
2459408
393500
1415681
1361641
1340609
185235
359064
1566934
346371
554604
503596
316218
284275
222241
44559
27180
712233
107221
672372
80617
209888
341138
239547
27374
256589
356807
33492
278046
143926
1147839
270077
296373
518010
902103
308785
396197
209658
1215382
435639
105162
126337
625162
105414
462516
437026
322809
464116
31686
790904
296475
605898
152845
268448
202235
794048
31608
924692
550902
543762
160162
106843
477234
107895
170273
458862
95463
219918
192042
428745
400864
293241
30070
319734
173035
601740
642589
117098
297564
701654
212278
493159
1222860
62900
29559
143039
178005
214707
561251
232176
81882
611228
184883
366553
86591
1796916
38492
324753
89340
323037
233294
855403
1021097
467081
1329103
539283
1430845
347837
173685
203684
975246
91706
663858
61359
539549
972669
57586
866560
189074
191274
38325
745533
68128
33489
122446
51100
456427
700501
541648
363871
1137585
52363
299723
161606
74925
324541
85914
680164
185889
374559
776587
54045
868627
562058
91016
174208
479408
59522
27939
927369
761164
131515
84328
736318
285475
428046
940418
546670
594697
50731
357030
610738
344187
83637
219862
1414263
207910
326655
41418
1356626
47445
28031
59875
964371
164938
789698
637925
1233592
148372
175809
449181
112010
97728
68025
137657
913525
148713
143190
36844
105619
207283
80204
168573
94027
236579
162827
878442
689179
378488
889964
519927
269163
734011
196942
930753
122188
199526
505072
490219
657003
560717
237964
938348
94365
819778
51482
258057
850402
679997
253917
472769
664276
431007
306984
139342
1261535
83186
652390
76261
131926
170230
781547
380045
277915
225317
90134
403189
130077
274060
82592
36249
1683336
374602
2283666
114409
281589
1049743
165083
330830
108364
892239
88726
331888
30496
1291710
589899
241985
354817
723944
824429
1132717
725771
165203
746430
417469
1205995
36225
387862
706775
1236987
205097
112782
1088881
295536
169984
597046
668036
1216199
301686
1113918
33438
892286
139177
35114
379777
764336
138560
615522
686915
338376
96061
62021
45047
186071
377185
581234
587670
575804
170605
698508
93001
59185
1004428
67059
230566
115935
1196602
1105170
589575
82745
269178
864973
962245
1224434
1011762
102018
296255
1391265
134620
830766
191780
174748
133715
146047
447349
897961
23451
661871
884985
1214227
49233
49107
303120
235265
66455
2059534
179767
339404
132727
52479
29714
464749
520981
435349
927877
281307
650237
246209
831334
1779053
394297
82387
105654
1438622
114954
297683
71018
384242
805758
220337
226140
144683
258298
248744
270394
136886
544988
152103
896810
685887
372905
501021
655339
743595
804731
146006
67710
744199
240287
495285
524650
242811
113324
293244
27596
475691
35722
1682178
47046
356938
196791
153471
137559
778189
70217
326930
407107
140089
172997
127598
173495
280206
238634
209873
59481
467741
77897
379828
80219
332830
1379603
1559484
725701
28248
309679
475861
91019
636305
925185
125498
43280
212793
109836
901428
116877
38650
234270
989710
263669
632308
262619
117740
192863
1389523
246369
650847
62638
312717
347611
199448
74895
253789
1264278
796654
247358
666150
515013
1145633
315555
194244
272409
289114
54160
78920
257656
171639
458250
388286
61730
929865
360157
764365
778275
345641
363211
131678
407026
62999
123976
377066
367072
52465
298076
431458
802571
1195841
40764
890176
262814
163442
138796
843067
530188
232840
844342
561901
593224
188292
130459
278784
504857
256617
474144
508054
645849
587896
390026
360423
474079
332735
984398
259206
182169
212096
97541
141395
420579
37119
57723
56101
926984
196514
502484
43922
144018
476733
406280
613573
367777
733942
50931
328812
81333
489452
518976
187733
229366
59574
81617
250480
126646
324077
167654
156834
1109355
68473
301595
1158165
440015
37801
1436302
984955
253818
351964
457547
80521
483364
35389
28956
61618
131208
27182
114552
45643
319922
46377
53762
888304
364860
1034631
277299
735520
172850
285065
112209
399706
83601
1052973
545572
654688
154191
28952
828477
847639
76238
511581
511360
98603
400769
130374
163285
181075
953575
35279
112420
459196
624445
188913
787516
107457
73534
245649
994521
64379
271131
2078104
735397
820307
38424
305811
303754
385360
1227502
111736
302582
179074
277922
380792
615265
201796
174899
59329
118421
244762
364087
708430
723228
28507
369282
148699
221725
332664
1037760
54173
915758
81799
552013
543189
274636
406980
985698
162324
118369
880641
78170
372650
31317
275069
74598
409305
862407
500539
1414979
833784
118446
655013
990604
103921
530299
348391
57677
30332
1369172
685944
431064
320898
227784
451119
451154
1119858
158212
95581
769016
765379
131537
142927
963067
47699
113113
368269
521636
1140970
312178
495269
484744
327334
78722
173877
47528
389203
31290
273189
139797
385267
1079995
311746
848178
74098
325379
152964
238076
175183
41861
691828
794366
223191
67079
322154
527858
36933
907243
271012
48209
161900
364306
318097
714625
43634
739689
940432
407476
1088968
406417
186701
213576
1884759
362769
2236617
48612
724569
540808
1574103
270329
977272
184535
207040
239881
618782
932180
120878
347198
313646
298978
1750088
225248
412571
452498
54340
59317
597961
127848
327673
138913
727173
294673
794709
553407
289663
29692
137928
1007572
706444
181318
909465
605685
844837
507349
662084
61878
1148206
616021
36169
312004
516575
322147
754823
1423834
681898
295632
319904
2885097
35200
262853
1959522
267086
805898
173527
100870
235509
252645
257359
1145803
91080
1310177
399506
187932
520997
67544
104546
341152
1205414
443421
309920
308158
201658
380273
255837
359550
235188
552679
375600
230104
290149
26366
254771
365996
55382
1184391
213564
529951
1036318
36818
929260
181597
261782
837925
571954
980243
231240
576309
309202
798418
40752
1483870
1784491
452142
587669
230605
90560
46705
792091
191001
452823
577467
224816
211974
225726
1204362
212938
251877
103042
100929
54382
52185
71987
592362
803181
106519
268552
229701
401195
2241534
142655
484627
31685
38090
34556
109402
1608422
125484
254455
475744
1018042
190584
238042
1191585
312760
135907
148407
673823
50479
562986
60112
143512
103843
716341
377249
188177
274497
93735
549130
84027
125722
169851
284886
1820900
272403
61827
608573
114268
213230
264874
227323
1479686
1829911
465691
120008
1120352
826321
293526
1331249
946027
1517530
237693
253182
235320
338729
207990
175232
105333
989530
99243
87765
355132
513356
370783
379914
82990
303862
1307495
150973
423579
164851
335143
151775
235146
374325
162839
1389400
2665936
961870
298660
41187
1310414
237283
165801
153931
355309
406813
285330
77148
771811
732367
30736
1015334
380175
261214
348905
1087864
855913
313573
1073576
125133
733978
189634
140828
372194
714833
513523
810212
160430
191586
745467
98647
148886
436765
308067
202174
343936
27835
440602
666542
224940
319656
315450
322695
266159
446342
618841
466167
786332
693980
287298
341162
56916
186859
474961
209104
1128503
36845
909457
990071
194665
106633
366823
170467
822111
860166
366472
399116
92202
35440
505436
369288
342030
1365401
940449
225579
101982
117615
122578
38207
438108
32350
364672
162364
775518
377470
147201
376375
263428
292031
141278
228450
1017237
50035
1271355
79226
310435
115379
544438
381743
1329061
853629
91191
648094
587937
619882
187470
388144
935697
1086798
103293
1307790
615093
140637
135928
79972
36274
33993
271877
135973
316187
298941
248458
148514
355122
629892
297272
261829
198808
190232
310628
69630
283660
529799
580518
873496
221927
244608
1591344
1167321
238332
23922
445657
61679
49084
800472
328368
206236
215096
465009
78427
164950
34058
171329
405109
1022204
48715
57321
450774
144567
545615
120518
175560
1080595
39696
520844
175183
408725
154827
363640
66310
76703
190966
1284026
93426
640147
328870
72671
1153853
870566
387916
258856
240478
434745
401582
825502
591461
369375
32280
49422
56650
185458
102162
584977
159523
484674
557972
872803
37725
393798
101765
88408
533820
1162895
724954
649401
324050
662767
345216
340899
571169
979806
513236
326389
603264
121220
51801
67445
38678
174475
27762
234605
560074
29284
790306
445748
115803
48824
734210
137288
879495
106607
899765
719515
557269
1028109
887386
1471106
194312
399354
236700
73468
395059
121250
426206
314483
101199
626962
1305154
81760
26128
906798
520414
304071
242640
768597
36339
91559
190944
224924
506505
82536
274823
176937
248264
882028
117138
264324
189877
204625
50269
295369
639944
378473
34802
106428
78776
466416
329453
135905
243405
341832
142000
90858
541245
450219
704000
143289
34868
753138
460091
74145
26058
45786
146952
363230
708817
738109
237036
426934
1056694
736762
136116
265528
581969
2299847
941586
291084
238034
1789998
120572
329231
1363063
123139
485772
501418
29376
484350
121711
387615
29430
519867
190568
580444
28296
515533
613313
170001
516860
543580
137081
128526
221000
192887
345196
185852
38984
89435
188047
170261
244662
29445
363604
75105
398247
326372
135013
625315
1094671
621636
63636
163854
131261
869884
170864
41729
446262
376898
391783
1665460
56261
968519
232967
680565
140341
540179
212445
171483
366996
235966
349777
112195
355483
376246
279696
814911
566915
479689
976010
376317
27358
176929
175179
245922
139601
251389
154635
78130
325420
813536
69553
79062
1188292
250478
418697
182927
1032939
230406
1858540
54439
632992
805055
775427
544451
1427227
30879
428269
114491
281962
322407
86493
664681
534569
30392
229003
149847
1224571
54094
785100
1708412
373491
758258
319420
101799
236329
85277
461712
794575
164341
211842
123801
255756
89797
344792
109850
226964
298912
296002
292733
189759
86755
143066
459911
245586
480170
229943
140505
114644
764941
348797
416508
133540
838359
36536
29576
177227
257269
832791
98143
183700
75535
568924
193869
815029
61781
119149
262964
1417768
99378
281932
515662
152010
255286
198635
137583
219285
380718
430753
209708
461128
551557
309758
588959
105932
212950
790495
454102
707755
1388961
188754
455542
123618
80575
56486
710967
150442
212133
1800262
32276
26568
430077
556323
435411
39303
406386
222842
952578
485978
780538
342530
310906
207929
650256
426880
143393
440611
401816
324030
93565
488653
332129
67497
2796277
30623
901596
239829
608276
29583
62263
308186
330225
354649
343642
187616
208459
459179
239983
27744
468036
348471
981834
293728
81573
60383
28711
114028
1949759
593865
204832
36799
1146722
414303
357553
881800
193674
518941
504249
134392
152002
681058
453005
208370
28826
574708
527043
181977
124555
281697
679631
36970
25442
218496
600830
488245
1152997
532372
758531
407816
251819
191553
459979
741214
970803
395184
730044
565532
507209
258652
145891
153899
300098
473198
328311
1562530
65685
343170
251135
38367
59275
1228871
85050
331116
476499
138225
40709
367562
188398
47512
169978
587568
348281
833489
1249666
129104
30417
52579
365605
73983
372486
144187
158825
161307
110545
785722
165050
41249
903174
264971
187901
217759
851731
52623
36851
30993
99440
90954
757226
930141
1203191
465748
681116
902956
30512
822066
221256
52089
140531
75608
97991
265023
635057
64026
870499
132955
334900
978095
170616
438775
109200
113516
51078
163007
242924
824622
32916
401412
180065
441478
248702
48667
308894
621916
44994
401820
779145
539516
159645
48104
531987
186486
180169
986746
619502
801117
108331
480889
121097
165652
869093
151863
398855
74078
182585
152412
400397
690865
27452
230862
141276
79147
1011137
280083
33086
327098
451211
90129
79186
284462
620078
224723
448424
398651
129669
607315
348765
554720
432851
513850
293470
59345
53236
76449
564791
978579
200632
365118
1489691
932090
78271
238440
524884
27346
41164
314488
208011
389292
842541
2153815
654157
56368
1162817
860958
119779
280609
113888
831748
246006
245053
444901
268448
1051752
457557
1560185
34693
757642
520610
84842
555203
309362
25932
620840
117938
713196
359446
239828
799828
329375
949105
163617
489375
577474
503478
570512
84359
290922
35814
1350686
217820
1504957
103088
532870
1225165
792873
244177
88520
84426
246558
179311
794315
990243
29357
106060
595728
498058
103817
210894
305299
49706
486343
298612
461732
322106
235971
450112
128747
109132
472675
1029630
877965
1273818
929559
257591
1779644
264509
283849
30038
887652
94079
1260403
189618
213977
117204
324402
412966
236980
596146
923282
679699
58139
152742
499010
164552
72430
122856
2014427
226044
205514
611316
245828
111263
613237
440593
395486
200167
202084
137763
79269
266424
243181
787595
108247
606142
222336
198843
510062
567732
246193
634019
500027
244738
115538
117013
789742
208614
42384
126758
361802
118610
667170
833234
2829216
1674146
469668
228229
1544508
134243
475384
68353
129164
31916
1831858
200210
318085
421231
265671
545850
299121
248020
33006
788544
865048
445154
494008
746053
349122
392421
403852
407414
1102231
91918
58859
163517
478020
570894
342427
83282
177181
287379
44515
794326
192437
234805
29176
146578
70181
349901
223918
510697
1068852
93612
31080
326141
1637444
390348
27907
1843364
54865
351832
79410
290847
383425
54299
726612
441196
90729
779162
342005
289382
2196480
239609
458214
1078361
173721
508863
105873
75578
296318
115404
210442
102033
469715
202851
343455
360675
37856
723281
1003737
129175
533782
347153
31702
155717
248457
242208
337848
124016
252917
713822
451804
624262
1035992
1424965
292175
417597
222469
558440
640487
489206
204583
296479
418427
140916
29705
343831
226330
451675
297971
659047
91659
821619
358153
309575
225852
867074
509563
367835
180735
51088
581529
594017
394445
42028
87963
355569
277075
373381
178857
180812
94064
134371
173782
62273
379793
592601
750380
175542
51104
232701
538126
88388
785087
939297
473542
247869
70969
540694
450686
1202541
139348
515824
201597
310097
132638
2430413
408060
85191
59204
86899
68040
235297
571730
42404
625387
997043
116560
66771
797392
577555
790045
177592
174083
729894
898743
30695
294926
800278
2973118
126487
1647977
326143
81043
497685
85895
639468
1109447
716801
332585
101641
804334
26664
71184
717727
516655
588507
117581
165527
940775
74045
266962
303597
777831
45679
71899
707212
102245
697573
954754
1323603
1025176
668825
96292
628779
1019182
576860
501853
679045
483489
373347
78350
960470
223808
628628
376691
309580
594770
72368
687190
57404
70732
57943
1117263
434118
1330933
42006
1004553
344810
290742
528536
555643
722802
49391
145558
1412665
1108821
61761
498142
804930
721072
106752
433672
250503
1067445
594411
131521
742877
469063
311267
212639
1707999
236939
417647
368854
350816
215164
200813
44613
112984
161364
30607
1039038
562081
180525
753567
399434
24633
100445
211139
151561
482751
239067
1022096
901811
220863
56701
496664
598663
915959
808841
663295
558961
233825
1088823
1106057
119789
30757
317518
333472
157150
192175
331208
87248
1086948
547362
80043
1061721
379312
35102
972410
1600310
242731
59037
844702
32989
717113
426225
525976
79123
255613
885390
166580
31280
53662
256643
164150
75100
379003
1380860
48188
610784
81787
205356
338376
1091133
112749
630640
2457626
25790
133424
718857
555541
617442
420838
62687
334014
528331
65433
108244
1318886
29313
187517
121394
67350
112909
1343466
420355
1256527
253541
1018519
115568
574389
229188
38843
197036
117156
1086872
300062
277102
758020
201891
1444071
1065093
296373
411123
721833
958420
141889
494249
52849
578979
1327019
453134
246902
88562
32285
129958
737016
599824
1029879
327610
474325
614752
211976
489082
89949
1280021
277322
175747
262551
322670
408215
191284
29966
89510
1104253
96012
527887
70389
58560
149618
170142
669494
208073
705952
29801
324607
291229
817652
115121
706050
101998
462712
606391
780177
30737
582434
656636
1625175
218803
172809
126401
65332
258841
896766
414542
425561
323877
412165
331527
826213
903833
600310
138463
53427
935512
277066
451998
196539
497507
41975
202643
448151
502972
665484
41815
47027
246556
675538
1275294
209388
1128467
417646
180752
414159
397455
317946
116762
195585
267528
244170
86953
948293
316346
300399
255660
157286
139074
552414
218980
934921
298861
1351561
135951
541014
408868
1295278
249362
536973
270688
1660979
96588
200725
273797
429887
502445
456502
869462
157050
68151
131619
815345
426096
136390
237003
418732
332187
30706
36471
992076
346429
67941
221926
940521
155835
1210301
149048
664037
64585
441952
70962
53931
576814
453182
618225
370816
481667
327974
366498
92010
322687
83035
396317
765664
662101
100647
95175
49749
786037
722585
229855
332520
70881
81419
737097
28375
296856
1219650
354235
435069
112589
277026
449966
333218
300692
791419
1072028
147704
72974
772977
242194
60284
428407
31463
735407
222240
80935
1756823
112608
881566
173207
234430
210872
236925
795433
524622
533783
689304
89763
656856
214713
154393
193021
264482
263343
1447116
168975
751334
440158
624568
264819
378349
517362
128920
159312
666986
209823
474291
587867
132823
463334
246261
256770
146426
214723
106034
96284
779877
2132023
606513
132745
105697
303224
451627
169090
810909
75683
515173
82161
205675
97774
938773
548857
204833
120555
32317
525565
1222590
509725
78218
42163
795185
942219
94838
282588
175695
459607
378499
275781
27637
113724
781126
226934
581364
501924
428846
243549
831745
39125
1228563
972278
711295
627742
258265
31687
148122
190400
599033
656027
1565141
505284
146877
357813
554049
73785
434231
277110
126251
810066
979401
281579
637534
142665
43839
897842
508207
331204
224701
651106
155509
336557
261932
125309
169058
2229115
1654022
333985
262841
177777
321417
112828
196181
1273911
1035886
118029
562827
540735
199239
676874
118626
302350
162777
155551
46896
44334
755983
733959
174888
40457
512185
333000
384140
24477
1860700
243872
823804
990274
81786
512500
434016
373463
441925
2023886
583284
302971
216679
423429
339250
234007
93039
28966
2050443
176854
405328
165181
1483034
95720
214056
470030
948368
586120
209724
398342
205397
553734
297536
213939
1035704
186878
308908
696774
84257
125834
1510508
674074
349938
165514
360647
106190
508049
106163
597932
344567
877939
826962
311946
520078
83490
478610
51144
57136
453008
36441
36044
519958
555261
99261
793160
53641
310557
198952
495411
615938
1097536
428130
109326
543912
233526
56578
345854
85508
42037
516665
66281
700731
463028
218068
414176
277875
530892
101971
594380
98881
236893
331696
649149
285448
733592
157538
537974
1132404
582710
34129
40484
230454
659036
109395
620705
217336
302479
164941
121412
60624
172548
650165
98306
303776
925597
611454
318282
1011242
174795
249971
567873
571098
902503
629402
98467
494047
1555693
159020
76646
1220445
104149
998615
81549
166030
42495
151897
435514
203747
241877
113694
116529
651065
282934
977354
735168
753092
798676
193394
930989
398376
135974
79520
373877
905687
148085
375180
28269
410176
230313
588877
278851
327792
897975
203597
259203
417947
35850
141743
483100
408271
400478
31133
1179794
37106
533548
1321561
349448
28049
1094258
383507
872108
479353
372179
138119
411756
271977
486738
56910
343193
370249
81396
748409
728150
297756
960534
633804
166508
595063
84278
488474
184025
136108
164022
57342
405744
50224
67980
72332
216938
28426
553570
116144
540031
100914
326754
419540
105866
411060
813486
86835
192609
454590
343725
416306
706027
1616158
125559
843264
59872
1325059
374882
281299
353726
295680
266109
76080
37351
576827
647035
195235
272936
194302
590052
253691
541424
214156
346006
32062
292872
336967
241569
1173253
398912
263485
1005428
26712
728328
206909
209778
77812
25709
110545
765110
32903
163008
34988
575759
338961
49629
436407
82414
64739
1327769
651441
268167
332472
279807
125631
1756207
373709
336313
422509
88500
462556
308599
82522
351020
344866
82776
921195
178870
303673
812105
430188
701292
397734
290073
856049
742586
739431
37004
232966
715937
358851
327915
367043
158423
243851
820990
485347
95340
428316
202620
346675
37210
84485
801097
1002406
270702
281552
88320
90881
271652
35101
36320
1241290
187014
360225
31668
281754
282061
120114
334255
475418
585927
219382
883290
842499
203265
328230
385837
975129
137105
1244562
57402
362884
489423
411178
2195963
55783
98026
134481
306369
398863
31466
648989
244357
64962
1331406
25494
103106
173442
323652
170467
825093
555407
25033
214473
39758
50450
434735
1700037
63145
222680
718011
386481
376175
53845
55893
61521
257795
258978
67083
58541
187539
1628844
285668
397268
363587
570023
48450
240374
624545
187117
591464
165874
539554
386866
63968
348890
351305
1225315
485795
1393493
835601
419690
930988
306583
180515
486609
73212
2630952
148585
361307
690881
341742
874952
36752
146916
1552958
605533
255633
235547
121831
204113
481836
116806
753666
47070
593265
236464
164338
576744
901718
233581
66682
616409
1284785
289590
428879
158659
117438
1652009
179416
287743
1861171
238834
390589
609712
216556
944112
886530
833986
670895
489726
40088
61349
58604
94301
200387
42375
481214
1469756
3377689
84182
527352
77561
507309
305375
203769
422440
540109
744589
485139
876535
2355131
244380
461000
795898
288245
625562
136668
413999
1317351
1222024
603146
1293114
260754
120131
85287
62288
82136
534106
191270
888641
394850
486080
211312
134598
838836
1470764
960731
121545
291177
515652
278031
31985
1300220
317082
290942
825282
441072
563704
351874
39557
67927
322604
882003
301632
593613
286821
953887
75729
455439
555720
688133
679649
245099
466258
669134
279620
1453111
628171
85550
106293
1466063
571695
348679
272977
75210
1547108
607727
508598
408102
146300
508433
305144
264464
406984
111646
105747
677739
631758
250477
460990
972277
605685
762795
245231
254439
567150
1046268
85385
142963
650262
1409423
442804
103316
239573
262641
526359
27492
434375
290795
600436
1034308
734765
756289
950597
167873
214053
1093963
1313134
558892
52513
201862
241421
883724
80572
484778
211889
310148
765992
176356
913414
142506
243530
91241
313117
111773
40569
260880
56706
521438
122107
144874
96388
798269
359243
517782
547225
85423
107377
1132611
382396
81122
454566
236399
28302
337975
358813
159988
86551
108683
419241
226875
169572
990769
2029045
74224
1171049
422354
367904
1257422
859654
76894
917917
57414
88409
30992
412365
959616
181834
338836
130346
716156
205052
1228359
263234
201228
173852
652828
492204
336557
753381
464996
406989
111463
462025
311299
174105
251117
2228908
205799
494073
75235
77889
466505
36834
336497
436918
139362
110446
182163
834497
354299
286222
2313944
75759
85303
144026
144745
528099
677760
223712
764137
163744
265509
702824
520097
580894
39254
370655
746586
178116
35692
756069
95674
116413
29004
74062
40987
29700
1177859
807994
261692
142107
502244
93772
703274
804272
241866
89853
380482
358234
103762
508257
354952
1122392
93506
408437
50513
362434
119086
122102
158890
318963
280316
201679
297757
691851
279923
277150
211519
235283
1120300
602933
381415
37876
965218
945093
434912
28911
665822
378890
282490
739507
649836
182823
116069
900821
451544
162564
40239
69244
476898
702250
137272
291385
51344
332408
832937
397258
262423
262525
493590
173864
274647
522880
1367847
736691
1805252
150791
156144
603840
43075
334787
293809
72701
915503
364571
228306
692248
306679
77208
668399
39295
149172
369713
337190
676502
28031
428029
575968
97724
193498
574697
36169
883404
599624
686195
178481
281670
151654
358760
968453
231509
38628
104722
399050
157038
491844
69951
90681
35688
515568
30506
426120
736764
306779
927614
127339
457783
369434
435816
329677
279654
305973
736276
413118
73692
294326
291868
332543
627340
808143
60803
74704
93927
623688
474521
1417621
798675
850635
138506
334154
228980
34518
396591
632511
628351
170804
265544
420045
78353
450918
138125
66381
168524
440482
307590
238503
447270
319821
49211
219110
27087
287336
144941
171897
640233
238959
77929
42927
389258
158226
239560
417729
210656
485543
1114813
382850
491790
56163
98072
464700
301840
259232
40257
408812
36631
733024
151678
116751
475708
399694
113470
650238
29628
281757
1221059
432511
366790
155092
523365
795009
155205
162892
304298
240865
439734
309436
79575
1868853
341721
366524
38564
621569
152939
192934
331687
690335
182969
234931
456467
315969
1343467
66220
162882
293536
224898
134815
452255
112544
29517
26028
227506
145310
288383
174447
1597523
443712
982326
151883
244651
834793
427884
166791
1433206
109145
342280
351352
324163
431011
365953
656389
236100
607531
1786229
569216
206030
1125616
612289
522591
1449789
894424
574666
263225
38176
109548
2595557
295883
87259
827208
265020
457182
252145
340118
537130
1343955
49494
1060742
258004
1323878
319471
34757
125434
33804
252858
642135
501752
516626
219088
41516
468715
214613
657776
229404
559545
1236138
366721
30434
105838
339669
98245
120258
473485
239728
925550
176070
717591
184236
1121655
219081
201114
963405
125875
185403
2174930
318539
190264
161225
241013
594874
210098
501413
842263
175241
450616
54999
124744
470682
40356
73156
482087
33127
808632
218284
599339
183778
441268
976635
34771
412453
161764
369091
1207916
129699
28513
330176
384614
1283031
490170
1087764
188901
539075
619224
273839
657491
2799937
644967
70176
117975
93319
569612
55803
521590
909877
237594
571017
272079
127758
135384
1136814
797016
321205
450935
913128
584762
24237
1539942
322188
921618
29202
312266
644078
42039
732086
701055
308376
696619
31565
290082
137130
548257
788600
287223
330533
41943
513268
152164
885155
792755
32158
132729
72034
330911
355532
52510
343899
299323
369041
168475
636974
55462
132530
211602
151103
507516
74945
222243
552383
158714
309448
183673
444943
108070
211590
250686
321268
38361
217213
396718
495435
503313
1251130
212982
460679
1274150
428500
30042
223079
28980
403785
35512
40630
508660
372144
911723
466591
419945
61696
140963
887274
482851
417939
146366
228567
345680
860652
124087
397810
338543
479892
441838
191144
2329626
247280
73303
59545
321262
70642
789154
29947
147695
1315475
55254
1930654
653796
381269
1122461
59877
324769
680252
987114
106902
573782
102882
1001378
451929
167401
229344
248673
230685
201982
295850
88029
154209
402475
420862
579427
255858
199178
411332
151198
867506
224731
