87974
114394
133800
122532
26825
27509
22536
19555
20020
17227
33541
22816
20881
28991
34660
31454
45586
21116
25828
33506
28765
19894
35366
46211
19286
31890
29916
28703
20158
31296
20909
31932
29011
13186
33850
25202
30210
32664
29402
27101
19122
16451
45153
27903
37902
25675
27940
34239
26044
14597
19841
36334
18355
28111
5659
31789
38837
22941
27954
22048
19086
20149
17364
35229
23970
25277
6680
30290
24726
29734
20310
19034
22239
34230
28209
25559
18998
31639
18351
15816
29511
29151
28909
7698
22158
28429
15771
30091
15686
28960
24339
23213
25833
29936
34111
19522
34876
43210
21885
21406
24248
18374
16731
18941
30116
23731
11143
31577
15007
21123
23792
28993
26761
17029
15547
17379
17809
17216
23220
26854
38469
17030
24014
27170
15769
16615
23573
24114
18769
30155
5432
28016
32851
17639
21284
26942
15544
16184
21152
29633
20641
31218
30801
36622
19114
24289
31200
31122
18465
11922
23901
25035
26609
25491
27812
22056
32056
24204
22404
24102
25228
19704
14217
18698
15255
12010
25057
33010
34507
25202
24431
14411
14624
22254
28013
22930
17910
20900
27984
40065
16808
26136
13040
28824
19813
20559
26917
28371
15132
16988
35939
20327
20898
20579
22477
21335
27207
19969
25048
20331
19734
17771
28674
27856
8486
32594
29737
36749
27255
15600
45084
19933
23840
194583
50385
214256
158084
67475
79023
103538
55422
86446
110760
18623
42089
47458
112722
79276
55117
27688
81334
396678
71187
18487
6200
29045
18369
927941
34070
4928
28041
22977
107280
51453
17955
37158
111994
10453
60168
47437
66688
25121
27729
30670
224123
17855
73185
267560
59881
129603
125314
17848
19614
26705
307660
16943
84490
141561
19383
149420
29792
92885
19192
23341
106276
82648
89101
17002
221052
37155
120253
30436
4908
189078
59672
62315
13642
53805
259492
30705
98787
23288
23529
122785
23576
27748
229613
91685
78774
27526
98093
27168
567705
100510
59192
169602
19256
124487
72698
16524
246039
24285
260707
18083
29206
19241
256995
34986
100844
25411
379193
31361
20238
30268
248551
20041
106687
82197
67291
21390
15863
178242
65215
47283
90431
176844
9177
18161
416458
53138
60428
79863
119828
21453
33580
202592
82309
45885
35937
103239
117204
51678
17628
168635
138691
8624
86894
28243
13395
129903
19751
18180
20500
18632
221586
33716
163597
21865
30463
34109
30877
20771
40529
15157
364779
16027
27487
4781
8462
515634
18716
23369
362341
76239
86748
18082
49587
38699
337053
46963
79586
190378
209105
22751
31146
5204
18079
28078
253121
77807
22224
132668
26063
95096
30636
24604
28093
354256
110717
45820
49168
16433
20124
311668
28088
32088
269775
19594
39143
351767
110783
7510
246112
20028
91859
18420
12933
101498
52855
30873
24659
233501
36785
17240
65941
152513
34087
106295
33239
64947
77566
96062
227228
22609
17099
63359
177201
31452
127234
4924
20742
234291
64432
17165
20855
25896
26816
20300
16847
284007
105725
55605
43079
275770
17721
159150
18353
320326
31906
142415
128475
189472
19757
98505
15077
291965
4944
44243
6007
256343
73570
52287
68520
27870
24177
319851
48866
103107
18879
16892
124455
53748
16288
28263
270191
19984
129761
247938
166530
141804
21071
7530
344015
130583
15859
151075
26975
48562
28583
29560
300666
26214
51381
62144
122738
58683
73582
28213
17908
460667
53434
25143
27725
18543
28526
25128
37779
372111
5264
152602
39688
58312
20553
32012
39302
241192
27307
27219
13872
29586
31287
29915
15338
5522
735495
38401
338117
159192
42489
30871
16484
35220
17810
611017
142212
47649
20550
20109
22911
110157
66484
17860
258172
18040
85378
46406
52242
160806
35529
27795
125958
37679
14798
47984
201992
175697
16963
15626
256105
27610
223417
13987
17003
27126
21678
606714
24234
33813
118262
26464
221463
27104
21366
101373
41091
70371
23918
160856
36201
44082
95978
86954
58614
28297
34556
106526
62054
19611
18545
284003
55574
20688
14318
29960
19784
293824
28976
237540
87298
65394
39040
49299
84006
61412
31579
171346
155072
53338
9458
69770
141809
47235
79086
311151
474761
173910
365396
20324
22973
330175
48424
39914
19802
221052
55627
18120
94233
43771
26133
173556
154781
27771
70140
142188
16449
9322
459489
17886
15751
304546
110901
21354
14635
95665
215125
48139
19714
28884
15891
417053
75798
64457
103256
80509
25186
70695
9553
29226
12537
26274
28352
27214
18031
24202
15137
832844
155351
8660
29517
17292
20391
458893
19777
14870
34358
31820
19167
33332
538392
21131
20683
206160
30152
50137
135064
28374
106927
56170
35357
78429
24934
247607
85149
17666
97443
35041
24186
5037
20209
40312
411547
16190
115428
196131
17684
414778
29299
223034
54237
160951
28678
14123
294344
113502
66823
23429
17642
84432
28286
285456
31480
13876
20678
192750
11733
25778
177990
54358
23490
70752
48097
116949
13619
147994
30914
11521
115611
43115
75888
18960
21942
40931
32025
208595
49242
17773
31102
21817
248942
91856
32901
179677
43207
20458
57326
201677
109651
54948
28230
20579
224769
74354
18412
124863
44563
126553
38883
89458
27959
355727
167799
8339
26012
19557
23815
15446
480142
33220
24198
23673
28516
18442
27534
18493
337087
43620
39603
15887
346309
42654
264881
41481
47552
72005
50912
182421
18873
32140
27553
16914
42888
405828
51304
56167
52893
224046
91945
17872
15270
40733
15456
318483
27324
268573
56602
30209
212511
15889
34389
133401
113744
36526
108491
159601
29266
203199
132584
18710
216363
39083
16519
137727
47737
28760
105738
30164
137056
165693
82724
28553
54423
359064
136950
16936
423758
17816
81730
22087
33611
14985
343372
58105
75268
89311
117506
142508
214727
221754
280283
64322
92177
428124
78606
123008
355230
110240
11089
11451
19217
328435
34125
88701
14542
191003
19184
205149
41090
100670
33836
21431
289612
23977
111218
22522
130632
15950
253031
19447
26014
37555
242874
172354
28900
116525
58141
19226
229583
39016
57295
66874
147018
18416
167249
113277
55038
26536
55301
19318
34665
40671
20661
784306
44557
122902
18977
61483
131311
59269
5997
17509
22066
25736
16584
446024
87377
16091
128313
35679
294641
263271
71390
14740
30246
16539
50572
15264
26344
10376
402576
25474
15923
35942
14197
251806
28046
15315
21506
14386
8641
382122
68139
14568
17158
410387
105535
10248
313311
54781
39223
7978
19045
17972
34933
33518
293577
38366
25817
204771
7114
16039
255016
108173
18016
19128
142434
141075
27243
15225
164781
27376
19845
416865
97307
49692
5216
22306
31099
301261
24105
424109
6414
29354
32051
464829
58034
24479
74741
17359
32335
28144
11776
302238
25626
13315
27326
38553
246588
20259
14114
46821
15973
21114
15162
706780
106084
23934
14103
161399
28699
22257
15969
31101
329969
14900
108099
97084
26766
17351
300113
19177
22047
17689
21340
499487
35213
275468
101601
68015
32239
99744
16105
203793
57995
23997
30716
32728
25337
15962
241477
23854
42064
180520
35529
22646
262036
26222
262722
90174
15454
15831
29279
17379
15631
30684
33128
598340
59776
74338
25419
15450
119814
162365
444861
179158
117237
145942
345107
230761
200396
156836
84319
255145
184980
148859
156672
140602
501387
633604
705549
280918
128498
691271
184971
253372
413818
280951
94465
81900
125647
615623
353415
86361
105546
373430
178809
557422
306400
147138
109500
557130
545174
284960
94236
338137
130449
213899
112717
123958
355133
539171
517056
485754
243993
188157
58911
159144
410431
257993
297718
204199
243289
189776
250921
416828
373222
295575
163214
98409
143242
269744
294206
394180
395933
171582
90548
190831
228925
383063
581690
1139846
392002
147540
113377
1237630
236316
248465
443963
358907
144755
270525
105957
262462
230472
233089
294313
215955
328487
166344
173648
86549
393196
348972
265276
405696
452114
393512
375226
236671
65890
87182
178093
205002
373907
390242
307501
226552
298828
305845
214320
267113
383775
282678
57832
201908
243678
80161
93674
92102
77775
637034
140661
129104
83464
712452
420838
584882
462168
433014
146044
164261
144986
407219
138884
118791
196199
652202
294770
206322
60834
74270
71411
56140
64952
502738
209578
128834
135593
62921
222455
218170
362109
382084
274610
185217
431235
293099
276997
128529
205459
210237
209610
174632
231044
467967
505969
625355
641296
253389
266455
118134
213555
249696
318649
125982
319936
172479
323626
487811
511230
540989
427761
265286
290351
327939
181289
196355
156592
109048
342925
142893
231224
66912
53362
184331
118792
200787
189799
345785
260097
225570
711083
411597
408039
611958
284725
248206
572788
536053
415681
368723
238703
182729
349541
110039
374333
109114
65193
217575
366883
299256
334837
137719
147357
168995
379455
289490
297291
283961
58364
131985
737476
673211
58803
152451
288546
632995
664057
446822
296461
299569
187891
706448
444229
361256
208377
206837
92753
479924
403181
275571
421888
159351
567004
327901
280655
123489
425036
346121
106372
431173
476079
110584
238183
184663
359149
276673
124934
762117
583110
704863
382944
1023706
531599
238364
465010
139705
301303
76413
191669
236423
349783
355356
271864
314066
398539
361662
574367
175438
54871
559417
261918
236780
100058
125210
496120
178450
300590
757033
322017
159374
373315
118935
349044
584897
348532
757662
167655
804118
114741
108355
244269
236884
117280
266183
395683
290134
356028
368653
219167
166269
222701
226291
245503
59619
374527
266920
270444
490544
465361
233807
113819
438582
286161
318447
897303
495311
53708
66568
469384
415956
192673
207371
119242
220247
130432
266752
145204
112452
173038
114083
217320
286869
204605
316903
218162
234955
242245
169024
119568
132015
49932
106032
97120
99109
197693
251679
348190
141599
101501
125710
68444
497948
243338
191123
153240
94574
67422
65693
502671
367704
431972
421006
227520
88747
328199
145432
283104
320425
228579
98775
241058
98835
183027
219060
205184
61859
142105
300985
170951
153033
285056
332062
142128
81934
83128
796764
258836
826698
347739
164280
399687
187926
61859
478620
473912
142255
546316
575469
252648
241709
518159
515193
190030
192521
143804
144180
164345
117225
55189
136973
226255
660688
525655
661854
441193
132937
85668
102057
112603
91917
195595
220215
197096
203996
116634
153005
151248
139848
561201
574355
133282
444856
467183
136598
96464
206995
1037803
980510
117299
151220
492695
279098
547245
265571
60026
415038
54908
267931
143049
110814
272597
283591
75302
165798
362100
272352
280483
182003
109227
66608
642326
364909
86330
62352
45810
63398
72185
127110
130209
319561
101636
166531
149748
488452
83530
71062
213745
243889
161352
565247
269945
222729
618091
143201
141899
170897
221159
589104
248424
438538
261314
408282
302097
91633
363900
190210
54587
54180
452794
410320
441315
777643
473361
107905
508807
490504
148000
277913
349012
377085
283686
530721
384673
510836
348343
48401
58806
111932
182790
196893
464336
210311
547686
266100
295863
393902
296610
131049
55432
340574
124677
307688
256436
174167
109559
401746
593276
386259
210781
173088
779361
270977
470013
419695
223297
107069
474947
147159
535359
876631
648860
851846
313886
426514
289160
143186
143184
245196
307698
242485
305626
197273
183269
598014
429764
155125
115063
538210
581528
341543
268642
162886
348618
100132
78078
179972
137856
151619
310276
391885
448769
416727
148735
163094
361381
76676
70022
366562
193847
223339
170593
381633
296921
83126
42407
388377
395927
483333
397227
332530
152142
101494
85519
88937
121100
830446
400853
248244
147332
329692
378900
432984
442332
166617
105361
86484
376698
179342
293871
146605
163707
217370
276078
123463
314587
171978
177471
44568
189242
203061
75887
629661
552705
124020
74823
95316
70234
465310
266427
389890
670129
228607
173063
505312
297680
76854
58363
66871
75172
47765
487113
458955
268211
471441
753323
568520
662235
332291
437377
525187
605687
395755
161600
190224
241106
762560
481633
150116
352018
141620
160746
151057
178515
504339
360689
220516
178811
152531
142049
242132
343897
372893
594915
402712
101020
735366
628994
114323
460161
149197
506158
132389
176902
49671
119679
186559
159318
108297
350315
349045
163021
151681
370210
366874
43936
206215
302614
207679
225222
234765
137728
121028
158813
238707
237208
313549
484026
357054
496776
463608
129879
78491
363814
418065
533890
175282
538200
60758
337265
400448
152053
57568
73894
92224
100782
776452
649681
215333
369336
311380
341964
320537
166929
84018
213587
430924
604485
635557
470906
238101
339382
279031
232332
97798
306442
376764
292388
384119
157993
391328
175481
208552
206142
314807
156180
239468
159277
411470
295277
361020
357623
835529
657898
618033
222408
652190
327210
457425
223975
117111
342090
309428
130026
237624
234308
583874
468436
520180
65970
354925
67314
183574
183442
282205
225627
147210
196105
109379
59991
94681
146325
143995
384347
482113
353083
122262
100884
503519
108576
272651
193784
229926
166335
51136
111275
69379
138680
68220
141952
157306
165083
164211
164416
198228
224548
171276
133276
59060
58028
341664
115344
183624
149192
207480
325733
268190
151237
286222
259844
169869
328808
61034
241696
210029
195145
287172
142175
302711
429758
573193
499423
318268
608874
91380
77816
182468
149858
182313
314289
164196
167193
366650
143995
298209
456343
322327
214689
506059
177514
244282
270385
246193
484264
433672
236956
106566
343077
245962
370967
551616
375171
247259
194378
55656
908849
225029
372361
193676
1007965
118938
296605
390525
418288
357369
336090
96460
101593
111981
62518
84100
89698
53296
89156
119618
180313
567483
587944
496743
267456
283995
124641
478816
175315
151965
195151
152033
164895
221898
289890
353471
851451
290980
823496
159933
95749
137942
144105
174519
253508
299188
375968
302924
65335
114813
379780
299793
227410
205481
355067
421721
424072
285163
797264
723051
469152
439935
425440
329002
344698
199662
157541
135920
381354
299368
87880
206853
197824
145567
104642
128951
645215
708905
891745
231956
382065
331380
163525
126163
55535
1327196
617345
119753
160909
202706
143912
211576
236826
171402
315840
207259
266429
142460
553333
327321
81616
89222
153857
247812
283512
518257
473643
268744
122027
680796
509959
136348
147443
334662
119080
312202
142350
126218
229438
308617
303083
251869
433774
279129
367203
240528
418612
376065
244063
394563
309185
402268
355617
79306
232420
667026
419980
625539
45113
330375
145104
117006
70344
195552
508224
494192
273518
339213
849459
859955
66017
91080
212851
276061
156262
30291
225486
374918
187043
49197
122763
1163500
219137
971527
214006
235678
118568
425729
225044
444026
160125
182407
135563
232917
268342
287119
51559
324852
598147
809374
419991
220742
845528
132596
88201
100187
473960
311299
90042
322152
211146
204206
82613
472575
68210
242128
417525
307053
96198
184637
437360
237456
101690
154879
167860
596871
371900
114591
278260
110205
73251
378076
324793
352724
414082
324789
215808
292737
236363
195118
402007
319460
325130
496960
297839
414410
230973
524850
391419
206181
96685
578898
546658
224776
136637
198227
100163
365132
55793
345570
186716
203551
72154
221006
482872
311324
389439
259365
398886
398091
162292
71265
104611
509104
83165
435201
153255
74022
91795
89544
340557
144777
189123
225853
578736
324279
59911
270438
58903
56217
66722
251162
235178
135653
442591
247884
336569
647735
304195
514999
328987
145827
561182
436538
73225
386382
314780
39838
360245
403850
140412
89883
92800
371837
439730
159023
269244
289339
256033
181184
313211
239684
121112
126359
128019
295449
224790
86182
98056
287730
317760
396208
540347
543215
123436
87373
544726
255139
258882
259265
136788
333634
152423
346198
95746
107324
109374
166270
263294
282360
257592
276156
97900
204886
120616
87414
123906
130011
122486
260911
212727
555081
528209
286878
219068
320215
271009
242963
480405
122341
309430
44186
51898
46287
186356
222273
219739
303878
698129
687719
725774
602091
268053
223638
63781
100728
160982
93390
53319
829400
258169
336074
133502
1050690
527041
162581
437220
143808
455238
164678
134480
300862
338531
282005
85829
426373
162252
596001
501634
618726
260068
708189
216508
363535
168807
259374
285846
339674
404396
339087
393685
561444
302198
123805
698722
356766
521869
550101
223305
643867
458426
342710
890050
397824
159493
408564
118532
368480
59707
200943
218573
351801
212652
412462
239937
318017
153216
159485
296133
496129
297302
272202
648243
538915
897802
697954
698040
120958
571953
312723
334587
114453
119869
557218
389035
59391
177435
118680
110660
346484
190061
274114
128966
444873
453543
884476
173741
144645
749130
67602
156438
276211
337274
430880
207493
104188
575113
263086
297997
297743
289464
121055
275089
248495
253177
285277
393501
261278
254610
123085
84234
483202
117680
96021
61365
387734
80921
279011
440132
990318
853109
1109519
226579
1087916
689125
910767
718377
431794
293541
264320
294338
107829
145363
160183
70454
528647
368029
365299
543441
196094
624088
399568
62468
490438
179004
275688
159555
558040
94938
318185
130578
165985
114840
141699
80394
125151
165519
278483
192295
367077
213120
249232
154826
261112
240890
305736
717594
272375
69691
682469
151564
192952
220265
135299
155970
283225
259028
266346
80601
51385
117330
181875
582066
912039
490784
695275
183612
194478
323330
209365
59311
481490
357515
67610
192623
281502
307982
330662
75461
53686
90017
444803
377986
161054
344735
209047
162616
123694
411241
129862
373222
244305
364807
222951
638500
576645
493194
436353
72827
294483
296038
181518
164841
439852
452639
224154
202851
109313
162167
180268
64327
38057
259886
262327
332150
413193
198638
95504
816676
217784
848655
329026
209409
153426
344034
95010
342092
159774
175470
342967
388184
205059
489989
476383
129875
350580
495349
510497
515849
69027
590704
457055
379082
428876
108841
219776
66045
49393
249297
174345
155043
171602
377511
409708
104102
81885
58539
63563
77485
339625
84829
348751
253582
132821
365225
373305
80472
373521
374711
301236
230991
528431
330245
202549
347008
329315
104206
421535
1235265
1024190
612944
157475
138807
489366
249241
346979
130492
447447
264838
353981
143121
441597
286669
363919
215831
126603
444194
162189
233621
107677
373521
318085
272056
32665
366457
37128
241749
349327
331943
123785
140907
86980
52880
178516
673184
269936
667083
270004
294064
253146
181692
376848
506071
342447
639063
295157
160296
775957
238258
422567
173013
96511
73538
47216
415697
234607
105735
256043
264584
57785
343110
72229
289563
108560
174580
170767
97405
104117
148798
472971
466725
201678
128681
209932
184000
300470
292784
145163
49100
285228
57848
247427
67856
65521
72926
82295
105934
104698
128536
88318
148521
427997
402627
430543
362473
116272
108336
290287
311676
213213
187228
229064
371868
228843
108070
102868
286433
250674
238342
314861
191884
95055
60255
80032
549160
574267
354300
333178
189284
247587
470009
603641
295485
690486
105427
130440
558625
167161
139463
269115
386701
321767
405918
273271
212616
467965
376022
528717
295176
574021
346993
76132
148322
218904
204635
449718
408685
66507
219216
106852
183568
46309
150608
149394
390167
488471
742934
153127
345778
1058552
614510
616964
303401
257763
50693
37293
37282
74808
147650
143779
151596
130489
120157
436577
312998
198175
147016
98450
150439
80984
231313
159084
256801
330203
253070
220598
227730
54458
145158
286581
368151
150749
500343
413863
304634
259975
435994
450057
446711
580047
318994
679802
306305
566639
469663
298170
83377
104949
76322
59815
355683
426899
472203
459917
517078
139448
350292
227634
61221
403687
634470
327772
771268
793773
448848
491356
298984
400213
392588
412294
188714
408448
384861
217554
327053
342948
234737
89041
122854
399641
456012
416698
311066
496136
348460
317496
234819
577418
492662
261719
201478
157183
272162
460174
401966
68686
609141
258566
295932
578449
182179
208055
438737
305677
335757
281037
202197
232978
421964
294674
214677
424420
747208
302708
139198
104159
89133
107381
843635
224734
452755
249440
212426
292309
386758
430994
506359
244804
73252
585777
165156
420008
221671
272319
204836
74940
235915
236763
370833
243424
253973
35952
251346
514154
502345
100153
614559
532385
248522
373594
363490
435534
327761
430395
412724
176280
295997
313821
252147
503032
268727
426021
364361
285049
328870
416870
486250
359912
696188
300049
626923
213484
446218
328669
79554
421002
183080
349995
82998
78512
322210
190359
250460
101832
315562
188862
224820
105358
251536
128427
41707
128761
141445
97571
368622
498740
177209
157547
478433
465667
231089
82927
225786
357296
304686
604102
296463
157847
169390
920632
430322
354226
90317
71781
73543
135358
133329
151824
492771
374842
396022
444033
527616
339660
527026
160123
263539
192739
249562
261197
297226
309464
240790
456281
149002
89219
412727
78816
179371
187211
187844
273562
208822
267991
254090
335143
112638
252453
257456
331863
281887
160617
371548
148003
206269
183807
159103
271433
219604
269067
104119
275369
96569
73348
80860
119585
215248
184307
303734
243400
145339
83370
452374
177054
776279
475146
422651
121921
195561
220125
728894
475846
265627
245066
119856
180984
395541
128531
137838
377483
115910
66369
292189
466086
350180
57286
55506
464314
231487
292719
179826
217887
242515
213270
97002
112319
734523
232423
649075
247047
59676
325954
601544
434731
356490
60508
282647
393507
355057
156149
194500
236148
143404
68961
754923
230216
336412
684532
231397
429740
292149
168694
503176
363787
443841
673703
334688
121304
218755
121649
87282
91213
287647
463183
268216
599428
584008
179882
159434
204631
273353
190129
182263
216116
205230
477388
418462
235207
316618
396919
301321
226435
65243
187675
534435
199896
345527
193512
205083
138666
101992
473538
353532
93119
129782
245056
213119
617004
637874
234774
202319
146711
122081
497946
381841
417300
390513
243581
168697
174631
225498
239043
176660
339968
168795
107055
66002
36014
401441
216106
91670
263033
189540
308517
88384
283569
182235
290133
403505
257790
258221
163067
98461
392643
353845
314361
494488
415041
398702
272230
209357
708814
111045
71713
775294
182773
188369
213415
289954
133839
260802
150311
188200
130160
67818
271133
389396
313183
86220
503139
540636
256161
203626
328433
162454
354571
269286
133510
315606
260982
203289
272807
432629
182906
459476
318987
335724
265894
64110
449102
249885
119147
271208
199309
347313
196277
104875
105025
113376
294085
69507
218491
165615
167519
203055
403220
390351
447948
190547
208589
721837
373739
211971
149078
280081
832183
383180
347553
686479
182200
318393
113742
102507
122572
148054
162529
188218
197430
172442
119942
184378
221199
179946
465720
297623
234841
149422
645621
384304
355408
473767
342261
53162
626080
98156
462874
195293
224182
298452
172155
287798
122140
68437
287741
238578
363871
265726
139117
362734
400980
440348
398068
140681
496543
360537
389560
512459
256399
528304
192227
575542
137072
312532
592308
463480
70886
87261
437279
75701
449714
72573
112478
125385
125558
187594
296319
286861
367884
585431
469586
376711
157893
565760
261193
148089
82628
88661
140716
622659
263482
204884
428602
146750
79175
203130
202178
296414
212051
187030
495202
212639
160331
65692
631705
448892
418994
604959
398695
106992
190967
64273
72714
208861
242461
554123
235943
231722
54358
497625
140369
289321
290069
328003
242328
354630
219336
319712
195564
65923
366710
186662
219479
226354
584603
259384
142124
530874
227675
90114
118261
112698
85252
50063
54209
103305
95691
607465
196519
225775
189768
182277
839811
293953
184446
143452
153190
294817
202070
198939
277132
135460
254317
298831
368681
298274
290385
388531
343488
331744
321308
104372
122658
76970
157965
243649
218183
128884
342121
319409
156985
225479
204268
313383
159483
291163
257940
268706
484279
315491
223627
250610
478124
76705
108638
730602
364459
336836
319156
144934
92794
45483
59700
266112
286445
73341
76934
238039
313926
137626
176172
181696
59291
449855
240548
301788
204959
211101
143715
1028794
160136
700796
283373
275008
183376
149749
400408
287026
247702
151006
412616
373972
173981
299588
416195
338349
288241
244201
532781
351709
541901
281428
89596
491175
209078
352488
252820
174687
136396
388640
249866
208100
425566
142419
211773
78036
146606
296173
356940
426721
197127
126855
74548
135350
691004
124659
52082
86364
534822
148377
156558
101870
133893
208832
202769
313107
237058
506280
420440
378415
195152
175933
581773
333641
490175
448551
155584
278746
303808
789714
766673
97657
249793
107951
556133
467398
64901
528552
96550
167662
685571
172706
214330
249498
209096
88177
106988
73589
165107
621223
602354
96415
397429
195808
262230
143131
45117
43676
115364
170223
119402
51137
94697
790590
170142
686229
258941
291953
216670
103874
342956
277907
284958
262156
96271
247338
120440
242390
592742
436995
314026
56485
580560
368751
458974
420782
140553
424233
135838
191579
218825
204012
458777
423353
160666
265602
217256
77342
113841
215936
121691
202741
77891
147224
152058
177390
247047
244928
186564
99054
422294
323341
301554
74467
277169
259060
254238
302327
124330
114867
319218
195159
173285
166986
169148
77980
289353
338964
376763
100913
520410
417876
246211
318645
237499
155482
331449
256243
519472
586978
372211
359302
79405
143297
131462
124918
70862
325014
186288
251654
138622
487271
659433
623366
830451
81902
114487
779778
207779
343170
219629
333110
255946
148169
100510
290812
354318
227838
129258
129388
305919
1358332
1338962
199230
908069
744895
325593
266655
179053
296608
374588
250654
37641
270316
85215
148787
186476
385631
429440
561345
204999
632314
239269
288352
108892
229925
61331
57107
241852
232299
220039
247292
141563
193009
230126
249221
443343
645621
600532
543097
149363
273254
281814
139761
769068
486709
121632
292688
320365
435450
277214
390776
155720
48795
236263
138766
225882
357677
292006
312659
163209
312643
125826
135104
179747
305206
352594
400727
396492
378995
610135
654356
412872
537087
125959
374348
361609
127671
91160
469015
218186
261834
187321
659820
292822
113305
69548
105008
141809
180028
252117
314902
571836
477210
341998
153524
169721
205169
550539
393751
534055
225672
67849
246134
690750
620349
659795
509547
218680
218576
555187
411590
101463
65874
54396
58440
57073
369957
453264
359809
104217
662147
339759
687991
651491
496866
549408
130777
212326
86670
112035
161932
251645
232160
577294
509059
329419
119786
308433
111265
212989
160737
153941
72131
275710
200998
50578
194055
206846
173281
92180
82368
209843
451800
367776
212167
84055
101556
507626
211333
168656
384554
137641
290400
169788
147071
77141
63521
69379
71186
110820
206702
257156
100799
160372
155641
416674
80153
306231
654248
588695
757242
489554
736588
466460
334623
51829
53586
163169
515276
272955
161836
295807
622658
315788
160224
514256
118697
57057
161836
114895
166088
193688
225744
384099
579743
333461
78534
156697
921717
813369
248518
196125
57156
145080
244161
203398
259974
195884
88134
92488
351604
411136
221314
782229
125188
804255
77067
78273
225233
269660
300986
428781
285743
98885
321912
280047
414827
201305
329040
283344
305073
77002
391395
285536
74186
63283
39100
40144
36188
399753
289684
356083
564139
145761
77900
415817
298025
319688
121110
412257
149406
158654
204101
313548
510501
410087
262966
162534
53408
173928
157741
94665
148967
148275
172432
171792
335219
198004
196533
163460
154149
615762
291678
517880
162641
528415
329845
488998
185212
539254
138081
234899
474220
306195
296767
107019
551888
190931
359617
81678
44764
192833
387914
297390
264616
141272
137694
327697
251724
358171
176090
304498
226185
179904
274938
522658
708935
792089
651731
116188
453351
228741
129061
213011
128047
359990
158624
201933
543297
338444
133508
314353
265613
59315
141684
237829
283494
261839
159857
319580
179320
108844
254351
207576
490732
498952
255977
265717
181962
162145
178395
551334
210426
124267
77143
95497
461371
69523
158264
163173
43438
386008
155007
326074
98259
100551
132577
176463
131308
457004
361233
141398
150602
180478
112323
238349
404543
356959
423774
345116
195503
209485
243543
323490
416781
378640
216241
125629
83500
89405
687374
106920
137539
175162
129038
770580
340613
280282
192745
368400
348357
254923
295019
314279
243711
168478
252921
73491
159209
190280
201181
141020
481504
230426
626268
343305
302807
195088
226902
215083
184975
171374
80492
433319
502219
200116
197111
59149
140043
302945
256430
117778
151413
158486
353018
104226
418892
205203
181694
393665
349158
575105
429473
89627
101699
132201
74096
173773
84595
231061
442097
799343
828985
541100
115834
829289
452607
305815
151473
452572
235934
609124
257987
149085
301941
62167
173213
201588
78869
60857
81636
387934
125160
145963
165571
396408
376692
860413
334866
875362
377660
423497
229422
174648
350563
217040
247820
459626
413245
282396
96683
726663
313067
331598
68459
786909
251474
247140
282618
378587
586750
487456
249850
209238
253859
247403
194306
170842
57282
133216
1035253
185401
963816
126324
182489
164892
121414
128355
85041
106530
143211
306349
542724
478316
463492
741872
676176
835119
388462
258061
102671
532861
363498
240286
293569
281706
221309
264270
155555
162665
325698
155263
52466
66586
165558
78232
164261
109785
200109
174173
257281
142154
556840
430494
455792
147202
397559
365775
973679
115478
158453
723525
203280
149976
354336
324628
108465
219534
518309
560076
162068
494709
360353
158296
134383
270308
204180
294496
255539
312985
210098
385002
236651
347945
220667
236574
136141
93580
129022
294072
252435
459291
340636
504701
314779
428753
244849
120558
243824
225973
403405
305381
523575
318798
512396
167456
436227
243008
75852
70022
306139
350190
577777
383869
493035
288925
184218
458379
495027
324171
464982
414579
357521
197623
503724
216867
144019
75820
321749
329740
131340
510174
573409
353104
262473
472181
277837
247370
153912
65633
157059
227813
240432
277334
211219
136096
344835
246013
321693
308868
275560
354083
74136
156831
148126
115496
310704
241683
177569
107400
505755
215607
198382
101317
132286
216515
189379
127064
220495
310776
1169528
330479
594611
458674
1480024
147027
162420
101402
711054
258424
320286
609543
445502
715713
649921
430942
329945
172587
403854
254391
291751
659776
321831
221905
494625
231853
151903
352813
300123
348206
59910
414091
159601
236170
308473
490704
468684
473435
399789
479969
487753
234229
268930
330066
275296
511267
373815
437819
407138
148197
141535
311617
205719
410643
277708
282929
128824
243394
151372
267997
356308
348968
367311
93611
249744
215017
339705
212786
298643
106661
109507
59118
395187
256505
352619
316780
270946
385683
275594
368413
152583
93156
172848
159612
200261
158824
117201
270151
218619
67183
278743
336167
99370
344115
184501
310512
171903
108199
255334
254134
1088504
348507
294879
894244
232589
176651
201741
263948
157059
182460
238173
76074
415604
376681
113647
80568
59604
479022
544307
176298
116629
59684
197689
280237
431193
351002
203970
125449
104357
105001
243261
295468
222567
370611
771170
790885
223983
907758
405809
1010844
401693
491134
417197
260338
112489
124422
70554
546092
512217
137198
162122
312278
392423
380946
307603
249517
184747
55351
327168
287106
50713
265631
268304
117428
259012
351074
659349
690442
141611
446541
268132
276829
372204
271322
319071
445656
212813
54605
38914
128377
113935
62748
71529
467408
368294
234212
209191
138270
92230
84453
206868
176958
68701
226623
781383
647091
489090
54825
78943
87623
1019893
392442
585582
898541
817449
268447
589867
497805
194845
330505
289227
52631
68816
85543
601076
558005
86231
237160
337320
941198
1024568
209063
148825
57029
43427
514713
397773
30861
54273
64987
189107
176283
52174
210661
571927
326102
654355
171566
98106
187380
98937
63999
180230
222400
455653
226699
152874
128369
168187
553616
219126
59027
70754
75779
204576
293244
181756
204339
457136
445027
332169
215756
297330
487108
407792
509283
280626
115704
107094
1014588
741933
782556
882957
265204
136797
684542
801773
271794
492014
386184
88485
88916
614673
60712
479815
124702
165002
258001
195780
251250
110645
406651
320476
265557
434020
265657
351947
336716
317885
397051
360276
251266
605229
310251
576648
158779
73228
326510
333792
584454
508783
295411
514169
153515
229997
185194
186435
39111
228727
247179
348646
479839
466184
177963
526476
278626
447744
230401
418629
217404
253930
63364
66170
64629
47681
116125
61955
186627
194644
173134
66810
242839
235610
256207
194192
220524
92843
41792
61312
312273
342717
331269
163471
103256
473364
263245
135809
286722
437504
469310
125875
515343
272419
306994
478710
237250
269617
223574
260775
345300
250041
236033
222153
571627
610353
553037
392822
614910
259991
191764
316982
261652
149871
40812
253549
250343
186854
263998
261878
123583
253834
191655
172808
347920
213252
214447
624988
479973
247954
566445
220057
572773
228856
149171
121373
144868
68577
527646
153085
196292
567283
253012
194453
201420
444208
452122
248653
276057
124552
671144
263379
293817
102909
751672
471893
411691
402115
101621
81784
570220
204376
346319
385376
476415
283702
102515
105370
653482
279387
358936
150567
370302
153670
139658
73120
250610
341336
448724
424274
269374
671644
542948
647840
340693
259719
212282
150412
101324
849551
153187
184091
822015
255550
371970
169354
304241
105496
62010
150362
407479
265641
148951
330211
185319
159409
241652
173483
129963
317513
73626
73394
228731
185817
214490
311974
450824
279342
330033
108788
108062
196531
316656
373246
255638
203840
272340
360890
180893
70048
114521
724442
681482
241488
257125
274047
365867
168191
397505
378210
81346
50513
148056
217489
580365
385135
681052
407646
111866
1249845
791126
137270
69180
74778
482299
219050
173474
92726
617429
290729
282914
218366
162403
336996
308184
237362
126602
397664
367761
349793
601154
307350
322305
45584
380045
732444
381891
132869
181784
87319
712343
253240
259417
201059
771396
564904
409018
73050
468737
437443
301616
187596
672477
711139
198027
216956
207551
563229
264156
625340
254911
213051
135237
62756
374556
216393
400027
231331
92851
256978
166234
176212
168976
171695
214089
95872
464974
172200
464484
52398
189828
340676
221941
494420
328653
51174
411295
262569
535073
195461
46141
82904
487344
280563
283930
306887
451425
704636
327774
61044
117617
186128
866357
204482
956593
203963
299043
213766
170663
169117
264769
203011
144264
85365
301805
168695
311032
557048
626252
161309
675212
169163
129758
126996
315457
227598
796801
474916
127476
333194
344628
278645
273719
174752
176750
128329
105682
325263
384533
396053
211266
75118
155712
562607
302382
247882
433909
369045
301947
134160
144191
129053
224127
154432
45664
250837
173573
289835
373710
404747
456159
158203
242851
106452
263830
324870
440099
365068
88375
180257
362550
172200
179406
345535
107274
193608
62629
45530
180913
249616
156756
515409
521704
391754
170862
304346
629692
351789
241813
705734
287734
439661
591956
220089
250083
240233
222942
359112
226831
94398
178445
607943
211273
426458
286326
294481
197636
288479
588853
447274
541196
344710
1226128
694659
208464
205451
326044
384836
220208
407513
356191
362620
312329
463728
288651
344877
403725
235173
274469
106324
51172
247358
695771
484192
696198
165213
389287
249240
288092
275864
448628
360208
210600
124094
120601
407947
166788
185922
301178
303547
270166
232306
64415
297172
123249
201189
146940
65976
192422
222600
158335
241740
296645
258659
260605
199362
88826
254154
299261
458514
523592
144079
659920
276374
280140
87926
681200
267191
210229
275785
231650
600587
204248
184282
626922
69046
130111
244738
192063
122448
248160
151241
186591
339886
183614
177567
461032
260187
304144
385233
249096
175777
110343
157040
330579
348303
288261
384138
131271
74267
229566
223466
324245
426697
454695
244821
605867
272074
331459
239205
276196
72230
440939
239242
320476
163616
210791
120049
411968
174311
56029
113940
439171
620703
563343
631649
324315
338620
107576
71662
579570
432851
120165
170468
121549
162126
211283
161790
105271
468472
83634
361770
58864
75701
183572
354054
433766
474087
515063
407003
120453
1061669
754092
63288
160963
168718
48236
177673
274651
366308
318129
206722
510776
490118
221922
190179
83618
109726
277183
298818
637811
596304
380695
441781
529311
399797
373629
241700
111443
134989
256470
235229
139756
211543
423474
336782
137134
354054
140789
238036
84183
134281
313071
278755
303107
192755
136191
103867
103130
117817
165978
169411
235040
102506
281999
114943
119392
438255
227140
419112
216420
836532
560415
510022
90923
139637
916158
378022
301255
151333
84901
58561
313566
185339
271517
413684
187135
148078
399502
211682
234383
376243
241050
196155
140629
64374
57309
669376
350728
179643
170374
238079
243317
85941
314000
198339
240438
512675
231211
117641
105868
547425
486034
427751
453814
147149
156106
83041
55987
56924
54158
427553
396346
292780
328578
403033
109227
507197
156699
491553
371731
385589
325857
97898
352636
227907
54771
45948
231458
423468
307729
128606
188566
363529
482479
422837
1270108
995137
303364
505956
894544
490419
959451
423427
301391
179520
380016
135393
157782
301046
538617
509983
163477
104518
486852
226226
280632
608596
92070
82377
183934
191818
100386
171500
671118
308011
543120
173896
285635
157468
163684
380958
237394
479188
204893
173140
211271
198289
210274
611450
437946
423027
160651
840117
54559
203685
573519
258787
248586
115781
313034
410561
353537
409639
90091
173356
151222
156847
337042
418052
441721
521849
176637
42317
51186
345848
218554
107499
102072
101431
132097
191020
384542
299681
468172
251631
49239
401660
662623
959432
474825
217060
887382
294613
301206
330747
342533
245163
185393
205582
213307
70208
201808
196170
53204
183935
69020
59207
177865
92997
188496
246946
255165
245258
396333
290065
135913
123571
425847
297995
194954
109888
191308
89689
35949
105615
338103
248981
255205
234351
261345
200380
102751
449349
95109
254133
595176
266121
345251
255504
422305
355744
295261
210138
184205
154071
141626
873208
594418
77353
66730
39732
455336
624969
528775
371914
613656
171087
219421
151507
324848
121522
157957
308369
157333
196480
199226
259853
433135
464534
407249
362176
223448
243405
182322
143983
91170
240229
609014
235594
122708
56543
50359
216003
220393
55507
54680
925160
439208
267468
178135
312374
533692
512970
63716
226429
319332
295659
213819
941200
149390
134839
962125
196958
146894
53860
297107
332012
396993
417282
278362
72624
67468
75201
206737
220006
150251
321558
385276
237166
448829
503149
292309
199522
92179
127745
132768
338287
156319
176244
390852
405300
278536
366765
72673
126729
218643
327196
326795
279052
1080634
298125
413105
1081402
334290
278725
70983
136004
101088
209187
174367
97117
57804
97830
318703
351758
315789
79613
65201
58722
528910
158569
378236
205424
376495
332039
348837
630869
559514
379031
181354
116665
118618
245729
149530
166028
196694
206461
148556
103666
185080
772962
672312
155010
327254
239794
161240
155274
214120
174583
200641
125254
409753
311568
70419
240768
233282
66631
177353
209357
127188
210356
365722
233010
372174
112090
87422
84967
502638
504151
511680
482345
449969
70190
139413
292238
194693
192678
246916
240755
407635
328351
75077
466525
132969
387740
149884
140325
57634
111041
148994
163566
150375
458949
325095
305767
478543
380012
326259
451803
302873
679686
442064
79922
101496
83576
45499
93995
103235
103602
680373
564778
414651
558757
302049
618060
221623
239411
96277
936921
416991
124339
117399
417092
258985
236939
61299
650911
53058
73646
354881
369520
293908
457573
503253
182739
289287
137175
336678
174798
164139
129239
310322
189517
487702
392282
514498
307119
90204
175398
841982
649208
237881
303072
289256
359460
175726
187226
83654
88199
65066
53007
32814
571973
51023
408591
365600
440183
492827
502690
251186
190091
227329
336602
370932
568725
448497
529659
581879
229115
62957
551025
231473
239365
743069
287806
373263
231000
294760
596110
406411
320287
162865
74437
311855
226953
335353
243027
196585
119545
271166
483107
509004
411131
236405
423357
359330
435568
212044
250546
728398
400204
378737
378964
273498
374017
775215
765076
611380
922405
386133
255309
277220
1093846
763684
72586
735826
492303
195556
235040
483171
244864
379919
344636
218183
60653
96496
588233
357427
566098
239227
185529
131492
106416
383695
927420
656307
482725
163314
183554
246772
366270
407574
451862
332647
151507
49805
102178
193124
162544
307249
321716
147633
203453
238751
207926
297470
291115
323238
211232
122264
426647
192595
101743
86504
336110
155171
338692
225188
720090
383364
390266
646125
123765
336570
191605
294122
146024
319962
446656
284399
378273
256246
240133
118294
245405
209694
208095
597684
427037
242774
653550
314095
136258
235411
201367
84764
621001
477616
686735
212579
510039
150706
185034
162141
197678
265663
139647
219982
200461
209718
177159
345361
215875
310679
158486
66426
322341
229517
305619
448827
174518
113998
86821
387604
159425
217838
464811
317421
308738
583113
289384
354042
196110
673852
344535
601692
493938
225199
397452
100362
192884
239728
171908
121091
535675
62100
78018
87595
449058
249111
279822
599349
536817
77289
458337
397180
108924
82442
61890
40159
50303
203015
148417
230033
130698
232639
131573
159212
258093
415095
324222
79072
439606
119842
122586
45443
74874
583909
213894
102709
278774
234852
172694
63550
123489
131417
135862
531316
354097
378045
214392
754704
472486
100093
266971
189564
96972
273825
178030
289475
197580
346117
303236
363883
335679
201136
164672
332023
269934
133048
85373
343008
289011
146091
233623
190338
59260
90273
517643
529837
110872
355639
452651
360607
323698
265620
108108
170168
166892
276400
294330
477433
378770
140297
748000
594576
201755
150357
381019
55571
361347
176809
149554
409287
257991
385944
248901
695403
381664
315108
148458
451025
304473
509232
432041
66411
58856
486582
457748
418463
531376
421345
325405
203656
458427
96527
231120
500722
585623
422744
131493
120355
901323
355718
413027
127855
709750
352680
369033
492543
171400
524779
553170
278602
348447
194057
214283
543604
144800
563326
278999
302478
175346
118016
444971
223219
226743
168976
160289
138677
412586
324943
208049
65281
147273
315910
304543
462906
257497
287000
422195
201290
271398
594502
349020
175997
420381
99094
360832
323184
441641
428284
160456
120263
166175
216515
276887
265650
385043
136102
257900
162315
97501
64626
170742
168422
226278
599861
495945
435366
609840
268429
178652
221335
476855
448977
348674
223547
436422
298094
108451
551231
300553
245855
530732
143350
530250
169807
241290
150403
187292
238182
313848
308618
423467
261357
219591
379094
348381
48723
498244
471963
238500
457746
405290
142889
930311
422603
796166
115325
86337
439994
137075
157270
118698
242711
235357
338792
332624
92853
275745
125494
132626
129134
156611
486182
189716
117524
395298
158791
215862
124920
177305
369074
208672
271099
142355
126929
136813
216442
146375
275201
221279
100474
62496
73343
397885
453071
206171
216274
103121
292635
131068
136456
127908
46782
118220
145555
62850
159970
165211
108150
253285
309913
483746
476796
419972
212044
120518
545928
306316
233560
57787
269022
179947
179727
166461
390850
464253
472334
473097
72036
288139
224041
378700
522382
751230
626303
491231
223557
156764
152387
290525
240775
183866
318669
348910
282312
146698
168060
103535
376813
111925
265995
106246
175149
103996
198829
185638
181398
188603
184219
297650
280161
248710
304662
288640
477771
372361
49864
45846
93156
194658
191257
56169
271718
213074
255807
442082
418904
523202
706502
341185
508184
359022
936252
568052
284924
147245
289460
135070
171526
137499
172201
197202
369506
501665
272065
933988
512619
453679
66994
895420
82672
175126
335405
488889
598462
293948
759070
494142
180918
185156
279753
270487
328541
243064
168190
225670
222594
271013
261060
264164
214334
268794
231664
188530
114884
543399
312293
158198
37628
137004
69299
193811
179243
72937
292832
288257
233130
245119
374051
199805
258294
123715
89794
491503
305107
379067
359543
399778
335047
160311
178033
50157
216642
231411
631925
573571
443937
464162
183864
176931
135882
84391
175578
124600
201176
207514
236435
513424
670474
303805
572928
441313
382055
296975
313493
132141
97344
539504
418361
296438
370078
402097
181585
181398
425778
232865
215633
50044
214749
287664
124195
406590
189695
223299
144646
796033
310113
460006
319694
94784
105410
59894
63015
47435
425481
398790
381519
511396
228020
323810
243100
272130
223823
130835
669190
550369
130560
349624
300298
281179
70620
70900
66068
61059
645796
241950
495970
257308
175430
265017
409313
394061
167287
125308
165214
165514
552732
233271
200784
111144
158772
110626
777841
122758
327345
778826
464553
600532
213966
279376
673356
456276
86111
167395
182734
612868
236803
203633
536309
150279
180776
169682
368794
170062
378928
210262
210051
215580
357595
398787
424303
254302
678952
471294
348427
555752
281858
217497
553810
472563
89929
87166
67206
86918
615665
512893
702075
914228
276656
88476
156709
649769
286857
197586
438065
248145
71288
255612
263808
324363
443538
376011
476147
891970
886326
544083
431648
202914
94119
112976
526043
547172
190440
129791
129826
100625
188560
138470
51773
292657
99036
297686
53902
41197
48440
203588
89398
240904
219351
91020
449758
158088
210076
593427
330151
122932
71134
527646
455633
268823
333635
375559
327758
214010
203480
686043
812348
298017
387575
448402
348363
366249
246693
262082
178785
62870
218849
191069
641294
532473
135966
231563
295913
183772
125563
606459
99785
761606
255827
444698
483359
335679
221007
97302
72013
98764
661128
381050
251432
237842
290971
496361
473294
385354
517051
471099
343990
64512
59590
375505
216457
63073
121032
64292
80286
221790
406261
294913
518607
461281
983937
672640
154646
160903
481410
497574
143861
314597
409755
270430
515043
493634
78239
368648
258611
122177
46043
80814
193752
224546
133450
282896
515319
271499
487294
67450
95914
88377
196452
399533
427864
513911
258902
539079
241470
76879
52289
56032
58948
263995
540232
398594
60576
166718
216217
531822
328838
139283
270562
198607
106357
55177
542524
318718
509605
293673
647601
142480
396992
127642
104176
77878
184482
80485
162287
120923
223917
238942
135986
95258
393311
318628
306176
129628
883602
478303
618954
322529
100532
148035
168244
129278
1266439
171949
791389
314547
288387
342093
338996
196793
266436
261256
175543
409872
278838
289866
359548
171823
139870
116889
89078
53831
63086
67283
55013
397160
117988
103917
80938
548223
267943
247478
138723
249377
102756
200181
192739
236153
319852
141848
52574
394867
277555
455428
123461
308908
156021
173301
274066
290869
138304
288753
154245
319497
113298
104897
366973
561274
615506
256530
696157
241315
179651
71377
531059
249550
253941
201587
398796
121807
530332
257505
212672
511316
336463
391463
112150
389082
128713
239265
254853
396906
401589
207727
285843
72359
321472
376666
395746
400893
173230
283206
409433
382561
366024
259719
168247
89757
228129
158038
318454
243462
536042
543494
442206
682487
454566
245762
529358
557613
220221
338756
339768
842522
805799
76126
251664
88544
124101
170333
177176
91848
44054
85345
102670
321443
140775
133083
75826
517771
319153
251805
127252
239859
112490
143967
144126
259850
433128
430186
388256
337894
266264
68542
155027
291353
237582
315169
201011
233872
381420
311617
333702
183647
204713
83419
320161
290121
532526
617453
427891
567924
226080
219153
247728
245214
173394
56608
389962
455500
170549
216857
140385
79655
55525
381003
226313
296595
129885
243844
79755
125077
131705
223759
293762
372688
213414
72172
415644
202776
420952
248417
62766
76988
350039
109218
235049
176163
115732
101824
560629
187206
206418
474800
98699
101546
143119
188209
176878
76253
68265
460008
398943
67183
200653
299651
200525
276556
102646
86795
108235
196775
138170
150394
65653
143245
172125
167265
144534
216953
136519
178671
340818
322132
485289
662967
381898
596044
192140
99890
203770
348402
758812
363817
211510
304854
290073
146324
228472
1172910
135418
751785
272954
292565
144533
97558
356249
181078
261424
486280
295866
424965
145759
449970
241011
180507
57162
315430
108072
240830
214770
372125
356842
405283
698976
221765
174336
115424
159799
790155
376046
248072
198137
130061
114121
197111
240810
127781
199102
178301
456665
285047
673573
343828
350621
167495
162920
172258
134482
193557
202419
199844
131845
377316
438623
152268
248359
111101
296086
95581
110328
170764
348227
348554
480835
488163
155669
540457
94111
78516
82516
54196
93055
696467
351547
318227
195582
222912
504848
322046
363380
173114
605539
430910
107445
181154
443092
497022
118628
83874
419013
386371
183634
104159
49090
53160
276986
58326
390903
265102
326354
343485
235462
176404
175056
411078
318464
221899
255772
341620
180863
214142
247539
850043
200755
735078
99296
89613
219806
129262
182473
247462
427377
295841
316622
599541
249378
186470
192553
140472
180699
107877
83183
145981
773587
691689
377241
352732
377312
359131
359579
115558
130988
130464
769003
472727
336149
426115
374373
216546
387549
170203
134172
162927
237447
332422
331202
173465
115296
103373
110361
192440
284722
717932
592816
143920
314814
54387
223717
131170
374433
367237
582040
575313
274509
268036
194096
301150
448179
220402
381011
138253
128027
210576
211448
108111
151589
119080
191468
356635
342782
502997
397871
262524
271092
284648
97179
83895
518872
264024
279110
75181
504572
110798
106739
494674
283926
50920
292160
159772
410201
237702
182645
173896
341061
321085
282169
280824
405366
528846
422412
536728
162936
142746
665545
363959
59885
75853
467019
559775
373486
246873
409169
190005
191866
230334
140330
65774
76397
426910
390170
165294
249280
154501
259529
75463
421939
337730
376189
392616
233911
158652
219409
217960
195710
107877
389196
314790
253885
132169
100154
203221
185302
193248
464553
547178
157967
154275
510796
202253
111268
113201
192349
692765
246006
229485
132557
240576
252164
784095
163945
534534
96145
195910
225109
271860
269131
554700
452499
442978
352040
142930
87762
200957
164965
231546
99855
44112
266468
167971
169471
60748
159142
192414
108832
78796
724280
587559
376924
123779
430575
239765
368458
361920
355659
502093
455301
206833
749755
229319
75800
51613
642686
94826
130510
115379
104618
114369
212434
177667
228902
201016
192822
376967
187749
116854
62693
54749
445978
119730
218940
188287
114758
72544
89221
75830
210973
212759
105299
190844
223764
343898
525068
674076
716960
459460
670702
376764
391322
219666
68573
74352
82899
333872
346121
86387
69639
151738
540378
328732
264986
634652
178820
202746
406482
281914
456915
232968
233855
158121
237052
105420
211321
154850
101445
112181
342623
259743
209709
124809
124800
554096
141336
136414
476733
230735
134607
155820
405576
375930
334411
722212
245267
500661
233175
334409
202648
264987
173340
120876
151089
188890
363005
309176
595828
386754
164220
173590
211132
368457
197328
896710
74104
737176
77964
97791
137499
117162
92655
165437
249927
281594
319103
406935
235619
145175
129409
437445
139544
293101
237627
252990
456435
314773
518583
141193
154146
175934
99348
424429
284605
228600
159447
252355
191922
292920
302923
306873
447454
280306
213008
190452
977483
399913
338929
905901
113836
74991
155811
288476
363266
444638
402675
222279
165692
241721
217255
108058
307865
148262
393123
242829
268678
374208
281162
784094
281454
239991
725935
188834
304671
286708
114588
385092
52730
272474
109822
112161
231242
349510
237492
379138
114591
257907
239224
111360
87294
466151
273789
657265
449399
289365
140027
50844
669460
258144
526578
228133
383645
407144
469008
408264
109713
128907
852756
577370
740430
588006
138005
39662
310125
265188
184597
235129
134218
66691
308229
160075
184184
439992
346378
116276
140420
422044
169521
101987
161003
309045
408838
277056
951224
623591
134101
205489
220169
223346
177630
180701
184730
231927
163267
109162
91155
442246
383524
103732
39917
171310
208669
118703
103231
423419
408478
408936
110209
158733
556672
281939
138240
136394
144873
241830
504190
157389
588523
448486
506457
807038
432368
913272
153842
410702
170611
222086
103482
270877
229237
277859
226680
187038
357092
638997
561291
196350
266291
220239
711048
232246
623353
146407
271094
269750
202534
201057
563510
594295
537919
377715
1024801
884748
141127
564963
675544
204878
104442
112331
114860
237285
253194
153144
208859
185119
954497
908559
87818
207573
318269
257716
156646
464584
221995
290335
249538
227223
121903
122315
116003
595211
536645
172806
211535
514372
237166
266959
122258
753864
357879
448352
376769
148338
623265
632936
149693
196419
308527
180837
694191
699145
168711
240914
667508
855041
517496
451040
49828
53744
69369
521266
62271
74626
459581
312624
318864
389578
221393
98011
296770
310755
482150
446808
255925
265644
333345
449313
224998
88059
453667
319875
99093
125957
64136
94919
104382
102657
281737
629423
286419
250017
913272
406918
442627
401825
151579
334226
311883
142387
136037
132348
202140
113192
315154
365109
399393
513455
83857
118304
234780
235127
595736
452062
138653
278732
354405
267486
218718
336694
173201
193258
386310
341187
83068
183465
384460
153885
304053
302208
156652
148244
243311
371047
647813
564386
797710
299413
266687
229736
48844
958516
308736
47327
241615
233895
351742
417740
156011
128979
461791
264272
208301
78626
297878
777275
541849
274680
179005
70004
607401
387172
162176
210074
356208
394188
251544
462054
390901
366466
235708
212040
611718
368446
269104
564353
303720
497536
529853
284077
51755
549463
515629
416722
284037
265029
287312
292141
80030
504290
776299
578477
613059
101214
447618
384331
343251
369840
117216
107581
541317
164898
167823
416250
84336
59538
62559
176264
174692
307362
297317
489451
410036
228090
789187
366422
370475
51362
50661
184794
221087
87463
994164
506761
285872
152289
377418
144436
213933
59061
122446
100912
99039
119428
88626
81015
67546
111252
83549
145533
332473
303005
286787
275233
283769
339943
530725
326527
516401
146115
331836
198611
115150
188603
182899
258126
283543
548062
392911
101299
326994
257253
1000853
961722
190083
430621
246337
184786
582197
372413
492586
381373
534640
244701
368233
242004
110884
120200
779891
109509
595355
164514
105760
322683
259023
346404
57292
45742
369570
460825
345410
93480
106831
102721
94142
772280
775394
292950
501075
338657
206254
859611
419138
447643
64990
353433
74972
104751
312504
299224
236361
393626
151078
122157
352885
277727
161350
368165
671992
287383
703586
79922
120640
142424
123735
142938
415215
407126
49020
61408
323660
268926
237527
173617
227577
87510
468488
365442
336796
438180
81310
96184
63276
95244
313688
290518
107072
699917
218510
614134
186438
88622
105955
249705
219286
455564
345204
471062
364014
94821
93454
73219
355791
271854
241556
211301
298778
151159
58436
73759
108030
224108
231416
77019
839024
123952
783793
283379
202307
230101
164912
237232
109516
306101
300703
59950
138029
88371
264784
176891
364259
407988
184353
131956
439682
129877
513457
329968
438202
282032
611451
197952
89599
656630
213058
258854
416122
324484
122102
119559
494164
261581
332074
171390
649013
267536
374913
427026
525320
513808
285247
231327
204023
494588
427063
523225
155278
502678
407870
556372
390195
386768
250556
730776
276313
103892
296877
303617
411142
152395
479754
123137
258380
60005
92251
206195
124769
58217
182602
242256
271950
218561
278847
140395
233607
342201
415826
193649
429598
94294
74894
218671
235728
404704
347323
255091
642175
243603
137595
161627
161893
701432
291180
221646
199562
367110
428007
338182
228642
566082
355490
526745
246625
225331
499602
187281
321642
256720
300292
316882
151935
277945
123607
258575
166302
255510
171301
67140
253800
324503
329020
113793
589086
238594
380492
441572
244877
956735
119689
674718
239925
173953
178641
379648
201588
72006
136593
383642
362062
491445
406590
198399
283748
272327
56617
63363
96199
99148
759607
112702
544720
203769
275043
304022
375226
270165
197995
138234
223556
507173
287643
165280
372005
120408
244647
383773
313375
497941
298977
118266
320850
351520
514314
264357
372963
225906
197604
107524
496448
321031
275323
611014
305773
495138
388644
247310
433494
208395
186089
192465
258369
336979
407322
197048
234813
272643
86565
45870
663695
124048
574241
231124
248244
167866
377508
189001
181067
369286
178665
269010
258942
301474
232421
93637
474256
77370
140369
154948
102181
90684
105469
598490
192940
826238
708835
692679
223671
628882
335822
381269
417665
121144
537196
173885
224091
486143
236102
325213
219814
568713
425581
305732
268967
387788
537648
385082
79837
197051
194506
786181
172414
371108
208518
83526
192939
144764
139104
196780
197821
137733
166550
95218
72397
265668
238137
417383
636504
405422
235314
126910
208133
201267
57300
200493
1128585
783442
107893
676389
477187
827727
622952
511526
316526
203450
287334
543845
611564
566121
352024
227154
141243
582331
225675
322930
137055
565103
377008
164724
192272
240453
199331
152030
283882
278895
352162
274632
73483
99159
539494
717669
371412
205609
943206
1346319
503908
485346
434595
750104
316914
726269
283376
289759
324796
267060
679349
641780
46039
174370
133068
207642
216012
190083
308015
303021
174074
462857
229969
225436
175893
381987
451200
408758
459306
320086
117679
130327
366612
405818
160290
309371
126964
102022
348238
233870
258008
281535
361059
609218
391097
256678
540873
144940
113502
249982
228037
168319
248668
261368
66404
121055
240717
153283
272486
92508
58404
161324
214430
412508
321362
232775
151520
85099
50119
762800
75986
710838
80991
86625
217504
262096
209221
150639
153584
129388
105670
237414
418197
984828
790222
74824
422558
163437
299727
350672
368166
318161
361961
155663
264611
230913
190955
253707
155787
87732
546021
307714
630245
456687
1020645
752223
64636
336601
180686
459264
198958
494898
279598
416597
202934
228412
506610
364539
306817
379242
228157
461847
460725
238882
233221
209034
185218
175024
69585
80701
361544
304294
206315
174967
54748
240265
212553
192167
179625
179908
198294
308220
227756
179120
541053
304687
306632
508520
274562
254644
242287
47457
442458
730691
452908
422248
498794
105789
169722
107178
122227
213960
170214
150828
352094
211465
313553
250294
160854
266878
316019
425090
304836
523417
208361
259291
398791
149039
214159
167538
154515
106568
89024
247425
166042
248858
153344
187343
317096
134620
290846
291456
402361
347869
63428
217057
211916
126226
157644
53979
185182
106849
369721
461380
638423
553592
146164
406361
537107
300188
55091
499278
390928
148022
158067
279232
272943
207865
207803
141652
151084
93603
180203
341155
198640
292779
165654
184373
192113
71506
297932
179517
196255
67874
291461
171578
290059
250611
206512
195899
134317
174200
170878
631945
117412
68588
543037
89745
91053
93342
54095
62183
234879
281825
203976
261556
326023
188303
457881
416032
735027
696644
338478
348133
344195
211674
203717
179169
239419
123146
384379
328214
241143
221466
301826
294384
348427
357651
452080
487013
341135
112617
392975
47051
59681
279973
156260
141873
151750
180537
215025
125826
398544
245443
481175
326171
184162
52987
366628
276385
144226
121696
142694
68276
67169
83959
59670
197381
297839
192272
469858
658017
525386
544039
734655
443057
298971
177867
65542
84543
70390
74293
66135
88724
83179
253504
307156
180269
202619
278053
168460
243692
158116
168786
202579
216432
169195
296668
143006
209887
298899
258965
296048
80386
334872
236889
217508
243304
458494
340327
352994
210689
550601
358569
435740
117209
317263
140505
86029
156861
148521
119406
175628
202640
356667
333085
162519
565866
578332
129247
220844
342677
931235
918280
483089
321944
416071
200708
843746
179907
582547
215345
128493
127373
91775
66777
127920
177185
241029
190273
270746
258451
233744
233158
352136
283681
135787
145854
453059
149177
104284
476830
166345
128790
101290
198208
180073
428226
159640
149135
99964
91006
662860
432447
390417
63748
65183
605496
64107
305537
78013
150054
184183
442798
366568
449847
344480
182632
93718
52453
64675
322508
238551
118768
198176
406199
305664
134750
476100
148799
184099
356465
344778
445544
212497
100100
547447
144578
348285
480051
495398
492516
59919
264530
71019
304713
463689
516257
314184
706660
440788
255058
336643
375772
398417
322639
195386
230351
284606
212220
72383
103281
523681
407614
242268
274829
499180
437472
265833
219818
157620
56671
348531
134796
318544
144031
327354
198157
271887
204573
67572
207783
184668
248808
58036
263455
85753
242081
330064
325917
45889
121478
129500
99259
70551
532799
425453
238371
365224
329230
297590
218048
199925
236471
266577
267538
167358
239753
198765
418912
355094
461575
238279
545329
463495
293327
448101
236120
62200
153053
429815
534679
673688
208415
136889
761175
375860
669816
254753
197547
195343
78966
662110
450427
170952
182454
512424
391385
749148
307232
453648
292719
143305
267479
194154
181077
276535
188049
70526
361152
192320
142720
161996
56943
192880
296705
635446
332929
838430
385346
274645
655453
278457
476728
164789
264807
184268
247921
155191
256957
235847
206740
279101
238674
230205
360477
314508
248218
136089
248151
124642
164986
97344
64814
73821
321080
407715
595633
440154
442240
171239
164309
121828
291867
333425
444523
133356
137124
476996
174813
203332
414214
273519
470547
363852
259402
203666
291409
183606
272496
368417
143786
89901
178874
160142
520351
302387
280390
241245
195261
338191
181551
360975
110435
106607
358376
275379
444121
446438
283709
156894
479152
330822
114078
380483
367808
195327
352457
307603
207794
259638
861331
1230598
982124
622559
931655
223311
204318
461479
198451
253599
153404
601007
383286
369206
311228
398771
603388
322647
464514
371556
351523
327352
274311
412624
469217
281535
68888
132371
135809
60570
62354
606347
92348
266326
245360
222879
201706
214589
44321
244630
343365
351334
88654
386530
253437
126302
161937
194228
492237
566476
222686
401207
203599
310636
283828
736460
410629
124729
256991
178045
287080
209126
55163
463731
80080
69882
393470
103411
55032
127557
50624
109776
357367
295219
316640
592887
409395
183467
132004
117979
58985
794810
111584
383622
190127
135765
166241
167411
391504
374193
324219
319731
244246
138746
343282
190668
209933
225362
306121
287789
131096
71266
96495
613304
163865
190634
85241
948426
345838
488472
476075
388417
286313
60720
94244
95591
97818
136180
735537
442785
436989
851972
135019
331145
163647
271591
443960
508219
215616
570745
176601
121918
45413
53343
51242
571151
189129
124275
572239
572843
733821
211132
793307
360122
333747
166336
588417
296591
49559
433984
337358
57733
126595
155477
127783
69768
71662
343865
281436
94522
109105
161444
187777
148695
117123
67450
665464
218491
241194
162211
851149
225303
75899
100081
238292
260104
354707
315779
326886
174487
112562
38673
252753
133330
224622
181703
254363
304367
348442
259987
424574
194165
190253
75417
336151
260949
245174
69462
83820
112851
228717
178082
187552
1118641
728956
1094171
316540
938746
289549
362455
648699
520740
402017
657380
157021
99109
454177
134147
232211
247729
334867
230182
230307
78383
527125
276509
184554
168409
338043
578253
330449
76566
76278
226752
222873
793217
67636
840915
113003
242091
386001
321910
492201
214644
504047
328731
298460
568604
266814
359087
506145
164498
341190
98732
36794
154142
261177
335941
431235
458622
376661
163239
345888
107769
65860
281294
66321
79639
89665
110875
127556
157257
149607
345687
141970
63722
348044
48092
52727
156850
258344
339469
238590
58981
171416
197916
636059
459743
117642
305691
328918
766487
360373
862344
176184
113522
174767
759073
522498
364491
91503
116689
500715
246619
277632
43291
196946
46119
73371
55811
101675
136144
96795
77353
109039
268007
343510
254992
178351
822499
144879
95742
881000
167513
97380
46719
138807
151091
212690
493754
213437
58901
86861
71351
595197
303028
301706
296230
241919
406513
819941
636051
422261
264939
325809
1227952
201231
183570
818496
196721
139040
377950
265180
264914
481096
353268
105546
58729
550554
602569
293125
396463
290786
216999
260511
342827
318853
1172443
327851
848777
250607
94586
139805
154923
214895
270321
158384
65530
69677
295399
102776
283455
181111
137643
138138
66467
213294
236189
116902
163019
481369
197965
646279
353526
417902
233212
450578
239595
201922
345282
293105
99646
335771
270799
122435
458137
311057
453822
295736
45054
48169
275985
380353
360261
183955
486151
252351
165972
136353
172308
140973
145973
121415
229692
178763
231415
309344
198734
161237
85525
103196
312741
119815
166462
133608
83548
154727
315481
326113
442013
201935
437956
403826
324466
483038
726796
372533
236979
177747
98038
121746
785077
758130
248928
309164
307844
596693
639346
230497
258397
538547
422258
82174
327966
203380
272328
105343
252273
96812
169198
339221
307039
316878
763759
480519
200525
798407
96151
62072
150989
168096
182408
41690
82311
74909
496563
472234
198250
194794
156655
723062
310217
964105
295921
62707
603953
412646
356546
446697
142460
59828
434430
572995
328331
192268
103439
77634
60608
69645
90983
132957
558981
292100
182081
315518
427096
589681
531587
518372
324955
193716
1011367
674781
39878
327196
464219
415258
477441
448744
133203
283750
208429
250591
174967
227527
520442
263640
111760
370752
810688
501226
315516
194360
47036
846055
516399
208344
124325
158241
167078
600526
620306
120747
113181
258461
118632
230666
118432
172911
237210
297861
189022
344858
205596
218336
266332
348764
428661
309302
203158
190064
645429
287938
51000
276965
167724
513144
732461
618296
338591
109667
744907
296312
71425
100507
126676
188143
250017
157094
185851
219459
169646
143642
852100
353265
894851
172534
38782
46608
596964
181434
203493
411072
164250
171090
193276
312901
361067
123746
488036
426387
501353
877329
418262
342038
800543
603009
80734
170575
205437
246361
418447
409440
496540
224907
201421
445854
322594
172793
184690
145025
449754
102644
409865
126763
90138
78816
159701
86960
357349
324950
450325
420290
261335
166057
319262
542701
448344
516002
411426
137856
365583
335394
173576
137312
764634
146869
814174
285375
469166
367239
303064
69359
87295
75746
397537
665740
488418
142226
594735
65034
102790
77165
72595
78532
120908
245748
290914
506117
299692
526215
429630
334077
637757
469781
102654
223485
217199
78431
94115
253978
234947
127309
185655
298112
397334
249621
382932
174620
81646
133700
421608
527534
534198
190283
309689
324289
48163
48052
56405
166556
186991
195801
1235850
194208
127442
977317
285441
68015
409287
399971
154649
364493
482071
721989
450153
427046
87802
178669
365702
368586
369711
58219
640187
369438
177315
162193
490682
533843
220360
194106
408572
425464
543762
282431
101554
642648
488688
134913
146730
147794
140697
415161
450733
132232
399605
229927
468998
207879
300692
340410
423653
347389
421142
197323
166163
165439
233345
308278
308354
273287
133551
59559
606371
593853
54074
176335
267883
119819
255782
74330
270716
78008
86795
157313
192441
117721
66114
189311
436738
684684
374606
706285
180916
104613
709732
181998
106589
432341
325302
298519
626925
349070
350487
174077
348793
114732
73959
288094
328074
164790
329946
350645
612895
373959
398295
140118
176098
114405
209593
198969
743253
842985
791843
749905
598831
262236
410478
261886
203654
262863
272115
122770
412669
174800
552285
577364
439583
138903
148839
63962
96884
93011
77935
706534
190567
432668
187801
155373
424154
440717
431794
481393
128286
320083
435775
312398
587535
571825
522629
502135
309456
149893
404791
1446675
1002416
696115
134690
144135
455737
172951
164732
186592
167341
179651
332170
294879
191908
169128
228873
96552
214369
118769
126981
68951
56737
262507
294617
249503
340637
297744
161691
56504
241986
174701
213439
142224
250943
333186
361020
456287
356618
169637
695283
376469
65950
82817
273346
342481
359586
125653
128238
317292
231990
819053
574716
534284
454440
531451
132929
727453
214176
515085
678077
395843
74826
161013
164314
1212738
1054595
46267
181811
232289
334341
386948
289140
144697
46690
109332
380434
238108
241153
484057
377675
466919
453473
314888
87251
70433
307004
151334
181694
98144
244005
143198
166290
410685
341516
397870
384345
110527
98561
310014
187113
400203
344618
235710
319084
420449
290920
353340
119460
210587
194386
303356
562516
491447
462261
141976
153684
507097
195349
234289
175414
70203
97451
128680
84733
95946
302821
342669
354566
140671
292121
595109
307481
350160
72663
195022
205829
70026
55160
75764
102983
431969
115301
65197
65081
523161
126111
120766
165733
350898
287209
370303
280306
205585
180488
456715
175417
657341
373082
119380
499612
136034
168166
148879
187728
90992
31573
798580
495633
257494
264941
203230
222070
267194
120559
115019
73192
89580
451345
253961
549895
600824
311511
91799
899710
672740
178179
107678
257999
226387
245447
299532
227652
287721
132989
341548
352628
113114
307690
357306
650554
180684
70136
656346
62651
194359
333280
612158
656683
116290
580530
428087
100414
185685
317611
369170
325621
332644
90823
286366
149976
122650
169496
298953
222158
94798
252033
103071
280194
283535
294658
278026
89112
122275
247776
338587
139601
54410
374912
178114
393550
241383
119551
277219
440195
642107
272571
67510
82047
242620
979728
225411
1014327
253773
69890
261505
270349
70820
123232
198034
211788
282973
165500
304800
234313
42140
135310
500238
455755
56729
65619
350235
252211
177631
387109
443721
393522
36468
351273
140205
210732
199512
290797
226675
424264
295997
165597
343655
127397
226154
229634
242296
322085
224548
232518
397840
284012
110954
219121
358590
343719
403037
250002
452667
239477
65721
275531
235185
317184
154744
259116
600451
353973
582626
428736
382693
380135
255007
159958
322300
226479
362743
524843
316883
175085
267892
127256
620915
102829
87815
491237
87181
134928
207348
269542
449688
396169
160721
99061
746440
644630
434162
462941
69157
349259
143844
306920
507671
303929
387989
144713
154007
211172
139403
401551
263806
477870
188171
358471
379581
464687
543076
250453
526621
312243
129815
250738
392715
621380
750581
1007746
594488
703311
174001
172905
639809
423897
313538
161733
90655
420317
214956
351537
337858
436683
469097
446180
985956
323174
822277
333668
232280
82977
52531
607912
469937
178740
190077
408168
489711
160981
191991
239911
361899
353783
110306
497412
413452
190391
229025
309120
193816
303696
88907
336440
376163
492871
257636
271975
116568
199127
793352
299029
585681
234880
488791
379559
380106
390939
126212
196191
185429
207584
235078
563661
237233
210285
110883
331654
874865
486467
439806
342288
362365
350470
377009
271488
336388
221490
307507
370617
161126
85675
658147
555754
216256
267832
216772
296354
283627
295236
388622
322214
171789
68560
334650
114622
181624
152401
275508
333724
266922
265134
446399
389282
348987
213402
113490
122425
148347
169552
65294
74540
83504
401331
313967
403319
117529
312421
51911
117581
149545
158314
71318
69286
176010
327287
598147
703656
398114
309931
204166
380731
327143
400075
320777
488611
106176
76922
136639
619405
188833
54768
219610
148754
373159
358257
514218
521491
111008
94397
196322
159703
202129
167475
80506
217222
244248
259298
77986
400818
218269
132180
340832
342169
231968
125591
612565
341866
380957
365562
397999
364778
157013
230787
181963
245625
292392
141169
266613
203111
291987
369036
312434
317107
309771
243470
380534
321705
283869
96205
459417
196477
175076
66079
116668
411501
300176
238472
486242
236976
104623
108203
129727
138562
143165
268157
96727
74529
252136
108821
132035
128317
152587
237680
312047
260691
63117
84633
100394
65846
541804
133836
407560
130714
225440
259466
252107
619010
705446
184373
458186
328590
59628
80630
127527
304645
327001
199435
168510
304589
260162
82964
400658
415302
236685
228465
161290
511048
512597
40167
85271
305904
365398
322752
430131
320112
202166
259418
130071
323180
235366
137616
295616
206963
321800
201730
106341
159509
104846
274319
239688
300212
148793
287461
107087
152847
280526
276942
317748
310319
132693
133169
118238
79473
91999
141843
157241
457920
399574
132645
271721
326892
423293
316865
198768
197767
330639
659697
578282
634584
408209
490989
117321
482048
178812
221972
122556
451531
324506
303405
275414
59158
55893
231424
321756
298162
252238
144166
499700
125994
565756
196354
161537
234503
180066
49946
52428
141765
215665
251332
191785
66300
562368
442720
309667
302802
59375
147527
256788
278775
226026
189144
190863
216353
184697
296078
261941
340185
529500
344871
111184
597173
138863
420442
367075
366227
318887
376794
161936
236160
200817
86871
206317
290500
163058
508872
398432
99882
83080
188841
157056
250278
141279
241519
231142
621254
705667
754771
331856
132670
99994
149628
83840
985690
129750
515557
150526
360241
285671
62105
312142
289236
144639
261747
163922
277468
141039
274737
261948
418988
116396
449039
159476
152959
146274
103811
73204
204521
225316
107842
50026
577658
504437
143611
467677
423700
355230
663088
163306
673589
753306
271825
125259
105514
1277578
180651
1109256
213136
401514
264629
55324
399602
343049
327753
638821
582676
547838
248622
594784
258196
168388
156166
421724
471466
807096
797040
97894
369216
173511
250375
113889
303219
200010
233317
294791
139620
219300
297118
233616
142301
484277
169438
119311
97690
269161
963994
629388
568082
95891
419629
118862
34284
218862
172713
136089
111766
155396
225299
166741
74427
65404
98141
139078
163055
123238
214548
200022
468318
1122211
529884
1091700
1109729
1127632
1094375
1067805
1001411
992959
775142
529154
529115
469962
332322
342911
338721
196963
802418
58939
773554
170218
160535
103820
254917
181023
326579
303661
604394
619714
629266
469430
193694
60927
105353
182139
292373
316883
127462
138507
536641
476574
394292
135624
136984
379350
141824
59672
133228
144567
108662
137944
124225
208508
328704
439227
575284
300922
641412
168598
487530
127199
145767
81786
238888
167943
250170
229221
171491
109165
89959
503010
382865
135268
144271
117393
280196
356009
240596
515937
523474
166908
279213
289093
215316
108886
582294
265195
543035
451029
339475
472100
369541
222013
211654
49125
138074
156338
210504
238058
175764
579601
221002
180981
61183
610531
84455
94407
89695
84442
76059
63046
132627
104881
109074
154164
154601
233602
638057
394172
216411
695780
98815
263892
178567
271572
214745
50626
394307
571859
821266
675642
565805
55108
144444
273037
183468
424317
331781
130158
178833
192956
409844
348920
332021
170753
274055
730644
482456
375992
203102
281153
115099
1034583
116692
824478
273155
281531
87528
238841
69114
211733
271495
316536
157813
284634
143569
164913
195014
190512
253292
212017
55313
157922
188004
125646
172210
558624
123697
110944
823524
373794
347158
52443
124372
151714
658171
138834
181130
94036
239916
275280
342082
351522
1149526
184978
834776
176328
135610
147952
227542
86131
263689
165891
322446
307840
298729
614818
531488
183242
103199
116962
654397
646358
264209
352812
450274
369028
76171
504400
409854
333714
147622
456508
299157
181544
346611
129780
138496
75421
279342
211306
162673
111431
138502
54697
105951
113772
53637
242200
342484
180837
551598
545531
252744
213603
73087
273709
284544
110341
397063
384970
283834
264429
162909
126339
281279
162805
208192
124123
142171
215110
698167
578561
355667
277429
211776
450715
442861
287597
431998
415519
196476
207335
204597
55674
80984
91086
44508
363097
103871
279208
116965
120114
72536
89164
300092
476863
323020
489673
318541
627272
240249
364533
287274
313787
421242
449496
338321
373775
172312
301656
238672
259513
147650
359449
177691
200719
379804
182389
208762
240734
327486
271889
348744
217928
103059
370225
422049
214008
146957
176827
209779
222466
151573
155677
249400
173391
47266
52145
197669
268909
139160
1337975
1296612
1058246
1013818
872141
829225
818525
766324
565917
516821
332763
82312
270602
148685
156137
438644
257895
321395
354796
228476
228809
206900
213752
486145
318658
556984
265649
234929
618227
565629
231301
509280
104365
93157
89308
527001
236840
292786
199378
185184
135851
375570
151950
66098
59891
206866
89596
133501
258826
312852
298698
107074
741863
440328
453031
72248
693115
310531
428226
422626
598950
269896
352133
146558
83370
136761
320615
338115
454047
605515
455776
390807
750815
337847
152760
82298
92737
92528
151301
170158
872407
412455
104239
208357
143357
166451
73806
310291
94421
239252
179934
253643
180402
37636
50504
55018
377206
232703
196077
266394
323863
406158
548317
368162
467579
860872
464151
719893
249896
278438
197434
75711
134387
134018
74850
127569
158865
483807
267440
404669
288217
113017
208099
1171325
554740
1231763
647617
545713
90771
139460
515602
247748
95088
115828
238036
330496
337647
316290
135432
1013986
253659
1038689
235340
81546
82163
81471
338792
615497
402205
247336
679146
238473
79031
156182
471208
341576
323934
154343
92229
245639
536432
337368
101881
1052352
124803
136868
1110809
196899
90117
329210
286976
71570
240587
272378
221293
297744
362972
204933
261535
129808
161080
187709
141446
106592
127516
130358
572484
263156
595628
205218
240515
616796
253648
127659
498188
95119
224839
206365
310808
114263
109850
67342
466084
301394
83468
344832
196383
381550
190300
145521
204245
297603
294668
76464
165381
168729
388738
308526
152066
206002
105133
345292
420546
378546
180934
128654
64625
42189
112028
752108
436040
678432
642810
646790
697721
542372
447230
510691
441968
431140
437715
75161
129865
36913
72228
62236
69377
297679
337818
339322
488631
266561
334461
344194
228096
248987
175161
220818
372745
322549
407855
289928
213158
352992
182456
539817
58339
545606
468542
558182
630044
706212
300302
210029
95405
89396
65382
169558
157564
220878
149497
231361
233227
239840
371433
366972
282325
291335
211015
173945
92654
43553
53088
97740
112457
108319
370684
246831
373936
377162
490609
500739
122414
128331
73980
452892
204541
248763
654234
202457
163003
437062
232601
116995
111622
94230
165553
554017
535622
55931
279072
93096
193233
155363
140714
242164
282580
200581
249924
116403
403825
355813
375786
522555
286734
454538
166300
124177
59538
194132
653140
254215
251982
89621
63375
130654
83231
79780
71460
215556
144154
236957
338826
329562
338178
140415
77463
81173
389959
384061
437871
605492
152499
189791
133927
113357
600613
267278
385644
756969
515398
515464
350464
72809
265565
86119
66578
295153
296545
476014
80202
345653
343667
717952
391940
257135
415565
624126
628553
658926
312240
486754
210237
434733
368664
288993
230034
399507
495987
541331
439457
591882
157867
322962
197190
506010
532701
411429
530524
365727
453619
245681
439367
151159
204233
415461
350394
381980
353372
482294
113205
63388
217318
74682
164221
169603
128164
120264
278367
225121
537637
275438
754488
386101
357552
200743
287658
189228
73513
108336
188974
746978
945539
322505
886004
776440
109387
235919
233441
197078
137400
154345
151855
235800
319231
328638
377243
200694
288108
345851
207331
154698
386091
475499
295400
219021
565145
147679
503154
102369
83542
29242
63768
289332
266700
201916
241165
416456
321553
186365
412462
210900
195958
55697
142591
81217
121273
215485
314657
285415
434668
213114
214883
166410
242535
152913
230548
115075
148352
98713
180738
205539
239090
294829
341803
214253
184527
347096
215770
302926
87570
243865
248767
439093
404333
117906
199040
489109
272739
601534
173805
372771
239937
155637
124150
156746
613453
592545
629761
101364
95514
186437
146784
227196
236891
65757
76689
161997
1230476
866727
214936
69038
49387
400033
342867
321961
585136
578959
509741
269932
130151
117875
48786
198366
191023
156606
165870
251792
135911
386715
265650
198422
134031
340568
186957
69791
111662
416246
124535
341914
340017
177458
131386
276101
163150
181589
67633
156798
85090
52398
79010
126300
202718
237436
115423
435172
413743
99920
252451
206558
387038
249366
126955
48476
265625
138774
145514
240117
197166
95647
254969
275199
425161
493547
256343
242754
612923
483266
294272
111028
183215
306565
317297
458664
480995
319588
273939
170218
426804
152927
163590
55885
63764
304691
169975
173823
247719
324915
411483
281203
162904
79983
295535
340035
293273
336888
83165
118870
105927
45424
113732
43971
55632
113777
82811
86361
181163
231358
239145
56773
283889
198366
325072
278402
305212
368030
380996
279798
58139
481782
489679
121479
308996
156421
365100
127567
174373
188722
190892
490354
192141
119272
483155
99720
127591
119721
133454
147463
111055
202432
230788
85743
93095
500486
481508
264630
273454
184908
109372
202983
110694
239835
161095
301789
113615
135084
158593
489160
287763
452454
239233
414336
277835
347101
184518
182234
1054337
841167
558087
84551
134621
559858
135772
58091
331307
251277
285050
136604
323806
215465
121851
119682
94635
294315
223191
170194
215007
308979
266195
443593
404857
284523
495494
374298
195137
247986
270062
284459
269588
275709
221145
89144
181097
486360
129048
259651
60217
87465
85917
146323
158796
42944
64080
61419
206297
174554
154479
103888
153720
43191
142114
494411
410043
594119
1118045
682250
1205377
394154
281734
553141
466475
60824
416760
316415
279128
271260
363416
383709
493416
149585
122915
571540
155992
226657
196179
212271
411607
523497
132158
115823
140579
544138
177176
426490
105368
208223
255432
286612
145559
483493
596233
387106
153944
594892
47216
539567
104915
93520
116994
266276
233710
230377
307883
711852
145406
90059
846269
194895
208025
105319
85539
128728
143566
494775
502186
204127
365791
432522
306145
247836
122636
359281
58314
140628
39782
56814
92628
117222
224040
147547
449122
290141
103182
139721
95260
533170
449743
200904
444274
537874
393854
627468
323230
137741
187980
137271
262158
712103
695626
399369
208026
90785
194096
80989
234673
127455
145620
114463
88343
275151
161366
147494
46092
62045
77058
221527
557699
321188
178530
516108
83711
244971
193349
328829
345914
184537
165183
134987
47722
65816
609551
637354
59738
91613
93743
473926
214741
214272
774985
406525
476698
447304
133107
126749
61985
446729
107635
424992
162613
133555
277095
166838
205115
93514
437768
299620
108077
151400
215383
237819
153330
548110
548738
122931
150596
318135
364087
108443
671962
688565
477063
480599
159632
514085
701726
509397
131015
1056069
612110
634343
667928
399630
393029
705136
190838
628092
217792
320118
158692
114495
258651
133715
121816
103909
262705
268889
399119
409248
276173
128383
84149
229074
511385
396666
83509
337477
116264
367378
331627
385430
164615
345864
101492
93331
218787
213068
248965
207911
119674
96434
318661
161991
185057
225858
506759
325318
82640
427555
286410
69264
67352
101611
317724
115957
266131
248807
642271
415680
517044
257099
1023443
270823
204468
758076
222296
276162
219412
251167
322618
249293
624205
101126
166097
553733
181237
106014
95385
39932
29789
384371
332098
366576
131467
109700
600512
368351
51571
217279
258936
101825
409570
548660
324919
397101
413744
284317
85342
278179
198005
152940
259442
289547
355817
479919
339195
289265
540875
359280
428729
342973
258487
151144
118980
54079
45757
53503
258524
309564
186355
169901
834058
173581
167906
692078
143551
225970
204422
186005
260637
322662
234610
372202
155841
375550
168223
201534
246777
200475
226920
242587
440545
277364
73110
266070
245932
171996
168766
99659
285350
334370
343214
102122
355149
187997
199279
119727
231050
134383
141800
146070
261935
262296
275368
150626
424955
342651
452150
348764
479783
338649
139007
244665
74452
233725
72242
135012
88941
197598
237915
203899
215537
166589
167544
245277
105094
63033
282406
136029
157779
171427
99243
84250
145336
108996
224043
158657
402772
510640
564598
413777
644578
267088
535686
356789
554695
268060
431095
169244
186610
359073
133139
189825
113966
77240
60382
191228
220359
266098
322219
198423
166562
98494
80262
238263
272993
264197
323538
320455
535042
459281
349913
279386
166882
387247
116706
255803
112130
78297
360138
377347
451352
224112
108070
683670
65754
68367
634628
376378
246444
174539
509740
564682
93857
240708
442053
481831
660513
711191
385213
184033
195144
317961
217793
226645
214749
371681
82460
332455
65403
56399
97960
154874
389775
360715
69122
382751
366926
127450
279461
424778
222228
311390
69695
65390
193052
499421
340019
544016
474818
919656
846187
150282
257721
212494
72263
109973
257685
1158698
1157589
561998
480842
823865
782101
148008
158065
43947
64658
53151
112429
851061
808714
283103
126775
194114
151350
365029
207970
123027
89113
92343
115700
231690
201811
103122
237841
214827
441019
341060
555322
623047
664136
355095
154538
429987
199659
224330
286041
314746
349644
702240
699584
206677
72041
489791
354941
53190
70228
54711
106244
525324
489405
420493
81623
591079
80676
338502
285540
297354
289034
138155
197553
199650
219424
158692
136304
237223
505058
291629
122470
483791
182525
217182
145490
124876
395138
292503
244603
174505
502757
311189
88551
366052
210377
325058
524178
307055
394725
202305
257205
437450
326647
281873
190323
122049
139814
181569
125892
199736
210793
742410
351114
342637
936863
261489
149570
147186
129046
241711
349137
222832
421426
247701
183915
300857
84460
353235
245653
172213
307794
139643
411605
188660
251848
540647
434367
468092
407579
142495
398539
383059
310620
408771
143281
154214
338900
457092
260104
508218
529010
296682
492783
449594
552856
324627
455583
379726
171887
90895
232865
314789
360173
286135
75405
281542
629660
347920
306797
155145
287423
309500
273555
262012
322314
458413
363247
224634
136658
143246
691548
204367
130885
364329
177852
248657
103200
331209
300394
136546
104980
326648
434273
616391
337992
601274
525374
514362
415743
730490
361121
161446
146822
565037
541220
268308
334561
190311
360150
347507
728208
723067
62156
198369
173419
231431
212757
285478
288439
120362
85821
266769
199709
243281
284765
384494
861127
913449
1022556
254744
780458
347945
240298
353046
379579
233397
153347
222380
134960
154632
323318
253043
168999
98256
94054
194707
135314
99365
122312
140303
135937
161038
136925
106400
302601
185027
372549
324976
399159
284599
191315
563630
446066
144255
564818
455776
55701
299142
143710
156571
134823
464482
334427
220005
303395
391675
244138
362317
303676
70024
227157
118467
235198
194496
129195
148327
134496
96281
123515
221288
192810
253173
302217
378506
694029
258036
824496
356633
422702
478170
216154
133015
306941
178274
260668
415501
507824
388549
494639
463499
456440
593331
369941
341013
237714
481801
340403
517135
278010
85233
468920
519093
372614
508669
493478
283961
121649
456755
575167
317139
676178
645210
235749
113867
263409
449581
244481
363842
283328
288493
390136
300237
203616
48973
207405
185052
274492
342114
365354
326169
168909
692713
116144
299408
212787
675897
176473
475136
267013
564745
517467
137506
485947
476432
111485
234218
221862
208240
104162
141614
550774
462103
140308
345780
337567
172057
377100
325822
325971
109323
81726
414108
340632
317597
416970
179111
86099
453204
396082
135273
152455
314740
225819
459491
233311
73054
318481
617587
717234
671638
285843
61115
49588
63810
812703
148362
151274
258233
194176
443496
433252
292172
274444
74652
803506
809508
141464
69938
359713
387873
154045
50971
630433
335686
705401
267403
465427
159888
58644
194115
97040
124190
123090
147120
122853
356126
344519
463935
404733
470660
837471
567079
289776
112790
125164
116648
130564
175714
245289
279164
254311
346690
127092
177508
240389
475841
174420
422074
145668
201187
161387
116122
333426
184794
141285
426136
114686
190146
80025
180942
230648
227862
345923
229310
182585
173648
87413
97183
103606
62233
154240
56431
80827
168542
200884
97850
443551
480289
146871
601429
400571
728781
473750
178318
136666
80135
393005
148067
222694
442353
228089
236402
177940
248145
230807
418169
231035
453287
111158
255680
254032
522702
293253
217564
181343
191980
277875
279290
351712
424519
102402
130904
385191
256395
56454
115304
170809
111701
172778
514860
632509
426401
319075
409215
125593
123953
251091
163898
106153
346375
308577
89942
400961
167451
389050
115885
92008
544179
413795
394187
109053
93330
464533
173136
158049
232194
264327
378251
365690
201139
85252
80875
126712
682567
442297
431418
167351
452352
163315
295351
183460
245779
287098
301761
218550
210941
135299
497942
191501
189862
59989
430204
396143
351145
432766
449631
239772
424528
279333
404935
352159
187733
382484
318813
220602
139946
534291
351018
232596
137366
215761
202282
183509
99921
46483
118101
177787
193017
537148
493312
287167
223953
177591
125579
243104
121610
84986
142866
278202
269642
115448
74253
71368
373244
248261
383415
220437
118080
108776
279165
284335
271794
119217
354447
237792
155948
274239
123090
197997
106734
102249
487032
331989
485584
270520
364235
99069
140042
152869
282775
222459
212859
419718
189671
235502
104417
212431
157057
187819
277969
634099
454711
59939
644702
653294
122266
275955
292875
58344
170820
250238
442971
574825
400006
271305
777048
388275
270556
555852
507296
620050
563164
677096
180907
792457
102915
361155
447041
980370
253640
625839
146857
61994
128813
114572
49383
213230
262953
117697
248886
37267
238800
109461
135030
213803
488741
467602
543583
316565
190154
658859
336260
47069
71045
76891
60607
375019
409119
271998
288871
147748
134638
126311
417899
441000
150830
89445
566901
206422
675262
463009
334085
200299
340477
198896
178068
55369
84257
314809
301087
166790
133025
126015
98502
58341
293712
210476
331747
197341
133551
439263
387340
355562
278616
291239
194540
255467
105761
86447
403806
282250
247401
59603
65997
532075
213912
194249
426350
51583
170781
119249
134150
213292
251701
126172
51298
181900
295660
372014
377927
81935
72783
62209
44712
573839
270591
275191
787904
475695
546072
819122
403322
136447
455753
471373
252164
487273
333921
465970
841847
496196
291263
173804
176729
818098
513392
155889
104871
87528
323410
264377
243749
389188
433592
485550
192531
321677
172198
271743
227700
365737
264591
168113
126549
89385
630830
602732
190344
344980
169160
458896
286078
186117
223653
252999
672301
203388
115281
601977
119948
110413
113985
223967
273673
248969
164278
426190
289265
330666
321852
289060
396331
357734
355907
165021
53988
227011
211980
91324
77392
238136
260139
153148
196785
147206
331673
177242
42488
282745
363672
281434
182025
328908
147802
174830
179921
269977
159587
117055
121684
392101
366410
226706
404158
420628
156477
97352
349313
97777
365536
219543
207238
329849
331587
264334
133369
344357
336592
596920
378601
41775
123211
81786
98686
116706
153329
250852
241767
180824
104549
449237
145770
155027
474278
188411
197166
234981
180316
289838
246285
87973
549183
176891
678162
409849
364453
332027
477749
254118
77520
55121
62583
81214
334955
159990
143544
320756
100092
433164
444932
423898
466801
259609
165989
197987
350378
314972
360764
389849
367404
389792
545497
201223
106898
1151805
122337
109035
1042652
148329
151906
152714
151671
149052
194017
201228
180772
232675
205427
99212
146250
93282
210359
166833
152530
149861
116783
256640
243654
316144
406795
202320
238537
189600
141752
157497
383113
413928
416687
514719
318116
351070
452534
226630
130869
553400
76130
72869
180703
735909
351157
262966
530995
1319886
1401045
1195190
1319534
33656
41419
41923
53950
55324
63960
67740
76129
84376
86074
94262
108881
132445
151011
170584
181803
186297
202335
114764
133170
281094
528507
575516
562640
642526
364141
313768
223911
121520
136224
378453
581615
407367
493109
273251
571462
127522
358164
85737
136387
154218
162683
220305
274336
280437
267296
401689
207311
342595
284958
139079
321770
311192
314643
423663
533565
203700
140309
571455
92848
492393
157463
117790
168966
128114
100889
492295
189874
541818
333777
313574
300849
278296
107875
239977
386567
331940
86291
358014
120985
269277
228939
179500
153763
324188
264099
193819
143458
591127
219351
543290
234358
363081
348263
119666
39318
23286
230809
202372
80193
215526
315794
413782
373979
375772
298953
104974
92705
167604
224326
128949
89143
152931
149473
106295
1083104
178641
134422
1182046
351618
548924
449944
221470
372519
330278
146873
179179
785702
601279
147546
154678
192030
110266
162721
104496
197107
172462
343064
397784
255817
256460
130555
59117
258095
204843
220021
293173
424330
458287
319319
410478
368121
