80796
61288
18811
25509
15756
14656
19957
18091
14837
15486
20190
21203
241681
171749
16038
15934
30927
19308
14539
15059
21540
14237
14992
14337
17104
14545
12764
16263
14208
14875
14556
14308
14873
15397
18943
17115
18126
15486
13628
18418
17201
18862
14035
15706
15768
18610
15649
26118
14883
14072
15173
14416
28753
15071
14030
15430
14686
15873
15899
21003
14531
22312
14197
13630
17902
14133
21105
13369
13734
16959
14050
13780
16928
10199
13693
16321
11738
16046
14081
12912
754563
74767
19000
1078921
746433
335431
138735
49166
15701
12987
234795
18276
198554
145455
51051
86755
32318
186423
88125
59242
13372
17818
1039776
15374
604350
285432
21784
15046
257499
312688
80743
350870
16312
14254
228801
172804
306837
12258
487538
15374
368258
15562
172223
13136
454773
207887
136151
12634
14526
12431
17782
655484
70637
168732
14563
13114
14628
891447
16892
461775
31119
96555
682120
172280
115876
37719
45508
73172
652558
236359
70935
15697
299150
79261
17979
293334
138740
216367
86844
144083
14809
12038
703288
14009
11765
12151
470909
83089
17808
13720
450711
13743
13893
12387
1064807
363863
176796
300091
62415
221534
278982
361552
11540
14520
13488
13116
466023
12566
12735
13462
20543
13295
2102811
501349
96960
15397
15536
13601
12216
22213
1199022
12318
234031
14709
422451
13967
269563
12040
12235
595001
306838
17987
25209
616276
94202
14069
16457
12968
1338885
476259
16937
12995
602224
398942
134929
186651
257293
97555
482039
23096
206601
16574
376561
11745
767970
165072
16054
690183
548590
74470
445690
175792
64349
183025
60655
17424
685991
13683
89654
55002
11903
14615
12714
10715
679262
14910
14596
14169
251116
182802
18150
16115
224660
31194
13500
12913
555449
219407
17082
193214
12915
14056
15351
1375484
15857
335116
18841
575592
16229
96349
11324
22549
337520
13634
1061736
202007
80378
37739
28367
59592
119958
12803
264639
39542
14240
323490
111860
55091
15025
558066
16783
15426
676422
15004
17850
658102
15541
31986
1146808
68233
335478
301794
13666
115723
11301
12621
16507
761921
35618
78648
13062
206151
14717
43593
518603
20666
651005
35429
14458
18254
15036
1726492
345334
51073
18995
246077
352931
31241
21058
16637
19338
19311
16086
13753
1347281
13348
168564
14614
481132
14224
225045
933719
16363
11748
13356
225201
43401
324557
559750
228168
15218
97341
12946
11673
271636
15668
260181
41671
437882
382901
171429
343976
16838
13256
631744
477645
12707
1065771
16845
1508446
13701
1035486
153376
218978
13149
12626
21776
14320
963975
54822
12584
113346
23345
536754
22511
583852
719184
15611
166429
16869
350272
223844
14118
12702
1023133
11949
273589
42619
123476
14683
16589
855020
13445
13949
748769
1007224
271209
10383
713207
195122
14428
264857
46540
12641
14552
616425
12986
12479
12366
14307
390192
15762
201429
179713
15163
218984
17979
667438
11640
137030
480187
308467
215500
17428
14759
657133
123924
36029
14581
13911
18296
503346
14044
14417
196750
15354
115784
15202
205962
11725
115664
12498
11689
1044153
13437
343424
72849
216425
100721
134306
13843
417851
219646
16702
55777
65154
170004
16167
316319
18013
14017
578284
134016
314853
75862
13689
505792
63810
15547
513926
12380
17968
14915
16719
32701
1258108
22714
179312
68902
151173
11307
12990
671734
267380
18356
148398
17010
540720
44480
590871
12686
282685
11295
442283
101360
67279
32875
283280
12968
18705
706486
18640
18174
24369
800630
110096
478870
13235
13021
12375
138153
13507
16629
1575842
212271
17871
325851
17016
226584
21261
15302
249071
14537
11741
17481
13325
14016
18504
1070425
92384
24874
282757
12526
512633
12863
11916
17248
550461
69016
17386
13643
512666
35436
15117
206356
13244
350840
544730
692362
158138
66344
16703
15811
708396
45712
171359
68454
27767
24199
536354
96203
612257
11929
18737
14544
326033
13982
594900
44926
20269
20245
422497
20472
15747
24054
13820
17581
15345
12983
1620602
15498
19535
810151
115598
13202
837967
13087
575508
21804
15894
592156
14845
38128
20882
204128
14091
527966
15753
16440
332223
185355
31931
15064
104969
203162
138872
12648
11399
13106
21418
946702
19406
159518
229850
13204
18122
22867
40329
22578
12823
1955221
143929
641208
14093
189707
113483
73466
465042
14230
18546
805801
485535
545269
188794
311693
151202
225466
350114
243323
176683
73476
463556
13785
670849
12648
1138901
11520
13979
15635
787252
129845
140869
92556
95891
18307
384583
43100
449338
45559
11820
247648
453976
29184
898417
15106
299786
15871
106224
145044
22073
14677
334431
152335
13749
16464
1265782
15856
724295
527373
19432
18210
14498
647320
19562
13337
12517
12353
13833
1006009
12069
385437
13504
234183
130848
338720
113082
241608
14732
16310
18226
1174007
17687
457540
20973
15579
13105
15263
378218
148696
384730
20349
21523
151984
281574
292662
38814
14832
17262
13248
17813
28617
992102
20471
18786
445365
18453
646725
12863
13520
13145
23169
30004
1417898
14916
1242383
246261
214603
308555
12322
1180443
28813
138100
11435
18386
22574
14469
15477
1197575
143156
133925
314238
13654
19217
14325
638437
49994
106600
16295
13948
10929
532702
17063
13675
14819
16908
12748
13151
15152
1680204
18122
23781
12241
13924
1197754
52622
13095
473380
125506
14211
739052
12175
112482
192923
14310
1244193
131920
11836
306638
634740
537807
139893
41202
59824
17374
18216
14594
13862
14359
15203
1294165
29006
12592
20152
404798
167293
22878
18811
27606
775480
16222
631716
787993
353425
349799
63068
13837
13831
707790
177103
39143
14491
26521
193185
26849
233069
94127
81165
511300
118237
15557
14987
21816
14292
916237
15185
741273
55700
17546
591595
28496
10472
329441
336588
64869
208780
43680
130629
28732
13910
1257667
15930
290759
15682
331129
13974
13458
574348
17477
501016
821552
17204
195296
15985
69907
788614
14512
623950
12025
171496
14518
12480
445227
110704
95686
60839
13261
138916
18398
147788
14669
205078
87449
15369
15948
95465
249852
165740
20973
689029
397421
12883
518505
13572
721361
195034
14257
125671
13620
510645
12707
658796
15899
13655
930783
93849
13084
15619
14223
830137
14577
254435
468878
14585
22351
16800
18425
1262592
90473
13760
17336
16187
14329
786651
14871
275024
237048
90789
12990
133784
12880
21622
14230
15449
20797
15495
1683135
376326
14481
27338
1045363
15994
17824
902929
13245
85779
17065
334656
29013
18804
590841
13268
17880
723475
1128690
12951
13177
15104
15656
740670
22477
16113
414795
16965
391153
16336
14339
15667
14705
13811
18498
1229033
15736
18947
204157
119936
281809
14394
597121
13990
667553
1108005
14524
30243
18011
13046
13975
754041
26956
136155
11265
679817
96321
18118
204340
365994
14002
598128
168843
14876
699382
88584
63062
22590
18250
13284
1192021
21284
588985
83279
14617
268285
13875
15586
17156
14154
960590
13395
19039
13781
1012011
14763
99682
20154
296600
18550
14907
14853
828522
177486
133614
20689
149612
19664
453356
21450
17033
13730
15811
16058
883144
359350
33200
445451
15077
11280
24767
15758
866118
111977
12575
14735
11617
475625
18735
12278
122472
30494
13119
525476
15968
22650
11528
432768
656532
16720
18858
13590
1777577
13230
15094
394686
85259
104545
16679
12255
113979
318253
71484
385886
221380
20709
263691
274696
138477
12342
13588
13204
16397
14112
899949
14223
13423
370359
15776
653198
14754
13550
805595
150727
65371
18213
498692
12758
12678
16022
528856
243245
111435
296082
26465
475410
27639
41879
358169
197623
152959
139739
80577
24576
335502
20254
187679
174384
245433
19117
212680
58815
14576
17019
15114
384099
78934
13382
14578
331065
14077
14558
14521
22125
15294
11450
13107
1560806
15361
15044
467560
101285
17357
14584
636068
128461
44844
216377
116225
12752
15674
19028
13145
990522
13662
637060
28365
238830
126017
197765
13223
12823
646976
355781
187458
77055
12697
247890
13792
16967
13743
10772
804688
11647
12667
657478
14194
11603
21289
522939
13424
307162
276909
259019
457955
390621
13084
65438
363637
22918
774513
11563
369484
131958
18024
127965
12181
362991
11557
18827
24614
295336
14676
17415
800882
893397
21821
263531
172380
137057
15696
14180
522945
17145
236710
15238
21873
14828
557901
189460
15948
490811
20056
17293
16144
475442
12284
12503
644179
10520
18923
391364
11705
13933
12444
16864
982091
179073
12653
15465
930155
201793
470432
397957
16382
17760
18434
18629
731260
44500
83897
487014
229078
14769
10966
17864
248030
16701
131919
14472
13245
20742
1109074
82259
298905
14780
13608
18157
1437552
353174
13707
479187
25290
51842
127091
27598
109454
47157
26220
13290
319761
33238
53781
16474
21190
1040629
110370
16097
445238
15200
396289
12855
18258
183631
385744
16547
121998
14157
1355130
13429
501928
14882
13451
259452
60595
525217
13100
11687
19834
381452
35931
14388
16749
1410468
123393
18529
23979
699902
247578
17141
337271
87350
176548
16980
217322
14048
23627
33722
325715
13968
20330
17523
666345
13383
12543
1438601
14596
15787
385609
414248
308144
16714
11769
887601
220538
440477
34230
16668
307412
13556
19168
12785
33951
760890
135538
15695
240423
222442
263392
14997
17587
15649
12696
14951
13943
1904549
28417
39334
422212
418877
16124
15566
884519
18008
15229
15733
1187770
140798
405213
18168
168718
105227
11752
13947
15226
1117483
13695
521580
15385
293888
75454
13950
9651
15309
1171379
229007
48586
16046
517517
15529
284921
96384
17106
1589372
507017
596666
17084
18606
15961
18787
768257
34916
28727
15240
635999
16230
395798
19460
555425
619598
12188
454221
44585
96027
14975
20612
14853
15277
11516
1363131
12670
13327
865048
12725
14001
260942
62892
970014
803695
217620
15414
279984
12594
13704
13432
440846
235949
120359
12513
14664
16232
929797
121323
15517
12009
479176
24172
16020
18820
644540
11967
15042
816689
537695
133413
159007
14931
684734
238432
14096
21092
29190
19494
1104406
29016
14365
13277
17126
624934
20738
144499
12753
12734
344990
17884
18866
475643
19948
434156
207547
17829
16121
20023
298259
105362
21057
35536
16721
13557
28331
14375
26640
995271
13647
13816
15151
468622
249398
14465
172541
116824
30692
144065
14697
20021
1107327
115539
112025
18047
14420
16900
722397
195998
29722
13056
17077
251089
221548
21191
14749
21009
14167
635517
16924
16322
17521
1149410
93226
19005
12235
16424
12982
388525
530015
78700
12518
111259
14549
341952
12695
461911
314255
199358
286028
14553
16386
14278
553871
227823
294464
27445
263397
374598
54426
27883
20435
35306
554600
15207
21281
15473
16200
16466
926926
178299
267265
12436
12369
14724
990076
235515
14188
12320
780066
41831
16993
12744
15073
1485142
453542
22570
15448
793497
11280
193696
11407
19572
579348
230292
217767
221432
244558
11708
106352
108687
60158
64202
73688
13846
15561
15160
15712
808926
102261
271435
14603
15214
235561
16006
17846
393502
17424
14542
11714
12159
11837
1614690
131779
101895
14857
1016482
189008
246165
320745
12442
674146
44075
17367
714827
191873
277076
18607
95987
16063
545444
82330
121693
13193
160115
292580
12249
15857
14402
25658
613034
217329
229263
12911
13345
1480274
13319
28713
15860
1121559
14421
29049
1328223
12856
969219
16702
260664
14604
990511
11626
25334
34239
26821
513685
15326
29346
26382
14946
1310417
153819
169214
22460
13538
16101
11702
13335
18970
2671528
16281
16338
14371
1301671
20735
168232
157239
14695
410165
285038
77307
12563
12344
12934
1023262
13437
263689
342679
16950
859843
313958
17673
11754
730458
18466
15147
14466
722085
16656
811018
166141
201301
13154
97810
153542
18753
319532
209750
14352
25264
13879
676614
11748
318582
15841
323140
14219
443449
16987
468906
13499
696385
11384
338385
56341
188534
486600
210991
11625
13026
13611
992133
18957
12012
370041
168184
11172
18953
860709
398594
94808
17627
35656
11950
10140
365074
13129
339200
12753
13332
10482
940846
13152
440847
13974
33786
22074
10195
16752
24058
13818
16349
371108
164181
17689
24147
31198
373122
144701
277707
12227
234621
21232
13083
12120
1019453
12188
53021
17699
307751
123287
545251
12542
13835
391488
13167
16569
11475
859322
93007
584712
196752
394027
19298
15796
15936
40321
1084935
106094
18374
621830
135647
80076
37779
32776
318289
10977
243562
11362
12432
20297
633969
264196
307985
76305
16311
285075
20434
29466
882196
220044
245069
15969
14473
15407
14949
1180238
14979
30354
808895
11271
479200
166542
33410
14004
171677
12837
13932
409909
12788
26826
449121
144658
16377
13571
17999
1089606
59751
16925
12490
425364
144018
359296
66510
78156
192695
21026
19673
644908
336133
71228
15419
867541
15234
21054
11372
433792
401709
12665
598485
14983
24765
38252
17536
12809
15349
584085
159825
12373
15192
863252
41116
12911
22085
13494
18410
1173312
17751
646554
315622
11059
351338
13945
22358
981584
14490
16630
13422
593298
51175
42751
182700
43278
50367
18117
13902
15519
792047
112967
52265
13053
883584
12275
107860
709260
567182
11894
10993
12388
11205
1484719
190332
10308
393910
144484
14581
10025
303640
77890
13728
626366
14257
19042
11791
907646
11558
12034
13661
761950
14453
508533
85033
274459
169458
252046
15204
273097
205071
27433
296359
19579
37938
377840
34517
104628
16577
79199
11570
10535
377587
131318
13675
11821
352330
219987
10676
269963
81381
32667
121101
12112
191322
15022
14634
17332
750022
62403
355101
24179
392819
60933
34647
13810
12773
594449
10748
250847
146347
17797
13324
1536659
17315
249264
10034
12933
14103
261839
14090
23618
657819
13667
15182
377975
16558
13603
969018
12926
20567
518390
14835
166962
625323
77582
15604
11659
621999
16738
388294
300688
13264
14674
12202
15076
17104
15236
2434056
20802
12339
13829
590349
15141
289327
13915
18901
949634
69092
232216
76124
115868
12293
150584
83024
16504
34479
12622
230688
90476
388110
14640
11567
22991
1064751
325789
170575
16143
351222
107009
382840
286472
563771
18613
15292
483976
19133
382503
49526
249451
22347
136612
332193
15618
19912
812728
77184
84535
252674
15180
14234
416161
193527
11542
1033272
226505
625144
12781
24999
771688
20031
545850
13157
432061
115387
318682
89230
15706
12758
14540
534403
31265
15493
229990
157893
1714191
371721
14824
327463
795998
212562
259849
98885
36106
13508
302080
14125
22493
300334
136470
10043
12858
15603
771442
11910
18479
42845
838993
28756
36249
173970
259778
11696
568793
19611
19855
18949
15665
1422264
101936
282916
159434
13434
189318
15089
224628
14947
440126
13901
466805
309365
15439
14277
792831
13252
451247
14665
20529
712521
198526
20732
17297
38003
15882
20961
1798575
33660
35875
13755
13358
21506
15524
562441
952079
472928
341921
642658
14105
16579
31678
18441
16375
12809
21721
13729
14997
13232
42522
39823
13313
2796968
29708
14113
610560
30131
306038
15298
350315
24105
36210
185734
205259
469522
14043
17876
13861
15953
14098
1946843
18211
14523
582991
14980
199778
39425
15649
13714
14818
877367
13283
17414
12262
516102
13961
20110
676709
205394
24218
14327
522155
198754
123821
273866
246653
18945
19790
13496
10297
610483
12746
501028
16399
533258
16346
408640
22723
455753
16313
18677
752776
12877
15574
730467
15306
509295
165896
29956
13271
15288
14706
1560421
66240
12083
336511
255584
46721
20003
60711
44992
481071
139937
40408
581723
19239
341568
17283
19772
832134
386670
74346
140817
163068
13032
113040
16010
17343
16390
15478
13023
909500
18035
17414
10930
854612
54428
32392
29636
11366
94601
90303
19327
19345
13085
1205451
19494
17118
684870
24625
820520
141431
266260
19949
25196
18426
872182
44466
21948
14686
24126
14710
15772
945500
348209
124951
13199
601860
36018
348754
16914
16946
523295
15231
14522
148716
83197
211272
20653
18014
17181
17341
15900
34376
1404496
193670
15983
162529
45274
21726
23150
709091
88466
319949
134536
122662
345544
18357
411020
14018
30885
411725
170722
18741
21553
1498303
62575
776337
10365
15002
849911
57141
107072
17042
15073
457814
11312
205274
21582
14220
690165
21863
14864
13055
18191
1479947
233940
13307
20401
533540
112798
31107
22240
273343
17738
192778
73867
85316
12226
12502
13434
687514
19046
301086
63423
15623
14681
14180
1220782
19340
21205
154599
15005
833070
24275
30414
11503
424795
12958
1349383
18423
456472
299992
13197
277645
18642
223372
542512
19915
436481
12948
545438
610335
12789
250994
476840
298260
12743
12888
351258
67583
307051
13947
1923328
65856
13914
398811
12129
12600
16812
379610
16022
13918
18423
12676
14100
2293781
17990
196155
160328
19760
650829
8393
23789
943885
17459
42728
12482
1093847
19852
44222
570157
16268
14873
17837
1074949
56070
125755
41343
242183
56250
499305
279911
76041
1207086
147647
18074
372730
85206
76720
10380
15611
16081
1168999
13888
15785
526119
15717
18863
596300
13121
383292
13440
189411
280283
115454
10172
15160
475429
162995
52709
39609
13506
14757
12003
15147
15509
24455
15012
11825
1390655
746342
124024
384014
217247
110034
708851
12157
559917
18751
14279
430438
833397
472852
17320
618474
187097
28195
22113
340580
29023
279797
129554
79612
15295
23052
116711
274809
13677
13137
1554019
189629
165996
15922
19027
763404
179481
17031
381443
274276
258553
17755
32325
42039
38437
622829
277826
338687
15133
433156
35708
14492
18428
329696
13685
196769
36513
792104
95767
238749
257825
196405
19493
12221
11594
729309
14277
22213
12924
570763
35493
12349
135871
258738
26501
36765
102503
271446
14254
16219
482881
134195
16164
206481
203476
21921
821329
103192
19251
10312
18421
551691
41357
9008
10677
40067
16153
15797
732319
157234
13387
22626
19306
12597
14238
1768040
11965
899264
16288
47243
65332
368752
110822
354726
78984
17771
204556
124261
197101
14352
14145
673199
100782
13800
398839
29950
138638
13472
12963
25224
278215
374053
14920
574346
14500
12039
645670
13409
23153
29941
20751
1345257
346491
15554
10406
24231
15649
12225
12549
39509
34809
1556856
13166
199555
45916
11928
14544
161844
14867
218150
29278
14041
15781
1263020
22619
48857
14756
18575
490137
11347
230076
138043
419075
564851
35450
75432
257025
226928
31080
392635
268871
14490
181484
13430
12647
14181
15635
12169
11928
13744
1997324
82088
265158
35716
17764
15960
16808
402266
13558
19713
18813
13230
2710663
103538
256180
139698
202657
47804
212695
14031
13817
13827
696441
400006
393121
34131
13615
973508
11601
14893
88786
23079
15437
152505
50207
22347
469501
544162
15623
22166
206669
253060
16594
12288
17931
21892
1306311
104722
167553
14616
851438
16269
1106605
11854
21239
876511
54611
519697
17398
17061
972408
192045
15215
18301
450484
126528
27691
169629
146643
41086
58061
303116
110255
122885
301374
12043
12713
896418
569213
14514
263397
14333
480674
13460
344438
33303
49075
37183
99780
28418
41334
189194
407226
44631
277010
88286
51148
15773
196173
339053
16273
209364
480602
14193
274826
125858
192330
364739
16750
733266
19769
656571
13987
472335
10217
14966
18143
943264
14367
17320
18905
21109
537717
36891
72033
18978
11661
19577
13722
18899
23953
1365303
313857
18241
161589
645240
22207
287235
221409
53978
13506
596010
13567
803255
14280
568472
14390
1082829
24494
17276
33031
309974
24121
29181
15721
12725
18824
1087286
541458
88252
16936
24995
20881
13190
1594606
248214
53264
18800
30871
710408
12241
527441
80583
252970
192890
63020
57349
42205
16631
19118
11538
13837
1373805
38475
15544
11645
14161
204645
14498
14375
16587
13896
14803
2457819
27094
135018
554232
20167
418740
33069
523109
66177
106679
13511
15776
18508
18311
1345542
420671
16497
16864
1016188
22852
12913
16857
592611
232641
33095
145208
118913
291097
272528
21978
17142
1443203
293806
15102
16677
954596
141940
16480
17221
1325178
20265
13878
13970
247072
88447
29611
125493
20995
20462
14710
19402
11958
18966
14746
12189
14395
1027416
453895
15562
25312
14023
15403
14569
1274981
13612
175775
262847
12703
15566
14444
29758
11867
1098115
100361
13944
71337
13335
12298
12552
651110
202871
13147
17051
334345
12080
16196
16870
298339
25680
16165
711302
99910
15395
604884
14308
14668
13479
12591
13213
12750
13337
1663365
13115
17774
12823
897980
23008
426678
412119
12568
915312
14188
593618
142569
14847
56185
459682
15235
198175
447473
14067
651086
51331
49935
14374
672959
15558
12149
15183
1126710
15927
22682
416238
16548
314896
19994
15502
20815
12067
13125
948670
18098
305627
15257
16137
11776
553015
12352
937620
299115
14524
13821
541482
407122
16886
16881
16751
1662548
22429
13617
202021
17487
429173
23568
10564
853075
154211
65249
129698
12929
429965
130237
20686
419738
333360
32985
33117
14548
346648
64837
224272
15310
20451
1208516
153505
14650
68435
14476
13271
20547
575154
456531
16283
15283
480553
13355
374852
116281
15312
14776
393407
12693
661460
12002
15021
22802
787408
16909
24236
337275
17150
14759
14336
26683
16577
1217910
355940
16583
15922
274175
21817
338085
14400
792706
12731
14434
12232
770757
242326
58671
12572
11827
23767
13580
15074
1762891
115897
15569
172335
16680
22589
18553
792684
12441
536151
13804
13385
660679
29968
12894
12392
15636
13760
1447818
168066
16288
16664
625249
17698
380587
12069
14460
14958
666177
12931
469898
12939
20084
472195
16914
18454
16859
14821
11332
21039
20344
2131479
20474
18267
133919
12868
453729
171458
15627
15399
514233
76517
215206
95296
15633
554320
15410
18894
29050
11617
1216632
22164
75166
242403
796354
13479
14832
279531
175600
15404
378277
276885
32063
116626
16159
14588
581100
19191
429140
233094
15435
28407
1226767
16206
719149
13336
258223
34418
12767
189625
13820
27416
1563879
13898
112960
356189
23336
15344
437676
11794
17666
17259
982817
274860
15242
13704
14270
903034
13364
14136
12994
653365
18711
338197
266042
125897
172664
11706
1657856
15580
251933
324495
115776
17066
19303
200591
18492
13112
14741
1035974
122541
12896
539379
15084
197924
301410
165856
157715
45515
45854
14678
19662
728314
173141
41140
24962
17545
511505
17974
334964
13651
13838
13301
386309
33370
250873
19513
23258
830422
13586
712073
28588
141244
427041
185207
163703
268308
108724
30598
182301
14149
206460
18601
315773
13251
263663
146899
17443
185436
14347
16527
11079
20011
16782
14273
13836
2765671
90098
10246
12781
572363
11175
939851
15387
15707
476790
14559
16848
763575
10416
12313
11593
1436239
11476
16907
485171
49010
12000
12861
993888
183018
12022
14824
443760
12049
443020
12182
12156
720988
17347
524251
14013
390538
13904
13160
14705
17319
21526
31150
25785
9860
15584
12443
3040163
10411
14017
12717
502802
143001
27567
111308
356895
10476
626231
14414
14227
1347551
11294
12032
14321
526074
22109
232923
14267
25258
21263
991401
139312
70007
23384
12837
826491
20230
318462
80054
84490
455494
200746
42257
13703
161313
11179
19001
813753
243316
13703
299171
232913
37242
452505
143554
17355
18484
284454
15383
10804
11864
12918
19323
10808
1117501
93831
229871
9800
488691
13251
566120
226713
212036
146748
28897
14371
332364
430801
31357
91648
115140
13187
585656
11762
23197
294336
231271
13552
257460
21322
13246
665558
14249
381946
60492
13728
20229
12530
531436
30115
445977
151742
16019
19143
620945
14108
281458
551430
77350
86102
14206
10305
860541
83489
109002
18313
299199
13001
557917
12902
91540
14315
14585
1079145
182187
214800
39146
42065
135285
22670
453601
304185
16976
13835
11975
612639
17343
16696
12357
14413
15075
18878
19518
1051227
68208
24373
14833
380679
21230
16276
15139
820530
160604
13046
350918
21228
453361
36964
13331
92486
584849
12414
196092
19235
52794
721104
17523
15091
14986
19324
11640
12358
1209037
489152
13589
13595
519865
15224
12698
11888
19117
2645294
134645
14518
19128
461879
134199
18630
39835
14397
12139
803062
288058
170775
16545
702092
198938
25227
114027
774962
14688
16643
1078844
107902
181504
43549
15790
19527
229495
144480
16345
21687
492223
13212
356667
21373
532905
107175
50235
131029
13265
14943
13435
1029014
374619
144444
13654
540595
13771
460981
14841
18614
1044284
13588
17567
18304
773913
234313
493876
18813
570187
621842
66612
18718
506441
20150
32734
162937
202422
15018
13039
16460
759259
13729
298491
13823
18198
12642
1669422
691757
41994
50571
414237
62184
69132
639683
99472
16501
16867
222758
12597
202313
28004
17245
14971
19628
15728
25324
13610
1543628
447375
13573
183799
11295
13612
559583
32722
206206
22741
35382
12299
10940
12731
436403
17828
17928
17093
714482
13901
18764
15557
13754
1634046
399907
14626
12582
17898
368026
21731
623606
15191
18364
196749
14679
13205
539429
15187
19883
1215091
13219
17720
20655
483536
18444
840979
12824
18383
418263
15983
17166
16929
15315
930760
302929
172534
13203
12085
15467
12143
490925
14977
67599
152415
13182
11585
354072
341840
20165
29535
12794
873226
33707
12890
150639
17116
591978
122063
11599
200026
114930
19505
13613
396392
109220
16799
82129
14157
904149
223376
75415
10631
620605
13179
293247
13060
20260
18169
17018
1653686
177029
13796
15961
285047
16432
24191
29135
387390
16707
14872
12967
941193
836456
14981
25738
10493
20953
11847
13153
3374901
95754
504252
203476
435834
12975
28247
15133
2141751
44109
17660
448090
14782
632310
20250
38396
14021
133793
14534
403251
16645
16347
1224272
16670
13896
605271
21718
252839
19436
82333
59886
81856
15179
16761
534100
185803
12517
20870
485081
16425
15309
19604
19534
840546
17856
958949
13342
14476
1307867
319659
289234
13911
27911
564529
884471
20309
30734
13109
13482
946061
12607
15333
12739
14610
556093
15230
15650
680821
15172
241130
13455
12701
14164
14207
21972
668779
12498
11188
277820
17203
16321
25615
15894
15024
15141
1468056
14808
13174
1534846
21010
16414
502622
510040
407450
111048
104018
14658
18249
13895
633791
16784
249625
15400
459533
558342
21407
1043823
83843
139078
17594
21937
629902
234889
149291
256568
422531
13006
22690
11968
20858
37288
14719
604250
14864
20047
734739
16877
761274
161123
12589
212184
19086
1303816
20107
26304
13887
884867
80591
315017
15817
21533
15605
911684
24740
244128
87550
262696
57718
13831
14650
16797
12770
796025
360419
19393
16346
1120615
83002
241172
13188
331932
17045
13326
14680
27046
415904
136661
18261
12147
14210
14176
12489
16881
14810
2022705
82420
422067
15520
377287
15157
863428
83167
19028
953668
14939
179156
12897
1222085
15592
18383
12639
18250
651517
17013
336942
333531
88840
14526
337614
129484
460056
14521
335234
44385
166412
248471
15592
491264
21072
83999
31017
73553
23279
15980
332804
12580
17584
443046
139646
110787
17086
184271
841582
356457
14403
289143
72072
144808
20306
673526
222717
703466
15326
16597
514238
37558
742180
188820
28568
16139
14668
1169055
15678
17645
16224
499056
14605
12106
703200
13784
243285
90052
358414
103095
12351
512215
26295
352149
411194
48300
119638
12969
159220
282349
201675
297600
278556
282598
196856
243557
14242
604406
15733
961963
434664
26004
14273
12523
25253
20159
379623
14566
280557
651459
180415
118431
443753
17260
16325
707537
135794
15873
801471
15746
268019
12289
243322
296352
14392
531873
13422
15857
1798256
148240
152196
29922
18429
14894
920319
18563
12335
13094
691297
309079
74344
13014
369576
341180
13205
16058
575817
15707
111558
191121
14744
14409
16760
571591
34512
11921
687847
11661
15769
969081
15870
389312
17568
149575
519512
35627
13130
19042
15816
23398
741953
14198
308403
14789
12982
14059
457822
13127
17935
432738
280092
307552
15150
416437
70153
12966
15084
298900
11833
878836
106025
81556
89149
17662
12863
615730
12750
10367
10031
13532
474030
209630
196557
275963
33029
14406
15449
15747
21147
807050
290885
17572
408247
12892
14265
15796
520819
12817
253076
13839
12459
13384
16612
1203417
17484
14647
14476
11867
15128
15854
665871
15247
663034
173278
331962
142787
46169
15878
192475
14404
11237
901409
11443
16811
180399
286028
14365
16467
73027
19978
237225
12120
366298
13867
16659
162419
13667
25187
14465
1007519
35605
59946
204893
92111
23236
106910
133159
16774
14787
13654
1148542
16307
17420
15159
12865
15996
1333370
13442
295948
47032
17228
12025
15915
17563
31383
1265385
543826
14668
16266
376148
12648
12681
807618
18152
11153
15620
1752136
854115
268718
19745
13578
21501
767754
16446
614567
12481
632931
26065
209242
35943
17339
871111
39668
119089
14177
594358
1157508
13311
302502
435705
200600
13927
565409
141094
14570
425045
16344
16567
102741
13585
232516
102614
14804
744692
74622
26385
17078
437781
90255
146167
23687
646184
23782
756529
183750
15487
17742
14668
15081
14999
16676
12925
1183925
14011
565688
12360
23142
1583073
167778
15901
335952
14618
927199
18007
15257
721176
173057
12825
32981
14480
14771
14031
16176
2181671
18862
186058
162965
238889
19202
16925
14304
847313
23163
427659
47803
14730
130431
39203
14351
19871
26341
811061
219553
15658
18370
33216
980177
38306
413392
163836
369279
14644
135274
38835
192836
30627
73106
378194
17940
15664
2370224
206999
122403
16187
1445785
158520
20230
193614
54843
519808
19239
20062
570520
292693
131520
19830
131330
15377
18811
24835
800913
20670
14648
13234
441135
14013
14419
21150
17978
1536673
14138
15436
319929
16666
18414
646506
46053
13920
703101
11961
309872
290174
15767
13726
13562
11936
781953
14282
15054
24563
508674
14619
69482
13557
556727
13240
350968
21319
11892
12255
333095
344543
15874
666046
80521
14051
15498
212177
14968
150645
561753
307787
191128
213190
315447
31804
12850
16036
12275
220216
15113
14137
1245782
207038
14723
448028
22443
425347
19695
222378
28555
12978
16760
509230
15234
369476
11978
472678
16674
16448
427442
56258
22346
139896
13773
14606
477314
145555
19548
230020
347888
12799
16846
15805
14378
22738
17645
17905
11483
2327059
75041
61442
318737
72059
13146
13626
19126
16618
12251
1932274
16900
652749
376063
61230
24695
13984
982922
13267
13516
572775
102256
17484
454966
170865
15487
256083
296855
15604
104450
14256
151092
15606
576758
408660
150897
15170
