76562
87752
38097
48012
35248
32701
27830
53002
69618
31154
48539
28428
26375
48359
27475
28488
25828
27081
25314
9885
22965
29261
30223
35580
28214
29693
40832
28296
30144
30075
25504
27247
43714
59938
46211
31566
26316
14006
29492
25443
26625
44625
28004
28850
33533
49740
44901
54008
25769
46372
49377
23799
13153
26048
28329
28604
32159
29702
28288
23196
31065
25714
24392
25621
25399
26800
26285
28649
12957
25694
28378
47666
30530
28677
27666
27563
24953
25866
25677
36453
29284
6924
30767
26804
30163
44829
45509
27537
10217
28826
24960
29556
26997
31882
35981
34807
59196
58288
26413
31087
28520
24617
28869
24941
31206
34818
30458
44061
27402
26564
28075
29323
28044
28935
29814
31199
30115
24279
22646
34359
24867
24769
25400
31594
22611
23199
22472
10092
33368
28699
24365
48793
24104
27657
46955
66131
53459
24586
40835
54050
62017
29280
28694
23503
27998
26764
24203
30704
19628
26965
32983
26206
16541
27382
24401
27122
27023
5228
27928
29573
26763
4636
22953
24568
22189
28019
24259
25315
27772
53725
23589
24061
14546
24375
28247
21513
22098
28481
21213
37154
41053
32198
22877
21812
24334
23421
17081
23741
27699
10473
19048
24207
22245
20065
17464
25225
23024
24230
22053
28677
31572
23775
27095
33060
25021
51078
51621
91158
29911
31862
24621
21395
23034
31026
27258
25690
41322
22719
27960
24686
25186
29225
25049
19382
32480
27548
28062
5503
30498
30121
23975
26453
29717
24634
28310
30941
25584
24740
31740
21091
25452
24268
33715
32219
28328
33111
44815
18892
23355
41671
30812
41178
6825
23256
26883
20012
26592
14999
15359
24146
35671
41711
39733
42308
28820
23806
31181
25819
32851
36881
40029
35557
17238
39571
26251
28437
27593
43185
25667
38059
64501
21225
26227
30751
21340
16997
30398
31610
30251
47356
24378
38529
22463
24554
24550
24378
25990
25023
35248
24600
16271
25920
4896
26025
27861
40866
26947
28489
33054
45976
49514
26653
27490
7999
29196
32144
29878
49457
33009
20911
38004
27312
25973
25361
26990
28817
24456
17811
27572
24561
25010
26281
28487
33017
33494
21225
25305
31213
23696
24899
33417
25733
22580
33806
19935
22081
31443
27191
12766
25248
28379
24725
30916
38780
54789
24932
32937
42660
23834
14315
16807
17096
31960
27781
27271
25669
26572
26564
11580
25164
15388
24005
21656
20812
3907
23445
25223
22625
6592
26178
27289
27494
26935
24393
31930
50521
29722
26915
29041
35750
12084
29515
27512
26350
27895
26796
31063
25493
27769
25277
11765
28053
26574
17918
26897
44948
57328
25400
24980
24893
19558
32754
25510
30277
21756
32469
29391
29792
22123
5622
29235
24581
34349
26415
30108
11170
19931
24551
30100
23422
37251
19871
27854
14796
25186
25823
31607
23536
22171
22676
27301
34549
23798
24500
23496
42279
21514
22962
21579
43791
17139
21543
32195
19081
24057
25259
30755
7371
25245
23612
4353
20075
23661
24932
42117
25976
24637
25012
23819
27723
28306
30296
29780
24942
29460
17922
24790
33396
27740
4764
31651
46130
24376
21192
29535
27502
12671
29985
29464
25512
21675
22340
25097
22219
24992
25495
26300
23811
17626
20752
27467
49614
20768
19296
24127
24633
27588
31292
20006
27910
30387
23853
28647
28202
15744
42529
59677
25604
18914
29082
14071
13328
26645
27425
26926
18213
36659
22914
24963
42691
3720
24566
38780
50100
33224
31679
31216
20548
25597
26509
23085
26019
18326
27935
43181
24130
23406
27294
42444
24652
25996
35785
29912
24525
29201
25079
36378
26516
20357
23799
38160
27631
34146
27093
5669
26254
24713
26967
26438
27288
27190
23838
11818
26980
27084
25771
24526
27899
15495
29401
22280
22610
33210
22356
24162
25899
15679
10148
26771
16941
30517
23349
26559
26221
22568
21232
24220
24274
22534
23570
29626
27884
23120
22771
19692
17585
29401
27827
19662
24698
15010
24035
45107
34755
21719
14076
21650
23248
25778
25767
26671
17318
18007
24012
22827
34987
22258
27856
23636
27611
29958
23079
9020
22552
17639
25784
23236
25148
21346
24374
26124
26910
14674
4722
24195
29065
13965
24600
40189
23144
27745
4638
10691
19135
20949
20378
24807
20209
18859
21513
21715
24625
21833
25213
30621
23800
21783
41440
22489
23755
6456
27723
23036
25516
25933
26572
23690
29353
33944
26350
6479
25618
44913
22036
12195
16463
24394
22359
22746
24567
23194
26216
28653
23677
14938
22378
22495
23994
20279
26252
19062
21765
28755
26811
26046
15054
24985
10912
28267
27031
13393
25590
25287
44132
54102
20054
18941
24492
25184
28252
37350
21590
12732
22800
25490
12785
21730
24375
22368
25287
20993
23335
33593
27034
49170
34440
27515
28601
29582
24025
22754
22609
4153
5290
26387
34161
26470
29287
36525
22927
24143
20495
25446
24698
22524
26948
25341
25385
15186
25084
32953
58368
20598
28343
18126
28047
22286
15706
29129
26585
26441
15737
26395
35123
27371
26540
25753
15216
29060
30679
25609
36381
32076
12293
26132
34446
25357
19342
30008
26009
22698
25386
29573
11535
26264
32919
21610
19190
5210
25051
19247
22780
29061
24334
27722
46925
27038
22732
23820
29864
48772
31734
46135
33783
51462
23207
24295
13030
35484
46615
31132
61760
37708
40077
18162
21597
29312
26344
22675
29801
40362
35714
25350
25615
23905
20640
27393
42920
32802
20154
30176
30243
24583
16962
6012
26311
26925
25870
38632
26721
16165
27223
23021
19122
27666
27293
28901
42603
28898
47382
25969
68770
80086
21980
26673
26527
28942
27395
25374
20571
34745
38636
56292
61921
25232
25518
247021
228787
252278
247380
215917
24643
15040
25866
28715
39557
29717
26820
25788
15993
22018
13179
22549
31999
25771
33566
25115
17101
20010
30279
24895
22168
23721
21896
28318
22219
29642
21392
30416
25040
23844
26959
27912
26823
27272
25439
28162
16454
26480
19729
25813
28238
24247
19694
27101
47990
31528
70649
47554
27863
21529
26192
33623
48605
26589
26799
31339
27773
26364
27949
56255
29339
20435
27249
17434
12399
20635
26168
20052
27851
26531
48186
24295
4824
31260
25242
22985
28176
26522
17653
28090
30978
4778
27355
26228
29373
50995
26907
19446
30600
33895
5118
31216
23388
22693
27570
22691
44352
19077
40440
15674
45712
19708
21905
39223
19682
5897
32979
11821
29764
31344
43956
32721
20631
27815
26658
25767
46229
26385
18080
27360
25844
27543
29010
24114
20888
23090
27898
23582
27809
24870
23923
17208
36124
32890
22681
11588
13712
21582
24023
23448
27835
35177
29810
40347
5263
30721
25730
25145
23029
26824
25151
17520
18894
26370
23267
8427
24126
28929
47812
57748
22352
26796
18928
21312
24917
29720
25460
26874
21651
26061
27507
30077
23933
33351
17508
16602
4609
21105
24496
25592
23350
21483
24082
22824
28422
17635
20379
25623
25007
27280
227807
24681
22879
30281
25550
28874
47063
23300
23327
19977
23715
46046
4376
24928
41268
61373
24631
21855
20229
18603
35947
39656
21864
18261
21533
25702
18985
24738
25833
22851
20683
26633
26974
13706
41582
28345
23154
27155
27414
30039
18425
25177
26405
26025
25504
232807
24278
215611
228204
247620
215185
66444
75556
17822
22014
27934
24867
23597
36352
11477
24583
24181
15821
18908
225520
176673
162512
121598
28414
20335
28222
22830
26476
25647
1027547
784325
727628
480433
463236
365902
28374
344107
283957
213447
197045
69718
77068
104726
22892
26397
27024
22296
24324
10310
12184
229160
29714
17147
27680
35825
32206
32561
29844
1019072
929851
692799
601719
588699
569852
482463
413898
172862
21759
40505
20084
26622
26387
26711
23713
24267
25373
25643
18129
34398
29782
15475
31673
26630
26237
20106
38617
24478
27735
23117
26668
24218
26417
28635
12454
20365
25512
26413
23303
25727
56565
8149
65053
73030
46116
26035
45504
30218
26667
28257
27102
20971
15449
22909
25935
29270
15420
24242
33718
29662
40433
41104
16993
22593
16049
9161
15710
27849
27404
7698
19187
20581
18477
26497
14290
23791
21508
11761
22960
21727
23918
20741
7747
19497
21022
25340
4375
18902
22611
11321
9948
22232
22740
38731
14547
21420
20864
24457
21454
19505
13755
23821
22107
25084
11873
30228
26424
25872
51764
23028
31221
26653
18491
10760
22559
25096
23135
41891
26514
36691
21170
29553
19863
26432
43273
45099
20966
11704
20681
14322
21291
8221
23409
23542
50486
13164
21954
26901
22547
14650
20160
25464
18910
33472
18827
22010
12250
21506
12186
27242
12240
22439
21388
37071
25707
26448
23589
14172
21410
18420
20920
19769
25833
9288
24274
19092
21143
25646
15293
27571
19931
20317
23161
28082
26422
4387
30511
36585
17074
21214
23884
14229
29629
13720
5188
24340
20436
28980
12260
20392
20874
21965
23698
16822
19120
22275
20782
23610
22100
21816
22221
23410
32598
23371
11535
28872
35207
20273
25724
47910
23428
27134
25520
22363
24552
43804
22725
29872
17443
20618
30607
32348
43437
19688
23409
17798
19271
23023
16925
24387
26321
16761
22699
13337
20329
5223
29128
24373
25276
28581
41611
11899
32167
26093
22066
46229
21079
23767
23530
22007
27094
27862
28799
20163
17164
27672
43142
27873
25316
27773
15895
25499
24268
16408
13147
25198
21153
24834
27231
24171
26545
15575
234069
262009
286113
275701
139273
119328
92767
64395
12647
25826
22023
17033
25348
21915
14174
20700
23882
5183
11239
26923
18973
6081
13790
19925
23246
14246
23269
46595
8071
16746
25208
21676
20473
44117
21077
30249
23278
33455
17254
26220
32520
26399
22127
27382
27672
17129
24012
20000
28066
4396
18605
4832
26697
11803
26009
24956
23218
6981
22179
22152
27253
21680
23215
16382
22810
21340
39346
22914
16943
24365
28905
16471
14834
33694
22261
55413
12335
11698
37026
27325
23903
26462
22977
20057
23958
38213
29575
29986
17850
30645
27232
25077
41992
26983
30147
13142
39341
21145
14271
16284
17235
12162
37016
27197
42433
43738
20094
27723
21576
10840
25154
27042
15444
20961
26935
14623
10113
19992
33590
51294
71294
53894
24606
23994
28874
27062
21081
26560
24199
5676
24240
36600
28544
23706
22846
15975
16609
22517
18960
5220
21423
18195
14715
38792
21901
21471
26681
13029
13307
18381
26273
23910
57427
14475
16219
23737
41680
23760
41402
1263434
1050558
806371
704092
25718
398437
217246
54867
24163
46758
15699
58993
21779
20379
27087
27119
33847
25871
34527
41448
24857
14411
18029
20442
29272
55277
4452
17087
19242
28249
29091
4014
4446
25455
17665
23294
23231
21358
13972
28158
18579
24672
29124
17537
20920
10506
16077
19283
32035
12686
18948
23767
5514
19486
20615
4352
18535
17640
20200
5808
29265
13223
8064
27120
22571
38060
25481
26059
24648
26105
17689
23446
24068
30042
60020
77000
26225
22280
20979
25767
25875
32848
23762
30729
24700
30303
17615
21580
22474
16944
24886
29159
30236
23310
20334
27023
246129
118674
136973
146989
24379
34290
19838
21088
26736
28193
12960
23909
26829
3666
17027
17850
22632
24164
18031
13685
24409
24725
29297
20157
25754
20073
28052
12952
14284
19237
22144
23416
29829
18206
26042
26246
24866
21742
34144
18532
19415
31634
23914
6168
41604
34068
18803
20623
24722
4578
17673
23723
17056
25777
25823
22696
23361
6343
27176
20638
13621
20361
13412
25246
19333
28412
22815
10497
34579
45090
24611
28730
25221
17580
13755
30690
15313
12457
36720
47049
29592
49259
22302
30705
17103
41772
25692
23767
23428
17445
15996
24814
25155
21697
20369
18950
12266
29142
27791
22634
12026
20575
19778
18125
23835
18217
35257
22004
17185
20409
19016
25333
27291
25134
5474
29016
20553
17145
15848
10122
31821
17687
5506
14685
26764
26731
49476
47787
28378
35172
16040
23190
46366
18922
21704
25351
15996
9240
21789
24756
16613
18023
28185
24025
5619
5840
16439
21708
20324
4671
20751
30979
5863
33645
22470
13046
35127
25241
31962
19905
23351
15811
22800
23353
23217
26502
35770
31482
15678
17587
27894
15260
18782
22080
26637
35088
24668
26937
40821
26396
28044
5757
22462
26194
24840
16661
22216
21686
11466
10773
13723
15783
27241
18800
26595
19786
23121
18401
20873
25373
24593
28524
28499
25150
18850
17827
20541
23034
20928
4429
17747
26585
31410
21562
27087
16519
24200
4247
23824
20327
23144
21310
23687
17854
17174
27457
29788
18647
9571
17149
16249
10833
26475
28812
14156
5997
30262
22551
23932
17783
12594
19187
21585
16272
28278
32869
23473
25746
26108
30728
45794
74268
26756
22366
28117
21082
14362
24062
21664
27505
25224
21634
11971
13562
18163
31640
23743
18856
12352
39404
29900
27938
28987
27757
21492
15314
14066
18697
17801
24093
29108
16933
24635
20192
28193
36176
24652
24474
19324
32027
25394
4182
20207
22115
35185
20278
31845
17367
22865
27909
40418
15162
16213
23808
25559
22857
23337
28343
40140
26986
30059
25267
20343
27931
22878
25529
26365
28149
15351
26134
24545
17068
25206
24060
20389
22943
31826
15988
26785
17541
18077
22865
33416
21801
25195
18488
11841
13696
30514
26515
5924
27376
26234
31840
16809
20349
28886
20286
24516
21122
4644
7257
28143
19501
24526
16469
34327
30137
12861
45775
16731
32673
17706
25557
16852
26670
13813
32767
27294
14098
23430
33523
23897
39910
22214
25797
9086
20241
18075
19257
24245
26717
43265
22490
26388
15252
26477
19153
22645
38815
51570
16844
18677
36506
26741
29864
20166
28434
17007
28642
27389
22217
12192
29135
29615
20330
21594
28636
18476
31836
28129
33632
37242
46515
20742
19019
19178
14876
24568
12464
11748
17305
26811
16333
36070
24841
22006
22854
11146
28106
12086
12771
23443
25956
13246
10155
30381
19369
43662
23912
13922
24413
21510
21625
30253
23019
22255
15889
22061
24016
23690
27987
16187
26532
15114
26820
22432
27096
18876
30832
13486
25294
5301
19637
24991
13360
27298
26730
33800
23761
20411
15855
28020
21489
23556
27958
14601
22292
29681
27570
27164
44333
21598
20781
24263
34977
58906
33370
14189
16956
14492
19801
24600
26225
25394
16555
22807
27573
23035
15862
24650
43394
36425
34742
25991
27373
12996
19374
26651
24604
22222
25004
16998
25175
43469
37052
29674
30135
20155
22813
21716
16135
23680
14751
4870
15878
32494
25733
25235
26638
28098
27397
38804
17623
22979
13123
35179
25866
26758
22023
20251
13606
22846
35525
27474
25670
22626
26953
23098
14948
16318
22415
24867
10793
20903
4737
31237
27370
25142
32536
14301
13027
19211
26689
23153
29554
29979
20341
22179
5707
26760
27804
25229
35331
28170
23419
16840
19604
26722
13674
25400
24932
26806
28117
55159
16649
14512
14187
20971
45772
16042
30942
39431
39256
25597
21688
25385
29187
14579
9307
21304
19562
29488
16951
21839
17133
17128
30572
15137
25397
13957
19838
17549
30678
13131
23812
20155
26590
27347
22087
27808
21017
28360
14284
7055
10258
29226
25704
17496
20877
17005
30657
27126
33968
32711
31456
16543
21113
24713
36482
16125
15241
26447
20566
25609
26321
37542
28309
27583
26210
21173
14617
11669
22386
24892
11284
22841
16079
23510
17967
22777
20927
28220
17469
20452
16590
24970
15075
25039
18000
23164
40432
32901
14326
29663
32120
19697
24595
11837
20772
26356
26069
25344
31966
26090
17487
19070
16210
24197
26470
26686
35827
22683
17940
46104
12520
13384
23748
25392
14878
23258
20777
29257
20279
24555
26154
18061
20633
18809
29989
25032
24016
35684
21464
29339
23669
12221
17779
18512
16885
25381
16303
24180
22215
23830
20297
23640
17169
23076
24092
25022
27273
42050
27102
27294
25969
26610
20938
29489
24197
5926
23004
25507
22002
25882
20267
20440
5614
19784
12903
26278
48017
53643
28552
20421
16743
24113
24586
44946
14128
9029
15492
21960
17484
23764
24542
24738
22565
25487
21668
13171
14917
24489
43460
14535
25441
19988
12652
22661
24585
13927
18243
11373
22754
19140
31308
19804
21542
20281
31234
15866
17936
15929
18508
4397
27419
12003
16138
28347
20312
24718
27093
32466
20149
17508
14911
17847
19953
16185
25982
19897
27897
16231
31378
32603
22941
11968
15820
29409
21873
18989
23127
29227
20293
25378
19929
49610
26101
14209
27605
22964
36358
37428
26538
22965
12616
19662
29043
18142
15957
39308
5198
4258
20313
30654
26501
38655
28209
24479
18258
16675
23429
13805
21989
31414
19339
11098
24053
26552
9967
13681
16313
27649
15178
29935
4954
29530
24127
23265
4488
17722
20998
27641
29355
23495
19761
18712
24915
20605
18724
32688
20407
45647
63324
36047
44782
4868
18545
24025
10222
21562
22799
4081
26272
24863
26249
13403
30126
28088
10966
27501
24556
24366
27090
27162
32147
28795
12464
16164
17627
16693
21000
15661
41138
40307
5127
20947
15791
30971
29550
12990
11803
39385
22685
20052
35267
43705
61634
14702
5666
29054
26580
28179
12496
27793
17524
28142
26576
31509
14361
17246
13786
13139
24912
17120
22573
43749
20643
7848
24221
27013
18105
21592
19318
19821
21223
33877
22863
28394
20443
20624
24055
25621
28002
24742
28778
15816
20792
23750
21895
25452
17890
25690
23376
24165
25330
26262
20305
33201
25403
20433
16804
27571
15885
27902
17430
42826
32893
21840
24455
11656
23010
18753
41861
25901
25813
19070
35394
16062
17259
16856
25680
29282
21858
25654
26647
46131
28316
18406
22610
27683
24504
18508
15687
20705
11013
26771
27151
18289
28473
26110
19957
20536
26810
28465
23575
24359
26879
26205
18917
42634
21863
25939
39436
43787
28858
11860
19823
21104
16080
14525
18145
26694
26523
16490
24425
27710
27957
40854
61135
70655
29049
34222
30939
19102
29880
22557
26028
27508
13886
24498
44057
24837
23014
21855
9777
18745
17918
31036
18594
14557
15632
30080
14386
32120
5946
20424
20948
39425
29931
27205
29167
30356
59213
19039
27337
16532
5067
24184
27744
20489
17830
14017
24279
15214
25371
26292
14672
19507
19228
20946
24201
16429
22039
23734
28704
21639
22417
22639
17369
21017
23111
19751
12423
27180
4435
26453
26206
30332
5788
9827
16510
25685
22490
28585
11302
20204
28051
36081
56608
32837
13181
19160
25754
25989
15200
23847
20631
19305
20918
22515
12471
24681
21844
19322
4788
23599
47984
41369
25185
17343
24213
15407
27472
17514
21342
20306
24798
22972
39089
12621
18474
13728
5256
22016
23597
23965
26136
24195
34701
27287
22246
14826
17885
16614
14080
14719
22649
11671
14064
30859
42008
25397
23568
14229
13662
12539
28180
34205
20729
19102
23304
37070
22831
23801
15185
16564
22773
16983
25463
31151
12770
5726
23315
27913
31248
13163
27098
29290
18632
22208
11278
25689
22733
4639
25490
25893
27758
15753
17534
22677
16662
22554
9014
29610
28926
26768
15933
15443
20235
24615
25751
26882
18076
17303
24731
19002
25471
24446
27185
24400
14540
29875
18883
25842
13039
23896
24916
26182
25845
23074
26157
47686
56425
22364
17973
15520
12027
14381
20960
20606
10051
17810
30256
30805
38734
40832
19719
14063
14949
11911
25509
33407
23246
11066
19004
23966
25811
14272
17750
20342
23645
36241
16417
14522
17765
21105
27120
31519
13091
34998
14179
18388
21931
27962
16170
24721
30758
23465
17666
36573
13187
20701
5859
28631
22483
24791
20253
18613
28179
39004
25095
13995
21884
25873
17417
31179
35473
14942
14529
25719
26097
21329
17241
14255
21031
10637
23165
17021
21155
22672
13168
23926
29462
25352
22758
19630
21440
15561
23716
16753
13038
22835
19946
27652
15083
24599
24561
18732
22770
32249
29234
24220
12101
20082
27537
28129
39404
15666
4281
14187
16917
25792
23961
22964
19586
50837
60947
48895
81773
65319
72853
5121
24453
17182
15638
18909
42452
23543
25381
11225
29864
5704
28797
42964
19226
20123
22288
25778
29055
21828
16667
22249
36559
19735
29628
15722
18930
25625
35535
21223
6231
42103
12544
23411
24284
21776
43936
19553
19364
26499
20115
26430
26979
25853
36533
38018
27408
19728
20594
24905
19084
21569
27345
14935
13282
30051
24628
18437
26713
21319
24201
27497
25855
37307
26224
24909
29738
56258
29456
20995
19837
16649
12695
19211
14052
19796
14330
19742
22545
26580
6037
26296
14317
17178
21510
22232
12605
18969
21693
23146
37016
14562
20746
14485
16510
33347
15270
23526
19639
26489
25301
29151
46570
13674
20001
14582
17472
33731
19398
25610
19546
22737
25080
7284
24751
27942
13407
17451
24012
26401
16898
15369
19093
24026
28815
20194
21338
18821
15104
21956
25383
25750
24039
24906
20809
23454
20374
12284
18067
13512
18717
13854
16840
16179
16993
31009
22947
13779
12933
15090
21222
28164
20667
29510
17899
39676
16790
21177
22930
13547
20536
25435
5365
25127
12176
24254
23056
24945
24008
28299
17788
17506
18913
20675
21323
20190
24006
20486
27375
17632
21599
27004
22782
11954
21003
30393
44692
20755
14051
18674
18600
15697
21673
17749
11285
22977
24775
18499
20398
19205
19933
23703
25628
26285
13415
8803
17842
12425
20021
18637
12868
21683
19954
27672
18890
18610
25028
24106
18731
25054
24937
29343
22377
32481
22774
28467
13699
25097
11189
16401
21154
23383
26697
23408
9953
23686
23877
21771
21826
9153
12754
30311
29210
16006
21886
38357
22205
21529
18725
19345
16871
24045
22646
24938
13355
33540
20330
5807
16382
17073
29954
45165
62165
27434
14745
18980
26381
24874
32470
24681
28798
28742
12255
17369
26030
14842
21574
29391
11128
20501
26982
22369
16735
24166
22983
29976
34635
29144
16184
29821
29063
24181
22297
14650
35918
34335
26404
42457
13178
17080
17588
4942
27649
27340
18581
24861
25171
29661
13831
23175
36583
19584
26303
48447
44256
22418
13553
26253
31496
37032
33012
31905
35496
12613
16763
28608
5417
29520
22749
25118
25171
25079
26220
21939
14012
13906
24064
5434
26509
19917
26650
21839
4898
16645
18383
17725
10633
22729
42473
29777
27672
26576
19168
23642
28165
19735
21762
20985
21803
20207
24935
46256
31139
15260
21077
28230
25451
25458
18214
20545
26655
31168
14346
29934
25074
4258
40652
22484
23338
24914
25455
10534
28479
28977
22222
27143
32944
22661
20998
17697
32716
20998
28914
20194
32365
23657
30562
19196
19021
24427
12256
17254
11353
17323
22860
30985
23654
21158
36454
58212
26077
24998
22666
4966
26928
19319
23282
17562
23587
37722
56098
10411
16950
27870
14650
7871
14175
26992
25221
23853
22728
28814
24005
23497
23438
22401
13860
21261
33986
9731
24880
27809
15666
12383
22474
19432
53355
36784
18368
24686
40477
20532
35613
21474
15921
13913
23671
26439
26252
29704
12808
21750
7987
29557
30065
22145
45813
59694
24713
45703
24215
26555
31990
22683
20541
5505
27672
24160
22736
37583
47575
44260
22519
27647
19482
21662
21603
5534
21804
20987
46528
64081
22877
40537
24966
26778
25356
28961
23546
16928
24720
25260
25355
32661
33922
27324
16360
4888
17628
31873
22886
14601
11455
26513
22807
24441
18842
13791
22277
19749
24828
18938
22698
33061
25855
24699
18939
25834
22305
29849
20172
5477
27255
25760
25116
30441
33182
22841
24342
18300
24275
19563
25978
19008
27359
24705
19069
23764
26589
12762
26307
25171
24820
22785
26888
24045
20938
26168
45603
51081
39162
24282
27612
39854
25120
25228
26254
30864
12260
32803
14645
19731
19417
30748
26030
27303
19680
24497
27332
23066
23418
23855
18008
26328
17193
25384
22262
33046
21557
20871
29515
24957
41035
36393
19336
20376
17539
19565
25219
15023
25792
24980
27515
18844
24588
25525
24506
26276
23958
24158
48899
35389
23921
11535
26068
25738
26524
19579
38891
18264
16724
28573
49502
26884
4239
28996
5349
16108
27524
18471
15906
31607
41290
24512
28448
21770
12114
13359
18965
19908
17914
12277
13416
20122
25074
26346
29442
26544
30012
19877
25725
17362
15600
20858
22532
14857
19975
18735
14908
24784
30898
25813
17842
20702
27955
29843
22823
28682
34695
26743
30785
17028
23436
17763
17183
23733
32224
22690
17181
25243
5258
13344
23517
27138
27824
27079
25412
48442
48290
9058
20474
16028
13496
27511
31058
20266
17132
10590
31565
49451
60904
69424
67165
21452
26100
19765
33005
19683
25404
26020
20924
21428
21066
23347
11781
23483
24502
19630
10194
21237
19855
38534
20471
18784
18296
15437
26848
12878
19067
22922
28071
66853
21602
22377
29302
28622
23053
11775
16519
22584
17962
17959
20507
38893
22463
42505
22319
25890
17599
17408
19753
20856
27551
25603
26809
18357
5104
18366
20748
20060
24633
27963
34206
43765
16844
27078
20616
21119
27842
23383
30287
19506
18354
16849
11265
22043
17212
20130
21826
14254
11373
30828
25480
22221
26946
22252
22212
22649
24048
20181
22449
33294
21422
29673
17000
38267
25807
28782
25803
23048
18651
27612
24337
13524
9946
9914
29409
35452
17368
21297
21467
28207
21633
26452
23577
22838
37281
20958
27584
46706
16130
21475
18521
22947
38541
26236
28522
19918
25510
15421
22204
15334
18980
18309
25509
30223
20001
13506
37093
13063
15903
18472
26010
23501
23851
4445
26378
23748
29154
23988
25791
18842
10487
13003
24900
20059
22972
16922
33359
43469
44333
24341
20466
5031
18308
22628
23161
27036
30591
20743
24205
24702
22397
21902
25592
24524
26083
15749
12880
18076
31821
28765
14648
16007
12730
22058
16620
19710
23720
28507
25171
27818
19356
18837
24400
7206
23618
25443
24176
24699
11046
21827
16802
4953
19538
20008
14918
32323
23203
32588
14615
14954
20394
21126
27114
10854
23972
32353
24198
19359
24333
16160
18915
22850
10518
29212
19342
13990
24236
44092
24042
20771
26027
19092
19961
25145
20598
24452
4930
14363
30335
23994
18224
23715
15776
5282
25342
49473
23600
24098
33209
25603
23740
21889
23137
39802
21291
18886
22056
4962
30377
26172
22154
13683
22954
25128
26710
19830
28870
16620
48599
23298
23789
27014
18722
30973
26712
31507
29434
22039
6141
21121
23720
20338
18685
4885
21161
22449
36570
22130
44673
13755
29276
13430
6876
11021
25364
4637
19435
30490
23287
24681
28928
13632
31590
32431
5088
20101
21474
23158
17760
23322
16888
28646
29149
19829
43001
26186
16985
25795
25715
22227
16396
25373
36329
24064
39813
20958
22360
25688
7636
17483
30174
25262
19700
29633
16142
17216
18175
27759
41874
32788
26213
23765
17416
21276
9950
15420
24316
27071
11875
18301
11677
10796
21490
23560
24463
27054
12613
27612
27782
26774
25310
24316
22188
18403
22758
19244
28492
18753
15993
20793
27290
36820
11296
18075
20001
25535
21865
5010
22209
11466
23048
17653
11549
25011
22563
29353
23826
21191
22039
21921
28122
46517
29376
39818
4469
19804
23470
17380
24471
25115
25398
26767
26922
25935
16030
26925
28864
15735
12201
14839
30580
24921
31329
24513
15053
22623
31397
19527
15909
26289
22161
22865
26622
32622
21888
32727
25793
27508
26138
28300
24007
28094
42786
16283
53168
25108
28935
24324
23308
21406
22949
26517
22944
23096
20762
19309
23807
19384
24345
23790
21895
22777
20239
26184
23755
27907
33421
19270
25110
20455
27233
25228
26647
25583
21378
29955
19419
20977
19973
25527
25480
34295
19784
21922
23545
27502
22160
14595
25743
25055
14835
24986
24788
21460
28409
35117
29842
25765
19666
38413
23020
21514
19404
20230
21406
21557
25800
16717
41224
18178
25110
18238
10012
23302
11124
38263
25570
30740
30729
34272
51536
36871
29397
18270
16291
12025
25085
15288
16009
20537
23649
28004
21545
24683
18079
13211
18944
17302
10718
17730
28242
13674
16677
24539
12091
24424
44762
18552
22451
28680
24391
27181
19150
30603
25017
28355
43680
26157
39021
25638
40516
58386
39930
25923
26950
24165
20073
27915
18384
23667
14354
27914
20417
22397
21278
24960
23925
4332
10878
31495
23168
25622
14775
29136
35856
47357
25037
13475
27802
28290
17877
25417
34035
16276
26811
23482
26103
40459
18416
24658
23889
22220
16466
18587
26103
26966
25085
20745
19858
24512
27584
16749
14884
22844
24615
21000
21088
27150
28017
27496
5941
30651
17353
29824
18684
25118
22767
29557
21143
42945
19779
26354
21543
5089
21146
12911
30221
32046
25862
27681
27362
28813
45384
15953
26310
33779
41838
22593
25403
24286
41295
40335
26615
45799
22231
18583
21487
27504
18718
35088
14038
23049
12067
25540
26442
32163
25597
19060
13262
23271
28464
30236
19099
13340
30101
20830
23563
21740
24715
44812
20537
26082
21540
16465
29675
20979
13164
12907
20210
19064
25818
22215
15470
25241
31602
19435
12746
17877
28604
20625
5067
27007
17352
20147
18165
19093
23244
20924
36302
17737
38176
17197
12370
14482
40156
27838
41063
17318
21931
39930
27406
26373
29352
40117
22767
25186
39075
22039
14375
18189
23458
21845
10675
18996
22354
23275
35547
19814
24434
26179
24298
22408
30340
28782
30047
23186
18461
22975
19480
20079
23667
22907
16018
25497
23374
39019
31187
27874
53742
27528
23402
41754
22357
26976
41190
47892
44448
21079
5874
24906
14425
23488
28159
15265
17590
21195
29175
23881
24747
14087
26242
18382
19043
18132
24430
30010
22911
25976
25174
35717
15404
37586
36497
39198
16695
20478
29604
39009
23667
29396
18685
12873
25201
26470
49854
18697
17260
16462
20563
18020
33219
43286
33165
30092
18396
19689
5978
19460
17482
21083
29498
29315
29985
24144
49979
55015
23317
21311
17930
19920
21517
20281
24803
34821
26448
27913
29629
27206
26950
22146
23419
28710
25808
26680
11483
25442
18968
26619
14603
25046
19335
26341
24053
23261
20150
34327
28655
26601
24145
19506
32799
24335
38595
26167
42757
24398
12158
15047
22923
15438
18926
25914
24268
21870
22988
15678
13191
31690
22375
21497
75798
35548
20690
22129
25749
35482
19229
31577
32333
30973
26646
8862
20529
25709
20240
15872
26462
23305
16481
15929
22959
21737
24141
22699
18348
15284
23287
18097
18176
23802
27043
24430
26580
32105
18244
28211
29239
22526
23283
5790
23093
14150
18927
28303
21807
28759
17211
26802
48982
23982
19747
21814
28415
29609
26021
26522
27488
28898
32852
17169
29651
12054
15962
25523
32793
25779
53371
58877
24799
12915
13928
28699
19727
12372
22929
21487
25781
25093
19616
23787
19843
26656
26861
40938
19224
29781
28367
29508
24488
30909
15884
13401
20356
12048
22601
19938
27811
20355
20569
24109
20873
25073
22191
17455
30874
26778
17285
35332
36105
22092
25018
43202
14852
25849
38917
23968
12315
16602
39677
27612
34437
54125
11326
16982
10820
25743
18529
20550
33367
18617
43088
23546
22572
14888
28067
25011
24146
25071
21676
13258
14579
27216
10710
14049
3850
22736
17080
19959
33466
36386
11279
28342
15551
23522
27743
28882
5439
16425
28741
24760
17155
23470
12637
16777
17441
36926
14444
25958
24971
30296
17414
27473
24883
32777
15405
32867
41824
14042
17151
13086
17396
17409
22192
19300
29627
19720
20662
14564
19660
23145
21522
23124
17063
26377
22548
20701
27553
20297
23905
3798
23248
24595
24246
12692
4510
12870
23556
18784
17887
24353
25572
22520
23712
18763
26364
35336
19728
20917
33877
41208
22947
4681
25150
16692
10154
24866
26278
17070
25483
25709
27627
20279
17145
26069
21863
24624
25931
13243
26692
16501
25686
25227
34551
22084
18456
32687
25059
5173
17232
28299
22988
32830
16062
24928
23411
20719
41881
24753
29753
11108
19979
20751
17644
25941
24863
5045
31009
24124
20981
30071
22248
5902
31385
23301
19485
21699
22978
18950
19174
4734
26216
40362
17073
44445
17157
23249
17949
10044
21885
19780
22201
20232
15174
36082
13404
24990
17539
36607
32451
23801
12526
15041
14925
30509
30903
14796
24312
38164
34693
16560
15588
15111
18440
20647
20970
19310
30614
17496
14250
27596
24721
18249
21759
19546
21315
28055
19803
31153
18191
24051
40455
18890
23113
27767
20389
25279
12515
18561
14658
24040
29765
24809
28950
19941
17662
13835
19589
13239
29723
29548
17906
12478
25392
13199
29223
23887
32505
12897
24281
24788
19500
15445
24315
29335
58578
20023
35246
29732
26454
36537
20537
27886
30076
26103
22807
30367
24294
20732
40587
36486
46805
54271
17863
24533
21470
38288
33289
20689
29563
22956
18026
16597
19864
21877
5111
5278
21143
19154
20098
16941
27535
24975
20309
38367
20680
19315
22156
31101
18146
30208
12447
22368
25876
21462
34349
27703
21616
19039
16864
23153
30940
21934
25593
18068
17866
33000
21423
29723
24549
14983
24835
10155
15158
19236
19494
21896
14197
14492
18262
11794
20084
22760
33910
24560
27297
25117
28175
20333
14149
12842
25365
18167
24499
11210
16417
14432
19502
27581
22248
11529
21822
23598
38563
17593
15956
18911
20127
25507
18315
14390
21267
17008
8459
18380
16561
20935
45471
25769
21864
36656
28400
14493
21957
24806
22510
21218
22981
25942
17492
30434
35930
19686
26464
36643
14094
23766
27621
19028
14614
11753
15714
17614
25687
26287
19724
24169
13693
21732
20941
29279
33944
43057
26446
27915
14222
18823
24355
15806
17292
24968
24012
30392
39069
15957
29659
18629
13429
14096
14687
19136
23757
25994
28256
22523
22782
26517
35077
21127
41048
16740
21711
20063
36485
16619
43710
43007
15924
22389
24972
8807
22431
26405
25123
18247
5487
21767
15767
27782
17944
31746
45759
45662
45303
46871
19668
21222
22088
21047
20455
26164
27094
5710
22307
29226
40293
51653
25317
20558
21769
21545
17070
40110
34691
32339
14650
22996
17967
42834
14165
22142
13298
18670
28769
12999
19718
18147
23885
27542
26221
12768
19711
33078
20595
19194
36544
25216
31494
12066
19413
28525
26054
20551
13748
7086
26667
27355
24304
17493
18763
10273
22633
26860
20234
21987
19960
26009
40531
21629
22705
26951
17235
24315
16597
10754
33101
20809
8572
16101
20880
22688
23342
41439
23148
26718
22582
22041
35431
15653
22559
25930
30168
45210
35889
45741
18886
9282
17890
28608
19306
31653
17584
22962
20478
23319
18665
28706
25104
21213
22780
38953
45033
56674
12329
25436
23951
25759
20044
26589
12462
28006
29421
29605
24031
23581
16912
17829
32142
20142
29116
17727
10016
31891
24566
16394
16729
21341
21832
25837
39168
21368
33449
15805
22030
16486
18988
30751
23287
10316
27535
23900
29809
21688
22876
25285
15127
22468
15646
22902
22317
24150
26428
24966
18827
20687
20240
23183
20971
39798
22745
23689
20370
24379
13200
30033
21687
30801
16857
15151
45917
24238
27723
16657
23603
16579
17784
21598
32394
42709
24334
21508
40193
27814
28583
11751
25511
24671
36883
29391
39039
21264
21282
29948
34135
19834
31747
23260
19341
31240
25510
52079
70668
20076
22769
19931
22482
11910
19415
15693
31343
45978
15178
24453
21826
22930
21986
33920
41583
26199
13753
28607
14580
22564
17678
26761
19436
26424
25089
12602
20920
23379
26465
20498
20848
31191
46764
26067
23112
5348
20624
25443
26377
38890
27937
24346
5532
18903
14723
26764
24293
13815
22878
45053
24473
20729
36076
30380
26426
40195
24554
18019
19967
15401
22010
34252
24212
15289
23790
23759
19645
26543
20776
24057
17649
14237
16472
34400
30072
22235
14518
42798
26914
22046
30011
25058
22560
25637
43882
13178
17496
23884
20067
25730
16418
25680
31703
14398
21514
27368
26784
24713
22258
29205
23193
28595
12556
26508
16358
27679
16541
22370
16932
30302
29528
14525
21524
23209
20348
28389
18160
5122
21635
33709
22609
17861
14207
22451
26210
25079
25459
26346
26712
22026
28085
19566
13137
25224
28363
17426
19397
23663
34380
19837
25697
4975
11305
9060
43621
16659
24327
40051
12098
16221
19345
18150
4692
15236
19039
17908
11614
16798
23110
23553
21873
18502
4921
33581
26087
24302
23417
25251
34804
21433
14014
20507
20528
8815
18850
25023
19998
34356
16873
19972
25234
9615
23546
24879
18728
15247
23706
18103
23414
18254
22374
23316
21774
22502
19075
17935
12951
18933
4113
17335
18250
22934
14093
25408
19842
24035
29146
26258
10141
14290
30497
15210
27702
19623
21157
22635
24811
20540
36178
36204
3892
13081
17592
14237
17214
11879
4605
25465
24680
18455
10037
19833
26061
12091
8117
20241
11468
33412
29122
14973
31766
14727
24700
22998
12381
25588
26093
26647
25947
12073
13771
16876
22329
21573
42931
27439
21459
20913
25283
12336
23563
20722
21627
24426
19148
25201
25733
16718
18190
17721
17643
25490
23534
24817
20551
12014
14347
28287
43716
26897
19592
11415
18609
17915
25461
39237
67119
76473
16090
20879
22423
20276
23305
13890
22716
20649
17538
16163
22710
41839
60252
70910
78685
9137
21591
23524
20943
22156
20973
21365
15644
24052
36009
4471
20061
18586
22924
36352
23043
22278
18186
23195
35206
234858
154973
22615
91166
78215
27012
25992
23686
32477
25099
28335
20790
15376
19424
25038
21086
10466
27527
35223
34281
24147
33798
13192
23709
29080
35481
21549
12524
27005
17437
30987
50281
15133
41788
16947
21607
18710
9810
19914
21801
21393
20707
29604
33454
6387
21460
19428
16581
5669
27556
18411
22283
24092
13784
13768
23772
21581
17249
18374
27086
17087
14098
18838
16593
22132
28153
17272
26358
21443
26234
23215
23931
14482
20818
18546
20750
25759
20645
35446
25758
19935
23249
16128
26106
25064
27641
22278
27511
16842
20389
30084
22401
26004
20681
15961
18359
18341
22501
35383
39438
34927
34770
23209
20557
21537
18994
25421
20221
17599
10796
23178
24988
17832
20487
24052
25960
22167
20359
5829
28071
25063
25342
21201
15806
31264
31106
30436
22478
27122
29461
15325
17348
44424
41933
17745
21156
34325
7650
25812
16684
23621
14647
25657
14481
26066
24385
13958
20411
8789
25895
25439
40401
16312
21962
37142
21816
25814
21623
16999
28781
15338
19368
18565
21216
26469
23834
20128
19251
14106
23920
24998
25531
24397
22442
23245
22692
20008
5123
26546
23990
23613
27180
32667
16699
21293
27734
14177
28548
28342
28378
19145
7988
25882
30040
34820
11613
29828
21655
22117
27613
27710
26810
18632
20205
11540
20080
22082
24528
24835
22218
16245
24216
22871
35559
19551
23124
15268
25286
27633
25114
20653
4056
24690
15395
18213
24913
37764
18644
12872
16067
28254
30711
24763
26303
25194
23632
26706
30040
34976
25593
25557
29993
25807
29194
31472
26446
24146
18411
20309
17527
20530
22343
19070
4414
21940
20990
26598
10147
25396
22688
22718
23121
26055
17179
21307
25507
46437
18816
16825
23178
24023
16974
21697
23018
14118
18567
19596
25140
18865
13190
17288
21721
20850
26407
18225
24209
25925
18033
34251
19742
20365
13455
24924
33710
24862
24962
25823
25511
4511
12225
26804
16246
20977
19609
25511
23004
23562
18787
12458
24382
23238
25292
21762
48348
26432
21995
15889
24199
28944
25344
26451
22422
26323
24173
21850
17937
24994
32488
30503
29830
15924
28079
23319
19454
25109
24331
28164
24812
17639
20794
20016
23672
25384
24545
23975
12719
13292
26554
17374
27397
21079
47010
27946
25167
31313
45996
25733
24738
16587
4994
23208
24963
19315
25823
18203
23849
24810
28269
32694
21966
20807
17250
4787
25214
23244
22627
24186
26248
29310
28450
26184
24082
24935
34417
23336
23679
15642
22067
19036
14529
23002
23092
11343
23291
17533
21298
25609
22321
19869
24561
17792
25888
49075
23702
21326
23397
33026
18545
24564
24137
18951
18914
14463
24711
21932
22513
13881
20262
24681
27344
41470
23862
30258
43056
54526
18301
21788
17732
29818
38747
23607
19435
24896
24946
23107
24454
28591
19633
33773
27878
27607
19419
22239
25352
35396
26834
26768
43764
21400
18905
30067
22855
18498
38154
25199
17110
27830
25912
6152
25503
29182
21327
19229
25352
26144
18114
25652
20048
29417
45162
30036
34515
15350
21814
20786
24808
27342
19038
30045
23401
20470
22222
51744
17754
21202
19762
18641
26677
8345
26601
28187
24539
20193
43167
38532
19904
32741
29474
20738
13779
24908
24481
16162
24303
36002
23038
22121
16471
13476
25278
15380
27768
31739
24659
6922
11265
16958
22172
15016
26136
25401
29726
13716
16282
16067
27353
44350
17451
24081
15132
15796
24574
29874
20843
33872
52212
23596
17633
26702
26660
19022
29067
20075
31557
25081
50957
50604
34943
10468
16011
23365
30881
35796
23664
14647
26538
25509
24282
21247
15007
18472
20962
16801
21913
18976
26643
21605
27356
25770
23308
24652
23924
20116
18183
22076
20701
24681
21261
18155
22183
11435
25995
25365
23046
18801
25313
20026
17956
18204
24490
14894
23927
27031
24464
24191
24002
23464
15628
14638
22651
19353
23854
14114
23450
15007
18427
29380
17588
23476
23049
17997
27168
17256
29509
36101
21404
18403
15429
31086
30670
27112
24954
41259
24522
15755
25902
16457
23676
23810
6886
21797
15952
21539
33795
48347
15759
20006
18884
5093
55246
22638
20143
23099
22342
26223
20246
44693
32201
24639
19559
20687
15727
25574
11206
13060
18369
25943
18986
19525
18136
27691
24172
25572
32710
17659
22500
44865
26508
18091
17595
21232
14254
13849
22642
35010
20920
25229
33952
19896
5146
20658
15916
26632
4696
23737
30630
11006
24528
25487
12743
19362
23120
9484
27038
28918
19637
22316
26923
30132
14943
24290
13119
31877
21140
29190
27184
23461
22973
20754
23903
18062
30580
13132
19160
10686
19782
20442
23860
14146
16006
21146
26549
15851
26077
17783
21384
33551
18321
21219
13222
5113
17394
21519
22654
18032
26481
29157
22990
20721
40062
22735
23990
22158
27036
30184
16611
8498
5160
34821
23019
24063
19548
28152
21810
18408
16693
30739
23427
24276
21418
28082
17010
25943
18021
31010
25476
18863
11724
18652
14458
20801
21914
28100
20262
16190
20462
17450
24004
21599
23097
26881
24355
17098
11937
19979
14417
14650
14559
17045
32381
21281
20969
20072
21259
29007
15850
29481
18614
20824
18790
20902
31191
43230
52019
24706
17583
26881
24776
23561
25609
14538
19880
15581
18365
27206
27790
17254
21610
246023
146642
136662
15489
4593
14297
19857
21409
29651
27992
22164
23019
36316
20926
15629
23120
27681
26998
21245
27158
20944
17860
23769
20570
21489
22015
23435
16995
11520
21405
20278
35758
26281
25896
24051
25215
17809
24418
17374
27353
29192
24289
23938
28892
17897
25304
16319
16993
20197
16633
18668
22596
20004
11318
23429
22122
25128
29510
44487
19469
42169
18790
21291
23770
23875
24335
28523
24847
27797
22982
22536
18172
34575
24688
28072
20537
23857
24380
32014
23146
23814
12993
26025
30418
16765
23258
21510
20597
10634
4827
22742
27344
20824
22011
30658
16692
15958
11311
27325
23702
18931
20454
17630
52516
12172
21055
23336
19686
21570
27357
19906
22169
36251
20312
19034
23999
13457
16696
32033
27383
26570
26316
26083
32159
16081
18943
22239
30823
18530
28036
34372
24628
29311
19241
28002
17711
15981
18292
17002
20158
15032
13966
27523
25159
18899
13247
17968
23406
21577
23367
25573
35686
28217
22286
23251
24805
17554
24520
16937
22017
23174
19381
14012
20725
25946
30328
12273
20164
21717
17967
33353
27106
23470
22489
26678
21364
16332
28330
14834
34201
53276
18133
23111
25075
25653
22733
37140
22436
12406
32984
26599
22701
23562
23220
6477
20172
29078
51964
22189
22154
21692
15886
19326
28408
18718
18490
21383
21217
10439
16228
23771
18337
18385
15393
22613
29891
26963
41914
16383
33365
19988
23429
22434
23050
13591
14884
26327
19783
32463
30523
44623
26023
17407
21901
30089
15258
27733
23916
25804
13864
25518
19262
23039
28955
45769
25440
24424
30489
23633
22689
26580
14947
19418
27290
26502
24773
25449
21882
21464
25193
21460
24503
12896
24152
21215
21989
13342
25336
20067
16990
25463
28623
20492
29233
26905
23818
22140
21751
23322
13539
23795
28427
26828
22425
22478
27052
47090
23723
28529
29797
24767
22791
26573
44270
32801
24483
11229
22486
27179
25254
23162
16788
24033
25774
17471
17635
38829
27
22327
20039
23047
38781
24871
26598
20681
13866
24099
20003
4410
21664
12530
29172
29486
25592
14376
28916
21473
17045
25497
27345
23594
29274
25301
22330
31564
11374
33317
22830
22747
27847
20400
24519
15204
24422
22084
23768
43803
22419
26717
21724
22140
23975
25018
4270
23518
21005
7839
14329
22581
14900
18240
14287
22766
22464
12408
18133
24949
10115
14545
20320
38845
23342
28725
15086
12865
18289
17802
41295
17606
14430
25217
26470
29169
51302
24140
4200
18372
21889
23279
15004
25383
17502
5587
21750
19883
23061
38379
40909
24037
20175
41431
21453
19890
20636
21262
29700
51643
20338
23563
21129
22007
15108
4370
17726
21044
19461
16462
19864
32822
13359
24152
26572
21506
14879
11781
11644
16980
19893
45897
16284
22267
17767
22837
25390
44560
16840
18960
26038
22628
27087
19116
21060
21818
28211
28982
23187
23905
22004
23349
35039
27753
18565
29740
26678
17949
21491
27665
22746
23900
22419
22968
26992
24134
20909
23622
11963
27144
15461
21034
5307
28495
11864
14342
29805
17016
24438
20751
25450
23743
30332
13582
14162
19092
27747
23171
30238
45002
33859
16160
10609
6432
15425
21602
26766
18568
22857
16629
19784
24075
33276
34566
51786
24721
25836
23774
10896
16256
11934
26209
21784
28530
38636
24411
31120
17719
24158
18119
27044
21775
24178
18900
25805
24533
27430
24864
21172
30168
29419
10723
24835
27382
21415
25515
26266
32347
30196
20476
20205
19500
37287
14326
23141
26773
26713
52737
17941
26089
28269
28366
19644
30508
18914
20221
26401
22827
24867
22083
27489
20601
30278
11755
35744
13469
16799
24807
27237
25532
19351
23378
18339
20066
14860
14002
23577
23572
19300
21079
13224
30041
16071
27059
16103
24536
24852
15841
23679
36237
22914
5373
21570
7485
21795
29414
7517
24467
17208
18194
26888
32166
22839
25251
20894
21344
18924
26149
25286
17640
25867
21749
17324
14849
24826
45005
18514
7599
13252
20487
16370
27322
15058
18767
25011
14979
21177
16519
22506
27512
26392
9966
21645
16653
24348
15136
12607
21146
24957
20979
25475
28114
28761
21512
26531
22995
26645
24611
17998
26185
17827
28285
27847
18335
22787
16301
27654
23472
24705
27443
17622
12636
19380
13343
16801
12662
23684
21280
17937
20481
27458
27794
21247
27994
21427
16521
17710
4785
27331
30261
19524
17782
18395
20325
22762
16163
10628
15622
22549
17101
14476
18026
14572
13939
25700
22859
25896
24739
26766
50553
23283
30727
15390
32575
23213
13747
30938
18834
6580
19109
21662
13962
25132
21714
12824
24528
24081
11229
21798
41142
23965
22005
7046
20091
22174
32804
33402
17569
14459
15576
20822
37194
19398
20507
19965
21795
22127
28747
26214
21255
26115
16628
29952
26896
27378
16346
24680
26222
43097
30698
14152
24238
21710
16344
30531
19831
28224
22484
51248
19840
24243
24781
28185
30433
24057
18143
21990
24714
21255
6126
24552
7891
18096
27560
55979
5229
25080
27988
30602
35847
27759
13957
29062
23661
42730
20279
19550
7584
27323
25390
29438
20385
39053
21292
26509
9138
25153
15708
25387
23252
19897
23942
14343
23947
26321
23269
10532
38017
19727
18217
24396
22052
16941
34407
24660
24858
16161
9572
20083
26889
26114
18649
20245
20201
23938
31352
31348
16996
31827
44751
16157
25919
16075
28462
36376
37335
23000
25261
28190
18141
32245
26888
15971
4726
16489
40556
21384
23533
20253
22224
19187
21083
30477
23742
25027
29029
23441
25197
25678
24900
19832
27964
27912
20946
14972
21251
17489
21746
21737
18707
23519
25168
21558
19132
20959
25088
33001
12044
26305
24500
23557
22827
10291
23281
26573
25002
6085
26980
18682
26979
26065
24375
9015
25740
31040
33536
26605
20495
19808
25762
28592
19143
22910
21042
18188
21169
26145
22705
28059
24697
23789
20242
17667
19366
34161
22479
25327
27850
16597
26633
20146
27118
11878
22534
51944
26003
15920
28629
25736
13014
18832
34547
26129
22640
23225
20580
19840
40592
45119
26905
24349
25493
17424
30704
28482
23881
30094
24828
21329
21771
19072
17266
23295
25246
27983
12732
20919
22408
25237
22164
21649
21949
15786
12269
25752
22816
23755
28917
29349
21915
18692
17578
33737
23198
16528
19039
20675
23161
22871
21815
23189
19648
34109
56274
5877
18997
25044
19303
28653
20580
33098
25888
25681
29615
21374
14757
26855
18809
32460
23964
18444
22547
23844
25186
23021
16495
21960
17941
24867
28742
18371
30937
29703
22345
22697
22378
23192
23829
17263
18543
19752
23127
26068
18210
22862
21942
26891
24599
13895
22189
23446
20113
24326
25672
26307
18861
12292
18405
18247
27276
34887
17887
16417
23729
25693
23310
16659
19441
22285
23246
24137
22499
16270
21460
28285
26245
26119
21152
21476
40452
23951
19645
22257
14025
22704
17255
25448
15867
20372
16773
19494
19099
15400
26013
26832
22483
23714
39403
12107
22751
24814
35401
15733
25156
14124
23758
25429
24974
17552
21994
23212
22390
5230
27467
25449
36793
57100
21828
17377
29571
21865
18510
23077
18789
22750
21118
38501
22424
21906
21732
20992
19510
29487
11149
14205
19037
36129
25027
23581
26503
8263
15980
14143
19171
25757
14686
13575
22115
22859
25530
16600
16786
20831
25150
41914
18020
17410
25311
25098
23059
5631
30728
20664
25522
18812
5621
17898
21764
26343
34652
20351
20325
25250
20348
23936
29312
25620
26017
25972
19988
29678
23422
24001
18498
22511
34215
23051
24291
22437
30537
13988
14777
19020
25663
13631
28370
15622
29308
27574
14604
24046
20713
25644
27025
39154
54586
17981
37183
25639
26569
6250
23141
22394
16089
19101
26118
12404
23507
21363
32763
16673
27335
26020
23454
33452
29261
42392
23980
10506
25779
25311
22318
31237
15771
29993
17162
5161
16966
27429
24758
27757
14615
25236
21335
26681
7646
16684
21860
13445
22042
24222
19653
21436
22696
23695
22455
16660
16749
25292
39051
22293
18444
20645
26369
40818
52917
29575
20452
46839
38497
12244
20959
13396
25093
24047
16107
22120
30629
42077
49591
29335
25500
33046
3753
47545
17397
15846
21341
33288
24168
22402
24070
10317
18842
6331
36697
19815
24826
22344
41942
21866
12342
23534
16159
23565
23178
16400
22324
20751
24425
33647
33495
20489
17259
24117
37277
22928
16795
14125
26650
22313
36572
20998
13849
24047
28032
17675
16512
23355
25649
24982
30202
28379
21254
19494
29020
16016
20937
23279
17536
8741
28479
18443
22900
21885
13164
27381
24469
21576
16236
22874
17048
19746
12764
17168
11517
19897
25966
9650
24412
10913
25425
26517
24738
19631
23033
20632
6590
27253
27944
25451
21106
24618
27183
25419
12522
21396
14291
24419
27986
22088
22851
23282
18290
13746
22936
26927
30658
14022
24194
24537
11310
28057
18670
20387
15793
24794
25656
24467
24142
28284
26224
24435
23745
23706
24971
16764
19479
14160
26866
21799
23787
17261
36414
29948
17893
17605
18762
22864
11709
21823
22141
47036
60638
14173
33604
29504
20526
20075
32212
33907
25273
46172
26154
19115
9902
17378
9439
16322
21472
22180
18202
16168
29615
18476
21390
24290
10416
16425
27784
22005
23691
29049
31907
21266
26213
11634
4740
3669
18686
25379
19237
23156
19979
15490
33320
18385
14077
28504
24219
21063
21523
26065
18233
25370
22833
17137
36667
35467
27395
19713
31208
33851
28255
23580
30478
14171
20951
30668
17753
12980
25708
19644
35772
26981
25728
26785
29534
33827
14069
29777
20426
23674
13376
20798
20623
28151
17686
25417
19553
25871
25764
20057
27845
20180
14572
17539
26998
13082
18129
18361
12264
19990
35033
30418
17239
29307
28167
31598
21855
24611
26397
21311
23216
26351
13154
20291
22365
35625
23907
11678
26992
16067
16950
20223
25657
29181
25586
15372
17816
17834
24302
27861
17358
15129
14658
10875
28079
16504
23141
24863
14553
18895
21998
13693
22176
20924
41601
22235
23925
32251
22183
22524
34147
41602
60812
37702
21770
20026
27315
22292
16366
17824
23055
26956
14291
25750
43925
19354
21257
14115
22061
15960
23738
27446
21615
22592
25359
23816
17797
36170
27724
47425
15441
23197
25804
21151
13455
25635
22728
23588
28544
28244
13080
20339
21201
21174
13941
26383
16528
15184
14340
20304
28330
17709
20647
11937
11335
20844
19588
22173
28175
12776
12925
30915
22737
21343
23804
23539
11470
19668
16987
18418
19902
12818
20184
31654
21108
13775
20720
10680
19743
20565
22675
27792
21292
24043
20752
16942
22414
16275
33293
22383
107695
27677
16128
21645
25347
17892
16036
34489
21120
20609
17957
21544
31476
21927
22988
15118
32991
25239
22996
20982
24735
34937
21879
23546
24068
27765
22013
32063
44880
24190
22482
18310
4659
27660
23452
21843
17849
32642
21495
24925
23589
34555
46154
31808
19846
25644
24571
16950
24238
28748
23257
27907
23624
17437
16342
19250
23970
18995
16965
16624
20438
36295
20045
20785
29224
21913
14020
23418
3883
24085
23487
25350
22076
15713
27115
22217
16595
19845
25181
41903
33519
25172
26137
22762
23158
26703
22209
36231
39893
40411
20292
19786
9309
18088
12188
12598
12728
16664
16664
13674
19543
15566
18748
27355
37489
12501
27884
13816
18177
20032
36367
23833
25686
16420
27541
9156
24068
21481
20353
18829
15451
25402
21234
28204
23886
22031
27901
27166
17326
18856
19193
19398
23526
23904
22516
19659
28308
25822
17034
19886
23468
25823
24244
16466
20234
19810
29683
22749
19972
19811
27556
36813
53070
20239
24989
18274
20710
27697
22282
19162
36069
15540
18407
21926
35334
43930
26184
29188
22313
26816
22863
21934
21704
18720
35977
25672
23443
22674
13459
16272
17392
16719
12755
18718
25589
27492
26963
23106
21796
14741
34453
25864
21691
23988
17129
20183
17064
26764
22386
22291
24099
25710
21676
21642
14222
15511
23331
27960
25283
24249
23185
21047
29556
32570
16972
22331
36218
14463
17605
17530
28317
17209
18922
17868
22423
20473
24785
30251
33852
35837
25837
20596
18393
19767
29183
20008
21735
25562
22952
20908
18751
21646
22826
27728
24338
21113
14680
20281
17366
26641
20389
14262
20746
25027
20507
21429
29512
19290
23409
14323
21778
17092
9326
19274
17331
40089
33771
24878
16055
15684
22324
24075
21688
24001
23245
18443
21766
22219
17252
24583
22702
18214
24272
22127
19845
19059
24924
19745
22867
25127
21694
37363
22344
24859
17133
12531
17931
22664
18331
19369
28240
30607
25431
26797
24292
23444
21157
19301
18748
19431
5570
23369
40051
40793
27364
13420
19688
24004
10375
16878
27335
20134
26413
21205
30397
15409
22984
16889
30132
21968
34645
19939
24899
16254
23868
21288
18309
24606
23545
22062
19215
23768
26527
13604
14890
26967
24283
20649
22212
28461
17495
12726
27660
24374
19498
26197
15297
14746
10818
22153
26991
12316
36049
34960
44484
23982
28710
24398
16446
17612
23461
26026
14502
21351
22631
41054
20610
31079
27101
30287
10741
19365
27271
37767
14238
21609
25814
30446
27222
20550
17661
23694
21003
21064
20360
16784
20204
24648
16433
16537
18412
22674
18708
4519
19509
24950
15198
20695
24223
23512
23954
3758
17041
30949
21123
26442
54099
78273
13869
19619
15896
24477
23596
18930
26750
20232
24710
22542
22082
25159
11514
23646
29915
16378
22992
24996
22280
24456
25465
21038
21139
23978
19432
19084
20049
22189
27146
23536
26611
21533
23324
27075
20450
28055
15155
24860
23959
19643
15009
18543
25480
35303
35204
22036
19061
22920
23589
4412
23002
33979
16979
22116
19893
23352
20201
18373
35601
29718
12953
19576
11369
19008
21681
21475
23921
26763
23127
23425
17452
17917
22287
15236
26059
37882
48350
21610
20375
21948
25339
8683
25994
22334
14513
39291
19962
22385
22022
24628
22079
30761
37006
21576
22741
23382
24656
16653
19566
13059
16343
26819
33087
23830
18786
22061
23309
22440
24703
11119
4592
25642
16043
27122
19608
18166
26877
13650
26768
21841
33017
22908
15415
24318
19959
15259
16640
21054
32365
20190
25592
43263
48046
51474
23226
24939
38991
31356
20183
19677
27042
23772
16737
44464
19561
27552
43387
27457
37469
14872
24034
24679
13859
19653
25295
18351
20931
21553
10932
24578
24891
21316
22898
23501
20640
16349
23219
32224
31979
18609
13192
28425
31440
27367
27534
25594
22207
26896
30236
16930
25224
20495
24442
16070
25446
32236
23059
33634
18280
22347
24546
27460
19649
23642
23653
19551
17898
25956
18004
18603
20436
21028
18201
23995
39565
14412
19208
31872
24907
24187
42625
17989
17602
35593
4971
32007
4465
19159
11615
22973
26007
4146
25274
18898
20082
22270
24239
16805
26546
24217
16536
23567
24068
24782
23045
23701
23738
30110
21776
13387
31582
21825
20563
19678
23246
22278
25885
26854
23789
19864
20505
20376
29267
22361
16463
21273
27958
15791
16061
19685
23989
14582
19622
6744
14613
14047
25322
5339
22123
22879
23778
18630
31447
25238
13531
4354
25263
15532
10525
20463
22179
14453
13054
20473
23571
16543
22026
10159
15954
13540
15849
28556
24749
26602
24760
24851
27398
30158
18167
27512
35691
18662
19645
15111
16115
25080
42231
25500
23390
12808
23208
22459
27572
21991
20702
24457
21202
16745
20922
17403
27142
11481
23954
18254
18403
24366
26165
27452
16311
23553
22792
22147
18471
16614
32113
31096
20582
28706
22963
4274
21141
15792
26063
22973
18544
31279
22984
26319
26261
23270
21098
13843
22445
30294
26867
42043
25182
20233
16139
31994
26731
14366
25118
24598
16539
21813
25768
21911
12125
22085
24582
24738
29353
22156
3941
14531
25478
20670
21448
23353
11324
15955
24056
22492
22953
27177
41102
26097
34864
19585
22740
16033
16109
25380
36003
24806
18224
14208
23056
21610
26717
21796
15090
23324
26946
16239
4426
21906
26417
18010
14867
29559
18475
14674
26450
56039
32877
20455
4367
11063
14303
21498
17575
16398
26191
19151
19194
17414
26930
12868
21202
20909
21466
20999
25748
29350
32635
17949
23263
25971
49054
25884
32151
27901
23530
25592
34249
38383
24694
27328
21637
22532
20344
20015
25207
20035
24897
28225
20294
16256
22466
6246
21182
26484
4670
23888
16068
35799
27757
30978
34543
30105
31027
29339
18234
25832
23035
37224
30767
17536
23619
27859
55293
54313
20197
22623
27268
17893
18793
14844
30242
21089
27809
16238
26512
23593
21422
21950
20699
20453
27707
26324
22693
18161
22242
26049
21071
23990
16845
26198
25869
23773
15945
20434
25338
24669
46614
22420
22120
26298
31069
26480
20727
41281
25717
17226
22486
32043
24999
23148
20667
23570
17386
26147
28902
22102
22640
33116
37092
32169
40452
26821
33590
61934
32342
20779
25872
26165
21449
25628
22910
29952
13762
25098
23646
32632
18506
21350
41476
17790
58650
23015
29317
21944
15749
18614
4422
19001
24463
23081
21444
22161
31961
23761
20064
37262
23254
25177
30514
25265
18242
15343
19631
5139
14174
19878
21856
25423
13733
8092
15873
25232
27072
21872
20460
13104
23603
26446
31011
16980
21992
47321
48007
29389
15122
22423
21392
34606
4095
31243
27505
27102
24227
24423
19515
26757
24931
22819
26736
28605
22524
27183
25862
24524
30567
21668
26031
34459
21531
22288
28215
19118
13624
25744
13043
28659
23464
25889
21691
37199
28732
20247
20578
23396
33307
24465
21173
25699
20429
16897
26591
23826
19480
4684
22072
26035
27440
21802
4267
19060
27066
18836
17964
24188
25186
23106
17695
21675
24650
21298
15940
20566
21865
25709
24748
19986
22468
10386
24879
34930
40772
21434
16979
27912
20653
13398
25610
16302
19825
19736
26422
27803
16626
25327
12885
17111
24078
13789
29137
34708
17896
10861
19835
17794
33190
19765
22801
31054
22466
23416
20580
24826
20422
28544
25196
23804
36983
21239
14385
17076
21041
18291
19176
27221
47566
20787
23909
15124
4118
24388
16828
15868
20220
26277
49691
25374
22376
29759
23524
17405
18624
18525
6282
21864
19718
26029
24948
24695
19089
18202
23427
33005
26205
23778
18095
15696
12151
26179
26350
40613
22521
23501
21864
28451
21666
8045
21030
13100
26871
12988
18953
28026
19399
17295
21229
20412
17507
21302
19242
17138
24629
11352
22885
26168
14803
22050
28105
27063
20657
32047
29073
24412
18391
23250
36305
17881
27567
23996
22297
24561
22794
4025
18733
40667
54577
12413
28634
28883
30776
16699
22783
26956
25857
23575
9176
20115
26738
22572
13977
24420
20698
20250
20884
17691
14489
22226
28066
24741
24943
21620
25077
22391
25149
29710
36373
24806
27230
19610
37362
21930
25081
27522
38296
16849
14986
19529
23881
15571
15387
22894
24235
45222
23522
19634
19897
24933
25157
22381
28159
31714
22130
31539
17293
18224
27230
22628
11192
26671
25924
18036
17035
19315
11533
14493
19366
18739
20142
25758
21055
20595
30657
25601
42486
25263
31828
23181
25014
28327
23586
23443
25605
5874
14521
19216
27006
21544
23384
17487
25080
24036
22478
34786
36939
11870
19261
29249
27264
26175
39297
39727
26860
20195
25403
20179
16942
20535
28750
27108
11249
19157
30639
31367
22823
20974
23495
37546
25426
16443
22721
16125
26232
20744
21761
22934
26672
21263
22689
23448
28055
14492
17135
23808
22710
41366
25856
41467
16773
20063
27441
18266
25291
11998
17361
13045
16829
25307
32127
11829
26677
42226
14821
19278
29566
14703
17834
22106
21573
26039
23315
19385
22092
16295
36710
16495
33992
36911
25070
56178
19070
17665
21002
25962
4147
18950
26574
23800
29900
22531
27539
24482
28284
52927
23523
21388
22886
24910
25288
20340
19083
24831
18617
20151
18226
25046
22519
16756
22752
19469
36273
26823
16135
35150
32283
28502
20095
22251
19814
22088
17470
26000
30106
29258
50605
24744
43250
25402
27027
18698
20626
22591
29607
18715
32867
35436
29865
38428
17217
29622
32209
22485
17651
22145
18908
22605
21098
23428
22553
19209
13972
15590
19376
24098
24193
17146
17200
21293
25296
19722
33651
25559
5482
27155
25075
13786
21003
21457
22321
24676
27921
24416
23374
17956
23332
25730
19741
14645
28660
25890
36362
41931
35489
25471
28816
23543
24375
29441
22145
26467
25467
18185
24598
22338
24659
27357
12461
26416
35401
16517
28073
25634
20976
18876
15407
29909
14664
29488
19513
30826
23085
14518
23596
26098
22751
12638
18978
15191
24604
26793
31095
28123
17003
22923
23825
22186
12992
28084
14009
19278
24946
30608
16485
16474
28735
5726
44220
24708
32326
25488
13215
27784
17945
25605
20073
23960
21602
18410
22716
38425
30367
20265
36222
43572
38187
36787
28345
25018
24837
22690
38992
17855
21219
31657
30952
23613
20848
21857
22905
22609
21059
25175
27377
14413
14517
29278
36308
22696
23587
13474
23039
14343
14026
20072
15636
14044
20155
14175
22739
21864
20039
21495
20934
21743
32151
26098
34226
22798
30014
23459
26099
29078
27672
25651
16758
16250
20040
31586
31894
22693
25498
20675
26922
34435
20383
27271
42708
16471
15395
24304
26870
38285
40741
17171
17024
22588
23834
33226
23637
16192
23704
25861
36295
20156
18848
30557
20402
16997
15442
14385
26040
25325
37675
21938
26777
24093
36684
48365
12699
21934
16573
19659
22272
31340
39972
22721
11645
36315
18494
21115
22068
19585
24538
56635
67637
66730
27476
19139
16048
26940
20900
28171
18376
18398
24875
21486
24271
16351
26116
34821
24466
23050
25181
15480
23958
16902
14450
14696
21210
15765
13928
18190
23220
12001
19129
17906
23259
24241
31413
26136
43905
34163
26140
46807
15997
13454
10966
22634
17362
21700
23790
21996
14035
29991
15334
42175
21906
10888
25192
18039
20566
21559
25735
20212
18194
21166
20944
18309
20304
14588
15632
19585
21392
27728
39540
20976
19712
22266
23716
22168
27837
24359
21831
10853
25556
18961
25380
12609
20782
26103
32391
26561
43246
23683
22508
32445
24684
28497
20791
46276
37303
17468
28971
21056
23895
35809
25946
32963
28677
4826
31841
39370
22738
21647
18373
22297
17363
22857
25115
27748
18944
14565
22024
16165
22354
21672
27785
25078
4896
17820
28819
22341
21039
15333
24237
26175
24256
23649
23216
31199
42295
20253
28191
24297
16485
15118
21217
18248
20041
4353
27839
18917
20290
23413
23896
17864
21771
16809
21655
24019
17774
18936
24047
24313
12885
9482
24784
17493
20292
20125
16416
16861
21073
24861
19492
21001
37419
25060
8481
20857
22009
24835
17852
22906
38101
14487
18116
20747
21500
18032
15896
25501
21930
25909
22291
22961
20628
16092
16073
15234
25517
20178
20203
22792
13894
23300
17496
45605
25921
20127
24169
17501
18419
21024
11456
23242
21809
24154
29697
19473
19217
24187
17659
24985
23512
13545
24979
22361
35072
18871
16863
27791
26101
20142
16193
25174
14816
22107
28507
35142
23845
18454
19080
13841
15978
14782
20225
21604
15729
23548
17878
24685
21479
26167
20216
13709
18134
17666
18307
29318
23440
22348
27567
40293
25992
17684
19827
26646
23747
25134
31167
21440
19912
23404
21693
18238
26981
31505
18184
19922
21258
27177
22512
24566
20758
26870
16160
29137
15378
22837
17347
21536
27014
25764
16611
19334
31142
36248
19104
29878
26386
21761
22304
24892
22623
21446
20803
28420
26614
19146
25980
49863
33674
23940
20128
17119
15840
10662
29253
24520
29665
25080
30311
31896
35958
23502
26499
11429
19653
24987
17132
33803
20551
24828
21924
23979
28302
19579
26705
24443
24181
22865
21053
24354
12128
9639
22117
18345
19558
18620
23076
26921
19661
22367
23929
23819
18763
34001
21554
25162
17215
19116
29384
21136
18330
24519
30610
20154
20287
16393
20905
30122
27226
15316
24429
22257
25368
45713
67852
27998
23104
25351
33382
25660
33986
25382
22899
29087
23335
22369
46338
24528
22538
23995
19986
25234
21915
22677
23548
13011
21248
30873
24925
31748
23111
16711
22401
21701
24047
22102
37052
8271
25053
13623
34385
21360
17483
15997
21268
35925
20313
7684
17619
16885
22699
33286
32606
22201
20910
24404
15974
27739
25859
26913
20956
10960
25034
22626
16786
4273
20731
22885
20849
22915
19550
15739
18850
31187
27746
26265
24366
19891
23443
21946
14752
16590
15654
21512
36921
25155
41828
22157
12513
23991
27992
10344
31893
22607
32124
36469
61567
44827
21151
21549
15721
17485
24508
24287
19617
24058
25444
19280
18724
11780
35938
61690
19892
18466
21352
22345
21565
13493
22109
22227
25419
23691
24587
23502
22175
21121
23186
23626
23305
17608
13516
16189
18426
20293
20070
17904
35910
25762
22550
18330
22982
49088
104974
62089
90870
124754
37076
25562
20996
16779
20964
26538
18342
14843
20022
24532
23425
27995
25165
22626
17952
22602
11537
25533
13639
14620
23101
18674
11069
13083
16733
20238
25816
10459
28142
24495
23929
27494
25263
24036
23553
43426
25352
21632
23232
22744
23714
15840
21718
17320
23218
25578
24349
12156
27877
18343
24804
30893
28830
30448
22791
17903
12581
23762
15676
26438
24625
22639
27038
24024
25651
20101
21186
19582
25377
25219
27002
15351
22609
18236
27924
22214
25465
21939
21985
16745
5041
19006
16300
5928
23949
23126
17513
22058
24628
17794
22159
22406
24630
27596
33029
17228
23092
22893
27091
24844
19337
24437
25518
23616
25797
32841
16723
29917
25916
23579
15822
22576
17781
25290
41140
10556
27820
18311
29002
19993
19313
17428
13223
24177
21575
34195
19913
25094
20773
22928
26252
23054
12256
23967
45080
20653
17482
36273
23101
18497
17592
24039
27045
26169
25829
23953
18580
22832
44213
54249
27651
29361
24905
23289
36515
18489
24607
27087
24160
31711
27155
24639
43458
21047
25754
19613
39793
39795
17308
24970
15651
16209
26870
15900
26741
30430
57298
16443
24444
21251
23499
23519
23639
16311
25449
24692
21126
18859
24466
23786
22990
11295
29789
21113
20533
28932
15413
28356
25670
38666
26536
5165
18477
23711
12776
15342
12743
23774
21845
23989
18726
21694
25277
21876
19148
18771
25614
15768
18013
21023
23356
22478
24254
17906
21734
26862
29454
10609
25123
14662
25804
24643
22182
24109
27037
25244
22045
10728
16191
22910
20683
8961
22278
36668
11839
27055
13630
24160
19078
19680
32589
53417
72340
23632
61961
37782
50003
24016
17239
18921
23192
41325
19668
24310
21332
18782
23118
27068
21317
22848
20460
15738
18304
20305
20805
14677
23643
23598
25473
20469
22462
25991
15674
19090
21723
38935
26557
4222
20755
23980
23636
21043
23013
30466
5224
24704
19091
19580
10150
31268
22441
13536
28386
25491
17929
24790
22601
13845
18075
18742
20644
35436
45588
19391
21790
21162
31982
24565
21352
32382
24901
22951
21254
34240
22940
20123
19967
15601
19605
26165
11095
26151
22177
18987
20259
29500
21741
10825
18224
26409
29843
19085
23603
26798
15949
18086
23057
20521
20487
26947
21044
16560
22324
22592
17187
24840
41533
31885
17219
22353
23956
27179
20827
17099
15794
22239
10504
15153
24251
11375
26604
29037
19918
22607
16939
19423
24405
16187
22568
29632
26803
21673
29992
30360
26153
13856
26200
18024
28964
33730
20210
15359
24197
27058
48622
28696
25530
21596
18593
25639
30422
18335
26537
25606
23193
27466
14980
22215
26291
26327
14427
22769
14799
21779
26294
26793
37504
26670
26155
39279
50457
9373
25819
27209
11578
21405
18504
25637
36973
12904
17675
22934
18630
14525
24947
21126
22664
17150
22768
36259
17405
18860
22437
23461
22022
34890
20358
15917
22727
22405
33882
20984
30256
12918
18374
27875
21227
24739
19448
21443
21747
19737
17568
22253
23230
26815
22727
24415
16145
20768
23936
17857
25453
35625
25927
28288
18334
11593
31902
25606
19438
23054
22086
13893
19457
47724
24290
15653
23821
24279
19212
24912
16949
32995
25436
27914
17757
15309
34533
23701
23267
23593
29308
41063
39734
23820
25868
13839
18354
16259
22278
26373
15645
20248
18108
15443
17840
26617
17315
25210
13477
11713
18209
26939
25612
30061
26170
26507
13979
16749
28442
19211
26356
27680
24820
26508
24514
37468
22735
27946
24293
43155
11292
32064
24877
26184
19423
18190
25467
11982
24125
11976
13833
24808
21885
24168
21499
16032
19539
25203
26821
22622
5719
24936
25736
35274
38428
23144
24325
23611
30895
20313
32745
36266
19506
25855
24503
16393
18336
25160
23259
17888
20239
27446
22064
13820
18565
19551
17223
18863
24792
24779
22827
24373
21153
44290
52700
51553
17384
23557
18512
21639
27347
26110
14128
24474
30962
53808
26277
26571
20390
27086
18627
23453
13471
22642
9005
23271
24152
28063
26398
24721
14038
18729
23046
10628
24964
26811
46640
41817
26153
23271
30550
23181
27063
19030
22839
22993
28671
22920
23467
11228
25713
22315
18676
25971
18336
44909
33499
21525
30401
16279
23893
24358
36803
26843
20357
22349
12822
16043
13814
22828
13542
18832
22043
16085
30101
22562
20339
18298
36507
16505
31621
27208
21622
43041
17727
18349
27431
23577
24135
26624
17667
21349
18989
26135
25240
28696
37140
12835
18869
19405
19889
30335
18594
13705
22996
26207
19812
11795
22911
22929
19940
4624
37278
15217
29783
31495
28466
26415
25237
29167
25787
38584
41091
38824
48118
68041
26420
20947
26727
28064
46208
21347
11813
18001
26151
17026
20954
19342
20524
26539
22008
17520
21660
16938
9991
9694
20080
23622
15219
29527
22588
23524
16052
23111
14559
21938
23227
15461
27295
17868
32282
16150
26782
20937
23155
25399
27884
25030
18966
24095
26910
5292
23227
26297
20120
35190
21688
32076
25690
28143
37202
48949
23262
31684
24297
49822
17371
25389
25171
24456
17021
20596
19777
13298
22577
20930
18997
22429
14702
27269
25147
17016
30244
24104
21634
25874
19865
35721
18882
20818
32434
23436
19184
39954
21167
26951
24782
26899
46708
22102
23256
23258
43295
41846
27686
22739
14191
23521
17033
26829
21324
20591
21044
27362
24321
22909
26087
15224
16275
21590
28515
21186
26313
15451
12968
17848
18642
18943
19904
22806
23426
39701
20625
29641
20447
27550
39208
35371
32008
29736
25896
40988
16054
26566
15719
33683
27824
20158
9871
19008
23953
16285
19759
22239
9738
19622
36902
10143
4077
24710
21839
36564
18769
24538
17463
27613
24920
14433
25974
16535
22091
22661
16252
18910
18577
17861
18104
20210
26121
17931
20183
15604
14282
29521
29023
49736
46385
49122
37056
12795
9802
11314
21834
23667
14816
14261
30015
38571
15139
23676
24194
21114
20832
23457
17467
11731
18189
23838
18120
38381
21900
21080
18516
23785
22104
16333
19950
21545
27646
27828
23682
12429
25128
31276
24371
36234
15656
16748
35581
33886
17089
22206
21807
34647
27595
20278
12248
23708
26913
18772
29594
20204
29519
21856
26735
26776
24534
17403
16224
15430
14720
15579
21446
18163
26844
23480
23583
23576
25806
22662
4295
17201
27978
15951
20830
20947
24837
18794
19633
13101
27677
28959
19902
17295
21767
31054
18338
26676
26785
22311
12083
19980
18654
19588
24493
24648
17879
29411
34458
26967
28095
27038
8733
22911
10921
21982
23061
29351
24995
23630
22692
30744
40974
9660
29195
27195
23572
28549
34538
46261
17414
19363
32047
17747
22048
23282
15680
18365
41038
9898
18901
25774
21856
26063
10098
11811
3279
11426
20173
26304
24072
18391
16936
35364
24193
24547
55288
29818
18840
16081
17002
29326
26420
37610
21778
23989
27095
32904
21352
24452
21269
35082
19776
21267
17333
15400
18477
22381
19859
18628
15435
34861
24712
20419
17552
5250
20914
25746
18468
16940
22778
25449
38672
22467
23025
19387
29175
21689
27413
19145
26144
24493
21558
15945
16092
24776
25846
22323
31566
20273
24050
32104
12554
23146
24467
23568
25298
25154
36206
22572
19422
29866
27700
26224
36538
18803
19066
20267
21508
21425
21526
29541
22320
10381
16532
16294
21454
19820
23753
19168
24482
23965
22294
32261
32307
24405
21341
18037
19869
28497
26275
22900
5986
32066
23097
37620
30101
12922
26242
4179
23542
22804
25608
23025
31798
34993
24483
42939
25184
20663
39318
16342
23478
23808
32544
27896
26520
19811
19859
14785
20378
34545
14597
17877
26667
33748
21950
27776
36526
51606
44342
25950
24812
19562
24690
29277
24139
25661
31894
46990
61353
29794
14820
21904
23987
37609
23890
18554
25248
28690
17270
21610
22086
18327
25647
23156
13145
29730
21416
23648
25085
17372
25041
29096
19267
27301
28236
21602
28693
44283
27395
25075
28462
5110
21204
14694
27919
24396
12801
33167
29942
26876
22261
26269
25789
32162
27476
24861
27418
26358
26489
20735
17086
30373
12494
12856
25747
19975
29248
19547
24504
20512
24589
24598
18172
25462
23230
17957
48110
22381
39633
28213
16987
23227
25481
34904
41506
29662
31841
41982
19960
32268
19581
24425
22947
21903
19982
19096
22914
24261
24067
21606
27219
40636
25986
25030
24412
29742
49087
23372
17621
25052
31936
19762
19299
27875
43271
24248
21961
24668
27956
12699
19418
14567
24776
24838
15414
12164
20509
40389
13643
23604
28100
37176
32770
35206
19972
35275
52804
54161
20486
25319
20538
40806
26617
36725
26540
23147
17233
25128
22464
23248
19326
26809
24900
13590
21612
18182
19822
18043
23687
12558
34151
34326
44398
27265
14186
16507
25400
19427
19525
15393
16209
23460
22719
26753
23907
20549
25250
23368
27533
38734
22119
49187
61620
21262
21250
21992
24495
18897
29313
24625
28394
23197
24970
19571
19327
17251
21479
22417
18317
20109
28839
27298
21793
28679
16439
12564
20224
37140
59336
21963
29858
58123
18089
16855
26178
22668
18741
16956
23908
20845
25135
24280
44342
23519
27594
21563
17120
29584
23659
23190
17453
13748
30304
35814
26382
14803
18208
25281
18295
5224
22847
12562
28064
20747
23587
24276
21587
26161
29865
23371
29538
26381
20003
23672
20966
39426
51895
42607
24925
18446
21756
22709
18211
20693
21892
20559
26881
20102
18850
14614
23394
15427
23964
18721
15738
14874
23523
28884
24579
36946
22055
17760
19655
18615
21484
28274
15840
26004
28256
18849
17539
30888
13183
34734
25020
31309
28058
21437
28307
12534
18824
28770
20354
25788
21694
35554
27229
14987
21329
25678
17591
20862
18684
16176
18620
21549
27827
41845
21883
25687
21631
25450
25744
30700
26361
23825
24818
12667
17659
16391
25364
24357
13898
24656
13880
31032
24137
20683
20343
25472
20168
20640
17469
21065
26083
14133
22109
26009
32502
27202
22716
11751
22581
32103
34666
18570
19866
27978
31834
25927
7240
19905
11928
23741
42545
16087
13496
16242
27632
12535
23885
19566
21350
25184
27112
16277
27414
11276
13487
23068
24841
27865
32652
34180
32324
12879
34311
26063
51288
59157
25102
21599
43172
24509
21287
15848
16992
19626
30948
20569
21029
24431
16613
21924
28345
19387
23178
28042
16568
20940
21980
23334
31242
23920
23306
28117
22524
22269
22165
19931
15958
36241
20602
19976
32744
19284
25676
11070
18073
38544
43798
15582
23861
16349
18075
18365
25376
25883
21802
19387
19080
28032
14286
17083
24437
15576
20881
29634
43238
15902
12869
17265
14470
23942
10207
26128
23148
31438
34654
20311
30494
44560
22915
24075
16933
39040
17391
17233
25033
17809
19919
21459
18072
14076
17141
15727
23946
25634
27462
17966
28012
21801
20757
16416
14936
21469
20708
45488
20850
24010
21807
21454
25881
24310
12090
34231
28314
43920
31087
23454
20213
24804
18351
18633
19036
17526
26112
14325
12478
29071
17986
23662
17021
24183
27895
25361
18145
23564
36158
20956
30996
21044
12858
21672
20445
23944
16527
35581
16397
19343
17742
18405
20625
22499
23043
29265
25248
26062
26537
19790
21594
16091
23662
24305
19034
11855
22621
19574
22315
37571
28250
11254
14959
19617
15212
24688
15254
22622
40480
12203
24033
18807
17784
22842
16953
32827
17062
24328
18887
17170
19701
18973
23105
18283
23151
22468
18089
21308
24861
15991
38440
50937
22814
18126
23090
39635
20197
41025
22978
14237
19735
24050
18979
16873
21814
29323
25397
21392
33855
21154
25643
15762
22051
14768
20680
26528
29341
19866
18268
40829
21736
19329
16056
21200
23773
21805
24275
47865
23191
31963
26338
22276
32036
26984
24624
23302
24045
15653
25580
18346
12377
22980
49099
92039
91303
49271
88105
147133
165220
3865
16189
21947
15075
23092
14515
20314
22208
11123
15104
4879
23627
21591
13927
26938
16514
30839
21505
26538
25741
33866
52445
53394
60226
24673
27042
25302
35764
23849
29190
21154
4766
26956
30849
15041
24123
21036
20269
27317
27907
39412
23036
21542
26526
21044
21672
23771
9636
23200
20378
27205
19295
24092
32205
22052
41737
10638
25321
16338
21090
26044
18153
29720
23611
25331
23386
23327
19304
11981
22893
17628
14284
5375
21340
29203
23999
28299
24499
26621
21253
21695
18197
16734
23699
27433
16645
15238
21318
21399
18760
24546
23807
16630
23418
23220
17792
26818
18292
20034
10929
18422
16894
22497
3633
20735
30222
12986
20807
9843
24950
25909
19057
16076
6284
17911
29351
19527
23880
19568
18101
23262
19890
23594
14752
13334
27150
24382
27547
17823
21603
20974
25682
21859
12195
30715
26907
19463
26920
18776
20357
34529
31345
47799
24227
25090
50792
36042
21058
16862
23636
34860
29598
28734
18093
11525
16769
23110
22251
24621
17901
28462
20945
13981
11937
28243
20596
27645
22800
21173
20758
21622
37954
30863
65532
24714
21667
28376
12876
24375
42089
25033
27501
21700
27084
22162
21505
23420
23923
29748
16316
23338
24318
24851
25450
27660
22884
24274
43108
19126
13139
19819
26300
11893
16227
33207
17369
17183
18748
18303
25538
19055
30665
17268
24783
24635
25220
13864
10512
30553
27323
20054
15894
18720
16676
23301
17574
25794
19299
23361
22261
21234
22950
29715
27103
18395
13846
23601
21756
21602
13228
27081
29818
23699
24221
21857
23006
21496
23917
21698
18173
12874
23565
35304
17721
18778
25479
39629
14329
21453
20797
21938
26375
18720
20955
22602
24756
20243
10105
24067
29943
21718
31257
24281
25963
18253
12795
28146
15293
22917
26949
20197
23864
24011
19111
22198
20502
22139
21602
28505
22333
28926
36716
25265
5226
24590
15869
25640
24997
18327
26164
22724
8857
19494
23515
19038
18797
26587
16587
15013
22421
17987
24701
21607
23161
18974
23093
19157
25846
24296
19639
23492
40128
29044
29284
46281
23818
26427
20416
24407
26177
20357
20517
25184
12319
16027
30241
35142
27328
10415
26868
31120
23799
16885
23356
25358
19961
21500
18743
20046
17156
23740
22220
34193
27890
24528
37870
24187
40509
39715
25557
9956
26217
18501
16736
26151
16407
18853
16515
31565
36513
17007
30430
53539
21767
20700
31280
23365
21077
22016
42834
19425
20565
21162
29994
17951
36067
24158
25714
27381
28291
14737
26186
22546
20493
25034
24152
22428
20464
28227
17960
21733
16783
26729
18242
24814
26647
22383
23185
18600
42609
60984
73384
79197
69670
65759
22363
16833
23139
22520
15396
16171
15659
18856
10294
17867
21704
23486
34804
28600
44438
16137
14747
20344
23011
24360
18265
23541
23040
27100
22430
13718
22967
12237
18996
25474
23745
25187
17333
24444
16685
14042
27271
37725
17046
42013
22234
21797
24203
43367
23383
24679
30863
17780
17058
16944
18783
22105
23971
36217
24594
21988
14871
24800
15975
19336
15587
23010
33430
26238
30694
19468
30950
25177
19205
25345
25979
21767
20663
21072
24600
19568
17605
15483
23631
19447
21532
30480
31204
33119
19212
24856
22245
25627
20469
13350
21538
21941
48021
26262
63733
23764
26549
22642
27241
24715
23308
49751
18415
15303
18221
12759
24708
17012
15753
21823
27188
22665
19945
20135
21498
27202
4652
13345
23864
23975
25322
36544
29404
20857
27608
27729
21790
22322
19445
30936
24222
23926
24720
29907
25644
20297
20449
37506
18840
48767
37593
19765
30739
28518
17246
17543
36689
56167
25316
18836
22077
27015
39359
25181
8828
19748
23389
31890
24119
22516
16018
35287
55080
23028
25378
15843
18658
19995
18555
13230
22793
16553
23459
23467
18398
18071
29187
23430
48365
18230
26995
20247
18834
26937
15308
18576
27280
24537
23342
19192
18613
23969
22769
22270
25875
22318
26347
40567
31601
14946
25508
24486
24333
17536
20092
32728
31440
20917
27188
27352
38105
19716
13390
11345
27213
24398
18485
15317
21114
28224
19618
21650
51922
17804
12704
23701
14926
19941
18560
27114
37224
25188
28727
25757
21316
20846
28478
24006
33307
20505
32370
15023
22585
32308
47226
19218
34258
21840
49297
59894
22241
17963
18714
18458
16962
19271
19278
20143
27153
25458
15568
34127
34899
18998
15187
31541
22446
24101
26381
5228
30886
21900
20285
30700
20515
26619
45281
56332
54654
22943
30243
40582
27668
28797
23244
18026
11140
17779
16881
23676
35693
17145
25237
35079
25743
44831
15188
22676
26254
28950
21119
35293
25886
36949
31850
31626
16098
16079
24746
22046
32928
25446
18581
14495
25023
28660
28050
11539
37007
18348
17015
19927
32207
21922
16234
38559
15396
22993
23389
47817
66480
14526
34048
34173
39529
17006
27279
29284
25898
20881
18344
9850
20959
20722
19668
42244
20416
20212
14118
25117
22848
23032
16904
14769
24940
26079
21544
20262
25483
25895
22283
34415
15026
25989
14409
26501
15084
18204
19295
15678
14012
19368
23328
22417
20089
20145
29287
24358
30583
18918
19968
21674
28627
23086
18771
17387
14751
18067
13415
22594
21353
25211
26444
16156
21811
19391
13706
27521
24293
20750
23061
22225
15844
25716
26888
29557
23666
42118
18548
18729
32502
22261
16756
25507
14889
47556
45714
17612
16504
18981
23026
21843
21623
65665
27613
67428
20365
21164
17947
25510
15559
20620
20213
20781
26824
25158
20337
27106
29334
29759
17096
28358
24113
16081
21920
21593
14951
21432
41053
16644
18597
16505
22567
23492
22109
22397
6418
5858
23988
12356
25781
27327
24245
6104
21604
21853
29513
16534
24018
33333
22139
37812
28733
26601
10220
27101
28556
47666
21138
4644
25682
11308
19939
20061
40126
59946
40380
24930
20997
21826
21602
21886
24101
21254
20642
12595
21830
23258
21852
24255
28517
28510
30123
20247
17070
21510
16105
20861
28908
17279
21723
23812
22358
18775
35894
37497
30577
22371
19603
21669
6665
20871
25182
21919
17312
17587
24893
34302
18136
23030
28389
23692
45152
23150
20809
23200
16982
23763
28528
22366
20034
17628
23321
14060
12598
35129
13700
16859
20613
18806
16528
14875
22440
20659
23128
15858
24003
14804
23559
25264
23753
21088
27974
19355
19360
3755
17601
18777
23312
17405
26802
22282
25318
20313
22869
19151
17857
11117
16012
28846
34035
18367
18338
13964
18647
23598
21898
13964
22177
24799
22579
18843
21476
19885
14009
26834
38288
29822
14510
22364
25603
15470
25011
35530
20645
44278
26739
24508
27375
22640
27637
22592
22792
20571
25729
21828
17899
4121
25049
26135
14248
23704
29295
24486
21875
12934
26527
19064
23991
16381
29452
24914
13967
23569
24039
23663
37520
30190
27682
31079
26105
23771
12261
23942
22093
17558
18179
22743
23530
23714
41374
20454
26456
11477
19847
19901
32382
15366
11635
17007
22430
17453
19602
15394
21804
13662
18343
40226
11918
30526
20413
19674
20117
16136
29395
23106
30019
18688
27435
17615
17043
27898
22313
23414
23773
24094
29288
36974
21209
14484
18015
23244
28561
19514
22955
26813
24729
25474
26383
17248
26100
26391
28660
17626
18090
18558
3387
32366
18093
27719
25487
