348657
311839
226384
1006338
406551
572189
1469358
639009
157702
115417
215511
205986
3164035
123606
66811
150061
4150904
190045
4148340
3780363
93134
4295200
64033
4540663
110197
107441
4742423
4862020
290117
339190
471152
301377
5751020
452837
317494
5658811
5673844
109063
6040754
194309
6319475
255680
6561834
246101
7299054
162074
7952304
32300
36940
8330234
6779212
6705048
5608572
269898
5964063
68780
6245042
6193328
5597952
5211958
133966
333973
5373728
15104
98042
5722529
5456268
5632657
5927076
5923843
30931
5848100
5832951
5634325
55472
214686
100601
5681097
6160194
77210
136833
158081
5696775
187945
14477
6572763
167658
6402535
5364578
5008349
5352880
227968
4802702
4575557
4559175
4848621
6244945
6425767
6543015
6756766
6791879
7118998
7215169
7949249
8675501
9127733
8402094
8117508
8048575
8406255
8302689
8439642
8213514
8600629
10843845
10852935
11078337
11418931
11568018
11243986
13661673
14731792
14392540
14360482
14674689
14012104
14267820
15489962
15124557
15173109
17370792
17546950
17918070
19253122
18815770
18795892
19037143
18853705
18887980
18808004
18781943
20277842
21008041
21378583
20785421
21138981
31051237
21867837
31083471
21629488
29146744
20780816
20541123
29171653
20573692
20386168
29040922
28226224
28210181
28660948
28583211
21637053
28223712
28333333
21972712
28242995
28088216
28091006
27951058
22135239
21983979
27833440
27554731
21927806
27227469
26981888
26908441
22137822
26931389
21532141
21348482
27230173
21580705
21169822
20418659
20009643
20277700
19967751
20181150
28915687
28053133
27657294
19981895
27316869
27168748
20013567
20112831
27426900
20741294
27700125
27710692
21070759
21074754
21317858
28988867
21818505
29226902
29158641
21987828
28521099
21821594
21687808
28852046
28726091
21141827
21603788
29748139
29835971
21860137
20215550
29345539
28392428
29054206
29214467
21422243
28952211
29053072
29391386
28682441
28272117
27981860
27586625
26971079
23095474
27141096
27270787
27036606
26890922
24120856
27479495
24151892
23568051
27776902
23503862
22783872
22724900
22803592
28643874
23021280
23608383
23474938
23379249
29888874
23903672
22739084
30854525
30716492
30781593
23420150
23161299
31638828
31524196
30515544
23678303
30883413
23756259
28739834
23215620
29386657
29292588
23932152
29594461
29519519
24366508
24447672
24526196
24583947
30441810
25282473
30694437
30692226
30347222
25329050
26011581
30473368
30985123
31721375
31113477
31607597
31437546
28603927
31322290
31129581
28803225
31444637
31643568
31628425
31180356
31373061
31693898
31379951
31794331
32085262
32412834
32397714
32060244
32313898
32327084
32400647
32404020
31617592
32069794
30512065
30551675
30690111
30593693
30678375
30565007
30131766
30154843
28492131
28318628
28584548
28912945
28703372
28983190
27706986
28079081
27638576
27928717
28252780
28200270
28213657
28044409
28158456
28198459
28254427
28518762
28862747
29098060
29087073
28805135
28709280
28395478
28033589
28268737
28009044
26595536
26045208
26022171
27394005
26617203
26902559
27000765
26714947
27197801
26574858
26437846
26387661
26683624
26205027
26014315
26487667
26396831
25744925
25355019
24896380
25317246
24758658
24634335
25078730
25068220
24623092
24299198
24627385
24546111
24945676
24601555
25042519
24602903
56227413
24494405
24142596
56065631
24222183
55558097
24245329
23914096
23862936
23851076
55489871
54778283
24359344
24808972
55430240
24134899
55731405
24191989
24899918
25303855
25340469
57183052
25522561
25168168
57396113
25494188
57520918
25772769
25777572
57686944
57593221
57232320
56534942
25880170
56020059
55354617
25851569
25354902
55110315
25489938
55753111
55403383
54260431
26451777
26471007
26215285
26910730
26967753
56146090
55840482
26603699
56443035
26614083
26666933
26592552
56782091
26389446
57084084
56801975
26915616
56807888
27250690
27277583
26853507
26868086
26596030
57043223
26723435
27002157
57277819
27221116
27123700
26496545
57452368
56872529
26149633
57166779
26729606
57513675
57768703
27379558
57332312
57526958
28036760
26585465
26572576
26296763
26177780
26320932
25289807
58856125
25639965
25659616
58518319
25613674
25549643
59085137
59281030
58078635
58036024
25900186
57896173
26118876
25710286
58019042
25827922
58232078
25958504
57206999
25762830
57512945
57421389
26492683
58529310
26513055
57778438
57819742
57942497
26886347
57602785
56792651
56505216
56599406
27470484
56024626
54740421
54878714
54716927
54726054
27758075
54883751
28105925
55061486
28164691
28229056
28038906
28045023
27671559
56737190
55724117
55791011
28518814
55150229
28415121
54551700
53377394
53354016
52487280
28733419
28665072
28751329
53085318
52518961
28705732
28927888
29049885
28939191
53351344
52874000
52440500
51833663
51841086
29828647
51635754
51527975
29558596
51777495
29613718
51713569
51781867
51510279
50839359
30401751
48771834
30507024
30024836
49450110
30622370
50571856
31114591
30890674
31253250
51614268
31708825
51792104
31463474
31563709
51874827
51648058
31477505
51720096
31988693
31940072
51960480
50886372
32226754
51042491
31435699
51340644
31456440
51359113
50488857
31347238
30832392
50627697
50494197
30701493
50733460
30080533
29920590
29977611
51463896
30709255
50407332
30280323
50329359
49313717
49086305
49115079
49245268
30055909
29772041
48977115
29715256
29591442
29310407
47335588
29725049
29738273
29466601
48192799
47354313
29836765
29842002
47675882
30138778
29762451
29414255
28362860
27814260
48550401
28701825
29030408
48462907
48426265
48472056
48679861
48921189
48237175
30366463
48254466
47897206
47818287
47632048
47276901
46755672
31250198
30950044
30970982
46726048
31505238
31512041
32016988
31645040
30790145
30610896
30537259
30847385
47282187
47029514
46970963
46820654
46851749
31645291
31537162
30438685
29991297
29987109
29368447
47924746
29162221
48778341
48840569
29512925
29320711
49116202
49042246
48134623
29783359
29475552
29701909
48736318
48650426
46782109
29799838
28695937
28424878
28086782
28056347
27701806
47584724
47544829
47108129
28799931
28792580
28817761
29380062
48155991
28863280
29248008
49081193
48365721
28805461
46996328
27707470
46503229
27972637
46983266
28322422
47579388
47180057
27425358
26946710
26896659
26549268
25792239
25564965
46797382
46099359
46074550
45776638
44554850
44413036
43769488
43388122
43421380
26353116
26242086
43597337
43591513
43848028
43974069
44243296
27830840
27857362
44342010
44401126
43279898
28101409
43594058
28145287
44117865
28260726
28413506
28276451
28237105
44782575
44689112
28165293
28332687
28277448
27848292
28081362
45398637
27666343
27499322
45521990
45724087
27680231
27872122
28295662
46681116
46723397
47178788
47288978
29343586
47398732
29229559
47212678
46999730
29520939
28952017
28798359
28582677
28790678
28919096
29089820
28903393
46966374
47224021
29000740
48155730
29278897
27875479
27178059
27224404
27266453
26464163
48795456
48529964
26806055
48827725
48826130
49128024
27016790
26971791
49284521
27504809
27478845
28166270
50377607
28242335
27166353
27195544
50128292
27487889
27444480
50415033
27283630
50719910
51867888
51860983
51722686
29051601
51740926
28792179
28132958
51544938
28274098
28183040
51954581
28382274
28083496
52589131
52418540
28788583
28787538
28758460
53146547
52971911
29586025
29486284
52807212
51338238
30052229
50293839
50446791
29509150
29518291
50582595
50623037
29500176
29261277
51076478
50303400
50222714
29259206
51185759
29621623
29667311
29684349
29301637
51518233
51263518
51482116
29287694
29189364
29238034
51915765
29960792
30210306
52794752
52606925
30336202
30512520
52324066
29658657
53113265
53252643
53295689
52890080
31170692
53252016
29273453
53933214
29674603
29159184
53882339
53393007
29109785
52928043
29159593
29259431
29353410
53701475
53080907
52617392
51037805
29706741
50790206
29781782
51165966
30100967
30084312
51141745
30193835
30052186
51527936
30803954
30984702
30457338
53273654
31130186
30742455
53430924
53472492
53492178
53230466
29621622
53406720
53304965
29856827
29513630
53089903
51002478
51186086
50890903
50942510
30854427
51792893
31629795
50903231
32160005
50689623
32057927
31840185
51317300
50991322
50992461
32345786
32666480
51465759
31824738
51229611
51334975
51374877
50711375
50144128
32022085
32113866
50564049
49183323
47859001
48149211
32568096
48336685
32671513
48425642
47771055
47220725
47377111
33207299
47108558
47174300
47312085
47464910
47392123
33798201
47622456
47491810
47738613
34521722
33696227
49208136
34782819
49431839
49360811
34759507
34953340
49305539
49056247
48581603
34849930
48073835
47993026
34558903
34932586
34932807
34937392
48856445
35280816
48983336
35205081
48559229
47744091
47842299
33809988
33219776
33217807
33067536
32593558
32474686
32701942
47659555
31831690
31936308
47755741
47483435
46303876
32295061
31522691
46459447
31873752
46481262
31850812
31267531
46861359
47148786
32125843
47371625
32018212
47510984
31957499
31526807
30407483
46093515
30340921
46204343
45521698
44684171
31200746
44950700
31789656
45395648
31497643
45743678
45276633
31466221
31327042
44681900
30940160
43917712
30659820
30615387
43467230
30549137
30787348
43857907
44358017
30574814
43387608
43346124
43370981
30784192
30482087
43613413
30496084
43248151
30577787
30258208
30012222
43133899
42214038
30219660
42676166
30144488
29930672
29456713
42393943
29611509
29749815
42912509
29590641
29099706
42607060
29073377
28917337
28140107
28107156
43488153
43490282
28963745
28648434
44047190
43634916
43935774
43636304
29951492
28669931
27899682
27517560
44287558
44261456
43152594
43051925
43214290
28381263
28240708
43176034
42341210
27795567
27592694
27466061
42444185
42414329
42429248
27681482
28010396
27304065
43034664
28042711
27661555
43166067
27346343
26309967
26215355
43635349
25963972
25786566
44685731
44606382
43763869
43676071
26231020
25788337
25829993
25501692
25810571
25649056
44705188
25644697
25483698
44916050
25029173
25779461
44903979
25772593
45299761
26247075
26313216
26609026
26493784
26474680
26492441
45783595
25997617
45771143
26391324
46366032
46029746
26793750
26322853
26270063
25374407
26183404
25952697
26172957
47664299
26830691
47831551
46095970
46002901
46221692
46504824
27890837
27065146
46695721
26478200
46675902
46989102
26748262
46809319
26523067
26521053
26242894
46824558
26547372
47278414
27165706
27012594
47380958
47387772
26896131
46823808
26547701
25896332
47334448
46749412
26292114
46493799
26284912
26351722
47336178
47434044
47054852
27051291
26952546
46906355
46695264
26837712
26258760
26580941
47443043
47645032
27968351
48449437
48095542
48737033
28697893
48821549
28807689
29109920
28803421
28640031
49831265
29136350
50057364
29310062
50136837
29724605
28839721
51111096
51198296
50960591
29582814
51564639
51502531
51400846
29393966
29330424
29559029
29500456
52335448
28937807
28972110
52774860
29130043
52724314
52715853
52560349
51048446
29357165
50615455
50777132
50268631
50519334
30274123
29420392
51335809
51182653
29310974
51224722
29513194
50417426
28579099
50470825
29120878
50453470
50400445
28985996
29439658
29466735
51116604
28854558
28531436
50625912
28159336
50991389
50834369
28519298
28966935
51711044
52058526
51461022
29949699
29583530
29655296
52704159
52542502
31352098
31248088
52956116
53225565
32790833
32233200
53941614
32347602
53705801
32077213
53928063
32914290
32627685
32848459
32990391
33104016
55554612
55424528
33484668
55105396
33617501
54996081
54903511
54805081
33155548
33182967
55092888
55097958
33901685
54841855
54245074
54016987
53978838
34660342
54551913
54202577
34575215
54578507
35360682
54528333
54998256
54565616
36235355
54708456
54100929
54021658
36016186
35108087
35755546
54458981
54955725
54327897
54450849
38462088
37878589
37959145
55938965
55803608
38702403
55219343
55264522
38840749
55435018
38732203
39328530
39480902
56877387
57154130
40482322
57366861
57294565
56255571
39759271
40068001
39877349
39836213
39808554
57703968
57570894
56724664
56501695
40106605
56333568
40245916
55290066
55214664
41007502
40961742
41377272
56895078
56850563
55925108
40524834
55399227
54744107
54307198
40120366
53842963
39900465
53823719
53413915
53456962
51785037
50993654
41342652
41878968
42081141
41479305
41211035
41205526
53806235
53595752
53526595
53344937
41962941
41399205
53662771
41031507
53982354
53793302
53826250
53665533
53945795
43225370
43274673
54509143
54509952
43389530
42894631
54273332
42610844
42152644
53421400
53395843
52918245
41873910
51966207
41040215
52097457
52063362
51872297
41207485
52113962
51378867
50981735
50219154
50577465
50129551
42080604
50316898
41973008
42079206
49449980
49176966
41850025
41583775
49168475
41199109
41267831
48255811
48384216
41369534
48607085
48213568
48888743
48816874
47863402
43154840
43050508
42791829
42168936
41347986
48505954
49342134
49509993
49408244
42993183
43255246
41127881
50087139
50366404
41900278
50617784
40621988
51467740
51134917
50317349
50278399
50361114
50463501
41870436
50095240
41928644
50159513
41927232
41333318
50602120
41419725
41240910
50037316
41052387
40852909
40522012
40290127
50513437
50067984
40337894
40586457
39879699
39180387
38691805
51487751
38182319
37188549
36914588
36962325
51394537
36364937
51504355
51974964
34882093
35824115
35862612
35102771
35091004
51820514
35177172
52260162
51657265
34648373
51704625
35184518
34008655
51055478
34069674
51397759
50809787
49393587
34795238
50436429
35487179
35373812
50454533
35184531
34151632
50684276
50781214
50747335
34305812
50152449
50130033
33791153
50221169
34519457
50462765
34122285
50933472
33910389
33357940
33476155
51344612
31911531
31642131
51345458
31680838
51336742
50759717
50278139
32209438
32949978
51012212
32791832
52032334
51486163
32711377
32538284
52336303
32859029
30829086
52410577
30755838
51718822
51162465
31087947
31130977
51345924
51338334
49436497
31861976
31895531
31887572
31914597
49607383
49505015
49437999
31783739
49731024
48065287
47464126
31407909
31326942
31506992
31115197
31294143
31177400
31100339
30753386
48262152
29003934
28760977
28960120
28876326
28794685
48914121
27524361
27447366
49641907
48203587
48127812
47600218
47646124
47236577
47146000
27989237
27191765
27030484
25566712
47627665
26327628
26269716
26455312
47362779
26611462
47340974
26542757
47969533
28039025
27974091
48862516
48825519
28139812
27817560
49069580
48827811
28140472
49198449
49552940
28860157
29214805
29015149
50230771
28804922
50176511
50265208
29223885
48112918
29510264
29465447
49048670
48940024
30083417
48917133
30381846
29104663
28400977
28407004
49468309
49160132
49061949
28865157
29186395
49744580
29178555
49802415
28690394
49142650
28188858
48336898
28519814
28185938
48669038
27435145
26552231
48944810
49182365
49217845
26806922
49538278
27163876
50052582
27644853
27763270
50612832
27382892
50717011
26876804
50721807
50503610
26812258
26829200
51383735
27353491
27161451
51826658
27204366
26920971
26965794
26456840
53511403
27090113
53188470
27194558
53727019
26590587
53698295
26718491
25888993
27046029
54743348
54920129
55039485
55313456
28154877
27443748
27405366
55193529
54909537
55631342
54895275
55016357
28052752
54849760
53735120
53364530
53240795
53217684
29010487
29470210
53374573
53191491
53367983
30383514
30239918
29483012
53007737
30135965
30161019
54418290
54589190
30975560
54915761
54781882
31364054
31417642
31380673
54833939
54572368
54917423
55314042
32952398
33485161
55731168
55601123
55425351
34213093
54234535
53582862
34396796
53286671
52675172
34800912
51142833
34931792
50646656
34552641
34283054
50908606
50351002
50109486
49839316
49966424
34345931
34384108
49798255
34310505
48869853
34602604
48536047
48346640
33822902
33915746
33474158
33142724
33136515
31737266
48888276
48948734
48847151
49008749
48447536
47990551
32442299
47490369
32235285
47046578
32759106
32254379
47053777
31224150
30816372
47467487
47688893
47816669
31756896
32274349
31654578
31489243
47956239
47128438
31868245
47308196
47085412
31829952
31653140
47087317
31781715
47308390
47705197
32862207
47388077
32686810
32695273
32181780
47713558
47732693
32204398
31954400
47891334
32298529
31977983
48246787
48516162
32539740
32741117
32801601
32809005
32310663
31708718
31399506
31507193
31293355
31319386
50401860
50941794
32043643
51106117
32368425
32279369
32042989
50822144
50161877
49606224
49586061
49622472
49701487
49662031
49683283
49811990
49363593
48066644
33664784
33413448
33980432
48926162
32695881
48497072
32520304
47639965
32223784
47832007
47629200
47742721
47569869
47564750
47140230
34346568
47395283
47100301
34443373
46641586
33333137
32212786
45739059
45936777
32773765
46599532
45465436
45266496
45419510
33896880
44926533
32689474
44959677
32071531
31975799
31028999
45664664
45778294
31305934
31278864
30696327
45917232
30711915
46307499
30547416
30448783
46580025
30822643
46928300
46661653
31155697
46433145
45658715
29879018
29283015
46008748
45856911
46025227
45166838
29626286
29938204
46341050
30215388
44954877
30054625
29965740
30059747
45124597
29729833
45183843
45119828
43847396
43593613
43274816
43116807
43221676
43318874
31499756
42993830
43768748
43628715
43630976
32925197
43763104
32699725
43237362
33229271
43682947
33582389
45055998
44274040
44452159
43889214
43522356
42269134
35418944
35648092
42516037
35948741
42572742
42770396
43237537
43609507
37661479
37074047
43690598
42983887
37476341
37524464
37651264
37750527
38133303
37267939
36615877
36560951
44020995
43537932
43490720
36346719
43749217
36819029
44535520
44762354
44834351
37299454
45282060
37714105
37779066
36897172
37020473
36567624
36595832
36684480
37012397
36608944
47781961
47442519
37179681
36707581
36410241
47984863
47914013
48138980
48159491
37033097
48212694
48076770
37316025
48403825
38177150
38472767
38769644
50263696
50150478
39514837
50205095
50214907
40108073
39947190
50635689
39226748
38471279
51074448
38714021
38912643
51735478
37654054
37693561
51925446
51816063
51635084
51221251
51098782
51225602
38170407
49929517
38428715
50272006
38725668
38847650
36608387
50491857
36776710
36658245
36635774
50367233
36195271
50396981
49899427
35837653
35965481
35608585
35391515
50129569
35584855
50683789
36057162
36379525
51595618
51547464
37274539
51603330
51289699
37332868
51322693
36915700
49137962
48592243
48363343
47887028
47955025
47751918
37356066
37187213
36795523
36615973
48286540
48493222
49176876
37780614
36823360
36094807
35445509
49461896
49499073
35637052
49417537
35704144
49489380
49203595
36281037
36047073
34254049
49039398
33034733
33280623
32564294
49568123
49448888
49135527
49056154
48773366
48583354
32694562
31703170
49222575
31923503
49425524
32418034
30552268
49861283
30598450
30194060
49983417
29851341
29438936
50001111
29929374
29584079
50725827
50447612
30365934
30461233
50590561
50860618
50898285
31214402
31182591
30561352
51445035
29385831
51141974
28732344
28732565
51478213
50654362
28662006
50459945
50035734
28961399
28932603
29415017
29131503
28946830
50661043
50310571
50037518
49969189
29570320
50342439
29451519
50342380
29442552
29376431
50122940
50231756
50122239
28903370
28506356
27610168
50305560
48997187
27910323
27469989
49037542
26696458
48874428
26220627
26045418
25969570
25895751
25782652
25970884
25775858
49578536
49425379
26292100
49736280
25469846
25530766
25293372
50484828
50495651
25011725
25010296
50288108
24732712
50442887
25178366
50535679
50432266
26599138
26907524
26140156
51065204
26151544
51271296
26304242
26439753
51771754
51707498
51483571
51188352
49953744
49946355
49725673
26833770
50251337
26519206
26212421
50364868
50196962
26056433
25741086
25619131
24977831
50972429
50659378
25105661
25340800
51187307
50821666
26738340
25525218
51714063
26125066
26126771
26231441
25895905
51467616
51568614
50048120
26446812
50243727
50914056
50659412
50231775
27470211
27335613
27319714
27088973
27297612
50365345
50274334
27563093
26835773
50107688
47608548
47935177
47395975
47680515
27216844
26855317
26474625
27245977
27235328
49298033
49002350
49211269
28179047
28130979
49390549
28127522
27986879
28022759
27530984
27818537
51207078
49454286
28018430
49571864
28867281
49905014
50199840
49807902
49337956
48871027
30196846
49351770
49425037
49651068
49569120
31209335
31355898
49892935
31362435
49916144
31193858
31586406
32414278
31910979
31762207
32033240
31398429
30980272
30975964
52370214
31416341
52418657
31258513
31289822
52207673
51949434
31580756
51767415
51372263
31088730
50738381
50113607
31210336
49782780
31248732
31349836
50057516
31888928
31805804
32353557
32273390
32370769
50860224
32603213
32031580
31716668
31447224
31199248
51175604
31268235
31328796
51595456
51698319
51774772
51860773
51971957
52093894
34081081
53028053
33977650
32732497
53036809
52724674
52082968
51975777
51955544
52201729
52170217
52531046
51696165
50975441
50954820
34029454
51105190
34289707
51488058
51655061
34518769
51862710
34561361
34201108
51455745
34208782
51016058
50693013
34331362
50897853
51025890
50354701
50713463
35381545
49851836
49557940
34688693
49921482
35132131
49659068
49426060
49078012
49227481
49184555
35637761
49156480
47914807
35965905
35554107
35316284
48076357
48146953
48605780
34666220
34711182
34220156
34453169
49545810
49846697
49558450
35973001
36021120
49773922
49731656
35595403
35171994
34877542
50124397
35133894
34735468
35015324
35050965
35315022
51701319
51369851
51665367
34880352
34944792
50672632
50707288
50214111
34707722
34034984
34029686
33137399
49844275
33315733
50165309
33565447
33107571
33724886
51076528
50750752
33773208
50895394
33347766
32483044
50455321
49221631
31949993
49095037
48814287
30887601
49145584
30054961
30896836
50547220
50569401
30986935
30971795
50940358
51189965
30693179
51289143
50902808
30436065
30515395
30395680
50942189
51103685
30332618
49981283
30800797
50499781
49748693
31068770
31258435
30885761
50193241
31142880
49205718
48933443
48693487
31614455
31568383
31409681
49203287
31355494
49131467
48866967
31463875
31383276
48609027
48136355
30907988
30859368
30331927
47901686
48252318
30856978
30541849
30346143
30467527
48305474
48090986
31132306
48695355
31404034
31606302
31555811
49157152
31891958
50058934
48269339
48725102
48531541
48466475
46313170
31485236
46519314
31103086
30934435
29272854
29029128
28657107
46377046
46279231
29035603
46259841
45816715
29800583
46824379
29516559
46670772
28939291
28026829
46604095
46859873
46339425
28754061
28226862
27729791
47006537
46728187
46591197
28291394
44979104
29907755
45075448
30333852
29350536
45511309
45525875
45329637
30372896
45984398
46480903
31141113
30849802
29091844
29345158
46875440
46799900
46628117
44470250
29994647
29689236
29940872
44968649
44404001
44083859
44639701
30806030
30816674
30196441
30723297
45821177
45905792
45749244
31532711
45804911
31313622
31196106
45725448
31419640
46158247
46338319
46193069
32279300
32278549
46718020
32554639
32650412
46927367
46860837
47081212
47060383
47004720
47039429
33406466
33798649
48172582
47811795
34083669
47899000
33839514
48125302
34355700
48054390
47851364
47493068
35607825
48250995
47910823
35775508
48528230
35781282
48227714
48561824
48758247
36432327
48871083
48646071
36150229
36190952
36273199
35834026
50066013
50083797
35834657
50162425
36049037
36234258
35980376
35398925
35165124
35010610
34823417
51156952
34880001
34487882
51735756
51666858
34698059
34684568
51530302
51465695
34872897
51184259
35526038
50463849
50268269
50297447
35853004
50542643
36634619
51272071
37145821
51108908
37348870
50196581
37687288
37623718
37609252
50431077
37631235
36873001
36484524
36567246
36588347
51065425
51106996
51091482
37190500
35145352
35098187
36006393
52614239
52393487
52094642
36761316
36731118
51804078
36895102
52202088
51934284
51947016
37151391
51872113
36421367
51786721
36101098
36074594
35985303
35450934
52898316
52494655
36039292
35833449
51266819
35376942
34824494
34437093
34991059
53436733
52907868
52720672
34594981
53088775
34406560
53207629
52905766
34717334
53193202
53170646
52630320
35962450
35679312
34933089
34959546
34763773
33563697
53875484
53430608
34720901
34816617
54086360
34068560
54476186
54656343
54091396
53866048
53715543
34055918
53828534
54041586
33957272
34108926
55109865
34656898
54809805
34110740
34598712
55227428
55281881
34712307
34466773
33944217
55669159
33960403
55370563
54258689
54153602
53747846
33687708
33434287
32912426
31623813
31273032
30799502
54573887
54713520
30365612
30012994
29750282
29925560
29801023
55860156
29659274
55647441
55331089
29638339
29833494
29822372
29820653
29785426
56003754
55788935
30155948
55819196
30185479
29777004
29760167
55410258
55561050
30063654
30073698
55264868
29805122
28895877
28491657
55201660
27814555
27371548
27252121
55664608
54998181
26612518
55425081
27268873
27277407
27575969
28201160
56898662
28332168
28178118
28201820
27206371
27090090
56720625
27464103
56403757
26811985
56099431
26295662
27094567
56718782
57268252
56697410
56147975
27604380
27001059
56109597
56196904
56384712
27641986
27410520
27288713
27672971
56842118
55988719
55840074
27539506
56499406
28207828
28329795
56955374
28400838
27484435
56030626
27769052
55671748
27251685
26735983
26391372
26292807
25061653
56526483
25356068
55810055
25439670
25474285
25537316
55866127
25856314
56332051
56260528
25736746
25627193
56734429
56507726
26808916
25973492
25753254
25821141
57583188
24852571
57717323
24716331
57458028
24502563
24466388
58255482
58339085
58354602
57146980
25224921
57535908
57316591
24893333
57206675
56819645
56806147
56700085
25413874
55928817
55938808
55352990
25611826
25719923
56447567
56180543
26363640
55991958
26676159
26590235
26401844
55982997
56327706
26392434
26371146
55291922
26490080
55465932
55191905
26345806
26333947
54550585
26826424
54449074
26611044
26298467
26160384
55149105
26863767
26993231
55269151
26533088
26559078
27137696
27000127
26581662
56336318
56451346
26993616
26886924
55837155
27225951
55948872
27432668
56692103
28261764
28195402
28146493
56860925
56300507
55796838
28116017
27370611
28090285
27750507
27171461
56473197
56271094
27820036
55352022
27877285
27974796
28169388
55639011
28412319
56062437
28683384
28445714
55126007
28331505
27662573
26918237
27129070
26673675
56327478
56437419
27412081
27648715
56349272
27404208
56200868
27673278
26526215
26471681
56789731
26267487
57010563
26676976
26387427
57298956
26515831
26582191
26456960
26426589
26446686
26215358
26743196
59409824
27189226
27142861
58162733
27023394
58571693
58538036
26483632
26424836
56597910
56643264
56717568
56257737
26068163
56394378
26023754
25606630
25371105
25784239
57586947
26017028
25586996
25157275
25132176
58002376
58038650
25181550
24375540
58385740
23824268
23954623
23316908
22991393
57817768
57620289
23507747
57108198
23864363
23480823
57368111
57169174
24337253
58099540
24722962
58591113
24658327
24615395
58615302
24036264
58917016
59287942
58347784
25704341
25638682
25822816
58809045
57884227
25564898
57863122
56663529
57223068
26291336
26503645
57774784
57899821
57809463
27317591
57286160
57156106
56107124
27226122
56091888
27547270
27515543
27197411
27262104
58053022
28470590
57278188
28421176
27676380
27637266
57785699
57751194
27784206
57396842
57704087
57590675
28366948
28453845
57804111
28256722
57446242
28230100
28452337
27740942
27667277
27501041
27303380
58111627
57536050
27519401
27009252
26960903
57037541
56302961
27266104
56113316
27443078
56030718
55209225
54807866
27637591
27406460
27383502
55199641
55704758
27456076
55332351
27730789
27501758
27122866
27426303
27444391
27402391
27079508
27077910
26863807
57152379
26780954
26824740
57012801
26922632
56570391
27076107
27135631
56941399
26542524
57234153
56788594
55759434
55377420
56517463
55664407
55822491
28702212
28688939
55851316
55122211
29163436
55028858
29288841
55524253
55423063
29682539
54465618
54328452
29514524
54024512
53846562
54128612
30755616
54492541
54462217
31117908
31150202
54383372
55074887
31600903
31286804
55139316
54852337
31866060
55349105
32082084
55877637
55628015
32006689
55877469
32243667
56149062
32450658
55548701
55819176
55866225
55522890
55313809
55161759
54862579
55233479
55058217
54670788
35114959
54478842
54249618
53405868
35535149
35539000
35454324
34911121
34807702
53740364
35206259
54595504
54487234
35330952
54311446
53754334
53688129
53669647
35143631
35108498
52568705
52565430
52684666
36069933
36013085
34518563
52904167
35219872
52549625
35182425
34828842
52330327
33940332
34121597
33413556
32804427
51587915
32638637
52048589
51543811
51645470
34219210
34128029
33985449
32357792
32134948
31934409
31951394
52195031
51829334
32035429
51450240
49486556
49403146
49107901
49179297
48784692
32124517
32090603
31782838
49679184
32079625
50223811
32351511
32403200
32466101
32565113
32549111
51063263
32152655
32424891
32413382
31971320
31762033
51410859
31954709
50576508
49664197
32223334
32170332
50157597
31614742
49976546
49527747
31565709
49504652
31917598
31834193
49431379
48639832
48741396
31945991
31806341
32087602
31962279
48957995
48369089
48747992
32678919
32722558
33097391
32967403
32740877
49244700
48982314
33338649
33276729
33204612
48944407
30728386
48809432
31203608
48998390
30724534
49066147
49690555
30867442
30564204
30013029
28614960
28183174
28266325
49844529
27732910
27703842
49796641
49738803
49880024
27869185
49506621
49346029
49170223
49062928
46906472
46793524
46225164
28478286
27823826
46725303
46540427
46437622
27894095
46339257
46237625
28122270
25246013
46340378
25091286
45921279
25398994
25406426
46305980
25397524
25623002
45892075
25203756
23895382
45853299
24090161
46652708
46354514
46475956
46632155
46379254
45850234
25067823
24563479
46414261
44669961
24945076
44563391
44890373
44701418
45523476
27528892
26842001
46300818
46238908
26978494
27026401
46976920
45522781
45588040
45154730
27752856
27579077
27549602
45918767
28208838
28258723
27472126
27324033
27804257
47436416
47562349
28648030
28705176
28436340
28338416
46990003
46767188
28288206
27319378
46425393
46696802
27707451
46650411
27843312
46793726
27860990
27409372
27213123
27135230
46862210
46752757
46942516
27999471
28340284
28140093
47337787
28248857
47233039
28672016
47080411
47855903
29618750
47762864
47402301
47345432
30066117
29553868
29764952
47841014
30130123
30497491
29887256
48584485
30018571
48327229
47935925
30113984
29787934
48096364
47981292
48410177
30522847
48110576
30957202
48884752
31001025
30714657
30629609
49288878
49201731
31312896
31291288
31550848
31188911
31502352
51123930
50570259
50673456
50375960
31699450
32737616
32209204
32225959
51177688
31314485
31459494
50490043
31419713
50454194
50129016
49970995
50284792
50347850
49730040
50008170
33067069
33088869
50197549
33383925
49532603
33101970
33311837
32755427
49928469
31753404
49726366
31746142
31623966
31056635
49407906
30959815
30680044
30411499
49031503
30664373
49440364
49014772
47913273
31140714
30815897
30864529
48534415
48510990
48492896
31189361
30639846
48717569
48658013
48643669
29807615
29383438
48971572
29220895
26926197
48821978
48150687
47271377
28188997
47412381
47237129
47360240
47018310
47028067
47042671
47046895
47168363
47215037
47230637
46237093
46370689
30361282
46065589
45182509
30922186
45339174
44899794
44705934
45063071
44922807
31667900
31430075
31320829
30900148
44822964
44143941
43805022
43956657
31449220
31472595
31940033
44388178
45196209
45314442
32439325
45641898
45617441
31792238
31843923
31783428
46247261
46864090
33390431
33308969
33783769
48070126
47563558
47488654
47100192
47021420
46640983
46300224
33506437
46147055
34037321
34203060
47580774
46912258
34574836
34560839
34484272
46859334
33526894
33262229
46215687
33310553
32809625
32828378
46913886
46782923
33255787
33216676
33211572
33037232
32990967
33112891
33526239
50218559
50127345
50465388
33899763
50384569
50341221
34530376
34616039
50833155
50320488
50156102
49144672
48413679
35165619
49257278
48901401
49090345
49387742
35567495
35501924
49746430
48726939
47105770
47051558
36070277
46873463
36259745
35231853
35314017
47208411
47182771
46920591
46928421
36440434
47135555
36065757
46930141
35943007
46847099
36155757
35103667
35110989
35828876
48037082
47327302
36087251
36114187
35987789
34369078
34615353
34700776
48158823
47864014
47262728
34902216
34815980
47373114
34844291
47273375
47501018
46737480
45589183
35244184
45409542
45564389
35864281
45930550
36083262
46067937
45734861
45678150
44863742
44174677
44195761
42039004
42476706
42365785
42413245
37280832
41066084
40771907
40789088
37839791
37861164
37770704
38067026
41683280
37851687
38061284
37890559
42399115
41991918
41953565
37905198
42135267
41930456
38145348
37898474
41985094
38134000
38043766
42192766
41911243
38367379
42235977
37945519
42579116
42669652
35918703
35253858
42375393
33833160
34345351
43281685
43469373
42860667
43176817
43235190
42993482
35704526
35524114
43591709
35299911
35285834
43584617
43219423
34985749
42590832
42663530
42660083
41731368
34741143
42330375
42671887
42455885
42269829
35265176
42397623
42783811
36199161
42501378
36615897
34999501
35053891
34696146
43557885
34948084
43710814
43558247
34275327
43757686
43562728
43847580
34362499
43491490
34051450
34167012
34428464
34472176
34416464
44047180
44086839
34741701
43792648
43637682
34829740
43012797
34485219
33110341
43178714
43026210
42923469
33107354
42617864
33565524
33354032
42149446
32929041
42032160
32481993
32196312
42114997
42124940
31589488
30921819
41764799
41074922
40919207
40854012
31232423
40873373
30402614
29608812
41710009
29763570
29089168
28864460
28829574
28917166
42641056
28296762
28392688
43413195
28460719
28125453
27991067
28036234
27245285
26903829
26753878
26874746
44107237
43975419
42295526
42271005
42545609
42698060
42057049
27912292
42536972
38963334
28544887
28321817
39044606
27929244
38889584
38487554
28139975
28103548
38746742
27900909
27626808
27301572
26368063
25824597
25775493
26035974
25763846
40279641
25899967
25668811
25658917
25103091
40471345
25046597
25002844
40875273
40739197
24860444
25087461
24859669
24520748
24366387
24384161
42773760
41999463
24625382
24147141
41731641
22973874
42056033
23407679
42304957
42163225
23441396
41876807
42343696
42447132
24681180
24530488
23722191
22937814
42908737
42575388
22094483
42362468
42313279
42294650
41312030
41128433
22069077
22257500
41617827
22447154
40373058
40500273
39029813
22637738
22194081
22437841
21701691
21743054
39814397
39966292
22400057
40560599
40555569
40644705
40727222
40945738
24300170
41465004
24478467
42411151
25416042
25080621
42140297
41912780
25644536
25539295
42719424
25847386
25518713
43215208
25529064
25473791
25532578
43926931
44659733
26697028
26523779
44656844
44657272
26359687
44246625
26681826
44627004
26242113
25804619
44843769
44699275
25620873
44870881
45070833
44409189
43775288
26815245
26754193
26899834
27013455
26883829
26086502
45096205
26250869
26434670
26345542
45742205
26302350
26326506
26719648
46123494
45981501
27003366
45777481
27004584
45739945
45302683
45297957
44594492
27668827
44916227
44740233
43912741
27529102
26834582
44278398
26999850
44196392
44253797
27552116
27291026
27428840
44917698
45504482
44978613
28151436
27924605
45033954
27884219
27438913
45107812
45281428
45338078
45332962
45337787
28126417
28226783
45001630
44799957
28261921
44811288
44574443
44539305
29209635
44840734
44719329
29193023
43963208
43986620
29936322
30041288
44678643
30323812
44606237
30408122
44894965
30537544
30477471
30181728
29996514
45033385
29694130
30360415
46258083
31048272
46541156
46396260
46464062
47046137
32059722
47279325
32230109
32123392
47277222
47241523
31905556
47266477
47277221
47046869
32133099
47186629
46778218
31178686
47399097
31769145
47438746
47445516
32183929
32141841
47784425
47876088
48138097
32826142
32362064
47644676
46744591
45581619
32603615
44969364
45645140
33194159
46031099
33159572
33206371
32859745
33297314
33409757
32724500
30587973
47233437
47180073
30864232
46996949
29964963
29985232
29497345
47396790
29789958
29820321
30429194
30123472
48558828
30670635
48953135
31394462
29985742
49379652
49358691
30249690
30165881
49422039
29882048
30135199
49406176
30219135
47480083
47366593
46962682
30372068
28952153
29004496
47404965
45194705
28933951
45139275
45022643
44709457
44148292
29182640
44386729
44311707
29669013
30236499
44714274
44494467
30263269
30037750
30060382
44560847
44902464
44956454
45271861
45525268
31600656
45853177
31703610
31727161
31612613
31476843
30747217
29819354
29953216
30088319
47610526
29562975
47376626
47316020
30359342
30353100
47787055
29777978
48209866
30525424
30581289
30536795
30005391
30001270
29700706
29267540
28849734
28307615
28238144
49996335
49915778
48874871
28652219
28275836
49039386
28497461
28488794
28431042
28815694
50017152
49949952
29245314
28300350
50967690
50907887
28758493
50304663
27927100
50145283
50138926
49853464
49425563
49229534
29251798
29299624
48702833
48567153
48615569
29523532
48650798
48289556
48479631
48665128
29450267
48518703
29855181
29299983
49220788
48943803
48975929
48569375
47961401
47546720
30842703
47824898
30916590
30136003
30324444
48093511
48001633
48431406
30693610
48238238
30178724
29799243
29837449
48480210
29761517
47877912
48343263
48236024
30100770
29982014
48142466
48293659
48304893
30835608
30804355
30653542
30733953
30903596
48634462
30844400
30569936
30440331
30025157
49315277
49627205
30870830
30697713
30131447
30701039
30695820
31333268
52155624
31794180
31458088
31467206
31091093
52574193
52831699
31950082
31985390
52964615
53539264
53524252
32877679
53571100
53539387
32656940
53852090
54024372
53663013
53192217
32979378
53329092
32966333
32586545
53508420
53240330
53180928
52918635
52621477
33179988
33125991
52129585
31761079
51359556
32287525
51037643
32552499
32309300
32383354
51628530
51313613
50998982
32834498
50841920
50562583
33104064
50762926
50644585
33025752
32702410
50595000
50858338
50781833
33357202
50940138
32458801
50348456
32361115
50192868
32317318
31431417
31575609
50861423
31896298
31828992
31836263
50761862
50628733
50290280
32248734
31515038
31683581
31612769
31955548
31320812
31501651
51418089
51446413
51420034
31454874
31846927
52046741
32207950
51589435
51467828
50777193
32841025
32115113
50865154
50784282
32319855
31181953
30657652
50720622
49147880
48825425
29991571
48514352
48490951
48622091
30712358
48493388
48288247
30812899
48413121
30742617
30141398
49290632
48871738
48915230
30364632
49186826
49199337
49004909
28523345
28828088
49699496
49592264
29103240
29051676
28460047
50614113
28813151
28796936
28823033
50828199
50850253
50052823
49674571
30121935
29367054
50380269
30271791
50680837
29619681
50937739
30266075
29960004
50966126
49268585
49332730
30801035
30653524
49698963
30749425
30931472
49559043
49140039
31000093
46762871
31036007
30201632
30221092
47675785
30545663
48047107
30146930
