67281
48638
72099
50759
16502
16893
16806
16469
12263
14866
15563
12904
16207
14025
32802
19950
15464
15951
19055
20820
12599
15905
17543
15102
16673
16642
15200
15936
21719
14435
16207
14588
15014
27103
12025
13961
18138
16168
14761
20324
11985
13441
15676
14858
16378
14126
12517
78525
21398
13720
12880
24651
18779
17670
15427
16789
17769
15882
12547
17600
17468
12510
15966
15761
15006
15176
27779
22539
13207
16659
17899
15783
28567
15757
17094
46959
14562
17536
12704
15386
14878
14071
656218
66103
16729
13654
849379
22102
13290
15316
17001
28212
2214843
67238
15232
128842
14743
14406
20147
14996
22523
13864
18488
29074
1361201
151016
13728
460739
197657
14693
186749
28952
15425
15067
526320
222439
17468
16435
451311
20656
13698
22442
437014
15402
305586
152578
207046
15748
13947
214969
18336
15288
1293729
14473
139000
173875
15947
13566
555604
20923
964042
21133
31979
512694
16697
459304
31059
48047
118247
13650
17755
15846
17349
16637
14991
860982
55020
53418
69760
14020
296542
22481
13534
12550
15372
741539
11357
166267
12249
22122
15265
12760
805343
13575
15535
806069
14583
91588
389418
16557
772182
19173
519824
64972
15928
232398
13776
118938
16073
14851
20820
751426
16807
386255
37845
15061
448937
112616
114360
881187
27665
636252
13074
13990
13107
938566
327718
115787
160647
341992
15185
223996
13527
219090
15952
499564
14875
206613
88423
15272
13620
1080573
67011
15536
13040
457138
204040
624317
17821
16052
901270
396075
13020
13293
12881
12986
24196
18615
28022
1707524
15763
192905
20183
420369
34963
13635
1388715
14186
16569
15451
16865
15380
17503
13932
21798
2079379
15193
290889
16914
17705
186084
375597
40893
43833
14254
252447
39946
103692
12547
16764
230854
11699
16899
192573
20958
104791
34282
18431
313803
16179
69616
15513
44604
394262
17792
13396
14394
15437
784764
14303
276614
101490
404435
14363
802970
145069
233091
35772
1151022
15830
21220
18377
621224
368884
13633
12100
10653
690788
12665
245847
17939
315009
14516
16159
636705
40957
186944
14228
169882
17804
249506
13597
14221
13601
22495
13265
23813
1602622
17177
15420
193967
73289
13864
13928
415221
19766
310013
151664
16785
689469
15970
710167
12934
752726
228974
23134
21294
16959
1076512
17652
678683
272299
179703
158643
20654
16500
466354
116932
100230
12950
18548
174425
20536
12554
507906
20471
16937
1186771
60777
34083
13336
1188663
51177
13951
22810
232577
195919
15294
13963
13749
1655365
13844
129605
13455
15239
12208
17410
13419
1664511
23880
449923
13595
15777
392193
176568
2693920
595535
90472
1278976
324719
247824
790427
146950
850558
159060
953410
955526
103453
141488
530024
1870483
1273729
950337
781238
410952
182605
1260616
973193
893218
656248
856806
714415
801638
1325335
186854
324958
135438
110816
170893
55573
1128856
44525
2573906
2483750
761747
904471
777918
499080
129115
113220
213382
412938
946338
505148
1031039
871915
1433610
62035
769684
1213968
938856
708695
49353
454935
517926
617000
67265
426385
366367
254031
178342
603500
521768
1527138
704750
193010
1830452
462456
382677
1308184
541129
328870
1994904
611501
308717
1581613
675677
59371
1300400
914736
273332
514965
892910
768708
1258214
708860
173902
72092
730622
164694
457500
674812
833610
268542
788129
151681
543195
594204
281337
443037
107808
101213
64549
2438186
281195
2578398
707710
930655
770605
385280
805762
100055
916202
481214
146688
1212371
370599
107841
1351116
1576256
1410010
206105
322195
430958
242914
1197171
1442832
437138
116346
1075996
97885
40793
735439
286854
514125
559204
181339
516385
33158
205580
2817280
2190604
355146
551376
968486
685354
1328653
455203
160433
64260
710569
44634
185779
74124
534222
98975
1842476
2113293
392525
619997
320115
272418
323174
733974
583702
54517
904151
415573
599321
550938
731965
1021969
1630170
1136090
809027
117810
1317126
839185
574609
2367078
603543
44112
2057878
197349
540471
935280
840737
241647
330697
188978
205244
34559
103740
205982
563952
149432
616598
452144
329555
376521
373523
940857
166756
223003
902371
895530
933707
1952560
1497027
148663
869218
360914
202329
135770
244756
636611
294320
196438
111905
73972
895921
467451
823945
134799
102183
57002
265710
287898
797992
484459
920677
543103
199437
310056
151336
228412
2222060
349902
1820503
242266
176889
73054
494071
1485477
669240
1948898
1038314
136558
1147862
577490
648394
310697
268718
789582
533321
128707
144100
97140
103256
904083
615771
386747
41289
551197
454473
48457
240325
456917
1687041
891096
307724
103851
2197877
152875
1033067
391810
526157
155815
1269177
726797
2423321
2448079
521296
979259
647271
950582
1002870
1195304
844351
272011
395405
407996
232988
134045
505342
544584
338458
106720
245820
1591476
1177295
460035
398805
144461
2738940
387592
1505381
153172
281106
529059
297807
44396
688779
836736
779198
998534
460269
980258
810049
171581
403114
643046
584666
593751
366624
287916
420869
404612
1417686
526542
1167374
1197281
685729
577772
1211300
619400
523794
237644
628567
96862
575112
427861
754189
756901
481212
826941
299569
609556
156299
867503
205381
803258
40786
1187880
545102
1469248
702746
255841
478329
115071
175962
553933
540424
212733
276871
423320
581649
295622
53613
715668
172202
935563
592993
119717
938769
715603
192706
496848
1508463
61132
32912
1345871
283892
353823
564747
230909
82190
611836
184227
370398
91340
1991049
1816080
322960
114761
344880
243442
1166920
1022118
473016
2170939
1857922
1428151
875089
506192
363836
971001
92882
855607
61215
1194605
979340
55659
1393518
1029947
356285
208820
756545
73241
50966
124845
46045
452228
746946
1230710
900552
1152502
46804
657811
167908
89324
317169
87653
969262
190172
375546
1436989
829300
870207
610164
639219
178090
489038
55932
86908
1011148
762237
136780
78542
1651911
1006044
695016
962876
966084
595797
56992
892460
956816
948114
432146
285013
1405941
412647
519763
353818
1397488
74683
63800
81317
1001224
1126022
560808
864321
1377523
1350269
324953
151084
46808
83648
36865
67041
1006960
1014070
159788
125417
272884
1001211
83646
1027551
1747065
1151190
2395607
59541
1193373
1128351
804580
681050
520357
1037172
244001
780454
325014
75464
381775
223090
1040783
853699
188818
125367
293708
172627
339139
97338
52102
928496
1335959
860585
251759
1095311
725295
458374
462630
778921
715085
192791
270274
541240
1668032
249208
801450
707439
449186
111077
116423
423718
166214
199517
326568
454802
253835
55226
1135037
2306810
2389395
378194
428913
755095
41739
483808
281359
434124
141162
102409
175105
398583
1389065
1520233
959194
35151
582900
579083
96798
1170221
760297
1633666
585387
135474
1028172
138231
248304
217136
382981
1355958
1230686
715279
1877017
1783143
1251701
664519
79739
187038
511042
1383647
224850
33135
1543511
1063341
55661
1189725
1022662
182768
173451
395181
844502
24238
976310
938234
388215
585855
757738
944663
283425
293843
1567460
356803
490222
1938079
1333850
234447
1200847
607537
244716
65691
171861
1134578
1072560
850425
661805
232422
386829
246342
197359
269346
180369
247468
781451
335433
1045619
148723
242999
1081055
121676
407838
318126
300939
902581
969883
1610893
508427
548720
443916
500705
469716
449205
454867
279683
554329
369277
264126
452925
502455
438520
230612
1331048
997289
573229
588841
736808
245552
304289
630015
511669
761662
107510
316852
276854
202916
822787
888034
855431
234911
802813
336871
1822958
928927
72859
1228012
401304
338144
489614
357937
38306
1115918
1870706
1384931
900465
188253
134155
212540
452061
833645
552370
431937
687494
719465
200874
795565
233082
956774
759186
380575
1227127
610792
287777
262211
951208
111858
739883
246929
2658234
641501
2614553
716947
769554
815899
312175
132922
1118499
127754
1434450
2095717
749858
1122731
317340
545372
290474
1222064
645538
241731
1806613
444245
82733
994470
141760
242286
263341
500238
552846
365160
484120
92034
73713
32169
28744
112217
1630801
259374
1621226
274749
219004
174239
342628
538112
66053
383515
1595569
578717
1497838
130260
664407
504519
142551
423144
1157661
763250
187643
599775
289126
59902
78580
171634
1232926
1080979
242041
929867
804306
834264
765422
387830
406383
69543
376955
61688
102212
217592
330625
1387796
3375074
3653952
712008
158936
288031
1259849
328661
1049077
363494
191112
342355
308229
544851
404502
425648
1027916
168573
724827
102183
316956
287820
176413
42752
665424
444161
397209
728879
548460
370710
348170
282061
620293
633736
91923
167471
147604
527639
1447566
338153
1524926
724441
227669
435664
1399441
1504718
189349
414004
373603
1383678
1206677
207889
183512
1539146
390470
311038
233471
566122
1236042
1329119
1173690
93376
365846
131697
295311
136921
1196680
200452
305602
1874656
609710
1460503
578541
609771
581047
1205552
360830
51106
780904
278158
1235890
771183
357636
1059536
608767
637035
679297
847848
1389105
515714
1898858
740727
674860
957037
122833
918013
322571
627277
192492
932071
1455646
1247349
739523
496514
2069103
1000934
634444
132300
50973
826688
44266
338166
308009
534015
305603
545176
393719
726452
314667
673617
330311
379276
282688
1331255
399084
1278860
791217
371844
148683
338502
1683937
1536477
889482
101449
1010278
1127764
321250
142600
564251
648124
972586
1038155
586106
162785
118203
454270
373784
31277
878202
499660
2135907
1911365
36457
426463
830643
125941
866594
666636
105923
1297317
1362594
2057340
1313865
439074
530787
232980
556390
275937
1121767
156418
1201604
98745
1624327
767553
127137
1009125
148393
518354
1232339
1143864
1407400
271423
506325
532164
343662
791295
76675
362685
197282
105961
97743
276791
131371
386546
1686796
860373
73624
161343
183353
2085411
1096432
692004
227548
88048
1347661
781965
49253
913597
622077
164842
1001103
717019
47482
939440
1156033
940276
1063615
492573
421907
128994
409328
1430227
2201219
1885493
1116544
314063
367826
726013
1017244
541862
1752912
1008737
495346
981721
217456
698011
654692
339620
621625
1035276
1038169
583075
1721001
269936
1168050
454138
58509
80498
125754
1438553
735147
1360445
650496
303636
271066
551008
834404
292311
38319
921742
179290
691825
184647
1332629
1114519
607331
631742
797266
531074
508959
799338
713872
90634
965516
683720
656027
125606
563197
325800
483611
233760
267285
539446
719251
356311
245329
315591
144942
1424217
508542
676334
300434
319949
1434187
990893
652071
901735
354528
633908
682074
1964208
606812
262885
542112
162228
178245
98677
357088
247404
447985
400916
809829
980423
414305
217198
231715
1729628
724390
718166
989395
439827
513874
82604
74240
1356143
1388078
357195
1520358
165654
591344
87503
1515538
1513777
454636
145068
371796
421577
267423
243843
136510
375253
618547
1742536
1536490
245840
1288500
141016
194110
133000
192596
78041
564042
608667
489270
92530
233454
228566
175441
238390
1660471
1702102
316519
1319757
1347227
347117
239287
2856806
104240
233764
202032
1245312
1395694
308426
200558
158286
95011
632281
113877
591305
197655
861990
892342
233910
107295
359261
484705
612350
987359
928051
146392
104789
38388
46297
60505
34147
1993110
1732784
304779
82699
182758
276147
140949
108801
1148090
1189317
415685
544412
1077515
974981
704496
766109
766429
889238
449369
1002297
357648
234822
636919
615698
192937
578378
261629
421286
453644
70287
46572
28835
885053
806585
427269
1143894
183864
1693982
1338232
30278
367900
2586009
728025
819838
2426768
359550
2260033
1132277
1236321
741655
649206
1381195
313668
117138
212491
1641056
493592
566088
257201
421499
1866022
1568245
303445
1083792
207666
417594
108199
691304
559834
73058
284545
175670
2839173
1443566
3961075
1636857
456136
1113190
848047
82702
362237
78283
1488551
752967
336674
393177
375105
198136
305253
1454857
1270307
2133106
1167877
473618
305312
318284
277385
167328
99022
497047
134496
278076
875062
648564
1241900
499931
1184239
600018
778727
371411
444918
559215
45413
651631
464474
528472
580180
696711
156847
871169
481727
130917
229896
1391684
102425
118859
1058200
299452
118575
37581
88047
50699
358138
350930
50034
1394608
1148868
952178
1054216
1086995
272175
283933
226613
140320
230553
378708
128413
1044610
165182
1176742
811798
111486
969621
147162
365261
401944
1913618
866468
79955
1631846
322842
210682
333117
281013
276340
209326
126660
141463
127506
86922
229038
213140
314190
157563
866169
252525
1237786
664436
774142
443370
514578
747111
204922
292692
272934
1470436
1409282
1030162
247493
1553194
689845
395535
233690
2124466
1304265
1665968
1647376
149962
330968
193781
768482
2264413
1519659
529846
502075
1192339
476628
445927
441648
101273
637929
225676
632927
484929
408944
755607
810183
485573
195755
1097380
973398
508190
142409
272157
2232550
308415
1869537
357239
456521
469160
106022
592782
382060
534052
639766
475791
362503
483395
283174
287808
362295
1077495
51241
1048521
91622
336106
190106
593232
642716
384537
292611
684545
536616
233131
1134671
1143419
636295
372078
1358627
118284
643607
718795
1156910
886888
784984
388782
52187
502732
129222
285203
327505
414135
823746
370575
40427
52129
61585
205462
109688
1554289
489453
1797243
559168
900173
682752
394183
268623
112843
95322
539301
1432417
733409
722757
367328
2571419
1292288
140929
576220
596048
371377
253626
1543957
471254
604338
295348
2522303
465768
1582707
863539
1749192
1383803
239493
1761452
158718
844612
1076488
530124
434297
1321674
634215
269957
1393643
441490
119350
93683
633918
1547207
998471
181466
1628380
496278
656447
694346
416103
642128
586169
758314
348565
430072
443862
461621
535919
495496
454525
347512
486468
189061
98961
664244
392830
121088
198955
398617
736851
72777
445278
52345
475310
359798
140886
81783
557388
473468
350728
107164
121578
338517
705405
174603
74631
460372
80960
923276
40631
45576
786192
135630
438434
738766
435373
716693
74700
636322
841359
447918
1105695
762960
131176
283668
1694595
592691
1781973
267522
689653
1178056
1244411
415283
514247
956705
532668
1628556
207076
1486012
620062
528154
620835
78722
390038
404027
605818
608420
604309
411390
344437
685151
1187571
757793
445919
436642
360195
391169
513507
455777
528354
2541766
721890
1541011
346792
2024204
1074078
1165160
334262
237779
230332
174905
212905
316339
400616
412046
495073
803514
1756042
1851141
604431
182073
734615
960404
340617
475633
1091901
575696
447284
489321
691384
850588
1719865
89276
1098162
549816
917371
480277
286506
317741
484753
550442
520001
396498
1153428
938547
158767
365394
795355
117366
694684
594216
939480
1274300
1316321
834081
1451310
656850
1374278
565192
1298197
366306
960055
527449
423994
389106
767795
137947
100962
605668
561001
345504
276856
364955
1854957
2067831
2330925
679197
1234141
1027766
465986
376374
149365
1631003
332034
255491
228175
580443
418230
376727
298507
203969
891027
428535
425819
158819
1598293
891331
167448
187463
453670
771387
902435
861756
673069
189302
170144
1971888
1510982
366824
427319
789951
327501
169669
405642
194728
709166
777217
927144
754286
648973
147444
1085541
587676
1252590
512669
214654
168410
1148482
935501
478496
513154
543110
319896
476840
317401
2044104
1968127
288211
343089
290526
310407
674988
1070112
1505204
1414477
801699
1424075
973306
728347
309016
633320
457888
244898
568313
494810
278113
3501576
2973384
1022980
264716
619941
690121
127883
400738
408840
687460
399635
535144
459092
472682
318873
167653
720377
465827
1029647
304158
84198
61893
36752
113443
2403132
2545527
1186219
477737
1358024
842744
212532
363009
190631
577955
548946
208655
518094
251277
172423
249398
784942
611265
1264179
597841
674794
72636
68400
1754420
1126136
291390
236309
160579
1222192
942578
786878
1217524
269166
663925
227473
677210
527021
977049
958449
933269
415720
594051
837456
258364
149444
303762
1587161
510699
1185761
350852
567363
297333
617414
1063003
1232116
88272
329254
999610
366919
185833
39613
173985
1430490
1198975
768917
1246058
130132
30437
261708
368153
162549
1483161
1227611
372923
157927
267112
209906
782831
170302
53924
380912
521943
272741
177658
231257
626841
782871
760141
718019
737707
385828
713641
1044677
983318
469435
852933
913275
61667
227293
79272
78107
104588
1626343
1221950
209255
639568
96288
1075444
1221850
1121445
259269
570322
383707
382665
844160
903986
194035
587634
1273206
362555
230262
1094423
395654
773857
405128
333381
502188
580551
616718
188271
804544
669041
671236
694731
352856
283381
762912
424059
569153
922234
1365033
634326
1058125
267889
188737
434141
226929
269433
1459948
1530736
766608
263119
537484
359815
249816
138704
368938
206738
503748
1364942
492527
237468
1645643
703934
413364
506108
2097455
295511
1607843
119905
143583
209080
766003
776910
644094
375773
409222
617608
1594191
1560578
1600246
626822
771896
214823
394439
384496
293559
691133
501437
834986
544662
592604
853271
766405
435369
676486
698731
183849
961386
926854
862010
209063
1079950
469341
332833
238913
472110
525025
351053
542248
417147
1101720
998814
346351
537493
1596087
217746
598489
188771
1538882
349070
123789
1828770
811641
749012
607798
705515
920368
440391
1267635
323771
575832
1563367
599976
1201667
744913
415873
240303
1494583
1622404
1544306
227883
639834
1586848
1586405
928631
399055
249024
355486
380411
1033562
1054597
178244
268995
1449588
506832
111767
868537
517030
493120
614993
503624
568287
543341
384435
581434
622959
290742
675674
1100220
987421
1883106
2325480
1937447
1691089
853709
1080211
1375560
1099255
351843
332806
379123
462640
584178
355267
1151886
1033859
755047
166613
224048
507225
305515
263799
307118
2752362
2378350
476736
702255
315774
187187
964143
325653
267663
1072704
123872
108786
579769
184987
296227
209420
432154
919545
947695
486255
801341
1184972
1490470
2519492
471276
1273177
900715
895239
458149
222791
1275491
209976
678879
335268
2611614
1002838
650647
145934
262879
355528
212854
394103
3296311
1735288
710710
693671
256604
283069
288014
1150661
587248
285535
772192
615551
780456
446770
187687
132791
1137854
1080094
785705
1036496
65233
836010
525150
729050
571753
584734
482384
196642
993470
534648
818158
415674
733795
241665
183198
210141
451866
311924
218935
215597
322473
481627
661056
563728
442879
183437
723004
263001
495477
201178
735961
2135895
88268
117813
2011220
402950
429153
359806
267905
421756
645131
164842
119658
870090
125511
248086
419859
1389868
2699206
54304
2061037
544210
528166
1056700
643616
235186
1026628
160397
130912
652691
822963
996254
240906
170304
115567
258725
1438774
1134079
527508
804357
575155
504901
388974
504829
426498
721737
740210
327239
321175
1905122
1704084
1159493
101927
53458
842604
863590
518932
522248
1275684
124073
615800
545740
317253
420120
146839
44388
87801
731801
734124
941502
1227715
532079
215989
2385729
225173
684140
927364
605945
442804
236289
861226
135668
437784
439717
1057320
1198596
1090466
721318
326831
103098
1011294
1469035
1418884
143824
45193
1735314
1326705
1065971
190211
115635
642105
122187
67728
704634
498488
435514
587363
1114370
155873
240968
158799
202278
984521
273214
296051
225831
990975
729749
339365
1018681
139663
70287
1133737
1187931
858036
737304
817516
1026576
699268
1056884
953389
385219
1321960
3070176
151962
1807038
336083
127501
1443268
624447
1020558
343887
714191
755759
329338
103336
1307569
723508
1109921
625675
373218
586477
456830
153215
175242
1081189
797161
55169
1068562
70122
206743
697161
870067
108116
326617
159406
169703
101761
622863
2063107
274719
1979873
764701
636101
178432
406703
1121970
1503106
968129
1493006
890850
494659
917844
737594
502137
238065
201862
1290045
193540
286586
771218
380395
898207
804472
945321
373816
209530
434024
294564
441810
217946
309108
257576
413858
1477502
1455331
344034
441851
431104
203591
990274
727805
218805
1357459
344466
949634
348456
315459
362447
1315094
1294022
1029454
224288
348426
176273
1002294
1063923
689470
595551
576988
783086
258245
200769
203052
898150
763280
632909
414218
229245
160285
162257
164846
1606379
1689075
908620
47654
545268
734988
317717
1406456
1776465
840497
1165225
297125
345130
414771
1062492
1114085
1179371
685241
243555
690367
1099048
818895
436317
1671141
995112
225637
1020058
425719
76602
385805
181010
1144176
471792
1153628
397191
272578
251216
409910
707911
584782
470227
572017
281011
1965810
342470
671100
727176
641803
1236379
590134
783280
155652
832642
163122
152907
955962
215333
257027
244925
260998
242914
180094
606257
222993
1050918
416113
79603
746056
254855
1644418
1401590
639236
159192
388443
888724
789394
200838
458190
758308
1095031
110820
846650
633186
929186
663919
796120
684944
400735
1717512
1522623
210185
817131
941726
1319429
26393
181025
119372
66273
116297
1095274
1589324
823825
1316584
521149
295782
106752
570784
248013
1010224
985357
1246849
252983
698074
793142
328414
1383461
1225067
462196
333429
1140271
273156
417179
554342
585193
558420
720162
580250
182404
380842
500407
53558
766371
594362
603648
484954
517914
780377
1021027
807950
953147
606354
761270
454648
430882
473418
574805
382381
343977
311425
191600
617804
328630
341454
991321
459551
183851
1371622
596147
298773
404109
634332
1092059
1198831
1337271
710530
374932
507887
1070954
884935
284304
1508937
579058
851057
271628
1964732
595921
51984
1357555
266943
181337
223046
691713
858991
393566
273111
166049
306693
921594
681742
809138
773967
646508
322649
1141154
1610369
1742266
163715
1218189
396492
791060
545884
241671
888134
32606
690496
312864
772958
154237
1143481
1564957
1560835
450083
397106
608790
234301
249464
1101132
1050273
449629
859048
968310
1224174
502773
914024
772608
1409085
402204
805100
247377
1070681
1198359
1411567
330701
157721
1480778
1136024
861485
1574957
1327103
1001783
391698
226774
165127
607572
738507
1098926
789186
686274
676486
695054
462716
250343
334640
578872
1068916
356192
310481
1484808
507596
330096
42691
465576
651369
496628
348086
466787
76706
741812
1812605
515715
121988
268135
337684
2796252
1316822
218888
274062
395013
328448
964955
408921
398189
347153
1167161
1302425
926848
273515
988109
771073
708596
876777
885597
732537
2065793
431322
204948
541618
500415
811648
608214
744414
748511
1472505
710547
679534
832464
96945
558870
730565
654912
716411
564804
181109
217857
933276
293019
274754
999395
290689
223274
420695
271605
659885
933009
801019
449168
241784
1170875
546803
1218357
1458825
1308105
350039
550561
679694
1024203
430343
423066
458014
720396
487081
1787146
1768888
966671
46816
84053
22992
780698
1302766
978232
815458
300077
534143
1281700
1419521
608529
93854
109545
1492589
522070
882656
171896
1346391
1054466
2607532
1223957
806614
2826285
451608
1715768
440335
40116
1145604
1040072
995322
673840
337812
288728
31477
207887
1848017
666385
1570961
613938
824292
193537
555867
225685
1339187
422599
223597
1545723
525625
139184
1076937
713364
651886
487680
1135786
1296637
640824
216360
275123
595211
250827
493184
1659941
1896869
688658
987828
185988
606297
438810
353494
258040
562081
629415
121749
1189911
888916
690465
946685
1489105
360961
547889
189539
1823336
390295
1277335
793155
709406
543540
94140
863572
225798
343733
542185
685132
194913
2666297
1118331
2886540
508945
1547499
974032
891745
803777
398032
886053
510577
289938
220307
187919
1099058
553637
456709
234414
471710
520840
2595407
2265981
812459
234451
174371
633750
584718
381393
832704
341045
302155
1209246
1411717
712304
84987
1079821
666827
927188
330061
557142
475856
384720
728776
722894
158073
1685786
239150
1842691
359331
496776
254163
217975
62608
269487
78388
97370
690559
382182
352621
1476831
1068724
1048474
709724
710604
243305
567458
543322
165580
1299055
951063
955669
280011
1252049
1291718
810746
1645399
190380
290115
878259
242104
414353
111999
251483
329674
253953
813524
1186599
1005909
710107
1360493
396027
1009000
917495
987735
578684
553093
780046
932262
113427
102008
1159811
723363
263724
187224
360433
367912
840013
918645
227341
405318
484114
389586
781382
407390
1184013
765141
1629783
605577
1017380
1018876
1048150
177953
1224453
1593997
313451
2166604
315444
1833713
328545
213431
1158168
1269680
255648
1495204
277371
711664
321480
538327
576559
815589
1019932
539998
1083363
1155678
269858
1612901
518852
1096534
537803
198438
250521
642367
161913
641880
356614
424792
456245
570478
662051
261296
405973
712638
340358
777883
273479
1182137
810113
1269184
459618
195320
787611
645534
230129
948595
456668
881170
288765
586705
656215
356795
1403838
614004
91217
129056
1701994
409808
857445
108582
118358
1046965
1265778
423333
506893
649219
647929
592358
205448
464003
503782
1131682
825258
267828
225694
45355
1002098
79660
166668
525456
1057299
209454
799165
649247
618270
882611
471209
637769
677437
1057882
110812
440372
385636
1140000
884519
826753
257776
163015
346508
459145
36224
96701
610242
1792353
242855
141705
804548
2986239
1686549
682801
520717
1302058
507604
739482
882105
636638
923673
938764
667091
534459
307834
701434
548774
719329
806434
2730060
301462
1124696
1075670
580523
170484
560519
397087
368379
404769
924444
796334
442775
1004515
263917
536770
614166
682662
363907
809826
321034
235058
721958
331599
1048521
710005
836746
757823
470614
572375
799010
1175270
213306
605190
262959
160846
495157
330237
312997
519439
1322991
512338
1233825
633220
676687
205983
278230
352697
1073023
1145018
1683595
375266
211817
1698400
957771
669854
340518
479187
661285
811741
568755
518017
1101082
775148
644809
427104
423204
609714
149109
497071
1165710
614828
1319078
613780
459240
658509
65409
283924
345130
339942
105039
507763
386082
440850
218783
248499
326133
497283
653856
779852
755906
317926
1053436
1699741
975162
1674526
779158
199603
267889
460880
111032
128357
694783
101776
2305610
224106
2231850
121673
213153
232623
64301
575481
471695
700298
885136
316520
1662843
463563
889201
297808
1156275
360577
560547
34875
211711
30709
83148
581370
628580
250377
579735
546521
933976
686444
860341
984183
973448
635123
975128
1759268
543294
902405
763139
456927
383064
920541
706072
920027
308652
300587
563322
531046
625753
472935
720097
1299328
1304432
1048881
270380
594176
1173640
849871
1258533
500739
632712
443398
586145
671639
679835
1099329
305034
867133
298669
681923
235128
376498
444922
636622
270020
471027
316223
517110
480490
438177
901706
811405
380961
935778
151396
977355
233166
961527
697333
215536
957012
242818
225561
1066392
626660
449841
251172
562544
256892
928947
988315
226962
112619
1604450
735417
1312194
355551
706952
510115
853418
1553699
1683697
323954
1158348
541529
361557
416074
360962
181568
597914
632631
818805
543962
1016511
986005
1972651
1972355
314382
299668
947982
1013293
3400996
131273
641949
274852
427116
4062269
3949929
548868
2182319
156431
986557
501406
841618
633602
908841
715182
83589
168943
211568
466866
459885
1214172
1339279
1428133
677101
732283
786722
342668
695342
208867
244834
297138
847779
628108
786262
312229
469027
673487
643308
825408
969201
1945879
973482
1730978
482915
876910
898345
498264
1402284
348405
420019
936822
1318395
645267
910292
589906
359050
435568
999304
684150
975209
986276
1033009
510258
642442
698748
696322
1281594
392309
1242465
763216
419838
1970245
2217338
813302
1552562
374200
805154
950505
663689
430012
1542539
719026
586518
1130041
568011
597762
477690
581435
508231
216999
220850
1042388
733583
317418
580564
1796331
560698
1634975
778316
209047
718391
1197989
265517
217102
674072
355233
164246
2063844
1613148
334007
716636
734462
570500
427309
693438
879044
1502723
859316
2041363
242620
374289
2125707
1381768
1691224
711734
289230
567486
988177
147390
781971
757145
381260
1087385
924689
1055714
445466
358716
230329
490495
559226
359155
211623
362496
669165
750259
345271
798908
344275
488509
642031
1141236
736533
313587
343101
1171453
233943
751103
370318
624672
447234
458994
551931
309646
282503
431608
230209
411233
1314094
2011897
2108012
199813
541289
462575
2337597
978348
232420
2290421
1077582
252481
309896
457581
1071015
332891
835226
533205
909385
918718
1365945
599792
602654
453999
759741
424533
768870
397444
184419
412364
190785
590246
438772
252132
322532
2805338
564603
187913
2728819
224355
462028
819829
724417
541770
219879
193601
297154
930122
436554
373237
2478527
204530
245634
2568698
368458
795430
813349
350612
1365499
955216
361109
846022
939522
659655
257553
1006321
834622
237162
241067
1248917
996363
346017
373451
370915
382489
397371
1340645
899074
1171190
573428
485532
343412
791453
1010256
1255672
1302222
153881
1638460
1370437
929474
562927
583261
463055
1128404
2092468
1941061
1568986
565067
1462091
1099135
754734
170678
1599004
256062
356666
474267
1465601
1694550
1610609
1167364
390373
340905
483104
621240
866332
503898
434925
977302
797832
334355
469295
981714
803031
520582
1620008
1751061
2162529
439611
1410397
653803
790165
504451
608940
191808
777458
486836
583102
725943
889250
277390
245257
972909
859892
307475
791453
902735
863930
813155
378092
190289
603423
451449
390272
219732
1392523
406167
1577005
910130
523643
1055663
563167
527136
542669
661329
418760
236626
606711
168908
677880
689289
237053
267365
809818
587548
312723
175347
303804
351085
458210
273191
1483396
1100646
399627
208633
561257
318773
747684
1193411
1113439
302068
1080044
405421
765805
538588
1088128
819845
484533
443328
280810
357406
307367
2173153
240460
326173
348477
185139
2295021
979715
881409
634319
391762
1114688
518922
1023920
622435
820841
665083
318490
342095
529003
645000
651893
529764
1279655
826354
813531
1092160
669107
764625
696479
756141
318016
461415
246207
755690
220212
291648
985672
615355
208392
463741
945982
330059
362683
193883
1085450
340638
1300934
521838
270342
1781142
1125838
233032
322667
377237
291238
1720053
242483
223059
626362
775993
1304272
2526595
1472721
367300
190537
2619853
1370478
964293
490238
1355830
543989
826236
902349
498920
557370
355997
574219
631268
942986
787599
1195093
1271413
1854206
1102174
740444
514189
1023075
384009
832822
1807582
1867537
620834
784390
715201
791200
472724
316789
280583
294275
186020
413839
884931
888386
695691
107570
183025
684767
1337574
1320617
703554
1302971
464897
1451297
1163703
575909
342424
355366
325787
476147
286714
676592
234986
954420
524574
219751
975242
240503
382586
390189
440128
316610
387169
340493
925969
231022
939570
113933
316501
614758
329374
663692
264147
802964
818645
1541911
1019624
1678317
1482361
1051363
1806591
755104
488435
514852
380651
284852
2241546
1794328
391757
342075
628067
332540
199883
471588
1301553
1681307
876736
1410921
1783221
2444656
536692
2488736
178464
426024
450236
340621
1208769
1404918
1383674
656954
268899
309927
549675
251676
505931
905141
1104802
550443
562587
1309776
582332
1203176
269426
539005
718439
594368
261409
621721
576324
320720
507856
782413
733281
693782
547688
1517656
620796
1412948
332159
257283
841531
540090
1267658
1044092
1117048
1038299
560861
274413
1379993
844154
313655
351014
922149
1077871
1020878
1273633
734667
382652
327443
1397868
1559120
813531
807280
1337830
468286
344482
1631722
306345
839339
262085
1064958
1152061
443775
1534519
390159
1141303
649120
280654
1541654
923224
284111
337339
443866
823932
577671
900986
670577
600601
423137
219089
982988
881955
127140
1152226
306781
490686
504400
464639
913023
728092
646983
393783
756186
755629
738455
371211
482361
673911
629137
498899
704554
878201
2904432
1102090
1836611
1453037
1613642
493091
511518
201656
527164
442908
940257
1951140
1351194
1889678
178288
1301937
1072374
1144242
626837
822257
939653
925430
1019456
749983
722223
522697
249578
1075351
916233
242534
1050500
434621
248480
719377
477343
1529105
1498673
1059439
1295362
508742
1555366
478219
559545
1148773
936137
1109040
1171095
382793
1377610
592429
481868
731469
673782
612744
889299
468431
804627
199358
595596
745357
403866
1156470
1169475
340451
