79060
83996
78246
49533
23938
18453
16245
17728
17370
16916
17065
18247
22493
38725
19032
26133
30627
14026
15689
12993
17063
19844
19762
21195
18295
18171
15971
20849
19156
16399
14840
14061
15816
17746
14806
14849
14000
15580
13215
14668
14974
13229
15675
15921
12008
18105
17381
14802
13077
13491
17219
19302
19000
18197
14390
18441
16063
18747
27412
16090
18765
14797
20818
12871
24433
23482
16302
13989
16282
19096
108235
139778
32924
149126
194816
294621
1034854
92863
1077654
244822
54273
646433
43138
748899
68423
1064839
1187367
388192
255320
736934
230980
332830
129263
30976
232965
210007
128882
54718
937215
105666
47145
65719
175725
88818
60431
321509
188591
568029
1041174
480934
597075
284930
254268
1054577
36496
314932
79790
330646
345688
220091
171633
306747
490160
368500
174506
2308817
435510
202193
212115
138912
459307
654062
64840
168919
986536
233340
174694
889428
114458
456940
89558
679876
356461
683246
146974
167001
118644
40928
48182
73736
395388
108981
259599
651140
505332
236703
72093
297681
78270
530019
292821
141267
505939
217966
80700
146932
296904
289391
705532
462786
863120
88388
290971
453357
213228
906533
1064527
455359
353194
182509
303016
543899
67628
200928
276878
247749
89519
354191
577151
464975
371159
501927
1225696
2101175
406940
494876
187878
95673
821185
1207151
229703
865023
432688
264312
727072
47492
597363
305976
726708
89895
611907
423200
96129
182071
115758
87846
482667
211543
173607
111436
152406
1340604
385367
478522
353045
598710
403123
760768
135824
185673
251391
554732
115049
159736
190970
263277
82351
278440
150811
104831
171470
2059893
1117935
211155
156331
239782
488977
183489
701044
491916
753683
2729285
68111
155147
136112
254770
41813
300828
95553
26248
40825
601290
224433
465798
546436
209542
728111
194281
231111
279014
888077
1380105
195186
333172
365052
375203
572692
95966
235905
338129
310355
198090
218573
1059802
612457
46251
197162
77671
28739
33779
54572
324014
119814
268807
59572
496827
74360
95163
318568
113514
52658
325843
129101
377924
560220
258022
184404
44524
219447
673517
661892
895768
243770
579542
1600882
192376
66492
419650
1899501
310025
144663
855618
693908
208007
707377
844567
319552
187394
749621
57687
209801
927737
1080346
579525
95364
128477
680908
426992
274288
179604
155675
654480
186156
457884
119605
101492
164008
504955
1216126
577795
1189527
60371
37189
810406
223907
1174833
48261
727997
227547
194603
549049
646985
187878
153863
1651997
454315
122541
162356
81964
76416
221028
269782
556555
65460
208590
96251
28523
1662474
141634
727258
798007
656934
429433
950744
2558944
2703022
607695
86992
1672368
1111526
228081
795554
896056
190170
961248
2105809
2023803
151903
142362
90706
1876200
517281
1268327
623717
775665
1003388
876431
280352
1260700
969498
854809
650245
909132
845964
703581
907769
801022
969944
1177863
897892
2580340
1289833
1447966
2479643
373637
234723
310149
750833
330680
765211
498620
490850
132906
520627
110347
203047
218545
277633
418003
382831
363123
497149
386017
1026761
871480
880931
791725
599724
768143
774182
1219787
707785
956836
759386
457462
518428
420375
348896
248462
174353
896618
1005607
334134
1142105
1524797
1364599
399805
1831637
271419
300949
224541
526716
1305777
617444
281966
112786
222813
478901
1993695
873867
690312
421246
1575327
362459
576349
1298372
909805
274548
885049
775052
703864
948356
398174
2851385
2520304
595507
829799
620728
1075948
441851
406547
493177
527886
987489
1098081
791358
777567
1297780
1819118
1273533
237132
1305439
261038
731125
616575
275014
1020884
1294079
811140
767713
52290
641252
1002733
1339067
1451935
1794636
1044912
1010388
986288
398829
182618
258689
189883
326853
1010228
683439
80154
734647
455289
77087
957438
1010018
1187698
1602724
338051
267949
570357
668992
417026
350773
2016206
1361082
421134
506500
598765
632278
2124039
2096187
962956
1020224
2130466
998754
823334
113975
2883639
430105
808669
1561819
617985
948519
440371
496413
330429
480645
254124
217962
451319
298107
238452
589420
772863
803860
641804
1276995
927607
744517
1684421
1614439
386071
1179153
525039
517510
302132
123933
1387317
730615
432492
440460
372507
594154
1327638
865520
395061
1450935
345390
758307
337154
730631
526076
327393
485045
503456
399395
1520723
940291
1351129
355562
902879
416357
148566
282850
990632
745294
1290982
1450140
1887722
1379417
873900
2360559
1118115
776458
1146294
2147785
1926315
852635
334209
585098
4140504
4218821
1398735
1619673
1226720
904804
1242361
482648
565262
1079377
1704861
1622144
1531380
1127583
1862606
1308286
517739
101096
216873
1637695
794151
598877
674751
627862
458610
491666
853892
747169
1184368
1130250
512043
1373540
1427296
319118
385379
441448
318196
1840831
1440615
396299
557693
341764
357205
474651
264778
375488
600418
2586072
2842545
2050265
1819928
211461
393273
1745192
617777
583960
274178
95380
618689
594614
2913080
1007955
2101284
1098019
201640
162847
853060
285358
522647
257310
66330
438292
511143
680163
868444
1045387
444702
265189
1053334
722154
666112
233270
1149872
320102
1427468
794170
1148386
1718347
2405014
1837716
712618
503477
2777904
1209977
1449852
1073041
438642
673388
560086
343495
359538
979121
803241
1097034
996512
571355
351671
469938
1015759
579310
581654
376739
269305
369521
573194
649991
626006
413082
701351
311191
183238
849355
587171
65324
128075
756726
700795
632986
623632
274194
825540
888201
598188
682334
540714
77396
911288
581638
779795
309563
1404626
978584
675406
775343
810086
539058
452566
395324
398786
316369
1658713
1253165
1472628
2629772
1967736
403974
580471
717568
283795
1897129
248008
265727
111495
463032
486314
260826
2386330
1053355
135979
759575
1026935
1025910
786798
806094
91635
144493
138509
472071
2898116
2380187
617681
632349
122756
1578595
1177609
204485
220949
388422
390433
266976
545941
1299346
1327916
101066
506154
1228655
1027052
1240749
629765
523913
83528
1222966
683601
780262
880906
201855
1012072
1931782
1523141
639552
2374464
1081202
746239
530513
1449662
426366
2753830
1546950
1386345
64401
52120
1388457
590938
1063363
1406930
1508319
670694
1167955
450666
179840
386041
124991
110182
83881
703254
575528
326579
331131
178386
1006928
1028808
563909
750186
618211
504969
1174738
2471041
1394690
2431225
430090
369944
602222
839624
1290332
1117503
753368
915452
551613
383454
618957
440009
766795
584566
566854
417485
301911
554969
271911
479968
425541
131518
796636
703562
184597
166289
909080
1094016
1077427
691532
1319891
2051801
1713931
1978652
475456
405750
58346
2081399
169839
431892
739204
697295
289805
1564301
1337096
285786
406425
1155511
1385954
1853402
772371
283836
408071
233329
1782574
810840
274433
175568
236695
555470
569881
1344401
983867
1207010
1005205
590133
654612
800456
1242926
1842793
584799
125818
1736706
309363
340117
231266
446270
368810
462191
581039
427411
515541
235301
379397
568236
546829
514265
233918
148080
2243028
858465
2526391
726202
258339
1341776
673801
714660
242135
2051265
1059284
1101462
224220
2034544
632553
214301
167207
273409
1004744
871982
905570
612295
822171
550707
1291447
983504
957575
756454
552109
638408
857741
777092
138356
834208
1238323
1677394
1429057
292360
221381
1762604
654255
349516
1008585
1058390
404602
1225131
347538
193019
249033
1962000
1038582
1093883
1080110
366609
401189
330983
305499
1103937
1004271
303771
885461
257907
986748
508891
582010
652329
449002
469042
453588
1213439
1216195
370535
447425
1413013
1244940
82043
337816
1297769
962754
516282
296541
387637
572048
457102
168966
581947
142197
176989
532093
629388
756977
941939
543021
471587
1073627
1042443
1055524
561665
2411681
1256799
984654
2172535
460568
172723
205707
547222
405961
353232
820916
374070
433563
590622
460099
530997
394520
1398941
1017358
2174722
1260914
1476753
1015662
874032
418746
1444607
930943
199246
973779
1114658
579392
621109
643414
266946
1213847
1046582
829876
965770
2657117
862763
2606346
719141
1394878
822411
315470
208245
283561
221463
368007
539056
1868140
404761
1224609
509323
978747
771997
170000
57159
1234459
178054
1653638
618741
514945
820584
889340
1072040
840645
1246658
327766
662959
508278
536168
309724
699774
792675
831423
854061
785987
541190
134068
95987
49125
127817
1372564
351062
1074253
414980
336649
679721
588817
1078092
943474
430207
460332
489321
383008
937993
678921
544248
436296
588555
489653
52518
459638
1256691
1321460
460221
339431
123698
240477
1935897
1085662
1685040
2441941
1095918
1303182
735854
709454
408634
503726
427410
454849
426642
387896
109763
277577
475066
500988
1603467
1210733
1714469
876975
2087284
863896
434351
1670578
610720
495352
353023
1428483
707625
555345
399651
525299
1031956
719314
97377
746308
284150
660396
451932
1086832
394334
939068
538982
370150
319544
182961
828574
778991
559194
470330
300558
215865
1362118
1352572
536179
454142
91877
99008
547303
532755
182196
1357846
742099
1429783
110173
322510
974872
684244
837735
698202
1354930
235705
125315
1210712
202749
177866
395287
477768
387928
313392
319951
234925
1306563
1245402
1327876
1598334
465102
1195885
998517
1229942
695262
1882290
517056
93105
1464360
592892
902477
611461
578794
1233631
784706
1112858
899890
1236253
442676
388963
769623
359880
487781
464646
619818
643947
611947
889455
369105
840316
881864
1392514
565391
588214
1892544
721840
486107
524427
280471
669803
330930
406084
919309
322895
479171
933778
1236484
876203
158771
307346
1451688
1258216
744883
1227310
1044872
326157
492384
1004413
630646
136306
58681
1001432
338571
540097
521084
729965
1951306
1319127
675542
293585
780027
785072
213994
146227
1210105
1172858
458590
1069286
733771
230816
1686220
1552426
1247116
1093209
995839
1099100
604130
274349
101505
815232
683342
841586
968048
1264352
938705
1107027
828281
355003
336359
463823
814776
793780
135635
370444
1811497
1851275
2390468
1965185
1502618
862458
849217
385898
73137
833567
479364
718964
988368
1049580
769672
1413045
886995
1139340
747707
1204952
457817
898063
1731525
998636
137228
1253355
452139
956469
287914
876483
686148
825431
1000225
788282
859136
1449808
1376353
2239263
621814
548702
264667
3049031
824552
1575508
1105825
659868
334146
837605
562995
509863
295610
310631
415494
1009842
672091
819897
1063761
1659569
1628462
1811180
1258765
766810
384723
683438
287292
331418
509653
835405
900420
407721
2430910
2272842
2215671
1612539
2371642
262661
1826100
259733
453220
414566
769980
1132908
1150904
1034537
856225
467269
631570
424814
648785
583056
636384
689211
147769
689197
997589
767960
740158
908894
435078
908856
1278851
1778585
2664984
1423456
45297
100675
1909036
543910
598827
299347
316649
395116
1744697
307061
310856
621671
556126
1983518
647146
589772
255335
259757
1670008
236902
266198
824021
532649
725999
356019
1069603
251564
309690
155356
509407
1437644
994223
670997
903829
363570
3621507
2895916
266637
638195
674584
597540
523897
1058769
163220
1028011
356111
455952
508184
399207
811964
984834
418239
1554197
220083
232676
1480850
728200
976550
442744
1375898
1502749
689271
722143
1351118
1393193
580417
356121
595039
1520875
1534570
1528355
1384948
369517
428191
262139
145305
372470
1231638
1041225
605763
834733
1543008
1286223
193543
1387028
581484
1130253
607276
898043
1667028
1706320
314783
2091769
2356835
802010
304609
139209
1329457
1351672
344200
484180
234222
558051
1639896
1395240
1436083
790656
1586964
749815
118940
60056
777601
765350
198995
438576
777729
783414
2817289
2380274
503263
315315
131312
628833
516281
61970
64598
129994
351860
918396
716252
1442353
1659335
1315565
1641501
271543
694193
620344
1830591
191744
236271
469314
1753571
1206604
789077
1024661
511119
96796
64236
2183677
2077864
323967
162704
368337
1145579
1304077
2088473
1504739
1353910
370340
2282218
567340
1079658
930644
1100445
1524991
1159871
1807476
1352815
1749018
459627
1602946
553239
533394
369511
274570
1151035
195796
166752
849249
322056
430466
254380
360254
718886
751479
458961
747410
458181
289261
369024
718780
1180030
749324
531703
1285749
377853
594516
497238
597212
520638
788233
1225213
566558
270147
1550090
402885
2349417
1252821
318979
1587835
254716
373724
314884
1861820
548955
678795
349928
1224978
846793
421028
421335
1077635
1260175
861883
608777
1725239
1184529
1258440
1152439
432433
333894
1030804
1006995
1026552
1439178
461029
395972
1510827
956141
341883
275535
1281012
246761
1225762
444274
420698
496936
450726
150279
176888
511146
399743
861660
973361
497275
636225
755614
1154938
837428
905021
626678
606151
348603
317622
1148580
208328
398372
1024522
393871
405371
139982
93482
95534
227956
365754
640737
676943
364522
665180
1197522
1072532
1298632
1341776
448861
234549
525517
197462
517471
415657
1026036
407708
1239799
468514
117845
856454
400300
690291
1849010
1261513
1581787
318437
212664
228914
154836
1362928
462462
377637
518217
805435
525746
503794
1143041
396603
670635
413312
486193
1232343
1060096
1394310
1332326
343588
407521
658857
914482
1391383
1225562
1965722
939371
666268
1268524
765753
569596
1546314
1459454
1186314
2233322
715846
1435427
738987
202735
98803
60124
395947
394456
337816
424273
546441
452044
493967
858012
632255
882801
483456
385105
557696
368864
337140
710444
1102483
1150040
1080414
451325
2166527
1410831
1819407
250250
454763
477390
70007
1962579
331598
530730
611298
433490
1473951
714265
277819
189820
562751
1081050
1051355
113382
842906
573223
594522
641743
279092
1204584
1103307
682553
445016
540938
1134338
487220
413223
125653
254120
1111130
613134
354490
820565
603916
970278
390981
720771
893157
781356
920917
503434
286001
1285719
327556
413136
822149
977915
1167388
1521056
736570
1791815
897777
1013625
883711
681919
231877
1189181
1405385
1801468
951978
650523
2528914
1302102
141293
1303352
1550208
621275
76023
201181
1410773
191731
63529
813867
889899
148907
2402830
1587270
915318
969774
804456
1749899
1379634
247140
1255271
756514
1051047
2013662
1651261
1326531
572820
499445
1384024
514282
181656
422291
381512
694549
1512718
1691508
2281442
1650110
1254623
575233
1408641
341098
437224
1181421
409947
499164
848926
463594
741484
482875
506051
279907
665010
395718
121695
163373
411289
818844
777475
449993
107851
383476
465804
469803
212548
553079
479541
343549
104528
111144
291201
778662
829750
152945
472192
525641
933515
105959
72513
794419
136647
404057
738653
437380
834594
74250
601611
844752
389695
1768937
1785298
853990
391718
1662406
830940
1767248
838333
905422
1185936
1226811
1021040
513325
1316740
1583151
1479298
1661048
735537
618900
516977
776051
683796
405322
413264
665295
593891
597535
977203
681726
627324
1136717
760844
408149
361059
359951
536194
427506
389098
448713
2716613
747936
3011667
874535
1235037
672228
215504
287051
1222407
572261
997666
282138
293649
812100
178252
251628
220762
102048
751101
245131
303281
468640
1344315
1186848
1444833
757071
1378902
492287
908099
588968
505517
444522
583519
475202
645456
1158105
833964
1037872
1774644
848914
406730
1129811
339899
256671
374014
421678
392574
206241
452364
1127226
866599
134835
1240460
313930
661082
595755
1202552
1247568
3028367
1901098
840017
849645
1380502
1296899
2231961
1453687
1171121
657199
288076
422471
394334
929613
602585
551545
243401
368751
1886663
1267041
825149
1850962
2069372
1534765
678479
847000
320049
297438
525779
1099783
601548
994285
285773
455287
334713
105575
450052
435618
305161
394095
588665
477733
267102
411409
324252
270954
302522
382354
172741
159313
891504
235727
535373
545466
1594714
851794
54211
185663
427240
951533
927601
268947
233463
824421
245712
1013877
878029
156792
359033
1972993
1504859
367382
760749
419241
755233
338780
379155
397145
510374
639829
586674
875613
752548
756166
1131076
682181
306950
1084343
1231877
1148978
1593534
889011
1826737
589197
190543
131349
767071
854367
348014
1971428
1982627
622264
400168
331814
163714
846827
461950
428158
616616
994910
1080085
501546
2481729
2496581
73632
625858
548814
208986
559339
586458
833755
801587
442271
62521
622129
288640
93980
651779
501113
827653
1037928
499815
129988
528612
760780
716654
952498
358476
1110251
278467
379905
654461
1083879
787645
1335096
684278
251970
353392
1506791
1417380
1294138
1238488
362364
838730
125495
75632
123582
1457449
1248307
1591921
1537841
843214
738868
517717
583465
465001
680719
512769
626596
617938
351391
619199
487005
600019
1012689
1242470
1246322
708385
55513
1525793
887030
852154
397516
1170647
394174
459929
168433
1675677
277219
926658
856388
1014466
1086559
346400
300899
1197088
688449
1460912
1223457
1382859
660535
1293400
1362053
1707606
1610108
1425371
388102
822360
573557
280277
86272
521382
589296
153387
1145007
1056057
332169
181632
599285
915599
1157613
1395925
1360627
145900
63430
1186917
427795
404843
198516
506623
287830
269874
924400
935854
198032
1006505
297503
420021
387446
1737465
893658
79555
50025
110486
166255
973329
1669031
1284349
1378157
1868760
1359968
930134
1485978
226256
260996
950892
114895
163133
399970
723924
688566
1125620
897266
1033524
1130218
979809
1283118
469028
980572
838747
705316
449082
670144
913436
282908
345815
825216
651396
221359
695463
290586
926619
564087
563201
701679
364407
1591504
1572335
337363
196175
962662
733524
1259233
779264
583431
275679
383766
432634
246843
549420
462491
289529
240371
567207
826381
710450
230514
350892
201943
1396926
336101
302822
332883
1454731
530611
156858
717609
347716
604375
494713
609704
506280
800375
942285
649010
765464
1031841
717009
341083
96750
114587
633379
1475551
1149260
551955
2034800
1300447
1002027
302544
1996425
250932
50065
341611
501912
581991
1225686
2459416
1460438
673801
3095803
889765
951291
382486
381256
1768061
656388
84383
542824
691582
1087505
1481370
1815379
1584111
1185195
552012
597591
1297411
376844
322465
1157695
727062
718485
468646
583319
1517097
1137877
1180896
477861
641744
1507790
974480
1124836
636694
773271
748795
788194
623875
401014
1422076
371172
1550057
1429432
1453148
443939
2217871
1971905
439691
1194203
1015454
768930
107829
583227
585248
577387
923682
2646088
2465803
1469036
337551
779949
1891416
1581055
2634077
2022273
1646348
3020785
1430445
1629015
1117754
498283
152940
540549
329319
283448
537734
770118
1147167
341526
1585587
717439
197397
1273465
635993
1339198
639716
213330
179446
501246
436107
162576
709151
844130
336459
363952
1232004
489047
276754
153201
183765
271796
1681917
603133
1115070
936680
524799
453308
381293
581224
623133
195987
62873
2777011
2746830
1397909
1155801
1091657
2119393
460334
855134
251399
487571
573876
715686
301008
818627
806259
1202909
1252689
982739
1541990
603450
215183
436194
298025
1255588
417396
496088
1297691
594217
526273
189199
151515
204101
1073548
796532
209826
581300
341369
652300
598159
388448
548125
191031
184220
379583
1070567
1026950
729647
830228
1792531
1691561
737989
316380
563978
574930
484198
134513
890350
912607
515818
543832
806171
414478
642467
240867
523241
447624
315702
219086
324763
866464
497105
894377
560905
594673
718971
761095
457800
351611
511110
208114
810748
878842
2130356
323884
493633
2007789
401622
429597
371359
407512
906633
786324
1301244
600818
160641
372028
272807
51673
119242
353519
749096
601935
318298
391886
2706454
2053938
518626
1007431
910223
939794
581180
150810
643832
572305
532075
796733
755349
868525
1333409
1124548
456971
569772
469174
351912
1906443
358001
680344
2644753
912990
60573
424734
464523
461478
418889
1857936
272682
315352
1702532
299236
834166
817305
716139
862948
483088
484413
418974
149319
468764
397519
617538
547527
632063
302509
938823
738289
734639
1212948
942525
1215777
535120
217735
1974063
627442
1674334
925936
611114
433808
290170
279726
182058
1890292
806044
1739651
232071
941802
212539
200318
268899
363776
232156
1016208
1239930
1278168
1287637
52654
708670
342708
525043
510846
705127
353221
538886
969071
586060
95596
314581
442613
497331
434324
2866271
524835
2495419
139238
133747
143294
287133
957104
596857
857628
1024939
1100786
170288
1406924
1352632
844398
734389
342290
1507424
1059203
917558
304858
1084609
3688782
3079011
2431125
436218
392880
2129121
577083
690400
1179082
1329569
1031336
416078
1892270
819980
89830
805806
378521
1283249
689315
302463
1238484
1009362
321626
544285
932629
795478
89213
989270
790787
912058
968741
375879
392183
217551
144091
1041436
532907
744580
1954928
890990
743899
1625072
521919
1188581
1233860
1862861
1636000
2288748
1176566
1192832
587839
525242
271710
143575
54729
660113
314703
983991
825461
1387026
288713
1523216
497843
448554
280988
262685
436866
571105
1421888
581806
1281822
494105
853356
775884
709476
318281
418638
430919
1946072
1894785
1250148
1069286
289781
274350
1205505
613738
1048230
663677
300804
1771852
290499
705112
1796817
926249
545718
208605
1195573
141610
221609
753541
491421
608798
1014058
925913
754368
541208
396059
218095
140706
686809
261706
208067
988599
585002
727862
571086
420829
1457766
489472
2192016
1491910
1701076
1495452
804740
941469
1402344
1142551
1567177
882818
1367532
1041645
401527
559637
1323259
1216725
139468
277967
649589
293948
98154
405442
413022
1137561
1429932
399843
2424828
990275
3096845
1802927
864137
1819714
737904
115537
59662
41967
187361
430773
390490
408608
353156
354312
1296821
938460
555277
384381
294205
394486
205987
640324
434283
752206
713544
980328
663420
640812
111660
421800
801430
1059198
404124
1420668
1199997
853483
726520
1215074
1337890
1327173
1703942
935331
1994606
876363
1645720
1333585
825574
192869
285341
176572
1020527
168493
1240447
1365710
1356424
1492506
342929
990864
647586
128558
1182805
2051806
990361
2281696
2362935
1254519
1458893
869823
1183315
1114032
1194310
550267
1226237
1105479
625674
915319
1017867
693176
246504
345079
492180
321491
1170741
108794
760237
55867
136891
258613
377458
673704
919926
864279
925298
1019493
804882
699680
647021
657094
541199
361074
739026
577944
582286
711168
799105
576486
205591
99552
605485
582694
191415
307184
1819203
863386
1686424
720452
704975
304952
189238
326161
445531
829008
323264
577890
1376708
1220956
788464
1496360
1062793
297078
580242
405696
427719
366593
256584
1223481
859063
384788
598319
278682
175415
653315
170312
305756
656731
673676
722067
626435
1233102
1127236
1933278
1578045
1741440
1204127
831499
752384
503381
200814
687533
1599568
732614
1320651
915481
1509295
1333983
793628
1477623
124705
607282
572453
561378
507096
1100056
1047555
305994
443302
505710
315358
967953
390982
1237182
564524
404908
510070
284955
343620
908104
766595
785505
1563305
1463658
1074352
1194835
1414715
1438174
1546173
781060
792808
346646
364188
2172273
761726
1894025
453983
951935
795028
1259184
1032243
1218073
1011348
770962
1205379
874257
811132
1918590
560682
1073216
606987
346525
799664
525348
832136
1094344
493607
118194
763240
451730
660378
980149
687392
688428
1153464
518800
633220
389016
285176
555430
840057
860040
198580
133528
1253414
751041
1326620
929999
285451
138039
711010
806523
752659
1246371
308752
1185480
721398
534258
550355
731057
2297501
1355687
1204046
214659
2564999
489449
450635
754391
942245
293547
1991655
943854
2122700
719347
1090762
428822
549517
433049
997551
743649
562208
204989
264963
287180
184778
1186037
294827
756280
487924
282802
351149
330869
442451
508442
1353439
998114
1173949
2279842
676590
766387
632848
273719
357468
2153671
1424312
779113
679758
336839
1107244
496668
393587
352621
1075256
305017
182819
854046
1342870
1013646
123079
108050
1367883
682874
190352
867334
890170
869670
2127144
1007321
1135400
312641
131918
1875217
632166
49110
526412
918211
1015343
994272
1426480
1025769
1122308
545273
1224693
2209268
997009
715927
2003526
1222712
1315325
853369
853059
471067
976487
1011803
1300275
1584792
762906
619556
318231
227754
730787
831760
1234021
1361717
783585
1138297
485786
556812
1043235
613274
520904
338570
383999
535712
627499
574633
921669
650089
1432553
935161
763774
167115
880341
590696
532510
139787
813665
548998
535291
545817
371621
524682
1400826
1004488
246294
346832
680032
568411
2379908
2542207
658920
919250
632151
326290
1473803
793419
1122953
702910
684744
479131
704933
477271
850356
979920
1089687
769499
1129607
563842
247486
555183
1148437
822732
1282822
393626
548715
396614
1157761
760138
253080
704746
1131321
1070311
629988
1474402
1229131
1173544
802388
2097745
616097
319542
176830
2310864
498644
549119
636332
847528
403652
740410
426101
544842
305884
106769
770555
1143404
871779
200733
1485163
1556850
735605
546985
941720
481010
1029822
792120
403783
937078
741192
576429
800428
1228629
514083
1347551
918742
985664
753222
189234
1286477
717907
296726
783024
569567
1030249
553757
257979
300529
312959
168492
868593
591886
475190
431284
593984
1160119
1098424
1284033
522919
551136
2122781
1058817
642379
392775
793444
2495062
1085507
1014646
2007593
519642
944272
329000
355335
299114
370213
452633
550938
575705
503893
361563
513986
663031
476836
1363103
860716
687986
417009
1893319
1141583
1050184
1410330
1008824
140429
1843452
275066
1333021
542479
645596
828663
476561
844620
366551
204528
818875
686536
1054047
749370
384217
1021944
1152446
1306440
1169506
404956
1464684
1044768
1134333
1514981
710274
1557680
579111
1701968
359670
257641
1703932
1312759
176515
1259132
242665
195479
1306954
180237
304036
377109
344235
517082
816065
838089
1081890
1713795
1383901
1053573
449575
1670456
758447
400298
153632
245115
397240
1819898
786696
576722
1262396
394654
240939
570836
594680
856508
598361
520648
1431065
611791
444078
149826
1839956
1315263
1208167
1767258
1172219
252614
558730
180469
155203
596039
668321
1607298
688570
639207
96444
1463219
396520
849160
945207
875826
667924
1048192
592272
910181
498127
183023
1075688
533507
645537
675080
1694445
762540
383029
1539749
661633
250759
302365
289920
205857
91832
104812
287395
247992
1778926
552002
639772
508165
510787
2499460
838173
500747
401887
436275
848181
552763
780616
558133
573392
563697
866034
840462
1104605
822136
1084276
906023
944688
897972
288937
314508
191398
415826
700311
598363
288389
977181
940782
457859
673159
584430
905417
453193
810725
718644
741320
1427811
891797
661413
1373078
752522
211280
2168123
1026244
1543961
1583908
765388
776916
180718
191115
524387
614048
430944
1356246
1207030
1218509
476097
712872
985564
3050341
2064815
984141
795068
529439
424120
1359703
682024
408760
1277269
442984
889519
1226088
1391059
812171
1746528
402482
668890
629387
1015364
1142721
769658
1443486
1031060
1449433
1134690
1241134
613770
220650
2431496
825028
1715753
785539
2028750
1181526
1056903
1585428
383136
189268
288396
393454
546646
584772
682710
1565584
1053105
1531681
1707735
1177904
979218
938466
815211
864737
413924
401095
2315499
2228337
1153679
119936
227685
1133110
351466
140133
521463
416029
671311
883586
291785
1299213
1512779
477911
435592
876503
485955
1372269
584076
683076
223546
226379
50324
836354
435356
605416
159709
225996
241327
394621
1146041
795097
532129
390257
2335380
1422585
1291872
177020
52407
2028349
761571
719077
843277
163138
143987
979883
246343
799780
723962
916883
1752769
2188265
1694445
1308198
1242235
3084683
1839875
1336112
735563
1219430
460949
1136055
646953
657183
540672
202139
490670
887632
881267
688505
654439
828679
1204380
894656
165078
729853
703081
305227
1580666
305418
1369948
494430
500373
497996
182949
1114948
785941
970414
1112874
280603
627666
1030625
673540
903412
818840
1014757
1921500
1665919
1019922
1819467
168206
449932
662803
913821
1440574
1316293
1759914
2465635
2276772
572394
534327
739431
406703
269789
825397
4194174
1040307
3451661
660428
470471
260837
112266
574055
691795
427870
610734
662119
696043
533613
1146364
1207565
844498
785395
1348801
822355
1450840
1649271
1062774
1608442
967999
155112
265255
508062
417994
90988
1578689
204582
235223
767491
1032659
2579554
1404614
994792
1264160
588348
2059442
324588
1954790
457093
401372
477059
154178
340100
444691
608913
307992
144676
1092086
390248
1215547
461695
506568
662277
494205
238054
648461
578439
320725
1993635
1726727
906212
1087873
686291
1571388
1577554
1009624
234865
913255
451846
270989
747322
613622
350402
303236
113791
238576
331041
913067
1035026
814038
895531
396016
1121756
301794
213500
198707
311243
174046
504643
1775584
570130
142409
252891
1185252
354373
344325
1091412
1024497
338681
272291
1348442
651754
752046
546537
1950355
310335
851239
125814
281453
504254
386876
715127
879924
1648711
828323
1397433
416994
862343
486770
596977
1287052
1267904
1149420
545405
1167607
2045458
1260156
408089
1786312
476622
568865
221873
714271
1638770
1189117
118266
916530
82042
282655
82351
98708
261712
338924
211169
128969
1085380
1037849
906884
286545
1104567
325347
332223
1009058
717648
1058082
845531
1929486
1459415
313263
306654
1362691
1418536
330974
391988
408878
1704751
1437181
510840
329307
661424
580875
759972
778400
575174
829350
109202
601030
368674
69144
477917
464775
530431
422093
424718
1327091
762569
1513714
750746
694203
1125853
456865
382252
836312
362823
218903
271569
706146
564602
1056022
741386
263837
439116
957090
439202
214853
758595
475316
383012
331387
886451
379573
1033816
1714683
1047414
1413473
574145
518074
314345
217827
95968
108904
303581
339051
1363002
1498221
1240737
1867218
2050532
1034504
1533406
303626
275413
158846
352138
666088
514315
536577
280487
650037
541870
1098629
651384
581739
98666
378689
1688501
944353
649576
474485
779161
511747
83303
935630
525661
303003
412826
418159
336498
359338
253225
286479
307102
638069
566648
920872
1064024
1075903
480283
1974902
403931
450810
305784
2066862
759209
1079696
1820355
1822896
1821353
1395200
340933
377612
390575
1765295
1551939
753264
728774
1033423
603836
898250
138519
820086
464873
693596
641146
470268
475110
288930
229769
1222251
1410409
1292622
957000
2990928
2477034
2809751
1248756
1151370
846936
692429
3353074
424197
603558
2014710
649576
70536
68934
368808
942785
780602
262736
1609052
1474958
1838063
115960
1945403
744900
659295
258162
324693
1330783
1125630
634789
852652
1766408
1598976
680977
594991
370787
132760
410500
2097008
927257
602417
186542
1987328
209764
497682
846515
793706
1012103
568443
537465
801020
1008848
790475
221768
925299
1758030
1209898
496307
1422615
954441
343721
974757
429224
976175
652125
397382
406129
376177
1141393
1149583
276492
1175814
177055
1368039
829220
914468
875658
510442
519030
773388
948358
301199
242802
359111
1631981
485781
371957
379033
1699045
395163
320316
1231247
932218
1153085
490346
1231253
754290
558982
640612
292029
274779
700323
443826
568300
1178193
1096464
617566
298970
220142
253966
1432546
296535
383964
471214
309876
1835364
817294
1086856
694795
2104900
1635919
369475
220751
935039
758229
1098134
1302229
1417819
1038635
1834095
1349216
736800
1315985
817101
486490
454679
182418
1031572
983171
522932
532178
141808
523549
375661
1028149
1431348
1194854
1374075
474892
161681
579274
774581
437382
171568
1681787
1263919
245856
277421
183618
612094
234549
632160
272952
390031
486865
742634
1266983
1236402
1035876
2451252
809928
1610699
325718
1452435
926842
338201
319199
1295858
179103
573597
1779922
519379
893928
564687
520337
508558
277829
237381
426923
776102
1109198
1715207
1172554
2029079
684988
1003331
735245
396379
1659553
1525705
442814
1742274
767379
1872202
624915
1069851
691359
326321
868340
143793
115220
412748
817854
760943
589125
1716235
1253311
1184942
558102
2556082
1340958
1077941
182335
262975
333347
2325093
206339
1463897
826003
285758
888489
854506
125907
104639
336275
516054
494496
914263
473013
377491
239814
1262307
279543
665699
412709
549728
866354
854196
1584783
1306517
2188490
568348
342184
151097
147039
277610
2445127
749678
956682
1580179
664846
1053532
833250
641689
402252
1432941
460188
470977
1657528
458479
315219
506584
1604918
1368040
607705
1671382
762428
523821
795377
1099704
2931420
732779
563378
2122748
586249
387837
906076
787951
700378
659919
1514354
627378
532082
1663973
474330
536749
493552
416353
760577
612280
774275
881221
622973
926975
606923
642549
633851
1628760
862390
1246449
2473415
989602
1766410
930228
682267
338685
646396
1574526
1480672
452188
3276260
3356028
878761
609253
563450
1703013
1078068
833625
1451960
387859
246037
827754
489182
916045
929543
1235988
1363060
983316
591228
401114
191108
1970830
1849365
952032
675832
1479563
1698951
741136
756725
995049
780183
583132
418060
421849
687481
1056293
1000220
1299033
563677
710472
615228
926235
807131
889245
663858
666486
863434
959255
665662
240852
345331
1707943
688945
848525
481728
395975
517969
338459
219938
3496972
1446655
1431586
640533
862407
633458
4416732
441360
522490
2048714
758960
872235
827053
864214
471571
190248
606756
612391
2081908
353959
1938197
560306
1201322
1937525
1476398
688013
2659945
2377937
115121
367581
386244
1033495
1216316
429174
694144
902388
1995587
2571343
1387517
1020326
423466
1370708
661484
1033155
1001546
1547879
671788
1493362
540220
1293931
609061
410528
533440
374244
907790
228863
1178157
719402
827958
970000
564817
546705
788866
999938
