213630
1305920
891435
863076
897240
897554
1573519
601614
1993187
485016
815612
1345232
1312582
1418583
1290503
1287016
1662226
1657471
1492215
1840948
1635835
926032
956043
913603
439013
250781
827697
1286818
1039739
973095
1723514
1244302
1515584
1977387
1784258
1977895
2582516
2184404
2552554
2635588
2537034
2689316
2711102
2369027
2906690
2517497
2204077
2269137
2254080
2950026
1669519
2839151
1175991
2976779
665358
3146013
480748
367066
3263417
3427243
102965
3434911
386178
3298218
2990767
2877033
247290
3237636
273487
2428570
331579
1945633
418659
340201
1315729
821609
752392
1652120
1841159
30681988
30594636
31266486
31168041
31228290
30491746
30279162
30090772
30040087
29172964
33273704
29803406
29597775
33428099
29467027
32896029
29567122
31306537
29349033
28474115
28507202
28297343
31652205
26102756
31636110
26103306
30499091
25752118
25041269
24837534
24823074
30857475
30612622
24971863
24451325
24189631
24313867
30712750
24216569
31171000
25337545
31208659
31834927
31653528
26714190
26355010
26158267
26262644
26102807
25931520
25102222
32777691
25258028
25299293
24700666
24419787
23941919
23943994
24104775
34831313
24677558
24348893
35152289
24555699
24500384
35375802
23521512
23157750
23080217
22308036
21486743
35841353
35685274
21485947
21544616
21009212
36220083
21427530
20973677
20735109
36578408
36372539
20419703
19797394
36365010
36272252
20233902
36405088
20187593
34396935
34602234
20493111
20041423
35017239
34505996
21718839
34907202
21951395
21754462
35376421
22051330
35940143
22350281
21712949
21584153
36845949
37184469
22223566
22116829
22211606
37842443
22107615
37871072
22219768
22374886
23123731
38964400
23639398
23013463
22958737
38806453
38267420
38551389
24070115
23629192
23466586
23334714
23491232
39272596
23510528
23588479
23634986
39929454
39230971
39273432
39342563
39722478
39917594
25182822
25767962
25619513
41089594
40671683
26995312
26810036
27114857
27062085
27097703
28933142
28393550
27751425
28577987
28371225
27790250
28828669
29029237
29111008
28775841
29240868
29196966
29029175
29265146
29376575
29189879
29552524
29373877
29023377
29222717
30492002
30768785
30834589
31086173
32060804
32577086
32861193
32849285
32609482
32786373
32770531
32628687
32983159
32482685
32486908
32004809
33399028
31847092
31942347
32574315
32258805
31619027
32096427
32337051
31060078
31214922
31238053
31224692
31780690
31975986
31447518
30934630
31102926
31971553
31025615
30849442
31101141
31379991
31655903
31757326
68097857
68283639
32272126
32089994
30508633
68812334
30879235
30773944
69147961
69019088
29613700
69191658
68731470
30253322
30030395
30008712
69708333
69718545
30470430
28510793
27929286
26987444
69260211
26173358
26127093
69568219
69302687
26837803
69571949
26154786
25770356
69271082
68624229
25992364
68785257
67234044
26536910
67383649
67146222
26414220
26820960
66385624
27037147
64663973
65336375
27784255
27791092
27647170
26737726
65861969
27065111
65833522
66010683
65998437
27759743
27222447
66638894
26378488
66982625
67009241
26159187
27166575
68359668
27206793
26818320
68871537
25697497
68958300
69011819
25857036
25761562
25592115
69364580
69030176
68360828
68248767
26006401
68416981
68098254
26293828
25942933
25586741
67733867
67645661
67478249
68138503
26321078
26144678
67075449
26196659
25454598
25834306
25502817
24998610
24879573
68616669
68560148
68038378
67689884
25367981
67682358
67298061
25105088
24889327
67057870
67420348
67299057
25768529
67837830
66728186
25852762
65131610
65124965
64976697
65443725
64779974
27652909
64852867
64048968
63240303
27711084
63310335
63192525
27419285
62733559
62751655
27335818
62766006
61482802
61356536
27258819
61591954
27868647
27695754
61709091
26988380
26975500
60914981
27322729
60021693
59979816
27176579
58990391
58818739
27132895
26793729
26698461
58670447
58234721
26528920
26693599
58906471
27075199
58958404
58932972
59401994
27755482
59170003
28520007
28144944
27711854
60774403
28301292
60194757
28252649
27729947
60706974
60664276
60514816
60538420
28518964
60886273
28766264
60642868
59810857
58333083
29200137
57994679
57004788
29240233
56803313
56793227
56646024
29627540
56152879
55953839
56048291
29795523
29578593
29783866
29616303
57221036
57398802
29535096
29215863
29626974
29388376
28446023
58420465
28657714
29470096
29530845
29169570
28357028
59232946
28402911
58847016
28411707
28252836
27144198
59573128
27247087
26698290
59836226
59285036
58504785
27388565
59217458
27817453
58813344
58874685
28884982
28988739
28643926
28396289
59945626
28584857
28881390
60124302
60021484
28438919
28588293
28370487
28150429
60293635
28266408
28353702
60384846
29058835
61067653
29027122
61077363
29049557
28917386
61693563
29209822
29025850
28473340
62986505
26861704
26732732
63319233
26418234
62486454
62492030
61827333
27386119
62828513
27950616
27331353
27331698
63668897
27305877
63376006
63383321
27533911
63405698
63497992
27388689
63746443
27424950
63744725
63748759
28241202
28205552
65502468
29305618
65933122
66234652
30323388
29992208
66004973
65456644
64811386
64539427
65246339
65368466
64696892
64877709
32003147
30736696
65110298
65012678
65231570
64802981
65130239
64662233
31626490
65497533
65574897
65562459
32855409
65818968
65932571
65582083
65267848
64731104
64320376
64226100
34147985
64279449
33814440
63899446
34076873
33751402
63968971
63898874
63916186
33775831
64036151
63035463
63418973
34155144
63030296
62765402
62665014
62407786
34451798
62436535
34514824
62424894
62240197
62546972
62243019
62325517
61852181
35464150
61758216
34815509
61705508
36024265
62213158
62061640
62276628
37221133
37194471
62873487
37057336
36880815
36463515
36740037
63204001
62851926
62823229
36935983
36394501
36099042
36373826
62472744
36674455
36599856
62689201
62617290
37310917
36853879
37295574
62914343
37360426
62887825
62680409
62694262
62682234
37378470
62758316
37641544
36943837
36247091
62900185
35376447
35592102
35411553
35559985
64158125
35896964
35582488
35137372
35055790
64694975
35539323
64920823
35785742
35196006
35167664
34437533
34470539
65683649
65910821
34389364
63888478
63791602
63740251
63926133
35065536
34965778
34287358
64466481
64549500
64239544
34759434
64419192
64495741
35587171
35761931
64928995
35396875
34222407
65025345
33637903
65643622
35275206
35362326
66917631
66892987
66241048
66326329
65692451
66179037
36617142
36451697
36226271
66574412
36206644
35520415
35766588
67285966
67300024
66858373
35305304
67381983
67757785
34942589
68543100
68540385
35590421
33329263
33270942
68894756
68357949
31901112
30616725
29081314
28926202
28618183
68629017
29031392
68406006
68782591
68672222
29172203
69171919
28500094
68773837
28012692
27806856
26550067
26352284
25183235
23703229
23894875
69929612
23944313
69331403
24228774
69555553
69249270
24665502
69176417
69246625
67574395
25093719
25109958
25146899
24573365
68449030
68074320
24892355
68769114
68792718
69544974
68947346
26487424
26843764
26323367
69862306
26353321
26068755
26576672
26215291
26252525
71046033
71097319
26322156
71345476
26785289
71569017
26570921
26988310
72250997
72159289
72176619
71973747
71976945
27048733
71806952
27327537
71325025
27726001
72328470
28315379
28442787
70690353
28502325
28205307
27642923
27623836
70179289
27866566
70134053
69513892
27730756
27712855
69256086
27263210
69043417
69017578
26577390
26498237
26501808
68452043
25980493
67996172
67482980
26029342
24869150
66584816
66205900
66867299
66531271
27178495
66113970
65584661
27789160
66401844
65737987
28258567
64896293
27057095
65007238
27577231
26261930
65283818
26225040
65558921
26713171
26552410
26539055
66142358
65142780
26360594
25777402
25052728
24433088
65065960
65304334
25029887
65237163
24871320
65123186
24993025
24948406
25034608
65639167
25871584
26145349
66560926
25828252
68085233
68010418
26317567
66102417
26640842
65658014
26538638
65458828
26868605
65351911
65261439
65143565
65881786
65166614
28394248
28554393
28526958
65450836
65574995
65232149
65430143
29570422
66183712
30002973
65953868
29757340
29713691
28873555
66610240
28408044
66329898
28078389
28122490
28269272
27908260
26640761
26072519
67405421
26292633
26491634
66953546
66720887
26571706
26391269
66840491
67613768
27669858
68092471
68227680
28064701
28093642
27624493
27640023
69357749
27202905
69114415
69172187
70361610
28880846
70339974
28515022
70115585
69654319
27749871
27228707
27341925
70302402
27859705
28183190
71204952
28532010
28711030
28554542
28527178
72405455
72174304
29431296
72301393
72091527
72144585
72115414
30045238
29921004
29896625
72742371
30426963
30370273
73050120
30713219
30822500
73113217
28475317
73359895
28470573
73254213
73503951
28257721
28055166
73904308
74112676
28093801
28469205
75074839
74249456
73269000
73174871
72846054
29433764
72352183
29413293
71712589
29577328
29260168
29219690
72359268
72310288
71379084
29887995
70876944
71003067
70588083
70509121
70661154
30861449
30726683
30401282
71320778
30963194
30636900
30698227
30857893
30142301
72545089
72646136
72287836
30662906
30654808
29208639
29236476
71419687
70956792
70799571
69758685
69575368
29729687
29575898
27926720
69934828
70014780
70140388
28322847
70148055
70614115
71024122
30331745
29251936
28556034
71332595
28571591
70775983
28476753
28532153
28592573
71331237
28626180
70540223
28648305
70330591
69339424
28610151
68300431
28730363
28781095
28865247
69185024
28331738
69415291
69324448
69463813
28860499
28753828
28594359
69765789
27830961
27313524
70013096
27408197
70165600
70461832
28809717
28557047
70581843
28276245
70095828
69518455
68955153
69252520
68569985
27202469
27050907
68931761
68462667
68537226
28225645
68805564
28243065
28112918
27556606
69634722
69123074
27779878
69098197
27576568
68207934
68280702
27853194
68008350
28106546
68148422
67837672
67891629
28889931
68564805
28581033
68155872
28199923
28392824
28355709
27925791
28844356
69611279
68996419
28497271
28337569
69208090
68365935
28757710
28070742
27523111
27574915
69079183
68028909
66860887
27656690
27233065
26465290
67415354
26137644
26497767
67971015
67967652
66703197
26882856
26779287
26065260
24914915
67037838
67117209
67171024
67447518
67461696
66980922
66002707
65885288
65081783
26271430
26383939
26205718
66107953
66010007
66339382
26779698
66697723
27618243
67315660
67540606
27955833
27754712
27140499
27248778
68058174
27283772
27223858
68441409
68047671
67967130
26758664
26577712
67524313
26792225
26384489
67180802
24898385
25089897
25870044
68056497
67865141
67046486
67173329
66850037
26219881
66388045
26288389
66172260
26386329
66379432
65639581
65604222
65153979
65179613
27308898
27278583
27400112
65653555
27555659
27470767
66140342
27099948
27081811
65944074
64752667
27540530
26816208
26597519
63509389
26924996
63735883
26280695
26243100
63886488
26190278
25013161
24988126
24957229
24329784
64631648
24752242
23427741
23476314
23393728
65338849
24251299
23688775
65641724
65956104
66164466
65451704
65286919
64890440
64761498
65079162
64589293
64011962
63996787
63414484
64106066
26529890
26914698
26625684
64203842
26543925
63985449
26312946
26097530
64788404
26104075
64453914
63629504
26569619
26439977
63088515
25673218
63159898
62149179
61965748
26033119
26067638
62252000
26017220
61284587
26477263
26495454
61492266
26393963
25799407
62001910
61956695
61210249
26142975
60381020
26083914
26108479
59268208
59726031
59312530
26493412
59580604
59656370
59808766
26612241
59176914
58558638
58274097
57796895
57525745
57658153
27465056
57201693
27349308
56881102
55697183
56276538
56516158
28616279
56804110
27879249
27557675
27146620
57425745
58590487
28162223
27276591
58477240
26781873
58062080
58018621
57815640
27010467
26946982
26764042
26731908
57959707
27782972
27413066
58765717
27676173
27878708
27722639
27496028
27287216
59969535
59959330
60026274
27451288
27111139
60227792
27262862
27173794
59319634
59149715
59080668
58412208
26425834
26314663
26371350
26105543
25784677
25729940
26181662
59480945
59384752
26035050
59935519
59643686
26731932
59424307
27237789
27296133
27148674
60239226
27152611
60096609
60269592
27377220
27244842
27323813
59710000
59351556
58959486
59637817
28575470
28475140
59419881
28525686
59782320
59832663
29123021
60059374
59824814
29338644
29342395
59517315
59421802
28899447
28692317
25659822
59530285
59279603
25229050
25051824
59354692
58866605
25706232
25285384
25201539
25156092
25333197
25585693
59775463
59623708
59628819
26454809
26098119
60021971
25853787
25457345
60057242
59931204
59695777
59669806
59316678
25379410
59609271
59968298
26567230
59435207
26731415
26818878
26677977
59974663
26945630
26947042
60296204
60232174
26203420
60106553
25994987
25480113
60647914
60292902
26175886
60461553
60242753
60221980
59802160
25713420
25374306
60171178
26194729
58918228
25897155
58836065
58825370
24909823
24927518
59551618
59143655
25793819
25741614
25749403
59825253
25942860
59690519
26119892
25051911
25019350
25578142
25546094
25519508
25250186
60965256
60507054
25715365
25558701
61829111
26241811
26237877
62666174
62700706
62889142
63232144
62957518
62908437
27510830
27077270
63287921
63186293
28058053
63424837
63462410
28401586
28447598
62771274
63184135
29246693
29319803
63437646
29049261
63198988
28894277
62867547
63214907
29111553
28732296
63117231
62710530
62689958
62980117
62930029
29592329
29535319
62891191
29658514
29178320
61995117
29570296
29712675
62407097
62373524
62201443
62193052
30425453
63943373
30532609
63690511
30349706
30203238
29979514
64383819
30706428
64900192
65061777
30544403
30568114
65001693
64961962
64422419
31376892
30950647
64253340
31180933
29941177
29879353
64300784
30163315
64622496
30260599
64580319
30086076
29993861
65620456
30923436
30835639
65797379
64825317
63966649
31075476
63617557
63751303
63604411
63415578
32094993
31359632
30385724
30238598
30825668
30885763
65535243
65532434
30633409
31148558
30972767
66377561
66561786
67310312
32170851
67252537
32041623
67370203
31589108
30739961
67620315
30881444
67063147
65904041
30508664
30557977
66317514
30946128
30794767
30200716
30453760
30584013
67162163
67156883
66941998
66821189
30975842
67038751
31197498
31163078
31192581
30649646
30277279
67652599
68060306
68076326
67871008
67403721
31693049
31939514
67430526
67671807
67878349
32846425
68595394
32925448
68838303
68485547
68499926
68686477
32794719
32417445
68777122
68835629
69093564
69246584
32192071
69254165
69608733
32743615
31881673
31467798
70031459
31675664
69740645
30605341
30558890
30839450
30564585
30001955
70497015
70797640
70777986
70349079
30618571
29581185
29453388
29586104
29804281
29458769
29297262
27493863
27245294
28027684
72765342
72481068
71856080
71526779
71068293
71243354
71107782
29483261
71187108
70655307
29437715
28880279
70065082
68672105
28786505
68684142
28839131
28035646
68662225
28247075
67937844
28229296
28280077
68608096
29539925
69208945
69260151
29555658
29432568
69509149
29379539
30052062
69509072
69609540
29575870
69313244
69313757
69110253
29482568
29697829
28516864
28681725
69586426
28981782
69654677
69493288
29082132
28393039
28350376
28575388
27881996
70019032
69953269
28080278
26563637
70376327
26807629
69729777
69486256
27588513
27600276
27450940
69915771
27175316
27084622
70192251
26968217
27113370
71123888
71287008
27284248
70776515
26935740
70688952
26775274
26363795
70872488
25961802
25983578
26412233
26179798
71651140
70933101
70791804
27940778
70210911
26908525
70140535
26505765
25556591
25242866
71041251
70743039
70739806
70616421
25181112
70950045
71086665
25291490
71127556
24334926
71374436
24240605
24328410
24399442
24327222
24515058
71637724
24570407
71545013
70359233
70086960
24876932
24830828
24481403
23788103
23755779
70658523
24283227
23904197
23680890
23557075
24184474
24256881
25093620
72692143
24496824
22826997
22922312
22840841
23061192
73545751
23079104
73337838
23015038
73002662
22796284
73004600
22580769
22434046
21158207
72900428
72813902
21078900
72058270
71702181
71863234
21365046
21131366
72130581
71504151
71197113
70394551
70754309
69031037
21605685
68957754
21344061
21166783
67738042
67345982
21529550
21317659
21090030
67485821
67201291
66931657
67065903
67143600
21252613
21181839
66830594
66880033
21332020
21316760
20819811
21020825
21566629
21601696
21189890
20303903
68297474
68178756
20571533
67947928
21046048
21070045
21112150
20386561
68648950
20332111
20006461
68192416
69282688
68920393
21351576
21460330
21306165
21824975
69799817
69047205
22213554
21844129
69341965
69538138
69695537
22584235
21087119
70322369
21798325
22594973
22172748
21619472
71311337
71089779
70858352
71017579
21916247
21763109
21600418
21109136
71438898
21208352
21315843
71821029
21420799
21315686
70864195
21628076
21029672
21122856
70932618
70351983
69919609
69744086
69682471
69439576
22375996
69724692
69642493
23255425
69496962
69244229
69117109
68003255
24010438
67953464
68016538
23795064
23867239
68621570
24377357
25207926
24502565
24649978
23845293
69617148
24292458
70554837
70640001
70872923
25298867
68794884
69137194
25871127
26010080
68967905
69155452
68431522
26540332
26426965
26779292
27005701
69008005
68975827
28040821
69485566
70307272
29253317
70277297
69826466
68326342
30018679
29856627
68375888
68438243
29751137
29567139
68595091
28640240
68657494
29239559
69001474
29852256
68652659
29273988
29259536
29319618
28909838
68883601
68963581
68932824
28949808
28675071
28549101
28485280
68801241
28698456
68895379
68974427
28597774
68183309
67840629
29211612
29121104
29008093
68521780
68389791
68288036
30090956
29714941
68632295
29554550
29833037
69484083
30850207
69477757
30847527
70184048
70161108
31605501
30321392
30513562
30473167
70606406
70289947
70369012
69427995
69249723
30566489
30226833
30156849
29817290
70069229
70244351
67662187
67585087
30266997
67547270
29688825
29014453
29324754
68191123
68232311
68089918
30246822
30393629
30204182
30397774
29917175
29619868
69116024
69124286
69255448
68805412
69007167
30192634
69026000
68815449
68767534
30227239
30268639
68000271
30231247
30441830
30223498
68164766
69094880
30185947
68734716
67815283
67697043
29995835
29283415
68129249
29445710
29669420
29311279
69554558
29285422
29475320
69839401
29330850
29247496
28865481
28186312
69930088
70139273
69942667
69023339
28334096
69092726
68965482
68799301
69224773
29346083
68752958
68957777
67856046
29434544
67944363
29711721
68060405
68121098
29763797
29856165
68262205
67600642
29062288
28112745
67905713
67907126
66502326
27634723
27561371
27472311
67029832
27826082
66429732
66399600
28610286
28023992
27522474
27550308
67903960
67990946
67791094
28583571
67918048
28712293
28435607
28524729
68673016
28761373
68187264
28657320
28668906
67588101
67834232
29120923
28501278
67805298
27953812
27966032
28099084
26988321
27164005
68720838
27394309
27108680
26029834
68533580
66419853
26152702
65186538
65258622
65503102
65589327
65559205
26232656
65692973
26555884
66112046
66209519
66170443
26822771
27093224
66455043
66389972
66369037
26770802
66484046
66192329
66195222
27291266
27293441
67113807
27812699
67344066
27619573
27500177
67233674
66718185
66791774
66673549
27660629
66809517
67096040
66830455
28346104
27797807
27936891
27908810
27501265
27609976
27596982
26877676
68055508
66392283
26986596
66946470
67094043
27708316
66341907
27725418
66247600
65155101
65079476
28956298
65098203
29462733
65800221
65779274
28845524
65805171
28449993
65609969
28795488
65372106
28434575
28092526
63973906
63730757
64559435
29295061
28533880
64660937
64190838
28719515
28644091
64426509
64076604
63734604
29348722
28905317
28401210
63747197
63409429
28198023
63923283
27025920
64412631
64435752
27115557
27843710
27612273
65852320
65570116
66106877
66282466
28721911
66510206
28824411
28691476
66894795
28778356
66887726
29130349
28892585
67298970
29260893
28251085
28502607
68036973
66719700
65316933
29204296
29138423
28098507
65531092
65751938
28626828
28752965
65819846
28344214
28337868
28379012
65927118
28553020
27876195
27877827
27991059
28405990
66292346
28419012
65842116
28560010
66083327
28359853
65331766
28300518
28436304
65771923
64929603
63901861
28770512
63967039
63524317
63438382
63236930
63189906
28897246
27879181
63304817
62857879
61762104
27788162
61923248
61431604
61358977
27690751
27416004
61452383
61173356
27631877
61252528
27064376
61120617
61108312
60991581
60422911
27762532
27057476
60688412
60281081
59620511
58563655
58212182
57384987
27096598
58060066
27237354
26861671
26276744
57529346
26060217
57609674
25931070
57766259
57965294
26337863
58374898
58257393
58517053
28616394
28815848
28738029
59035251
59258888
59849873
29573773
58695907
29318371
28743688
59010415
59088219
28942642
27455608
27411477
58815153
58913812
27082796
27071148
59067183
26920869
26929738
59524843
27072595
26298285
26240087
26225998
60462270
26475703
60813857
26073981
60845298
60831699
26175704
26585975
61282901
26139810
26176335
25508989
24607863
24631274
23282139
23233933
23325753
22968982
22727511
22855843
22614529
62921371
22567657
22036754
21134780
62301782
21635957
22006393
63368978
63329718
63465277
21872007
22292876
22334882
22218862
63339426
22258122
62252870
22510591
22320614
62523640
60988354
60922548
60918333
60716413
60644959
60361988
60422018
23886351
23704800
60439556
23651116
23939769
23747140
23575103
61048216
61026587
61312577
24351528
24403836
61340520
61457930
61415313
61164121
61854713
25737882
61874842
25845007
25869394
62644184
25990264
25632666
25723548
62836097
25254539
62380118
61834929
61672121
60408521
25687456
60438357
24999238
25509234
61360032
61120752
60394557
60552543
25710454
25737366
25859378
26012311
25835538
26064924
62077248
61855470
62116708
61163151
27088700
61481526
25554896
62016166
62207800
62347375
62451877
26724354
26640477
62750470
26121436
26003358
62944939
26034772
25884962
63241947
26182721
63775806
63750776
26769128
27202463
26924600
27412260
65313240
64829966
64951798
27965027
65189407
27990273
65103442
27781122
27989527
27688527
65719899
28055828
27625708
27579919
27324632
27116771
26976752
26748657
26924733
26921970
67368575
66340322
27181265
27118710
26889929
27101027
66574098
66301394
66311593
27105641
66287072
66389531
27361265
27416203
27515329
66913146
66773592
67126424
28251291
66280541
66227218
66032955
29024149
66088947
66274736
66288960
66272746
29862796
66277427
65103136
29619565
29510914
29050314
65162938
29268618
64974210
64855163
29359722
64681144
29367557
64293202
29299617
29527665
64868006
28323659
65396347
64601685
28873406
64864204
64967757
29277974
28926196
28907794
64988780
64918123
65626707
30279866
65327490
65471772
29656109
65361657
64664511
64736102
63536909
63475491
63303517
31213330
29646504
63352400
29281430
63009778
62601347
29630993
29302255
29549270
63236860
62957808
61739170
30329571
30309411
30598006
63079579
30998033
63407869
63090134
62839674
30818660
30113419
29725002
29948022
29988353
30056495
30006375
28886394
28175721
26800575
27246041
27257744
65462498
65257021
27478625
64699348
64463324
28056146
28107808
27809306
65040887
65341707
27450407
65026504
27076304
27052241
65382281
65560700
65525777
27029917
66534298
67393961
28222860
67787516
28313008
27975720
67745492
28733460
68478903
68448542
68581182
28952856
29113253
69021957
29364815
69241724
29183678
69279039
29278093
69468529
69309192
29714000
29857377
69267060
69212337
30230103
69435500
30386159
70047601
70053111
70108493
31331492
31135763
31116569
31134009
30880215
71044094
71630145
71702101
71593491
71681940
31836796
31741774
31379236
71725492
31601543
30885089
71875609
30557302
71817007
71738057
71948692
29943664
30425171
29968924
72353984
30119971
72064027
30567582
71803788
71552295
31256551
31250175
71797965
31020281
71490281
31073829
31084560
30835036
30369208
72838698
72884304
72752485
31504702
72344797
31531130
30197599
29785062
28478116
72984293
28641654
28571490
28460146
28424930
28167949
27245827
73653788
73976068
28265396
27510532
27336569
73387348
72996722
27058878
27030210
27052855
73242138
73126641
27214584
26938214
72904968
27238949
26863491
26657788
26752891
26765513
71371671
71144326
70106282
26626632
70342112
70264773
69564367
27038116
69609814
27025849
26180201
26078231
25869917
25105824
25124856
26025715
25526231
24042095
24427446
72119102
72861673
72782024
25278251
24425916
72845203
24179297
72778788
72964271
73022784
24369608
23995737
24121239
73781240
73234675
72201364
71692198
71452121
24628884
24436394
24588737
72049810
24004388
71865627
23707673
22632252
23146236
72572467
22984729
23353486
72799612
23772133
72302060
72271311
71347534
23135821
22977963
71696781
23324795
72027453
71814380
71592895
71308481
71369948
23329005
70925503
70891285
24605525
71586894
24307847
71499728
69682590
23680919
69819690
69530110
69639436
68871371
23741696
23791818
24027633
68906596
68380381
24165820
23346838
23359292
23316660
69383731
23191893
69089925
22867668
69063442
22889926
22649949
21823834
21601706
21763165
21873686
69800530
21535386
21284325
21429508
21564395
21795455
21699578
70622640
21965434
69743914
20938156
69984538
68333158
68548572
68694058
22269360
68807731
22470828
68989158
22216857
68259866
66460317
66410727
65690557
65651613
66048350
66022878
65984397
23153939
65351588
23272621
23600604
23818187
66803039
67106970
66645078
24518503
24503363
24421138
66684792
66807481
66417913
66047874
66246935
66449596
66480801
66421466
65660420
65784623
26196246
26317284
26053704
65954534
25295126
25004068
25532007
66469917
66530482
65906763
26653954
66206773
66302759
65826543
27255523
27186277
65969798
65495979
27165950
26283378
26068123
65486448
26649423
65619160
65866446
65706646
65461330
65664551
27528215
66237203
65757837
66219441
65600940
65655425
27832497
65883505
65724322
28601766
65371809
65500094
28834701
65315340
64564006
28828192
64659663
64780239
29742884
30148355
65458200
29893812
29853947
63227358
62953606
62828013
62846725
30509577
30693914
30886208
30862526
30479484
63435018
30567325
31402470
31484897
65024332
64936102
64550105
64437594
64363979
31747953
31626090
31620243
64115506
31651780
63543871
63114776
63111465
30855996
31168569
31097310
30779215
30723203
30580660
30131912
30068558
65366329
65409756
30377874
30381837
30310576
64966790
30635928
64365111
30372578
31169484
65400104
31280992
31595640
32305284
32190127
32252795
66990569
32435681
32427871
67274914
67724553
33234960
68095248
68036268
67930073
67216196
67241440
33905993
67136640
34109579
66252250
66226010
66201860
66663851
66996228
66266418
66251607
36513147
36350329
35141957
35122902
67241179
67053018
66719389
35385803
34646852
34557681
33947322
66393642
66556038
34753707
66622230
33469827
66255643
65814963
65647286
64188873
33976484
63953145
64306367
64008581
34705365
32865374
33021366
63859512
33198014
63079321
62241030
33611361
62212230
33857851
33396796
32711258
62723516
32334476
32458374
32113128
32097107
62905032
63075617
62595469
61809267
62041601
62036820
61890993
62032428
33465031
62382745
62786884
59766659
59094070
35202990
60751231
34357331
61096822
33621216
33130576
33079936
62554797
62317993
33115393
62404183
61602119
32423811
61809673
32537399
31963795
32032051
31139831
30970617
62933244
30825434
30940281
30675641
63499805
30989102
29810867
29558686
63879557
63022276
29027960
29002598
63641292
62904488
29459392
62410234
29315784
29469705
63084601
63188925
29461393
29761594
63668926
63290018
29453054
29590398
64082552
30034127
29627378
64080378
64161705
30117223
30021685
64817997
64687607
30160841
64335310
64471558
30339756
30045860
63778208
63659448
30075186
63834504
29440425
29060209
28763861
27895831
64050444
28198382
28208997
64140528
28293381
64429623
28566853
64813505
64218953
64209901
62926111
63169754
62971125
28920345
28037966
27854358
25407761
25437855
63786186
25676270
62549128
62370834
25364415
62320585
62333660
62049829
25744183
25881163
25825595
62429116
62152511
26184815
61899520
61924013
62132987
62347311
62542921
26994783
63864397
27088799
63545001
63663901
63603419
63481265
62491291
27640919
62009054
62101153
61963411
27363319
27558622
27312696
27185046
62207917
62082173
61917110
26888570
26713143
26639003
62261188
27035604
26826286
62992828
27394380
62973073
27439943
62894545
27596606
26738356
63656333
24032261
23361102
23136393
63730496
22874445
22884881
63702037
22164512
22171653
63742513
64129542
22793387
22686867
22300707
23286411
23257168
23134565
65511024
23160157
64812238
64690633
23552841
65133409
23845060
23889949
23725606
65486123
65574362
23866667
65541787
24356230
64982436
23620105
64673589
23752687
65215479
65033733
23584561
65467775
64742660
64746390
23467412
64687744
64904087
65794102
25186992
25182121
66062737
25378706
24797843
66389314
25598187
25208030
25044578
24840193
24712260
24666536
67227761
24855476
67654997
67632557
67146163
66756347
66593600
65546260
65190214
25924542
65193061
26335529
26621064
26630117
65655452
66096189
64841030
62947634
62743252
63136506
27685647
27598246
64274158
64504693
63842280
63981358
64029362
64033355
61828953
61899707
61234214
29686314
29205668
61352370
60212449
27963554
58706183
28158565
58185050
28147781
58184116
57574480
57536464
57356294
57304496
57229656
57252163
29911702
29861224
58133883
57671634
57682441
57754703
57554423
30527543
30376195
57737770
30022081
29818305
57688516
30710250
30509256
29276981
29014087
28229633
28529223
59160653
59247105
28404833
60210606
59696667
59283190
58891679
58874130
29958539
58958500
59064572
30554603
30421995
59680384
59887580
31436565
31420908
60171525
31269535
31549162
60730483
30934069
31340465
31181583
30723807
60845182
60687951
30909920
61083275
31817334
61063227
61198572
32473503
32622606
32413993
32339189
32117315
62011426
32083624
61862270
33022714
32829766
31906023
31844500
63069690
32260373
32354933
63975269
32584951
64201979
64292837
32572300
64574788
33141294
65030086
33522258
33174168
64950855
33406592
64597965
34031971
33707845
65441255
65483014
64034435
33756398
63918395
33995853
62532599
62636023
62563637
31953177
31803256
31445103
62664392
31543280
30764039
30621098
30484236
30727285
63398891
62311117
61984700
31297867
61320364
31278268
31072741
30435086
29989201
29797221
29884653
62566840
28588381
28785897
62351668
62295976
26637936
26843376
62566922
26740020
26509206
62077558
26978678
62347645
25325483
25320911
24375892
24399512
24031154
24021827
23172722
23063817
22473540
63235388
63152837
62267864
62322020
23559242
23600449
62645492
22851685
62115426
23483232
21907963
62781483
62867082
21767979
21801142
63093787
20895926
63306893
21203154
20673495
63514541
63456992
62985496
20925909
63448314
21608247
21272079
63650994
63405349
21710401
21679395
21465601
63777060
20828512
20140185
20265306
20425620
64680113
64681896
20743205
65034771
65046920
63247571
63111611
63243042
21736538
20911273
20518420
64263841
21150077
21145620
21300613
64603638
21120263
21095313
65364360
21430274
65530860
21300699
65598905
20744204
20412594
65908849
66595776
21271696
67191227
21705060
67425646
21756778
21747136
21291640
68255405
66894941
21175382
21064160
67151084
21350188
21453732
21192995
67418954
21381542
21584819
21565692
21339640
21160885
21069966
20937309
20665840
68458799
20413367
20452967
20843350
69447812
69027188
21267418
21312830
21104596
21003778
70176779
21875546
70259903
70761696
22552795
22057446
70746744
70706819
70720833
70020396
69189140
69118339
69235787
22425207
68670070
22906006
22968714
69200390
23415353
23426791
23274121
69225861
68771824
68354538
67540944
24346645
24289586
67334982
67195157
24496604
23588152
67247900
66654016
66667003
23950311
67009084
66817096
66797731
66826773
67057169
66530678
67287514
26356457
67639622
26001012
67716574
67440752
66217333
66195927
27198501
27056527
66455035
64930538
64856011
64726268
64682012
27681373
27551073
27303953
65312883
65841233
65818310
28472759
65780732
65806584
64940931
64579178
28222251
65248777
28915373
28605640
28580129
66250663
66356529
29092513
29112999
66948226
29656330
29479159
65970697
29184320
65679683
65604193
65215808
29281205
29404873
65912450
28632059
29511638
29256294
28618527
67245311
67280391
67215172
67476265
67207236
29287478
67596580
67762634
30033931
29831201
30067824
68301549
67762646
67649954
67888786
67909723
68321312
30375951
68885924
30327078
68687939
67840958
67812106
30764241
30638058
29804294
68385118
28903749
27918524
27968501
28062202
27958162
68401187
28014974
68562367
68375529
68075056
65553427
28330624
28309145
66001453
65009610
64984177
29572056
65669363
29631407
29503090
66039953
29965817
66156526
30055155
66659812
66561927
30826115
30687433
30723278
66719375
66416751
31037138
31002587
65780353
65126505
64573390
31497490
65004338
64614662
31449824
64397691
31228520
31065173
64497655
31538844
63233332
31417479
63237933
30793963
62532425
61620285
30418462
61759372
31301586
30620775
30657351
30627397
30407699
30625089
63255775
30796344
63035238
29836914
62670703
29858903
29702578
62912221
62461960
30402142
30120671
62149305
62280725
28084393
27959299
62466429
27005240
62920561
27927338
27772628
27758861
64353148
64388119
28250484
64542297
64583331
27396895
27510489
26278041
26398026
64484153
64461117
64681838
26613613
26205691
65071702
63775659
63233724
63682634
27217889
63941927
64157282
63622798
27494203
62819765
27890815
62925138
62920054
62822224
28152959
62636923
62546838
28304212
62014841
27860019
62611226
28539486
62431489
27954371
27920152
28354138
27823668
63331863
27796330
28067601
27830159
64429831
27079150
27436569
65682964
27098753
27353528
27526646
27597763
67394768
66868990
66312854
66334363
29152491
66134524
29455793
65694711
66140636
30038199
65800885
66051373
66082347
66107351
30697534
66366849
65128582
31019224
65146691
64539522
63721549
31388153
31341619
30091738
63840796
30058117
64043446
63309947
62727262
62449973
30905570
30710034
61828860
30672617
62105891
61759181
30243008
61730832
60798261
30438753
59802334
60293086
59126528
59341735
58970397
31933575
58697369
31773766
58939953
32078306
31775045
31641328
60054942
32081523
31982183
31798326
31809554
60981566
31891065
61525256
31812468
61843527
31099658
31152460
62002459
62530788
31795748
62113890
62024357
32188510
62116654
62359176
62227295
62380173
62637267
33990577
34190990
34249058
63098184
34221831
34270938
34124466
63591888
33657953
33797574
33831944
33586158
64848115
33538340
32429381
64597685
32108317
64590140
64957948
64901990
32920086
65022354
64971615
64528758
33111678
64278006
63618103
33124184
33213698
64535228
64431476
33326671
33290095
32686585
32684542
64440282
63921216
32064662
64140749
31323521
64741529
64927664
32083381
31717040
31301497
31305530
30377573
30094949
65375180
30843635
65535897
30659899
65093623
65597613
31467846
30678843
66075488
30527289
30482579
66429141
66549073
30381074
66901785
66097121
65330537
30233428
30089647
30140744
30053827
30165021
28888206
29034232
28373918
67316937
66263093
66123427
66034422
28173121
27743905
26844303
26933369
66812739
27338234
27024393
26378348
26247515
67484553
66995466
65627232
26620133
26882996
66595955
66625923
27296340
25745578
25862047
25524026
67537447
67995460
26531111
26165887
68481803
68324132
26185407
67918335
26532630
26599470
26887861
26368623
68996539
68930606
68741025
69258681
69186697
27540453
69007709
27550057
69200475
69212206
28703459
27520243
70136622
70204231
27977130
26268570
70224630
26055706
25945394
25832251
70272945
25868659
25828284
25601521
70786426
71122679
71244874
70888478
26836022
26859912
71309769
71308726
26574713
26664662
26558404
70961097
70631607
70573740
26729262
25984955
25316848
70435941
70725811
25629912
25149136
70409541
26007677
70946438
71018321
26187604
26175979
71411871
26552537
71482684
71063345
70966526
71081584
26684016
26525427
70757830
26466588
70810882
26612422
71031065
26612872
26421082
26507188
26773534
71371856
71533499
70972737
69386420
69433647
69297035
68713687
27274240
26871640
69233823
68910878
26498339
26510538
69189664
68898407
68193079
66638832
66787485
27556994
27644058
27646771
67768438
67598489
27431623
67004998
67339028
67234284
28063623
67280713
28469806
28250879
28081125
28032810
68009320
67993282
67549446
27981915
28130721
27703008
27608606
28036110
68800819
28608474
28246589
68384137
68382694
28405231
28645555
68838936
29297500
28858367
69219604
69705834
28644521
28460540
28470971
28092739
70406491
28491673
70460431
70515306
27540902
27679834
70762427
27332361
27113370
26966830
70449700
26697683
26501190
70341366
25228977
25214683
69455853
24245296
68526972
24542613
67279943
23742056
23485936
65957892
65914191
66036235
66254594
66713690
66378366
66326324
66350310
65846691
25995304
25932002
65988496
26365134
66806044
26760112
27127383
27134567
67091176
26502676
68002257
26747455
67843015
67569634
26780577
67806504
68169019
68319118
27925564
27889649
27685978
27900449
28139334
27546633
69655822
69496771
69465575
27997809
27085432
26825827
69504845
27170911
26708074
26270549
70044717
26860507
27290409
70904136
27137451
26955041
26885167
26752928
70905427
71204545
71164856
27082343
70631529
25672326
70992627
70633463
26377956
25767078
25801064
70919264
70936924
25053808
25140691
71704888
25499465
70964760
70121824
25531420
69593690
25095804
24493332
24387873
69609370
69498710
68833411
24865036
68603460
24865943
68611092
68313533
24820273
68502237
24592115
24827762
25008763
25023235
24434653
69295205
24586560
69490456
25050723
24676908
23884208
23906052
69717255
69016583
23671301
23390872
69092373
68159509
24488994
24450162
24081687
23943403
68248002
68211743
67788166
24005963
23878542
68108223
68225796
24478327
68273345
24443222
68073622
67980742
67987183
67476349
24931754
68267177
25877341
68292890
68341186
68186507
26587369
26668459
67855610
67772817
67631265
26982575
66913399
66744700
66769156
27556158
27434854
27550082
24830321
24912359
25065722
67592031
67234810
67279053
25300371
67028962
25188245
25130826
24423215
68138864
67935234
25283663
66258761
24911235
66291641
66382684
66521556
65702942
23833559
65050740
23919855
23881673
65031544
65068067
64112779
23904276
64560427
63578135
24524381
63361484
25040693
63360128
25103971
25258903
25228473
25059442
63872249
63919314
62736268
25412474
63043439
25377520
63331898
62793730
62428791
62326532
61969827
25462765
61932002
61431116
25539874
25415414
25524184
61138855
25745214
25925551
60905034
25606671
61507411
26219956
61240143
25700626
60848687
26063986
25924444
61051880
60839388
60461577
25937679
25959243
61537746
61020227
26191014
