62256
71932
53628
20102
19822
17865
19136
32055
39502
18684
14135
22466
16174
16479
6591
21132
37072
20281
5544
19113
31743
18592
15233
14495
22155
24542
41438
19466
23096
18051
17199
21612
19920
21499
23426
27202
17948
21307
34710
41614
18895
20017
17085
17046
17406
18575
22371
19399
18041
17931
19496
29505
35671
16509
16930
18737
15225
20133
17835
18510
18996
26251
37876
21919
19568
16149
17980
19702
25457
16540
20689
17325
24260
18662
16777
23472
26062
36483
17558
23359
16933
20006
15781
15501
18653
35318
17892
27903
42493
27341
23572
35806
19840
26277
17805
15630
14205
21859
18534
18985
19289
20035
37496
39618
19837
18786
5734
15994
19587
34430
20109
27796
16711
27832
41975
17598
18996
15205
17016
17866
24799
17492
20828
17716
20118
30830
19212
16905
32327
19523
23840
17206
18275
19182
25811
24348
25787
20850
16844
31458
25434
25624
15581
23513
21937
19101
28701
15680
17064
29564
32733
32583
40111
21874
28526
16174
18096
27360
21858
20016
29103
3806
29182
16272
17641
27758
19417
5267
27144
26693
34975
9841
15356
27707
18458
6765
19102
28900
27412
15458
26033
20092
26787
21635
24795
27657
19802
16313
16815
17409
18648
28518
25279
16639
17068
19494
26817
16443
16609
26163
16599
36508
18363
23550
24935
19231
15800
46267
295834
282322
245486
124086
314372
211349
215520
208157
203243
88490
76648
90812
464256
160297
226159
150481
114564
111525
161585
278637
170662
38663
199855
83003
89794
186121
107071
154511
282226
82633
706116
92406
84544
257943
187643
202991
50029
86756
171356
69497
44402
255052
88850
60916
175985
262699
59776
52252
279633
80539
71979
250631
102957
245880
118901
92092
158808
144073
204512
205041
269080
109687
227450
136767
270470
285768
256790
219344
176410
153227
167963
123285
490647
139379
431982
216617
52501
121784
381126
569062
64085
86205
52631
39304
61274
79030
139190
84537
109264
38174
133801
231650
60425
81373
96378
84037
155791
208672
88309
166837
229092
54997
162352
98181
249984
95780
103371
168080
46077
92052
61053
410791
55267
60929
132839
118846
256395
76185
50467
178886
62827
75171
274452
202833
307260
84131
264626
237497
303844
138046
82478
38749
313052
135833
121044
331742
192102
222563
60812
62736
162129
475616
35075
245519
82774
160961
44354
52466
63784
249820
425953
219662
281431
281652
105886
409830
122360
67754
265305
204324
227682
111141
219100
186554
90863
83621
203346
175714
84418
59254
55274
206256
93820
79930
32242
114298
214403
211799
61608
97306
92740
57780
37951
69150
111796
161545
126279
193338
447987
64831
57237
127556
123041
130289
59915
250963
440694
346244
57942
59386
123688
98812
65933
342099
58871
69208
689448
72379
223801
95358
81285
98259
175323
80645
340294
168636
78648
298672
53872
88521
300744
235009
121934
236118
460689
140057
85793
132216
57357
62014
298135
76396
47350
50090
400239
55673
438854
94040
79582
57483
101803
307729
61509
153474
49162
51085
93250
343751
119051
64094
292195
57869
498737
53728
242318
205897
325948
26052
85151
120218
85426
208351
43803
83606
83581
37003
54205
222934
184422
485586
254999
78739
164716
176334
153139
316906
197901
129131
386786
229174
71276
124292
183987
51556
193612
288548
58208
83791
262094
53910
247126
57006
820513
156980
80410
178943
165094
75686
138747
116680
244509
167628
129626
711940
176654
328565
134283
164647
153705
144858
56743
95557
57267
327181
273300
53660
63872
122725
40315
48653
329048
147991
454457
57174
251917
123706
46327
50793
82396
52022
375761
122637
152626
50991
60514
167127
55796
69313
245852
354336
86356
60833
68546
166230
107532
80122
83644
734051
40271
332088
147668
29537
660799
80685
268816
107694
620390
128606
44626
268156
30599
36176
105552
46099
149954
264463
160855
75853
87203
123733
154651
89599
73169
49721
76219
69507
55093
213051
169523
246620
196070
254241
143070
214146
154564
280321
222165
60250
583462
123228
43359
130765
200851
229899
127923
50425
98198
51347
90280
118820
148091
179388
97868
69454
98495
58762
166940
44818
119053
56865
138258
206616
287009
54609
141428
63160
48595
97728
293425
191554
254054
85727
75771
29000
59215
60673
65114
479671
274653
51306
58244
63985
343670
78637
106814
69569
46322
308391
475830
181876
362144
1351683
98902
334535
51634
31511
357819
215641
53198
92617
91043
39783
134402
180076
148202
277664
72660
155291
282469
367011
457969
208485
105170
324175
51761
146111
45522
158966
388570
52048
189263
702711
167434
465872
63080
202126
119106
153233
121771
41787
137133
74126
59406
296051
58572
115131
108802
71424
135635
144958
91113
596975
75148
63079
505063
88776
142145
106515
59199
81249
469960
63505
212769
52851
142248
134090
349537
62055
50226
188858
45058
89406
112098
104355
111752
267445
58467
53654
129117
285453
105252
110402
141732
52757
170306
115118
91323
67728
48809
107968
128743
307377
323571
115928
152362
83721
160723
57607
64674
541965
182077
129098
166111
439301
54393
99253
211942
174190
72216
114733
108200
351641
296654
69511
88082
199773
73498
111334
69090
133187
50412
175367
47083
84375
183333
63867
143496
120357
121773
211457
50905
54065
69934
226024
114157
206355
52080
95695
143108
433229
191553
64965
72074
90090
320512
43184
272903
604930
36227
124633
338494
304223
593878
117007
468765
70662
178264
203388
118609
58541
134308
102257
83076
55274
72324
87929
158022
54244
76251
224634
224032
204439
318322
77872
84804
36292
259390
782129
49456
201598
143965
210753
51029
48179
125411
244572
446243
53286
51824
275002
42288
193582
208559
52556
265272
183718
334063
95978
264557
145089
162282
598301
199857
129092
238314
152647
228248
140942
144684
75676
60707
93664
97387
89998
126958
44302
463404
57495
340410
77220
350473
428898
208634
73654
72808
104748
203544
322454
125838
160025
91967
221942
187521
261870
252759
300396
319491
398383
324721
259060
299200
210048
150149
135749
184918
373661
123067
243401
47737
84432
65028
117842
135746
193940
243971
301958
65593
200273
107064
335842
50719
115725
106094
302238
204670
115705
85561
53403
70262
180453
343235
142485
444642
53279
283091
113668
92434
563304
54278
61419
178324
576894
150696
783326
61853
114192
371856
75829
137444
57594
280854
39579
66232
67312
179110
456664
103107
264538
138722
119680
295645
267436
62749
561330
58085
94452
66471
130160
51459
131270
420588
46596
89906
50685
138639
113589
279673
143825
76438
57395
49301
379335
77953
278740
195937
419893
104074
514660
321702
69521
55951
202827
55381
153541
71464
51798
111722
225840
132292
239418
53207
50077
214422
320725
210082
235856
354634
54242
102956
49578
443415
60807
94227
161113
387965
254842
310214
160719
105742
61654
69401
76774
53958
105506
431850
293235
115141
483540
63401
304889
73065
85626
66592
74162
173802
315732
36641
239684
314456
426929
43603
62298
115985
98024
47902
706102
76857
136475
70086
52746
182634
122348
180012
60414
58821
328223
118684
276599
103386
54746
258289
296438
395234
69470
117383
502418
31864
290727
79221
386814
71976
103629
283326
206860
54532
67456
46849
42476
79090
119038
251002
108955
80262
189340
207324
121016
270573
258740
379113
377865
280585
128725
144207
138075
184481
665782
214503
69890
137673
209198
112698
113199
839494
96425
166454
427883
169588
211167
106154
154295
255135
286815
261550
125470
197265
95170
105285
94584
149116
196609
148584
108357
711571
729276
432958
296774
128721
581368
213132
431015
360833
100780
165795
373947
165239
130068
503139
188042
74213
198073
107919
183464
349443
273529
306307
278827
193489
63724
68597
76420
475075
87902
136948
377427
157580
134354
253482
382116
227160
333194
163237
174715
177325
153896
326351
247007
312779
408368
441120
291174
460762
212956
171777
139761
203742
90883
117337
265385
301970
173995
377977
585336
362561
386766
451287
265690
259849
182020
171591
173974
175860
163557
240394
115901
190137
385885
580924
585754
391159
168430
117453
643248
230687
265315
444220
374747
148298
290043
124043
264891
247341
240817
295592
231252
343667
183417
171240
97273
403456
365897
261091
427300
473283
402401
375842
238330
82606
103598
194137
239105
394739
388403
302097
232191
296771
317135
226182
282494
392338
279912
53960
206346
254988
113677
62273
649387
169402
158215
122107
715895
458188
575467
496345
441645
160048
169206
136903
145839
421877
129354
198082
651412
304017
224556
89118
117588
129167
120698
506379
147420
214800
144338
155014
77406
220504
220706
372364
401141
272556
200089
435964
306621
280290
120884
200994
188256
220810
201075
233341
497055
483450
629659
650228
249645
267034
131219
215968
247563
325708
139532
330002
189885
339152
505830
500828
528920
440404
293960
293566
329754
188352
213460
160133
112747
348883
222362
147479
74226
58194
194478
144076
205593
194804
341558
270725
251807
715320
415684
410743
620812
296891
265015
577559
528756
417312
383004
230835
193407
370309
370227
123139
114624
70591
232959
378248
309089
334108
168879
218433
172374
334067
293448
293957
296726
81507
140365
738618
687193
73467
153902
299221
636696
660782
453560
304853
306180
175902
724973
451826
203333
368993
207219
105701
725447
436375
422639
97745
564824
286892
315719
311149
151400
92450
418064
443707
484870
133214
577714
197311
279831
290427
147840
141981
98987
104711
118187
133562
184110
573790
426228
330178
90553
108204
713278
286209
447940
378879
470503
295567
69431
303347
230130
114935
222806
132726
154397
246872
466057
291402
369004
329028
448158
617816
278879
444986
145093
765631
770367
839084
797989
382658
440373
553401
624594
526488
169971
409111
253425
278157
383436
309629
243341
178806
775516
231889
247595
643233
79162
235439
187639
65426
70147
276792
272812
309263
353636
439163
287459
287300
136543
75541
296886
903732
510191
309622
74668
106263
205919
216317
283912
117412
111748
378926
157110
136208
121943
240926
421381
214936
371651
217775
244140
212823
110385
177470
85658
150040
71701
379968
509564
504254
250774
152062
105985
76978
63262
719734
328629
219993
437795
417286
91448
283887
321905
111836
101499
774602
172514
755156
152767
137476
305476
177652
603930
427059
541087
176886
518710
312159
206104
72736
167698
473650
277256
519459
270376
187754
246979
171252
267988
211093
288783
229199
284127
156789
263926
240834
574922
193960
477981
209477
152308
133214
74339
149992
233077
447930
391838
284409
528958
451811
484452
93652
216503
391551
231388
310272
565768
592279
121106
715196
805159
286041
117831
79443
465841
465851
130249
184639
279794
277062
160107
158650
572553
485907
178236
123897
70368
57671
41115
63322
291351
308353
311076
149630
178969
241911
963580
808038
218371
194901
57970
75340
692829
122683
597331
151446
141571
107562
183650
150701
87609
79516
397101
416741
190248
153961
243607
206330
175664
283694
340060
232176
269138
139736
162719
263236
185166
320306
218137
162453
139006
251231
227801
229881
85726
109264
418035
320963
97427
164767
314152
291257
163445
454097
787082
592585
489803
132388
286821
349610
883411
294554
830943
501503
355260
63943
92318
121259
199466
777640
202019
410641
221568
169325
208393
285371
189182
141487
301444
103465
85317
76125
157845
334002
264779
330595
266307
173444
161657
247943
585784
273125
195535
221752
169435
774019
471710
286899
414771
218510
93673
492424
171341
561096
883923
633429
858535
314291
424834
307554
147300
151400
248913
323571
236516
303413
182397
185383
594663
434858
164459
113432
547957
598448
263496
358428
163975
96722
357781
73446
176354
145307
149266
317275
393275
450448
423912
164967
355306
174040
71080
62579
179957
374128
164974
191544
424305
309184
91118
51240
421163
304910
233048
223236
130897
124669
486901
86254
158077
146511
67112
57429
78370
151804
837834
397368
243868
156315
337576
381764
433451
457678
168313
111516
85905
387258
302880
196101
173639
152555
215605
278806
157724
310118
210143
127404
179853
188729
82269
220422
207140
224070
72148
400478
307775
151685
188242
175982
472828
184141
193719
195649
674863
147852
184666
508565
304834
82036
61059
85419
97215
85295
429717
376628
285361
367242
402819
253418
751347
311605
575259
172321
325352
578804
567308
597572
406192
115502
125593
184387
208957
265768
253662
351021
601279
532643
176623
505549
114088
359491
161600
337872
362004
420667
228435
595063
409721
402099
118537
501666
214700
140296
203988
448746
501259
151016
284708
358194
352505
318674
367268
206007
182654
147192
189795
205630
153581
206674
140050
168247
291341
240632
137904
208680
172289
330854
328093
396231
387952
205473
489495
359686
138980
131273
139448
88257
375369
433680
514143
167262
534405
81418
325842
409477
173146
77393
102197
127112
142440
780905
655833
215066
370332
318628
354237
339652
194771
96703
227556
417482
616075
641989
472806
246450
350039
287724
212675
78240
314925
389429
293359
156837
391450
73150
74237
68150
503330
316743
240974
417355
152655
545697
373209
600983
485141
109468
847624
629492
280818
359882
219732
329823
453994
370101
478873
310487
165238
137264
78262
226636
532276
358473
101354
600852
183593
231625
770048
154450
230754
194802
485458
124157
177581
414924
156622
188640
305714
159680
271377
180195
191995
103937
252420
185232
96156
112521
150295
293249
291101
192210
88100
141822
177940
181899
194126
96677
172345
130808
70967
65762
105110
282491
302394
89458
170416
324854
198033
279681
75264
98714
113342
193627
275907
314827
196791
100909
220600
298530
144075
595077
625338
305765
146003
570005
299596
619051
291941
323951
421075
348609
430836
193758
460384
499799
555789
256952
526460
226254
271269
217204
240745
163859
203538
240331
209884
226976
337983
248389
231800
395136
275472
155611
152726
143651
191134
174593
146544
173699
914544
275606
1025633
308211
431599
256933
85688
115072
445349
219934
372923
118660
113541
290553
83986
107138
83379
51402
287034
98439
126838
183259
459598
401428
492872
271378
469140
178427
323115
211776
195997
151465
204624
176355
240985
394993
299767
363681
613171
320017
401132
192233
132237
107926
136401
157141
148326
173861
104960
400594
325200
87039
115829
431703
229247
218940
428973
436242
1029157
658172
290294
302497
486819
453687
761464
347383
519670
197402
122197
154156
151390
335898
223234
217834
115134
138442
651082
442054
294639
639843
715670
535769
246497
301926
124311
104519
401144
219700
214650
354419
110222
181913
140857
175049
85087
165326
118956
143214
181830
233750
100804
149492
135915
126931
112883
152473
74660
309511
181001
282558
168202
549929
325206
77110
109726
165763
256449
299906
519087
492495
283539
157316
661033
516805
130488
274994
157557
260846
137244
134564
157448
181741
237472
211942
315198
277570
271197
389326
249716
128050
372670
428277
396182
542518
317529
635166
197307
78757
53673
275531
296943
136019
657075
615375
47368
216036
207881
294935
183903
151759
226470
524739
485399
358482
275715
384922
196516
343112
230328
196629
209670
299733
225712
115657
69030
183463
274156
190694
1168912
982391
273499
262650
140437
212526
239460
138871
363388
236204
192973
149371
463808
244408
517347
480063
296223
820253
863511
513758
554800
456941
286984
304361
98946
218875
172410
207903
199024
91441
189369
85166
138960
327802
213421
179617
233546
435691
490367
270116
74654
552146
380919
116714
120913
77605
409945
313950
518214
176868
82996
103656
420837
234053
154302
357466
398414
589623
352007
474488
340705
316792
302777
134952
166417
548794
268701
406662
284317
210898
114090
234458
374745
534817
435985
349087
162813
240107
195248
145939
111456
498568
398943
275110
435173
461639
61663
52077
149341
503533
189784
423157
146989
71603
102204
90143
318006
329779
139128
107075
98143
193260
141884
147292
250924
262799
328106
265116
244569
150261
579067
259858
471914
447958
481497
361652
521848
100567
111999
340771
153473
296589
348950
385498
141877
93164
345025
64282
170419
268779
195519
346569
92818
73988
83009
446238
176511
147427
231730
199171
260681
312676
265862
231107
298481
243363
92412
298497
204852
224647
343350
236122
259105
136459
345214
549942
257467
350795
439568
219708
100681
341330
360017
207003
178591
90010
178142
266890
300739
286793
291531
86736
206449
143073
103270
117213
123578
132247
253751
222394
571435
549014
292160
238725
329825
272695
253822
480124
137837
321055
67612
75303
90855
185688
227492
242216
303178
685102
682346
202691
738929
133002
588793
187788
197670
275895
212781
71469
104546
168842
105878
66212
409727
273784
511727
246823
349635
153050
313988
339249
142761
138916
442309
465041
203811
250607
345522
428008
614102
561048
199019
595132
212252
136629
138700
606843
258412
202992
255682
165398
271043
511478
388198
331070
168098
341634
220737
336263
400350
276710
312605
139711
251446
273740
239219
172374
138855
521114
545337
229986
442579
350085
762581
694188
172657
420297
265652
375273
71024
215895
209397
204292
329259
897653
835320
510387
127669
270683
642797
539444
885129
697289
570800
1018166
498961
552420
383117
181184
72872
196657
130025
134246
197687
274580
396664
133087
556250
289293
87392
424473
234858
457365
226139
88835
68581
189264
172565
64877
252994
293279
129718
199922
433289
211160
134035
576790
146294
269794
303522
294124
327810
287014
194254
163228
146260
273558
296845
207352
232818
102910
62176
260576
267934
134457
75949
122771
106415
68173
91244
480605
722922
307750
174370
208735
126194
287330
984316
427665
1115457
259227
353895
439899
448251
699756
381803
283752
716677
118569
133513
290596
228917
133476
64956
270850
116485
85217
139727
152454
178513
79580
384990
386057
606982
593118
215108
127175
309793
493860
318828
202687
231772
555907
322099
192613
149689
144844
295355
305963
270176
207260
368725
229798
273595
191795
158173
135902
190140
115130
277895
232893
294272
306196
312226
281727
119426
85087
178425
163710
190114
231962
325003
295185
252997
85817
62842
459688
125223
247736
78873
186120
148567
128242
58481
81343
139520
260678
220855
124499
572748
159720
489615
187786
357326
324019
227242
494813
224693
353773
82896
269678
309504
325070
329104
78329
72781
91347
343791
401282
654121
382669
895202
364164
156533
350239
129313
156700
170790
169340
156549
97816
121009
111179
504443
429685
70246
279439
261662
171053
169216
57497
448267
144710
467222
235061
179838
185240
75234
50938
328458
427706
669753
819033
857765
580888
351271
340265
177006
644812
590028
80326
84962
136565
107582
498030
479965
145406
443581
457656
62643
193999
519961
242996
513171
74697
139266
201565
328102
376455
220076
53514
434431
107760
126044
76419
70328
168354
202328
156034
191032
387127
418226
94637
73957
61680
330250
88465
103021
115158
333124
262607
148135
352760
395685
103969
393875
411706
301378
95970
139407
525485
367739
326408
128711
379959
1240688
1040219
831718
158437
136001
727527
197971
253119
416669
461216
371506
159862
661263
311897
80444
147862
307681
443732
235004
117976
437926
355715
117479
195545
320932
286580
46978
59170
355756
285507
264803
365473
668525
666515
677738
260630
564298
391897
422719
527996
429970
338557
304177
178893
564293
418683
243888
212315
420388
254382
230514
267130
260279
43283
61633
480757
529446
476972
488019
493757
140100
447607
305101
289147
304961
158786
62867
82138
96330
101179
133130
145725
663434
431394
413412
644918
295433
415018
308703
183555
234598
612139
284779
232272
625041
413139
260961
192265
546522
578597
224335
203646
273821
197388
157077
107969
68624
106982
99971
488181
208899
258803
607167
204757
288697
170534
130894
119643
181057
126451
391813
534680
414466
522440
222882
372233
485907
538971
570002
318425
346154
88240
153876
466225
412837
73904
387302
109584
383270
150673
104293
104389
147048
252473
225354
177652
207869
108592
770250
111214
213656
234340
225547
1050993
171979
634854
272875
284354
72308
62639
75970
332327
93219
107905
245571
215478
224463
125133
351036
155882
94958
399572
453756
624199
501868
83589
314071
279708
64181
167608
253860
305961
322613
225748
899312
862455
71620
242371
338282
191735
532995
476080
78051
197677
212493
75192
281338
324701
496204
380045
597623
546347
311637
179663
493382
215246
100357
540928
293560
130735
78578
334531
108353
317252
77541
146765
194188
215054
483515
420701
144766
589531
109686
111643
600475
205243
217680
421029
213084
360444
213363
71718
135309
279335
222554
156629
520195
543325
256881
162158
351471
335574
182787
127051
429905
132478
152652
513102
101970
122711
123625
89947
350532
603421
498720
149716
472554
216760
120363
145544
469841
406775
71795
377888
252673
475794
223293
299626
138139
185152
215112
334697
342471
284733
514180
240790
650246
457617
52983
98573
162374
149750
766107
398458
857777
455934
539837
294246
339099
450148
503265
253301
75427
648387
594806
182205
185338
232825
234590
429978
347304
119831
382707
260921
158546
76614
259956
468404
507234
615687
328992
512762
244532
72184
241028
202703
435846
443016
455693
289912
771722
516751
610820
430670
226029
283262
319279
562105
563710
158573
695125
636859
220712
558388
651390
161394
443212
347048
80605
70420
283194
200967
201396
429753
184814
347823
267211
155822
257139
68914
130939
150208
103449
294096
286104
209082
216658
138032
487070
471969
91357
193097
297725
226947
266662
174704
360598
322602
242510
296894
156237
395141
195493
103041
172036
205910
361451
447850
495304
456832
381226
252819
430247
523573
409885
533515
161288
196985
262248
778976
451369
415282
70780
865617
183965
170846
278814
331455
112264
686928
345448
740278
282720
377293
180130
199071
168392
357172
265250
210682
77494
96025
116429
100060
106385
414780
262217
184932
108493
131063
125179
167619
185920
460290
355096
392846
772874
238407
275519
221483
108041
143467
751606
486366
280909
248396
144605
370757
175888
157454
140119
377657
123197
75468
304832
462957
363750
69823
77210
478671
242451
72805
306046
333694
322652
734813
346486
400653
135737
649641
246841
102544
71387
200661
323954
352044
362765
500876
382155
364314
201759
429278
757608
353054
246431
679308
423055
450630
302839
305576
196137
344990
360202
460395
532404
265759
231093
139492
99838
250520
281919
430896
495393
403020
320066
169242
204732
373823
240672
187832
131727
194028
152102
221217
209960
322782
244642
495483
327617
271320
71670
305281
190382
219368
55112
287533
203009
200869
197204
153896
189155
486645
363322
117976
136663
248744
812495
224282
869127
238366
321178
240483
125465
510011
282451
396467
261772
252033
181181
237769
165380
289914
340426
374000
278708
400426
214776
118145
202486
399485
276534
446753
140738
204363
409261
167655
266673
109315
249607
396683
384316
505197
437485
276484
72797
428273
202167
221456
399090
124250
161205
140275
287287
80045
73808
230225
126065
141316
95044
193773
197131
210752
152385
302284
130696
160086
155358
272360
417804
305666
91483
256982
328797
1001170
962413
182531
217365
327715
266581
208649
516923
277758
194803
494268
317006
433577
443049
265994
121428
202846
213848
125813
750649
124780
122487
62615
659055
164461
203791
217134
364791
377392
408991
212439
302841
734629
410196
417937
839022
323195
683005
334048
131297
135706
161536
186346
140104
1158576
472174
1181073
221063
84098
654143
71697
169068
399060
339602
481055
357216
63758
111842
191010
670163
233542
178452
635095
266821
289770
360737
427585
374774
83118
361309
408589
312989
385128
150362
71961
501424
356011
182523
227317
106637
88804
322373
543952
365224
581687
189479
144998
111519
184367
108151
190173
212754
155131
433099
473918
119968
198233
483343
416837
294131
121736
300362
256411
369906
482408
278844
364877
164594
121157
68775
172321
143212
266196
156452
69106
107956
149247
432151
267790
208341
441983
168627
132085
177356
230026
179126
286308
229951
319988
182039
344889
164988
221963
181004
65425
216444
219041
179974
215954
457943
439932
267517
206459
301308
290290
221337
59942
551354
498624
324323
319695
74333
300448
147439
299100
299457
222398
292057
308228
210617
71611
404388
201214
436385
230973
148257
114015
63939
85584
241309
206742
274421
151473
209239
268017
598825
577079
409110
167645
850994
295748
136975
419503
165462
343409
204202
182307
228083
151172
281437
202168
80330
303592
240789
294719
263723
103364
262583
377130
332379
121587
129845
87505
657581
350136
335856
582030
172465
209732
346792
295549
498829
322817
236276
269712
102752
1070664
947642
208715
204252
543781
546749
191760
322322
202554
376583
156235
165308
308654
418807
308700
100268
52115
415776
179587
318000
257285
346098
355467
633088
403137
107558
101088
104124
137427
475040
215328
445356
182976
301536
295898
206500
68234
66712
471379
602518
170533
398357
223334
481069
187245
394678
238659
256675
349450
508321
521907
551870
235189
820536
192807
586535
363709
279553
419539
241526
202960
433574
375395
245124
96041
136675
188379
344641
365860
544195
526880
402093
670304
332347
285932
795834
267007
63596
295002
161078
162724
164831
63504
153337
251932
261236
115655
408810
158926
403285
118396
137269
80393
453636
531562
525467
184436
678756
156666
222429
183265
166424
133154
245921
193842
202100
67279
293607
220776
143495
91509
88198
105288
302204
155059
228948
285564
200452
142859
303422
286283
221997
295526
495696
444154
93222
264786
77371
204738
74783
259023
296816
78056
61171
295545
276006
98247
85375
150016
133017
118228
319183
238136
437331
308741
63778
740300
370291
421470
134624
145059
1029365
194900
631218
216706
203722
257855
269057
206101
386533
89695
114991
235732
135223
151648
158111
305559
314657
263265
218723
96868
236960
290175
302136
272163
288167
537251
474643
334975
185832
177776
175069
124033
218306
394020
290256
229529
359825
627833
283356
576003
200702
104758
365010
575359
370472
72667
604131
623716
310191
257938
293831
502655
390125
527703
832684
404845
201092
64156
78795
88669
104512
102896
762980
211787
190306
200230
260530
158035
101943
293343
664066
363696
234057
686264
214880
156933
109923
76759
145172
154695
297184
235379
251027
184305
438242
427837
290987
289841
465426
289166
502021
573746
373717
551526
356017
66253
109276
192114
169433
553020
60242
497222
100555
276270
369601
474192
479093
361519
435492
220036
702061
127737
660447
178980
135804
172356
222963
137584
53388
550835
152101
547812
171366
140252
236585
190223
288184
96392
274876
118750
235182
268206
287309
435159
424720
342552
281326
162680
77848
151015
489241
214472
309701
299589
616586
132383
190044
515694
395466
433862
320434
403501
318510
314807
656792
698911
249914
67064
589783
142442
138716
106462
242289
251743
180538
1011671
125847
180432
687206
356495
314324
197043
92380
572113
484359
143621
239284
184301
306300
219002
251195
384806
352367
559282
414601
685585
98301
611877
274964
307653
144884
137721
245127
570028
411772
63654
58804
60063
67588
353508
366233
371900
465523
111345
500955
306837
352901
132156
649904
512157
506910
132395
124982
732124
339852
142475
573167
505155
122796
430035
228919
414016
146444
130500
124479
274307
209316
72847
171175
305006
400790
463171
528109
510656
413890
119760
394357
211561
291668
142143
77784
95856
265483
202424
208363
264884
109860
161847
163009
89564
308190
726939
700472
174231
587021
286759
487871
428816
327467
463061
514898
363910
382237
666515
498238
530739
143764
77226
129942
639296
180449
342612
237877
150161
381951
155772
159097
221113
583199
269641
331345
79305
154228
260986
267730
330069
201296
66423
221448
139651
145237
163396
136478
147016
274511
206813
101097
204969
118086
360992
400268
656487
223376
127502
77316
646076
278156
311957
311564
621823
641729
422117
225130
277298
319676
99233
610819
542956
413613
354269
313554
579905
166195
183412
171691
198300
424554
96961
362337
648057
445940
337396
1018349
841452
955821
434023
392363
302765
255991
1141927
153361
206347
628469
188934
146817
257173
210669
76051
224468
327860
295368
113391
194061
555557
531020
116654
200507
399696
212915
76264
288872
129780
328603
351743
169811
197160
600229
552838
281002
167584
223666
143332
66556
157223
331237
224518
83493
95604
794083
661839
175564
115072
283541
226383
369557
361521
553275
351667
155565
87285
81652
591713
422527
180598
288656
260218
168973
343535
327838
146753
451088
506009
270880
397800
400950
166933
102416
62360
154705
185475
214690
123853
296172
77306
316404
99780
210745
196286
67088
70257
280887
160641
335491
105799
98638
145894
184864
140993
462332
370684
128717
147885
177671
123826
240323
390057
372804
429829
373791
191452
218257
331896
377409
305821
72317
80477
260720
384289
700280
233544
149212
173023
127351
779128
324186
191567
290641
385164
358617
254354
312259
325452
251393
176412
274341
90965
167722
199847
204206
143299
511018
244978
629737
346177
199887
194434
453842
301038
233044
181413
175290
257697
99482
89081
340638
215162
81371
143046
384978
377672
168990
132474
352606
111151
405965
213602
186848
570447
401536
361835
51685
100829
110192
542276
76911
184749
95027
247567
450111
812811
830328
555411
147526
847182
457575
298194
447179
155463
251669
608240
275798
144901
308773
59206
183511
198025
80853
77096
402609
98800
134201
150927
163498
400839
389700
861080
338726
880230
384046
426764
214231
169114
357543
234018
249182
477478
427923
293127
119402
733619
303322
315645
66072
800025
276423
254562
270292
395309
605892
506106
269835
221177
269147
229627
203644
185129
72504
127906
1051749
194284
990711
193124
162256
185481
126127
142327
96357
107423
148427
310362
555830
503167
476398
745457
661098
838914
397657
262736
124076
542955
377551
252125
301189
297686
240520
257962
154588
308643
176130
157387
57940
81555
177917
92483
174619
126976
200920
182731
247709
156392
579816
443579
457620
153688
410263
384193
105576
995442
158303
724319
207499
138884
349964
316892
110774
227038
520125
573950
173067
502593
375445
160464
135028
286905
201407
309244
274637
316813
211049
397990
234433
347776
226587
242417
143433
130747
107701
76506
303729
160327
433725
347772
333674
241253
118096
230493
926110
866612
107306
538626
510912
173729
541248
532217
309654
140535
315258
208950
281840
356586
376330
298423
151298
344585
100936
246495
233488
225571
327913
162418
216534
428989
109710
186388
238995
222294
211403
679205
249828
200655
633707
71129
103405
331896
266568
284350
263176
405853
355840
205608
429292
290265
140716
157421
96078
369583
143274
127677
436918
115799
206335
276100
230420
257312
309220
164332
108013
98968
241033
233760
357745
341250
247971
391666
151176
102547
90810
133498
242301
306895
171852
135098
201987
602650
160159
589321
83096
75658
343097
415688
504170
500410
226296
229577
304482
309207
342457
228700
186476
106904
194409
194346
256823
298602
238441
289882
240345
194331
312920
183737
183839
93982
250038
162931
227388
224437
129707
134535
205351
407072
356215
82273
155790
137292
69911
305294
361467
900994
809858
68015
140639
140151
474268
802548
460754
84155
54413
678642
323766
863522
347699
158711
521055
422220
367325
339695
181744
530006
231216
252081
194534
224666
404088
145593
193355
146909
372401
218941
96409
121273
266074
341434
206786
491617
575958
678826
559858
435431
774747
210065
99694
99339
390481
414855
359181
240510
401140
384503
541406
463109
122192
640017
253431
551775
219641
152855
98546
109346
235457
605508
215671
520465
186454
237157
405952
362354
311156
490908
59734
71257
272821
131250
155085
112344
68986
110793
251782
296787
271263
229806
98041
472940
77114
92967
58031
435402
108792
187691
355396
441927
360285
245277
619485
315384
898929
781305
800193
288730
90521
787217
61008
67334
231713
240690
415036
403833
247598
61552
504206
211606
240013
417116
267629
125478
137679
73243
145312
457104
463133
215747
392981
381759
323610
543382
292618
70637
643633
300193
138459
144491
193305
671689
689893
331567
154994
302529
170404
375584
448399
208001
68139
70007
114141
134865
606529
71508
90943
671227
201180
258381
252357
503619
664371
342705
154989
782787
216775
249678
1022916
216255
911543
751892
680370
827645
267015
233264
314482
168996
331103
298274
179069
64505
83638
88450
209587
84108
72728
129607
215239
389417
554562
935453
1023986
216912
157750
69698
62876
686754
454970
75452
79355
270606
573762
653686
541432
202463
587013
459466
553396
231537
61984
686228
84471
485290
72981
81964
62527
175289
394299
283016
467086
81605
461536
97382
87318
97917
218775
239077
220257
76550
500601
279007
391519
520886
290114
118339
287837
120821
444429
703376
441008
88884
779581
148356
159157
112673
903829
109828
280410
134523
270394
272995
501056
429740
628751
262821
492136
171348
254713
577987
498970
413234
158464
238207
449864
272188
360918
223509
327095
367241
356612
603219
346281
572159
375594
174708
79712
340715
357323
520922
623835
394563
294561
229215
275966
246262
470048
488595
717945
192146
597543
231996
145981
284966
99095
420345
268010
81435
62362
68247
76939
211501
186216
67773
656410
665003
259369
235087
66942
426366
363591
400781
488063
266494
152130
517358
293628
647518
249234
517094
268277
491079
259012
410928
324274
243611
354845
235275
226342
470095
446978
262961
229968
206597
556742
192377
105051
624902
329607
322626
301820
88149
281060
179293
77086
196786
283221
140086
566690
573078
325581
219529
249769
611872
306801
296308
483149
93770
54113
262104
93608
105525
92887
121934
236792
115811
224968
181102
117259
526121
408823
588546
471684
613257
158816
386139
343447
208550
205638
1059297
728133
264417
215855
424791
531473
296961
216252
391192
181679
333959
316186
497030
278747
239797
658986
257394
353679
155927
134900
456018
446588
304076
466513
458907
411929
284016
310791
550030
346802
396517
470686
445275
840351
107061
90103
89757
115686
827048
219723
368660
227226
149914
174668
118170
121638
79702
114468
151424
161319
259261
285410
259023
323771
192150
169637
128171
340777
72927
81615
297535
163514
198739
424758
308310
339272
292523
457505
300241
75824
74304
332019
66602
86544
367178
201480
169801
89148
201931
222533
196494
727556
274272
677102
192227
265277
313179
348706
159002
438584
249201
200138
210817
582095
385990
530062
314200
266088
224176
1276697
793404
139720
73985
96134
410056
223688
190447
522526
96470
329658
288267
234149
168274
441925
302586
214473
135388
135556
189537
368420
337144
347916
298279
130178
193013
154437
321836
313478
96550
48766
182056
323265
382599
391510
134699
188673
88998
529169
247260
505440
249861
267423
201376
409084
477405
806969
440270
753050
113048
98727
304954
187260
159482
242828
205075
228951
213904
569068
274521
623290
259076
201685
190981
386269
156067
156581
393280
255316
158784
337811
433824
197751
83925
126333
466436
466485
64635
199051
222181
556771
549577
419578
266965
542289
210377
61279
73287
408821
435688
289401
302740
323943
790674
796926
883895
936754
216415
180029
276230
692359
322702
197334
315063
931261
700527
704822
480850
246476
191266
806516
233624
483581
139691
295506
143470
286645
223217
269325
291644
143612
225086
334267
404050
216911
88322
501721
460765
128365
452426
365571
505149
150407
232813
173208
77498
385919
464475
151007
1095324
107452
764542
121450
278298
340252
368354
361240
205460
87857
708030
68158
839800
380584
503418
516007
342834
186232
175365
242836
248121
70843
322371
128750
362240
232315
318034
234820
288115
436468
233911
501257
244513
370476
222190
92858
193590
219993
1077462
673079
280929
299934
305847
201232
337008
301119
458384
532149
462712
150127
554644
357361
333532
298317
211070
188590
233957
169019
386259
128202
355418
360641
316029
488342
457577
203871
357943
258925
401193
155711
136618
133462
385271
367814
703610
275667
702207
152893
368179
212489
90335
101056
297607
452526
354868
422629
506243
251667
316614
325604
252135
61994
118289
445832
195047
219399
675117
301963
399089
283995
159758
246836
297391
388553
467026
193860
287293
655012
705671
487201
324187
293620
125621
125851
198302
216800
290199
238425
385833
218205
201970
282249
75090
146453
208191
216367
206079
138710
160853
198555
274855
196082
365254
183926
213805
265995
308343
343578
318086
171866
86879
159427
356111
325217
294275
366388
160027
151384
78383
233702
79247
237866
156260
229211
192190
329833
471128
310256
263120
328661
250603
165891
343239
122775
142853
453599
241372
309584
165588
227910
140189
430013
114677
220300
239527
284628
162392
57856
157183
601531
566119
342836
236651
67944
128279
131512
68277
326401
349444
105852
216774
80510
283199
180659
312552
307617
133917
478384
447155
285873
194867
289553
115769
199454
134946
370520
382136
203395
323578
240060
166635
181962
55236
138273
155815
200712
334432
208595
119873
438645
150176
180223
57819
302821
204983
190603
408340
519042
502653
182922
494088
190411
153663
418622
487149
464423
225677
594112
279720
387941
521173
406594
91483
248413
451580
383607
136489
370728
190986
359070
264979
197293
327849
209073
392045
525848
404196
110083
142762
148003
96617
161042
141803
799468
360323
147322
208133
210986
189479
244947
144297
224977
207140
322650
208933
405632
253868
296750
220127
98000
282140
156461
307961
348077
297534
264712
332565
176600
411286
365225
319209
411612
144110
200944
193868
150323
233164
102507
255879
210091
158348
315993
81634
83106
292354
197865
197904
384191
325214
509236
649982
242645
384523
106578
110190
437109
449357
438779
110675
178053
238941
157391
691581
179826
459385
304738
530791
447218
506928
233171
199769
73849
381040
387647
80431
97493
72598
98465
932101
84088
83297
685704
202965
239581
328641
464880
430580
387944
296638
225803
410293
141021
80365
327060
101845
138866
141233
227994
303889
242464
722366
273836
822869
519248
571316
543586
442300
123426
129569
400725
165660
305777
279517
264569
254876
483192
204889
407260
164840
169050
259169
121360
134828
122551
428984
296400
359419
353766
169515
121246
123623
442407
114278
109031
524152
126293
201023
155967
206386
135953
111422
215493
197317
199548
201453
63270
229791
197911
260900
300116
215816
147076
225993
454970
420684
172114
74003
495435
202547
521767
244836
150855
265349
204807
264172
320751
341892
303093
184910
248294
166840
247684
339700
451653
496446
350058
210627
101308
100109
143942
720806
208189
493513
308894
267532
621117
656140
183734
143210
187346
125203
826014
878798
231713
247038
102335
58342
88937
71995
55579
278368
293627
233463
173903
295242
406432
197890
218841
88934
247457
107809
115552
270919
263747
355741
260024
637205
426508
290081
371242
122357
176248
140860
85628
169853
370310
218352
439516
471283
384482
391240
228259
277131
241164
91231
106916
275211
274934
319979
343603
407656
183078
214538
113523
62028
203780
887447
582586
79461
66643
522137
63233
369100
65034
203856
201870
72940
516234
622025
401199
516392
200750
338830
81958
311912
213351
229196
335798
271931
293224
201963
458514
237661
373010
337562
270023
202159
182240
242683
165028
611664
160786
193653
710968
222715
242114
361656
56038
74989
219475
205612
308399
533718
521731
84310
238511
332203
304380
233964
952331
145109
148636
958899
210646
156999
73874
278394
343835
418792
409934
273570
58284
81806
92669
218436
218466
147100
315773
401572
254875
458538
502879
296634
193136
80261
131485
142500
342725
173803
191034
400542
415244
372645
293703
75642
108026
238230
332044
337852
272954
1080240
295881
419058
1094887
257395
362218
72432
146417
114499
223459
97001
196612
81836
117839
325705
358292
354161
144076
329733
88356
90197
64656
63072
187839
158320
169081
137058
375511
350621
354756
714129
372494
175885
113139
137698
151403
171550
191619
204406
160161
118404
1329370
181116
340626
259081
989961
171665
516019
331709
414530
329170
88394
333286
243528
183888
224313
128157
132856
72895
166556
112761
291466
379191
350871
498696
259337
362858
507688
299073
458653
348885
303597
207228
356329
238282
351839
419985
179275
483007
57329
137113
409324
158241
152940
63485
159778
140511
201638
166702
276642
299363
341810
309662
289548
333310
495516
397147
454307
317545
410699
373315
694371
572725
465820
459589
171456
155574
277794
302540
618869
245359
239954
92292
938832
430101
144383
128409
420861
270675
243022
640922
77327
79260
80449
366386
384192
309715
473419
519223
291647
204989
147112
326868
180397
182281
134188
327001
195424
485732
404243
512857
319685
107541
177058
841275
656026
251267
307849
351901
284380
190217
215878
103233
114813
84221
85605
70061
627257
76382
482389
189245
159846
387421
184918
160737
444974
146230
257967
173340
189839
233969
353348
378956
584619
470690
531148
592582
250201
582889
258703
243323
736602
296396
370233
218997
293749
601342
405781
331241
177472
83950
318012
232220
347554
254976
192979
113191
282138
493303
502943
423624
245469
422263
381294
441433
212540
248657
727237
417743
401561
374273
280075
386672
777687
776720
607778
930612
391260
266602
282918
534486
1106433
777274
87232
480853
201708
346946
248731
235812
255873
268330
219240
86750
92412
358318
229031
70910
148912
137926
104261
208224
204667
361878
501442
649390
305970
923890
143138
663730
159694
206383
250380
257271
323954
403228
341831
524058
410592
310266
330094
171837
206383
273967
228553
233944
127830
219656
325921
262152
134103
447792
192202
111671
179572
131291
345315
62235
226143
321915
723326
358739
654033
341215
193755
575529
151755
486321
199522
326834
197533
396478
263003
317877
229948
136052
231916
249254
195873
213785
218911
380889
433817
447636
267056
176517
120911
138416
71421
247771
336395
188949
187222
627844
319790
209590
804190
316253
185711
270292
157217
200443
458599
378094
307635
168863
67832
235656
311412
167624
108041
1056917
101586
700143
180274
234383
363304
310887
469220
304973
255885
185446
283653
165967
91778
65871
78635
359138
207965
245635
337585
495802
600812
234565
106141
488960
175418
188767
157459
167811
276858
174495
108867
73396
82536
89408
260434
292584
582387
536798
463889
344768
409905
96474
78297
82213
89388
166113
247808
686028
258716
461592
411587
324082
333112
337575
93687
152550
133984
151083
94753
82557
103229
104345
235109
193129
64338
143281
617978
144204
135699
709437
257065
114868
74430
102239
357812
103549
385593
223213
321613
278749
206758
458302
114951
256602
189225
165428
210220
269936
236101
315300
138782
137518
353853
343420
263125
142700
109045
629617
275607
764806
526890
316255
241634
302579
629839
124828
107605
586614
318532
306264
423390
398629
255364
202246
237466
404749
273497
393971
252250
124492
118085
279064
211306
163081
71520
422907
308223
87728
105909
165424
421034
242365
257354
212871
699882
383938
231595
258849
155546
95947
250131
238678
510391
433866
85425
86349
79453
337714
373616
94958
248970
114062
232486
199098
398094
470444
329292
530213
198853
204192
71892
430767
231024
76196
79414
90536
309743
374484
156655
188904
448062
185972
100514
541174
142349
264184
202215
507702
278885
358000
639919
284367
341870
556532
323288
190721
77682
89807
129597
550481
358672
218906
154407
407569
312793
583039
452404
243744
413592
238571
174270
180816
231525
196970
143817
205027
322096
251053
447319
484327
165969
114865
319283
215109
312747
337138
270561
139725
258354
129580
199798
177471
116374
333193
384596
466946
347760
281186
168335
129219
179411
225178
288281
262669
369767
154471
268980
175928
105500
70041
157462
177753
245448
613367
515888
455884
615973
247341
142233
103422
96707
60608
476748
185153
193838
54351
82618
109363
632985
342910
325441
444948
384462
543484
542448
170977
491761
196363
250520
310442
630384
265905
409293
161322
136155
115900
384071
366089
87824
249992
452414
468464
337087
444447
176668
83855
88689
147083
936845
805647
124345
82750
298595
238227
168288
123454
157590
223955
189311
245096
244948
108644
208226
134889
124954
279382
148107
157356
175689
116917
159464
484286
378534
282040
126967
210865
901535
390704
734805
451147
220585
96519
374435
126636
129311
66801
151908
154099
481934
124020
319586
481557
985042
799399
549653
323283
61206
166934
204327
191270
180118
314463
377575
218831
455242
459268
69841
358574
385455
500293
253721
162747
752076
363170
495068
512257
259787
302848
71439
76105
252591
146473
177506
232169
146237
96608
269684
112831
114932
137326
130906
363142
277226
127982
186052
109113
272731
210614
211019
90809
294641
107179
217186
188240
314813
292271
346883
244706
135275
163315
207662
102378
226679
86797
95769
117067
145911
255453
201313
114398
108968
69729
447006
404774
391823
94265
123511
128552
719469
273795
375420
302142
188219
938831
572743
134256
160846
133950
489398
514529
381028
274840
504311
287410
280082
530637
528658
460136
549651
77867
71731
395373
276534
112286
338562
213709
243276
748773
500278
555059
270494
533108
274351
137428
242029
222198
222692
236289
217483
287447
234144
185042
117129
544705
167875
333979
141215
58508
84044
184668
210581
113336
298313
298102
237280
257111
245242
427765
279886
114877
84852
499555
302804
397513
370953
412385
252314
187224
200454
172473
70879
81917
71781
256234
409283
632725
205797
77921
81292
581357
55643
72545
179149
187739
89903
219321
291254
212293
500891
475810
678836
304005
391898
538453
1193670
431461
881664
148560
204669
380762
202541
431711
251838
80673
397518
224241
446193
285175
118434
169338
185912
213411
221652
223048
113653
145632
326651
337393
432494
434226
794967
513266
533337
238668
433309
354845
412291
281519
496327
597643
439233
730401
419332
774348
513173
363294
189163
277398
83387
140943
158134
314759
263099
212384
310934
313497
265633
207200
247236
381766
493422
497121
151731
155712
628229
219289
153182
58684
252493
797044
299238
483838
234062
244267
256685
187514
60574
197196
192142
199452
178753
342499
599206
464392
714872
395329
172474
86228
634584
197745
540992
202289
146509
146601
202446
192256
405267
439860
673668
748999
477944
518293
214714
506686
142396
316133
72364
78568
137098
230525
282524
250305
137129
424552
308996
294162
220536
218363
75285
445253
273923
94313
196723
318138
322971
234439
166598
453973
205626
154307
77879
169796
369209
280160
468050
442873
402035
554608
156288
166056
446805
221762
106515
281658
124282
202408
143706
200292
114891
148097
103572
210786
387234
316597
334862
338193
600977
459415
928985
597167
336146
494600
131152
94774
213315
184011
162268
269506
354317
284172
267614
163772
149424
67859
383611
87126
346000
130030
125791
214664
160100
206381
124511
152500
179255
387647
461080
359534
334579
379776
567736
638978
536998
555099
158718
123897
233420
400854
294518
174608
411595
121144
131996
105787
80829
76538
152410
213393
272649
444297
371633
360465
355788
219281
105680
62917
102960
363474
420282
267705
169072
131671
120964
173722
507175
271393
482455
265093
478189
334791
70054
72299
123382
745792
689745
403692
169155
171994
424658
735012
483476
1201038
905911
309864
158082
327724
149148
330845
250800
419235
298063
280797
241068
158437
87753
115186
364612
246088
46576
102348
430522
656190
528961
281418
494711
77933
104517
99572
200956
394981
439678
504602
271897
547336
218064
85044
80129
68307
80818
273794
579468
416619
84851
88716
100465
96753
70854
130484
122991
534416
325157
110770
112849
73508
132884
196378
111120
63564
225121
268025
108336
91667
69866
92454
110698
320424
150069
132274
78048
526676
304564
144024
149246
362183
341838
113655
77001
96244
98423
123367
188729
305507
406633
494379
475193
287107
170114
880809
218908
414735
315267
74576
206932
1277141
801733
253479
198863
152250
719930
587084
278865
176758
193238
179700
90289
195587
275597
306824
257053
172785
135950
396654
576452
535728
275841
472071
87855
124073
86175
117938
238536
269825
331730
158552
382441
66354
259349
125856
286292
312182
377577
373049
76104
275382
289274
160290
167272
133781
152986
179622
174024
134983
148731
109523
178085
233541
553996
614204
254773
514962
256974
194577
92981
539615
233747
171169
406813
544455
466549
456606
94220
529855
471699
121273
245544
692444
682355
399519
206085
357562
385817
401035
612120
333214
91221
280850
92741
91946
413002
263071
314152
183831
292757
156563
205366
250857
205633
546261
392625
397822
693609
434839
465477
241538
452017
218981
79239
61163
49466
130424
276503
216388
853241
809879
56148
100403
495362
164740
176374
99482
65204
94516
109141
707042
153941
162502
66147
510841
319436
257561
137088
254309
120177
157388
158816
267349
229890
258558
229117
438288
353344
83928
159670
300309
237656
311850
187417
254140
391405
334308
327878
161846
76947
216890
228506
396485
536968
622839
440444
579332
253223
221346
253095
249232
178534
66587
391662
472741
212180
175217
143997
108343
88223
373341
300265
247238
147439
89610
281769
122363
126330
235685
282121
362903
210748
409046
69024
208395
425558
267041
78508
91101
361212
127021
231705
184035
124149
103107
567013
197210
224014
488539
92866
110745
131795
189494
176784
91523
84070
464371
393712
67998
193510
314685
218217
283364
105729
108390
116692
209186
155064
159125
81527
157230
179711
175339
147869
216676
149883
165490
342149
336826
485075
677965
376996
601235
201854
94473
264563
747020
681578
512477
319650
1176183
618411
391429
232321
168197
276438
361056
265588
265192
509184
440110
134996
535366
573366
233656
187837
43631
110139
347241
241814
229040
394337
172270
358969
276234
321004
407345
231539
178287
148431
166931
239407
164639
198450
254354
138148
838305
797771
213863
196660
281010
547449
437155
253065
204097
215426
202908
151153
247079
301883
106366
1283103
127505
793265
184144
184814
228790
269062
498217
497734
308715
246934
621138
507367
267269
339762
374594
98115
337128
179431
278226
213878
303576
267120
349293
194228
283541
165427
198313
265502
327503
185758
406926
380740
901874
191360
890405
213774
391185
145344
425152
252314
304348
155739
326465
423374
449694
537512
535427
376829
280362
120534
72987
218990
118157
131795
353304
419998
388494
495984
213822
281373
256246
189790
247498
207109
397758
345325
248051
182142
262765
244955
156311
369651
193667
196562
363633
296113
358070
352668
132118
443938
213981
148272
156351
291115
312139
346822
210531
207062
405743
187085
189413
243730
87083
175852
101915
173606
155338
180148
343730
252123
341704
164533
78226
169065
150266
189608
696888
197367
147817
590273
154387
84302
298655
231552
80041
60876
176346
380232
195530
83948
160451
510541
213468
107369
92467
458497
386601
330782
154442
363053
136875
154823
131997
135394
152392
140568
127976
224858
364228
358826
272790
500309
826829
795166
139418
494166
498646
305412
65336
164142
551039
238928
605668
171466
188134
185873
272413
300484
402940
571468
451040
549848
286342
288055
101717
169884
222474
135106
685187
378429
79716
147822
85349
250058
261816
363816
213356
421998
204059
146723
289466
416688
377948
379131
269155
435185
437240
400138
140628
343631
255843
224626
320098
295299
228188
156869
197694
179574
121828
86752
60926
183432
228671
151944
98078
463635
545958
158447
412848
158836
499065
144724
222862
128853
115029
189453
273046
231592
520903
148290
619026
249748
265774
162582
199072
478638
433534
236146
131732
255440
327881
309871
134407
471296
370967
215294
235789
118000
77611
581396
172989
508045
188032
67777
169862
161992
200681
202158
124744
125368
97139
132043
317660
392535
428457
402889
247642
366000
564302
526104
163502
77964
127588
185117
749401
642054
117519
116662
453716
114946
386121
111925
123387
188092
188428
177150
167905
390024
268846
439848
292438
225874
244281
220765
279523
221184
133101
530030
354219
435878
163287
105118
85165
110258
156679
123584
687282
66332
168890
249477
171634
670924
367155
182228
347718
357893
98918
80205
550970
157133
539061
328636
283666
272847
274189
211198
125613
192392
412734
159682
111170
141755
482910
149594
235196
146307
117273
355283
334486
419685
182493
206304
550703
401102
474854
244349
131826
145043
483840
314700
231996
214168
386956
349562
203162
257995
354274
209645
351907
172576
259021
411471
367463
502215
306218
104732
598024
398378
204594
218713
170016
193059
150052
107097
68579
109526
228612
363800
208257
83880
404411
149545
137718
466347
113894
215004
122696
105370
78883
291741
326506
232475
345172
149823
140946
154557
728504
516689
136729
456278
531583
151601
232809
159061
169219
110136
227845
157835
590408
431622
87095
201237
113991
191140
441953
453962
268981
205677
204272
988178
398666
343612
916386
108725
79251
164501
293689
367229
464785
220549
422152
168746
255711
219570
116780
312155
153335
387442
243500
259239
378867
296468
298301
264654
191823
1000815
868999
309678
367552
307992
246303
135778
67263
117273
114628
231944
357324
259378
365831
134097
262744
262102
116593
80211
480009
282629
654032
445462
292150
138818
61622
664560
261345
539354
352608
256706
422145
472876
408636
119892
128877
864858
572426
745935
602099
321793
171552
96701
284151
188193
240743
142615
307421
80329
168007
186990
447359
348621
115822
148951
420248
173033
110261
159453
314890
424418
304016
979442
663336
174592
215639
221262
224774
135258
252793
188190
246127
173385
117161
106915
453510
386464
127813
182562
81563
231083
129634
114315
418963
410860
413027
117254
172209
569475
278804
153666
145910
145780
246368
164725
511178
584909
448880
507789
821444
429437
916869
174256
413081
179088
187808
112889
321098
239605
280698
240766
191371
368613
629185
563714
207055
295283
232199
724576
523917
225371
134749
294006
280737
200076
195534
554968
578776
314854
195712
1028875
878298
150417
563708
685049
227236
134355
230283
220540
202755
187667
217067
191887
959026
929711
116784
204172
318687
264328
158334
466129
219949
285311
259635
237150
123879
134569
126451
608946
535438
182537
227197
512531
236970
279132
762268
368128
372593
359434
163074
112235
443032
395063
147178
137628
341769
194501
312693
188872
669422
825830
642212
561076
141071
865722
275235
259252
85652
60372
527628
466087
418146
449065
86247
144877
417287
250079
172229
67691
68751
134590
188196
310796
318240
322327
305553
216694
256592
348481
454763
333736
120334
129190
85742
663210
96711
115066
116836
779127
217525
273848
283578
310961
245535
403592
347783
256090
436054
422077
165198
139716
141822
421319
346147
563205
430477
208891
419461
130428
127913
133583
106176
588970
223180
459309
159810
446902
364385
280333
345396
165340
302252
209312
177595
387429
242787
193408
123887
118040
271101
140487
172984
175962
152352
115705
260945
250585
236895
190471
342645
318479
223328
804665
195023
146236
961430
316038
66319
335387
290634
62607
152010
239044
365548
385135
151969
471191
772023
629653
562742
630041
154049
274456
192230
75270
155492
128801
144708
139554
148128
254712
396067
330070
174840
481519
204166
381883
222726
373474
195582
387090
266367
577182
452077
309540
414105
533185
296808
79413
592237
334225
198092
526943
529995
778055
496309
443059
254854
402330
492869
562854
543854
242297
414612
93267
68589
85310
141908
182915
183716
311892
312255
308123
249671
295075
221597
57969
797356
372593
378587
72432
71838
188022
218482
81697
987708
531232
267140
173928
382897
157915
222771
73873
130955
107122
108231
132937
103536
82115
62586
123553
87728
66438
126436
90050
89706
149689
300305
349825
532872
340310
529689
148822
329686
206306
132144
195102
187761
270997
293181
560480
399193
116042
318696
267975
989759
955648
201082
426471
249591
208103
593141
362341
490130
386315
527502
240197
385252
258786
118350
120177
793498
600656
129258
158939
123963
325239
271351
358124
71713
100709
380806
379168
462542
338446
111373
113737
101179
587486
114024
430040
232496
507274
410184
354017
90521
885004
436138
69849
439116
465395
181951
320816
403198
166699
497481
641841
373935
678506
705297
78137
604276
422753
415177
60955
616324
69559
147808
81057
176186
245721
243956
92792
464600
365729
344072
451244
85447
95835
81569
116763
205407
145330
73003
93625
701152
339187
633533
370722
266088
456081
365141
786503
364601
278033
912371
221386
307186
153467
55660
92642
436439
122788
326554
221782
234253
156586
252756
97073
125568
132153
268570
202574
455424
434910
79732
98789
112070
319418
100613
320839
82947
97465
359072
463623
423285
426248
193280
196073
135983
295089
159076
261001
235076
149803
351027
429813
381003
297847
204701
100314
432473
143212
70961
115701
209705
140146
273586
197058
336167
282689
499397
178302
194802
142504
636558
286056
207676
188114
278323
319326
185845
548302
525856
265972
493943
515366
607105
158499
590558
258648
383887
568695
689759
513931
287356
295047
101140
209530
159919
112605
319088
472696
261518
58580
408030
375634
101809
100046
205431
148522
200821
274357
230155
134422
291009
287473
162849
232977
73656
350905
215879
88096
87191
343380
326961
241607
172142
283838
361702
653316
713656
312795
667265
586725
217490
361157
437121
204177
164515
74352
222056
529341
565624
516726
712822
325669
268775
332576
213875
90241
293341
259696
307534
175816
186008
96384
404563
246632
165325
324714
182607
348945
197817
108417
243334
359516
406444
547541
286283
104591
445541
256883
181033
130469
223578
246183
168744
276365
215154
192015
130933
392271
377391
438487
501893
379377
774442
558197
292000
345090
895450
200756
848231
384318
529853
267097
365278
164518
239855
268662
233542
139205
73461
497585
297060
133967
468546
356676
557872
382203
367572
291047
118118
148321
511569
175261
268180
670544
337663
66806
159750
507000
218233
179139
430661
226802
196217
168607
251157
215344
288026
187008
185190
116216
130254
78495
241992
278647
658180
288246
255101
181236
228180
987745
373786
607871
481111
319743
332352
241820
173322
618094
732501
312405
143769
675139
801770
393183
330316
323142
74412
146623
248525
237719
241135
59933
133571
156235
78398
162567
189880
260787
972322
804001
66666
82345
547350
89138
410429
255971
391037
528626
435416
799444
382449
526331
349514
201745
155602
120473
198111
201886
145550
165692
99886
87021
268516
252886
427048
641773
413437
246349
114440
214950
206244
68472
201433
1140699
805109
124202
692022
447076
848046
623331
510461
307367
204142
283874
552808
617831
573485
360934
228635
152452
596546
214514
335229
163082
554360
373405
132336
178421
185310
185646
153929
290904
292356
365405
288842
71554
97320
548039
733221
375133
212032
957602
939241
119347
253290
424862
768468
345585
733808
271610
299609
341255
275405
689287
646917
60232
178257
148086
200668
220400
203762
299448
313591
178817
465113
245141
228918
188103
384714
452623
408309
486061
339759
127517
144518
376202
418110
177186
318496
139624
113608
351155
244057
277124
302430
368901
604308
396809
262675
543802
164800
256815
136163
236055
174007
253526
269286
85470
121325
245548
154310
287697
97366
79817
160862
228013
648843
794182
724321
95917
615225
217413
77894
229845
222558
160090
162924
134482
121503
489217
582062
250716
152728
170637
428496
430145
312476
559466
444533
310144
248255
84007
370883
237723
416025
173979
204266
552476
260909
241540
138474
575845
555096
1040595
754207
72330
173234
504040
433811
704750
760308
211263
143440
229487
251782
310505
327508
383992
263155
232867
240441
242013
450625
184623
419805
179962
83861
76189
313244
203422
183539
67630
292643
138508
98339
122256
206896
197305
130103
175611
156386
70541
302564
226609
343953
211550
408544
320077
395301
405496
268900
331791
441935
150761
99441
90221
187604
177912
720794
92340
136670
428755
144487
179973
105414
105719
143088
152254
168282
272299
162540
207422
110905
119670
210847
212606
267356
184278
457066
355809
332706
202431
526290
360893
256149
410406
231174
154322
214134
330350
180159
166363
195450
133366
662088
502233
403291
361388
259551
79410
181447
180671
350378
399860
387622
401145
276496
484633
115786
196568
223713
415071
174346
539666
309281
82526
417138
136430
375324
143431
213758
484609
394828
55442
87235
126218
535756
241833
473624
234380
155664
109507
166624
226238
227451
93891
294236
233813
129124
67341
156931
96343
82562
157900
241786
250028
237696
199614
146006
174586
175711
178197
119643
79492
495520
237292
295550
588485
286004
278083
176479
160749
104357
140814
740751
497790
453909
710188
73143
345291
217078
299120
176862
242905
407252
188647
167250
230514
259677
310053
302540
356076
558698
447361
490481
148979
112826
403179
300507
188370
146112
173793
408376
523653
496469
637406
184990
372281
153162
281195
128236
99265
268822
95314
96520
201326
298716
194165
581755
662602
526358
553593
752902
326265
478563
195146
68668
86638
55148
80844
91107
83022
106020
271461
299267
195489
222350
282013
179383
242497
154174
175777
217867
216595
177230
303171
210364
159031
310909
265753
292365
93701
350810
242136
235035
448935
470526
355727
357965
225237
560173
346453
450343
140871
319336
158428
91992
177111
172672
122938
169226
203319
345102
347202
176353
134506
576013
588137
147031
326723
269359
231380
276809
350542
315009
498269
582121
563919
252142
853483
323893
592777
123451
233013
87999
152089
80494
142083
239254
245007
197194
272557
100544
108142
108132
263155
235595
452903
469400
486193
679915
320812
76678
101877
116823
435013
163794
160069
325640
662555
522314
605459
311687
92519
356261
195150
112051
190481
279829
257543
373438
346037
193457
94822
46525
85223
432538
422250
482311
755655
170384
733966
447179
562114
178427
752077
442019
100731
141763
155609
86173
482980
486407
118310
58941
65990
320795
309381
481669
399629
256959
690350
420249
351776
429443
394034
395152
67102
67096
179616
243998
193460
206854
316870
530503
410506
317781
244699
235983
192708
120766
292036
202907
131742
77107
280832
268029
138893
60940
75923
194580
354320
298044
309880
258770
259222
237852
273803
262678
548157
490649
541860
442800
299681
354458
310092
604390
247582
267240
168937
546386
209043
445084
479592
358763
549900
377778
84825
263080
412837
236882
153597
519081
584318
161191
443592
234801
337937
268606
772784
321592
691734
412469
337959
146988
300671
135564
300593
300054
162995
86995
57797
185653
193532
77114
192187
866497
319215
187691
1001417
264814
360771
519424
455561
725004
332191
243637
110413
851923
207836
403247
265348
496078
282677
380069
100982
266629
141144
145157
185630
155678
267635
249726
289690
489555
314374
147056
370463
131364
95539
326783
143123
279573
389633
333431
415643
588450
439606
168457
539617
463807
235795
140662
455081
490413
186487
214888
530940
276929
626605
375073
260435
286984
378331
559167
548887
106085
514607
96646
311685
221106
343778
349385
335277
237781
115762
118915
207135
260701
360909
291232
97108
87464
81018
454304
93679
503153
353897
356554
342847
113576
204169
326021
360622
451997
311568
231364
258749
482662
575406
306616
174032
242320
173653
260822
993909
335073
939693
229412
332910
223207
212345
194896
254389
154830
337671
395085
113107
369186
293467
411377
604445
333562
452667
346484
348528
332998
240877
246957
84257
121609
426065
305558
278738
607869
281361
229215
434299
221607
58993
260875
390930
820512
268038
153044
548801
185927
162076
208822
293389
423656
558989
351269
746412
423086
355832
109632
194605
517700
254500
135513
295337
167858
219045
68701
91317
81266
113020
254305
297327
343880
296924
281206
313599
424705
197024
134943
118497
70233
119378
196077
138469
926147
171072
170687
1108929
339936
335725
570391
145642
257712
200929
108082
220130
235654
322698
388183
290003
142856
331086
87738
132193
108940
171635
199464
226975
229570
112593
172121
113312
245476
176513
351981
133503
490704
611031
741147
859854
429478
864086
328172
443218
657493
531640
228504
743470
176498
138014
70168
47734
292978
61337
398796
341375
181289
169891
171872
573590
157026
737052
212623
445094
422710
340185
188409
600818
373980
316668
77882
142462
473622
295168
99776
108433
350894
105515
293754
103858
91031
107262
176086
248990
189629
307905
160434
175125
122540
65829
175752
188759
127070
231568
232829
108046
118085
163997
244191
311046
363360
319598
618533
177333
406172
137375
67474
148352
236599
193370
344338
499315
417750
428717
184702
81487
387015
274742
566806
379033
314246
443644
1116664
381456
1131472
395836
325516
369560
249354
305597
377205
372912
330555
185500
525128
250828
416912
207909
155696
180367
116521
91560
166168
347201
527044
287675
709302
661782
331028
196325
272537
189540
43517
83950
106137
572444
334004
88112
90733
234003
247367
72908
113670
487770
529787
243567
206615
342192
224723
168484
101366
266604
266750
504904
160518
586282
506709
507091
357691
139752
90126
335854
852622
424350
602436
356254
280503
84773
114739
137008
499401
522348
313154
312464
74585
336856
159919
219983
322917
237840
246581
64509
331689
192626
212938
272219
236101
137928
250961
291039
329287
315295
758159
142356
131795
102121
873384
124927
178410
86715
138200
113926
182918
266554
352147
366271
393909
519738
311323
87202
376856
102303
254585
457934
384288
128276
102218
843952
296513
885037
162230
115868
93977
128854
141691
640559
214096
222118
75013
82467
70889
641264
374113
301386
281383
253378
407212
841122
646048
421292
274917
336471
186150
1229587
180321
833199
207913
139772
386251
275224
269558
489898
364760
121895
74895
563195
621621
311113
405209
309117
233194
272459
352308
326363
1187483
844998
344442
94587
260744
142456
169319
206979
272456
157568
65297
72445
303343
104054
301421
173950
116041
152460
64910
222363
237930
123383
149599
496540
224629
686591
365038
407820
252387
452449
255044
211975
185762
359567
318871
106520
439433
481622
464969
120902
438363
385678
420280
485624
582065
262411
136074
298876
134278
114153
232502
324219
461845
415864
177088
115950
125345
111916
127712
95091
146919
320536
390972
339784
432553
535996
445052
413025
334139
752704
794051
779375
1040843
252706
340386
661143
310782
461878
307449
538321
400972
67266
412316
292111
214520
244145
176282
252340
252096
178127
332985
310691
249860
319194
452392
394644
122321
484359
91641
217156
64660
98111
115855
83430
161072
277526
350404
505064
282521
487193
223257
124552
194373
199839
168469
294207
696442
649486
60430
76076
103177
621008
143625
428716
472184
457838
551957
210567
631385
101115
227044
82805
81079
97685
105095
118787
125326
395394
319624
523011
304525
224750
600695
188189
138933
219061
421235
300248
1015856
690127
72114
238366
300319
131703
416880
322694
495777
141775
490929
209969
343943
333515
533555
286845
119778
72312
78230
312028
327197
825518
214673
261721
149597
171005
115221
77596
83995
862962
531639
206643
302201
132646
388510
160017
192642
166611
214566
164213
272288
248784
128318
245815
346461
229695
671170
442296
969825
488434
650899
309513
53382
172253
725855
524186
727680
255749
154336
644725
88754
331274
117045
160383
116959
183852
302061
215438
257557
181814
172205
367460
233004
391791
171518
111492
99881
222066
214582
363651
295295
435635
606011
429025
363139
193166
184890
143223
138176
79354
330408
200808
368299
266179
138439
137040
229403
442458
503817
593988
510224
193898
137295
65951
426471
368776
157103
138270
174855
200318
203038
206824
263650
314830
410543
376255
200449
198529
456151
130112
110669
341993
165667
174878
202862
211750
149659
134442
110488
150594
185003
162357
228289
361546
335962
458874
442255
271755
174691
328971
552563
449420
519577
427163
139278
367472
324622
183444
152858
759621
156048
821447
144955
95498
463089
370318
312895
78952
97368
80470
503317
329338
409771
288587
481004
141219
65373
88473
91208
128613
440025
358033
296824
512152
326454
526033
447852
347533
545166
217748
228452
83938
107198
685318
127835
406040
390782
140532
993270
426658
976756
546582
214990
447052
300771
328295
373402
64512
64981
80881
271554
149525
209358
193430
375201
322491
190715
162692
164087
120769
270263
282868
67656
364975
611539
735474
708766
425359
103111
379602
338452
164976
146215
143745
386642
387629
78945
347515
500204
539864
707136
192147
565098
432856
424516
275161
99239
562276
190414
290452
116904
186826
140562
159833
107919
160218
141402
142064
411541
540476
481995
631996
214070
356068
355812
349289
427530
208688
229504
471605
315340
322107
663093
376787
275337
106637
144151
77119
188839
282387
272776
310321
123548
76325
158657
158938
206649
127211
79683
311292
292374
185635
232714
202757
268605
332478
712108
717869
201126
116145
458752
434489
137348
335315
310911
233301
267089
220843
358576
366346
103656
71375
489729
330214
595422
606417
407109
156410
606655
131326
212147
547295
214215
329976
309540
233647
211891
806257
752285
568780
513475
273427
275989
165540
135044
130943
207202
149406
119105
265768
144732
184057
330590
326912
185050
305159
599475
233034
477045
122240
139252
78608
85791
86675
76057
222605
228746
741291
733540
437862
436140
151265
163782
148662
328184
318119
377601
436766
121493
130841
231217
575460
370972
695410
678719
493749
1460818
1010572
142316
157944
428655
224572
170023
199765
171200
150146
211524
223401
503429
121726
545128
111555
133145
152961
114168
87650
316220
255539
332301
90016
342422
252305
286990
211406
154002
466793
359122
445998
704145
399389
624369
606055
281697
495532
343877
826450
593352
370322
532203
469110
456829
544610
131482
403620
217326
426739
516339
693305
406171
809716
95184
640049
173808
181200
186592
138714
201929
183893
216622
117145
342239
123891
149018
95953
334972
113552
203656
114042
112518
247156
335201
246841
332267
91861
147449
150545
183922
480016
451220
102799
71645
396157
260095
165318
262111
190126
371411
358520
89471
86167
50862
121797
142197
407344
392641
118444
131425
189851
423738
454304
337667
114134
260179
263092
435248
343073
132078
199358
414374
298268
452649
768047
441234
102535
502980
244438
89670
133925
115098
362474
607138
362640
87420
190365
213145
71407
63904
91229
176482
1423824
1564906
310762
805003
705675
465783
348533
664478
347759
81602
107572
372262
122751
162077
130543
147119
153926
171316
197810
117496
363395
74818
264969
272120
283726
787385
451932
765379
444767
559222
404291
258203
75670
102073
614353
304278
111022
250074
257425
201466
230541
294831
365415
373741
305564
152732
205562
258392
318021
307857
668439
666879
497884
448400
312015
616579
665845
438449
138013
238199
113031
82232
177973
320894
310941
333215
436318
303930
304494
318566
327581
245112
115123
98270
114792
103867
424792
310782
95464
142055
411521
502140
379532
395213
359144
287181
510468
350249
139824
112765
90952
116766
188429
235342
243156
975373
260453
208254
1039682
268907
93869
215265
290920
677589
310305
239853
623169
66778
172394
206985
221695
129527
369498
277720
391786
311765
435600
361485
651637
462279
624642
634672
231089
141991
129829
86199
75980
648030
165422
273970
724027
441559
143106
424810
309837
171851
103439
159578
109132
122246
228849
297081
317435
236811
76234
168225
65679
144977
169001
331104
508497
421650
281231
445047
214403
172025
292219
125318
266082
79412
93715
286565
583068
504096
650096
424748
278653
276426
232199
109305
290704
198564
206857
88152
101883
216797
464363
819792
410265
700379
82109
149457
104281
95714
100038
102161
134649
282901
441037
463321
92922
155406
313777
679153
299842
155958
161353
217195
145866
893363
515801
287349
237448
362333
263006
254269
256186
470619
234963
208179
521913
319674
196973
134275
482612
393197
775769
765111
711539
735399
535712
264425
647575
429154
253805
182512
139123
363723
274263
271044
350752
354706
454994
335348
258503
993778
289992
836180
333753
245037
108261
90732
635020
515575
415969
208525
496325
204151
456574
370472
465965
358755
106256
273503
180651
140201
192689
176038
152784
308119
206268
92514
172931
340171
357269
497523
273017
274858
130675
180852
790140
310402
582647
364547
247262
491734
397833
140328
361404
706754
564287
493275
155025
328480
884527
498553
433738
343505
360757
358281
396885
266461
346456
219343
330152
376004
170240
81645
680220
575474
222352
274239
221975
294416
280446
295293
410100
317220
177693
74523
348581
111254
181276
155924
133300
49637
271991
234362
266334
456042
204492
361782
130526
196428
135715
169654
285988
260696
131459
415847
406151
129933
67502
584600
692336
595368
207189
138561
709950
246508
323943
259110
242573
203298
246713
212025
111731
488726
617480
355641
196593
76664
451355
321881
528957
521671
91241
464025
362338
202347
188066
244960
236962
333674
271513
224905
94742
349650
525919
510664
150071
629630
144010
343124
72190
90947
156592
145780
80677
182895
400733
385347
277661
147540
183797
159180
249963
147329
265442
159798
91566
294211
224379
378688
377960
324203
250894
386710
248265
185727
329648
199734
308095
84911
185034
179698
92662
114677
525130
514164
316232
253604
144685
72772
102390
56399
109212
265130
302993
266634
139404
153435
483076
313581
257786
67385
430764
98927
100844
310254
120334
131637
135933
110583
271997
284837
240029
186769
279422
257894
490523
474791
356037
77393
87137
145017
723430
206982
487394
301718
281556
272558
108721
301479
237808
143426
144535
164355
510944
514332
252242
63180
90795
312217
360436
332921
207479
606438
273106
548480
89761
142493
237856
309753
331331
167131
506662
283146
437531
253160
263428
218684
169484
246316
199420
358972
139300
317968
365590
463970
392914
467617
135930
348221
299978
393540
339677
272018
141878
228784
213318
195654
299506
327620
254097
644550
437508
519697
516633
135481
194480
291679
221533
210689
136339
111307
296550
260189
329400
300331
83048
88156
144980
208354
377278
524921
568511
499666
240345
195129
73203
99206
379495
209482
151136
88887
264101
189116
191186
74339
256917
309354
308289
66005
491166
252665
459121
243753
162480
154662
231647
295749
330041
284597
345106
595802
533147
422951
628032
142147
137336
216890
423801
422701
272404
169630
202095
106019
359021
213985
334051
288875
179729
108167
247179
222121
64187
190032
170766
146146
245806
244768
467269
442195
219658
176428
211330
104268
57082
710034
82737
87804
993059
471839
502166
153428
578764
288489
328986
283951
283716
179847
146253
77108
169036
424390
453295
158644
600999
614430
162895
123216
80757
226228
273552
327009
107055
61322
578926
526299
479993
256677
240614
667309
226643
274950
202672
107363
75183
215942
235244
93459
115795
109688
261599
257648
130368
115010
103724
1294274
1108403
230306
222842
355704
408160
351838
532898
393706
87930
339176
586062
365789
608039
270337
277513
179328
159914
430853
673099
486331
708031
248902
368232
258214
127505
276550
211403
244424
141781
625835
454349
438529
736274
430575
282971
164109
232299
108836
132483
179866
301675
267247
254559
373936
296000
124284
120806
283335
1266272
1263326
512454
313039
210145
119421
171266
174597
610748
569892
103867
92965
107922
229717
233762
86949
808167
774112
235351
238801
78632
87703
274248
340899
231544
252479
321412
516469
618996
469632
72173
112056
717548
183237
534878
488146
130467
144020
859503
146181
157072
115400
126740
854385
289516
256201
273478
432010
448900
56089
279790
133918
139030
56610
48601
530364
356012
80994
130970
109559
82708
139876
502255
602895
189178
133870
365631
99842
148239
373112
164273
188079
172789
360131
279419
515426
533016
185765
176856
256102
146403
290676
225314
114282
271624
443829
444156
180975
196356
469481
174447
173906
474482
157104
234887
147152
280045
169211
218252
207049
242553
242434
313828
180507
190267
228696
191064
211212
82234
96246
119186
145112
354031
297952
658738
434061
572453
701241
190908
278133
168659
272728
221368
65252
317921
288169
123403
60507
101424
141544
229369
205756
86825
106683
597455
697982
270788
313820
174006
148547
432252
350817
170296
210334
354411
351616
174059
285043
1206107
1106475
65228
487927
394970
78653
77021
65208
85689
214316
189703
191700
283092
122794
118525
210360
295497
247541
84463
277713
631103
283179
171095
191997
643975
296706
574894
537278
488500
72999
114746
146373
108985
836236
222606
201938
76284
110307
162790
172223
74141
651400
66305
91900
242826
211896
81420
277635
426617
226073
1146985
852628
233066
266879
552217
310604
662480
336301
298439
179186
623677
114403
554919
207790
107929
295676
139599
316553
176849
164193
278968
183444
349080
214958
173608
127872
160741
526069
445947
378542
168866
348908
308561
209654
142949
155122
76471
172076
156711
60136
571799
650872
461030
303271
64106
573147
559931
204055
236907
290748
176543
279142
126778
303791
278797
454953
177443
141742
171308
213189
668929
135550
364597
97483
141344
218914
229014
180303
367494
383034
460404
478925
173201
172958
452377
306207
206363
435061
388602
373974
296177
189792
131078
151759
71815
100735
317427
471257
344440
119517
482417
175847
638629
266225
315177
427761
835776
755813
375325
140146
144412
307416
157256
279058
188040
124340
191690
161508
204324
207807
201236
440921
291013
55657
334307
126706
285843
152148
123988
385187
368658
366916
437619
229425
160608
277219
187331
261975
178074
116833
201088
110224
228207
324926
272483
329270
287150
553253
413862
63501
487134
318752
77602
260708
152909
169282
257177
369483
696477
217885
519777
234592
225351
319910
475479
552922
632352
460986
393057
94399
577359
241339
108717
99099
81900
264007
278172
466136
269507
68963
382154
148140
173974
68893
116878
249690
228574
186716
174585
332730
306837
126148
218566
438490
522603
394106
463992
75144
85907
142356
150748
293469
299376
241923
249215
392212
514560
344196
273482
94339
151171
188969
259290
351987
461554
498615
354900
496944
195097
354265
274013
176047
302112
145344
276600
192979
194049
249153
196524
391373
278473
220002
306468
207506
235807
289227
183343
267239
209032
82980
91494
115002
317637
199047
267091
450863
175949
270839
422187
473822
334974
124154
66218
217558
225971
845198
179326
718235
261525
478971
374739
94518
488239
232115
427483
386923
172376
112022
117400
66346
73269
193060
252148
1173017
248816
447095
1239396
389883
561895
92503
201200
155919
763655
748966
212093
178332
1011483
1037804
217773
305426
283935
71159
351865
413654
509589
530689
98367
70522
257388
146452
262779
333194
379036
321797
289684
95725
120570
85700
164006
114629
188905
244077
255075
226984
176073
123299
401806
121723
120831
309242
142888
55025
151846
279362
245799
175824
72269
93099
244683
571697
387215
272541
116285
168791
109516
299591
259292
292723
168175
483012
578976
604944
643077
215911
241881
656763
264223
145964
385267
114031
203843
66841
238390
216212
122152
122084
97982
539451
566029
333267
394336
281420
305574
314546
315838
106019
382720
405055
342998
375910
609001
92373
84441
681445
349791
449133
215480
584516
191459
126402
727454
245702
404026
294085
495007
330757
339512
275115
315510
291812
157329
157300
114999
83910
355387
89374
350077
251019
259279
259473
110095
345388
198954
252097
166259
162923
286032
265429
223312
259869
538526
542622
233735
263306
417169
294548
379828
232830
362333
178629
51080
688322
524000
224807
551413
713489
212277
618169
172241
574429
218570
152289
203739
182825
247629
233114
372341
357983
238015
294770
90650
213364
124229
120138
131421
83326
67814
89325
108813
112593
202021
119281
383161
380307
389146
455730
280019
130294
137776
230171
461413
250555
667672
432887
479758
238773
130566
124144
106986
660925
163136
367456
292083
173338
236812
503249
290206
423587
353033
918325
676348
465168
663002
269758
132320
218514
143824
934268
265486
349945
160416
89655
88268
1031878
298042
161638
177789
173218
383089
441981
173884
206889
142996
437837
127766
404954
112929
73502
275604
300933
397058
526274
355288
733472
100059
100267
78942
670861
300740
318003
309084
79078
49685
199862
251849
360078
206926
145642
97370
81604
595009
92723
90951
716214
249855
277901
81172
198023
643513
561648
566468
470935
466231
206814
399663
128509
260832
230172
297429
282382
192704
131436
97980
685930
419730
400818
671348
136195
221727
345853
153451
421022
500890
619295
213046
51961
63536
109202
139868
112513
80166
947537
758312
169735
87957
102858
162336
403716
235687
317885
92488
74259
218830
222858
86128
102571
140810
292520
737819
244255
134091
121252
161205
295283
238350
1069296
107448
515919
109051
105058
87192
84724
156546
127936
173408
243549
395708
333363
350970
266121
230457
233024
123899
166116
167519
210701
134702
76976
66185
80343
243930
185961
405233
279926
472943
386740
534398
496771
413220
225982
316395
211932
163061
309568
314135
298903
671625
246182
449952
330842
160996
178242
151819
112807
173255
138277
87383
127929
295525
215487
427796
197304
295899
220373
213854
239216
242903
144667
108608
206754
684453
542305
355316
235676
140124
183896
231845
223775
310608
241013
164295
438526
402490
290241
135897
255196
201051
245704
267149
275349
171304
182884
365482
281220
165760
154633
131228
586446
627059
641848
109849
94412
201797
161507
219225
244293
77514
81866
165163
1240048
871064
214347
72946
72188
418281
105271
356675
372455
348883
443406
210954
101882
63513
525278
89001
114935
117757
420208
215762
143772
109719
164081
242244
135546
272164
198151
350227
729356
559922
440454
133788
135457
208298
508770
186270
298424
186292
211013
195758
419351
392487
441590
444304
251435
205380
218150
417445
533746
450331
723404
559565
628643
567868
99556
103906
80541
111112
134630
81194
65239
803554
260129
785628
293050
170827
98404
72720
606629
406694
275101
338540
244235
331236
159130
335104
293769
179480
359102
341084
91513
115589
112580
94093
447635
236472
243770
66968
662798
202341
444703
285997
152225
297523
456703
332771
103112
491246
77843
490933
130134
190953
169610
63646
182652
79930
365818
488472
485443
137203
546054
111185
363714
168182
319789
511423
485993
540580
190194
193232
343288
266438
192369
306407
104222
154424
160894
491931
280404
442887
267391
415672
279859
366947
201331
180315
1054226
849613
561021
564293
147676
211503
71943
99619
89655
87891
75696
376938
163791
207513
326578
183918
135018
110574
97188
302493
237729
181201
220156
308780
259001
454641
411194
291233
499356
379313
69888
200051
77716
265208
262153
279243
228364
101162
188898
486132
266266
145980
66266
60637
74522
162145
183081
67810
92077
99573
205964
193310
102533
170704
91964
175865
70838
130542
144917
289179
290473
247611
100538
357473
230015
372094
251568
177888
600407
243806
206210
72270
74756
90571
686667
118012
130015
77896
400325
292029
294080
337472
115410
428343
324403
244581
438874
316792
501375
164648
568062
241175
167702
426859
419398
446070
502646
135818
96576
149899
184610
119779
275500
301847
171038
851557
805252
381160
307561
587678
549563
94462
90924
119857
307749
444407
204439
271436
64910
242623
103807
103219
225678
309800
156206
99485
368869
391415
70300
75111
205950
100363
142880
233046
106466
127545
76292
91882
127232
166809
372259
542511
592710
444718
257933
141996
69682
224870
405708
397897
465677
301830
352045
118924
351433
158124
113792
224152
184158
201055
191203
210041
177402
548740
398278
288003
218357
115373
194281
229449
206185
124635
79766
237140
723350
721778
421745
213811
246102
294292
142393
114232
86535
286123
175354
175318
292109
82053
87264
145928
109003
246467
326660
198491
98564
568552
252686
209644
981988
529859
627259
221686
639930
71401
234684
98271
102739
201449
217636
389957
360604
87826
152447
324401
488496
460884
291377
124639
122845
61499
102670
256522
382732
311542
374724
448159
290235
297340
123236
162303
230291
401095
255381
173771
133478
164056
754822
684915
686810
701971
524648
398818
222413
714958
667357
1055595
863406
413095
145640
130236
654940
252097
282909
168577
237561
717902
261286
105047
122057
643148
148646
223514
109827
165504
121621
124631
142459
130128
124112
265385
347438
436846
410848
207735
107297
161589
187717
84986
103098
526457
160193
397081
90144
129191
424830
394990
393669
352886
265120
242565
242206
141399
259210
233171
319359
318043
400955
519968
305863
265865
72637
321863
420686
429486
275627
641526
286368
481664
571120
1035468
293530
172123
779644
170369
225533
231565
284433
252232
331173
461807
322779
244756
116158
167973
245010
340813
205854
127001
387903
257397
609584
375998
59451
228450
257058
94329
735797
568666
117891
93012
319156
178576
197679
405716
126489
142186
275835
204667
459394
451698
504633
150788
519334
295920
250284
108059
73528
69339
539615
368714
154599
260291
460093
359117
113316
382445
340061
843587
683287
151364
237985
273159
527434
316421
231492
165389
629894
169428
211089
200951
460550
227143
434325
247931
85070
285203
286172
330166
113516
435590
193392
453553
229980
238497
162797
177238
123565
114721
272345
257745
186820
163820
310122
346425
325785
181695
472488
243144
339024
151010
80575
148385
536154
228981
213093
588816
252271
323716
297111
153079
104086
231459
150696
306035
228383
169490
347439
308511
579145
657143
675734
281100
740206
165105
103943
373413
182268
448423
368254
412803
192572
82598
345544
246793
335563
191075
107916
89972
505341
607431
277596
340072
220394
159230
534914
247759
154244
468304
279594
182793
121028
347256
417956
201978
157794
366144
147184
315865
317256
162404
692130
644448
384293
492506
245113
175707
709658
248643
503781
442543
444280
289833
499494
123330
151678
543759
317730
233764
383666
227972
243307
240005
222785
92190
148317
92132
109584
85373
67637
408989
249753
369064
79906
343183
273973
289316
347284
236591
70902
67460
562804
358921
179153
159239
160909
76784
109580
158559
168356
552508
463182
242344
439300
432245
299310
230063
142342
101859
129981
184913
311885
235001
1168638
1169167
143573
769566
831748
798717
163095
176150
899923
58829
74580
325017
76802
124634
267698
285906
293266
170573
110630
357385
200944
196860
248674
232153
214574
151147
102606
80704
147100
214853
309734
345617
585234
623821
488193
357004
454936
165539
174100
192177
244203
274002
313862
356947
648984
532924
492359
363092
57179
57950
298729
357630
125124
330798
496669
439871
445625
233712
75419
109321
97316
109208
290293
297631
416570
215680
228916
167027
582227
185713
253735
285699
155017
595742
448575
187136
140571
137997
221408
292013
248401
181331
560090
394211
656731
346191
80881
523864
407412
284497
205812
507787
283346
289273
185255
115938
145427
178800
609044
127696
414069
168743
216228
184615
216652
351456
362884
463143
436612
172407
155148
139955
243160
394238
236685
426658
146830
104891
298676
361215
302053
316984
241427
183193
138793
267019
282369
189278
205983
540417
447240
532752
158250
608984
425350
317199
440133
471849
345067
468128
271517
544797
297574
92997
90056
80087
106515
135452
92676
500173
455997
254934
264813
136416
172396
334215
259494
388797
224683
86499
72427
250050
149600
180239
100835
146379
370112
293647
78356
229632
189978
66995
157174
285871
327430
288098
265952
840626
470460
861164
222639
157411
698551
165616
382500
228243
334673
367720
311765
258215
142742
115096
179361
148494
448390
419372
534081
607491
194198
511110
404940
483428
484783
91467
258800
569136
547374
470462
339511
324046
280264
100943
107425
150529
742720
717479
70417
293748
284146
169981
246858
294254
130896
94886
345990
257575
202318
245917
370916
407737
155354
133841
219763
387405
234683
60446
868961
107414
1030280
251423
419420
362001
387625
169156
855594
329837
263652
620068
111872
94763
195456
116870
178087
144143
248206
301657
367475
479366
405850
318923
125040
130902
117697
214572
572002
441204
138756
308464
835351
444896
762682
339196
248519
237989
154881
145387
360471
322997
98218
349378
139342
193234
156461
106603
516317
128539
333140
115258
209517
212074
257849
217628
312105
315341
378465
393913
261304
238688
81418
199229
313783
440760
487833
288049
180840
161988
140592
119821
218641
230742
73273
427593
503338
432028
474785
517994
601099
443188
348333
371926
222498
266205
336108
409972
479225
454326
520045
502756
291569
127246
862724
821697
680608
673146
125051
707109
273578
240574
686092
291347
363594
271983
383002
175369
209921
66727
99833
114211
232306
229384
354179
138587
118601
137101
293306
261468
709112
204392
182177
677508
211281
271548
116243
81773
72075
475033
214118
161496
160591
328105
345815
498639
231728
481809
108915
195670
194049
232595
239836
182580
172880
108640
98978
156466
190922
231638
144403
342475
347029
174032
325019
389685
328650
119328
92789
426354
351857
316356
419815
184201
99833
462493
390898
157639
158498
313600
233061
463416
236989
92939
328599
614299
730614
678222
291675
61227
59008
82621
817862
158785
161351
264152
200666
245192
464471
402233
802772
824691
80010
603264
614077
226472
626563
188393
197031
161619
722068
280961
190027
135483
382240
169856
142915
379477
192746
150669
346337
399421
434932
137058
133048
134548
73792
98563
114730
141757
153810
845571
595490
126570
353819
184689
335719
252619
249892
140722
309021
129692
151030
78489
344138
681899
492732
540898
444673
548901
328152
492216
226418
198194
191541
347440
217745
130787
118983
385831
143065
368619
684243
338568
392803
469579
451615
431034
476085
188198
135053
90205
240919
290236
161781
230364
191543
255741
243711
135866
192672
322000
780486
694091
378926
274947
145329
207295
198334
176608
461271
187194
140819
785780
652090
282549
305383
919648
288571
179108
1080148
271434
393832
314602
303220
314497
435122
289627
392859
152700
256257
367763
282485
386409
166794
468757
191845
230175
253289
284239
391916
389024
204007
95897
87134
132113
695909
440653
431820
176623
454948
163808
294596
192155
252087
300958
310873
226340
222681
151989
499759
210140
243386
106110
434796
394267
361437
428724
454572
261386
415058
284810
410737
361216
203749
380141
308790
232618
133087
553495
368365
239701
131980
226363
199196
195552
125184
83318
120281
179706
184085
546163
505792
289903
242952
191327
141802
239199
139344
92385
144642
296489
264539
140163
114125
90563
398507
246563
213508
408312
126847
104883
279982
291396
277906
123723
371296
243970
178367
283757
138541
198090
120511
99185
500409
351570
501126
273601
386420
122437
132907
182228
292335
224658
227354
425005
197885
244488
131624
206128
169279
287945
207339
634171
474371
78649
658648
664378
139382
275312
303529
66139
191894
257721
460448
571497
412469
281584
772502
395317
274582
569055
773432
635910
331971
63551
683049
445603
492651
345467
159470
78316
998514
627352
134528
126764
60137
570147
642016
141694
250835
111906
246772
121620
110461
140878
225296
516242
480435
543424
327777
216754
665658
343663
67843
72633
92139
70144
381540
422360
274310
292059
160365
121677
138977
407102
453332
146375
107439
583769
220023
686046
472389
347284
206409
348026
210644
194508
69205
92258
305672
315502
175610
133754
138992
118260
78313
297940
214987
348898
202687
127009
446137
406542
361074
292404
279686
191290
241974
123050
96386
416088
277682
253388
58299
75147
542493
208589
215496
436444
71945
183224
134340
124921
225042
141939
276272
60562
210736
278872
377631
382838
89646
66635
60866
53688
570787
271596
279614
811778
471744
552133
823872
410689
162824
461810
477414
253115
494591
346013
467868
849366
495960
300846
163539
179540
818753
519545
162153
105720
326234
106805
279586
249559
386783
443247
495072
209001
337545
174718
263337
233752
379864
268505
190204
161543
93905
628800
617854
220855
361588
168555
451048
291346
191522
229369
275278
662735
195903
115823
618119
138906
122381
118305
246624
291669
252915
168325
440459
275627
338583
313304
296456
397773
372707
363510
182020
78395
229096
230099
97861
256511
260042
191079
155603
210342
161047
149048
110641
163471
284885
375375
305544
185269
152596
408564
184434
242979
185701
127202
107173
170840
112297
129997
120857
134059
135462
144425
79945
410759
436901
162805
102487
108076
588021
228159
625254
216961
130336
170984
277957
352393
610791
412572
86322
127885
588904
384932
264988
197819
185032
260033
178070
108939
167372
191272
146709
161415
195820
327698
240021
174748
303471
252460
92558
732188
194348
685264
410374
374662
486605
349519
266752
84246
68397
83490
339658
129662
159468
142342
327246
125112
430573
457430
440602
465750
270213
162003
193523
245667
201278
183383
371994
256157
417788
445629
237471
1164704
537531
1043950
522900
160015
143703
163250
169546
303017
220776
322898
219154
98259
110566
214838
189261
117115
304501
429655
262404
327251
223920
409828
239782
100719
275890
376961
202580
100894
403453
118455
517823
225062
162208
73707
78886
339153
128986
307795
340032
162155
567549
164957
735458
350973
458017
554974
308812
124693
532184
261637
275382
556517
394810
413260
451231
248472
181536
273386
374255
175588
373359
170730
225611
163513
424018
799654
611829
775880
851077
531488
577778
353372
581530
463901
376237
578835
141015
367066
101115
95135
150620
76609
153389
131028
251779
288013
210831
408393
259840
292100
376654
335472
286270
224284
82933
361015
176287
94168
94671
226835
299187
362088
286093
180333
431642
185909
406738
490725
541430
637903
389491
321918
281049
118579
320444
245639
359084
264877
686147
530048
154571
330683
273834
195475
157293
610333
219246
531944
253592
356460
357818
129718
228562
200807
77368
85360
92390
209978
330165
417842
379577
388779
309107
111187
111386
183725
231390
124495
98018
155696
164503
113091
1094902
185086
243599
1186616
378091
550879
359077
397850
436468
786989
604259
158118
166077
750444
352818
415479
771237
247671
259491
163717
225693
292869
434383
427752
466830
188079
134603
320830
154469
159209
64757
387869
