52200
610593
17442
24403
19679
29859
1872275
22317
18562
25231
17588
18329
241513
3377157
3795030
17949
15965
22298
31704
3147027
19045
21195
18102
3282974
15542
3195353
16690
3391303
15528
3744907
17196
17076
17450
18194
3839525
16309
23929
19560
35059
15914
3358911
22931
15532
16966
16767
3153606
14864
17392
4043864
21906
22255
16670
14560
5076821
5248865
5619684
18438
15491
21154
6987946
7067521
16537
16721
7388446
21518
7739449
7811829
14973
17008
15842
19844
16108
15557
8825017
21309
17508
8992635
9071649
23202
230046
190446
170899
185806
111170
10038712
13809
19696
15406
14393
21692
31476
11274120
18046
31596
15059
11477953
10970110
17693
10885181
16939
14642
16945
11369954
11206637
20860
29606
14645
21405
12791775
12052363
15219
226911
19278
19183
21143
18203
26439
21147
21410
15711
14633
23278
17862
20972
19470
16214
20251
16054
32469
16369
15021
12730
28606
16651
30306
17268
15910
16294
17718
26181
14153
16850
26661
14889
22293
16631
19974
15767
19460
16426
21895
15403
20288
20855
16489
20848
16295
15186
15512
19702
23202
18357
21661
16783
16322
30251
18167
15329
18650
20234
22583
18191
15754
16517
15248
18031
13020
19263
22295
42006
13830
16840
29315
13812
14013
18345
15116
16090
15862
27954
17610
24767
226873
41593224
19305
15011
18606
41762614
42056801
41990003
22010
41354500
16355
41440671
19763
41635436
41686756
28914
41447890
41663726
220633
82141
40700994
16754
40559078
40736923
40552353
39838279
39897607
39680519
20557
18477
13294
40411585
39870026
39680360
38681550
22063
38780845
17804
17086
38980710
17007
37399758
17943
37809447
16579
27437
38204391
37597315
37663284
18402
37984183
27756
16312
15180
20957
39230808
38613361
26316
16357
15007
38675680
38611647
16480
38332825
38328437
16017
38762883
38998227
16042
22644
27004
21710
14747
15277
39627908
18970
21772
39427455
39279903
17999
23664
19167
39593450
18902
39004195
22293
20807
39205156
23480
39529795
17793
39171393
38897830
38431312
16404
38719831
38646064
38456598
18365
39351147
38921526
15431
38041453
37941569
37805847
15841
21046
15592
38255371
37693223
37203001
18195
37276919
21451
21343
22906
37522446
37518999
37232450
23674
37668431
17251
226922
31567
17975
37271492
37203731
36786847
14004
18511
19088
15327
37257926
17048
38437795
12555
39107823
38912147
20350
18313
40069396
17070
40092745
17993
15468
18787
17353
41004921
40952225
40802146
40408456
39061665
37015208
36755266
28342
36637294
36450025
16449
36559717
21524
36740800
22846
37145350
14391
37249768
37620027
13649
37707475
17291
20495
38180281
38185313
12469
17219
14483
15177
19752
20824
38665125
38822177
38574294
37863658
38295871
15825
38620002
15299
39152622
21878
38754305
38965034
39229377
16088
39449321
31103
39145099
16496
19699
39214774
16701
39067825
38783648
38761125
18977
21284
39290558
39114402
17559
38930547
18867
39174817
38851160
16379
17285
39388455
19083
39497752
39411229
39304388
39449650
39850288
16324
17469
40967683
40966903
40408485
15716
40492751
27776
24106
40906639
25276
41233752
41373009
15492
15459
15536
42029125
24020
18059
41922160
41688684
11475
41478126
41132316
40885961
18416
13589
20543
15548
41301097
40626888
41900479
41482410
15067
15011
41837776
41807997
42220682
34115
41680528
12980
15609
42938945
17099
16158
18963
15240
15473
42662447
20050
12825
43244194
43170699
42728407
20341
42632120
23275
42423252
42204912
15175
42112971
17361
42134632
19573
15563
43551521
43109872
43099981
43103138
42096233
42062540
41826441
41888876
16899
23661
42819238
25066
19641
23539
30489
42038184
42003348
41838504
23912
16769
41969382
18618
16971
16956
17044
42285664
42294079
13298
35547
42445018
42631986
15397
42262420
14318
23888
15490
18474
15630
16087
42742410
24648
43038966
15305
22890
42565241
25525
19610
26825
14085
20740
41629543
41577997
41741
42876717
21324
20047
42181759
42280243
42157021
42626498
20296
43230345
15641
18641
31718
43911902
28360
43646075
21280
15886
21441
43866992
19567
29480
20051
45141756
20235
45226682
45874983
15410
46165548
46011508
45396649
45643313
45381673
14111
24961
45333721
44921749
15834
45422684
44771296
45798267
13731
45860170
45935405
17222
45476667
45241735
44446721
14244
20334
16476
26836
17606
15245
19482
14727
46517842
46557942
29146
47427777
21904
11933
18680
48755675
17815
48453769
20847
48080805
13450
48142619
48150962
48063273
13939
18185
47840715
14397
48032773
24763
48012709
47722194
232714
39845
47979
16380
13705
48764748
20138
48302425
48493080
14258
26885
13152
13714
49536860
15326
17400
15272
49822886
49733497
17473
49553788
21280
15430
30777
49123934
49339945
35609
49338722
19901
49424176
49296375
48945699
18667
49222895
21923
16451
13403
48505604
47999826
47797237
16114
15299
47359254
19483
47735804
12745
47973462
47077240
17146
46568020
45824958
24597
45921779
25035
46207407
46302223
46285911
26596
20364
17494
14278
47232360
45267343
44412957
43762664
43529902
43715834
43709630
43800578
43562940
28263
20775
43426100
43316651
15634
42050772
14963
42946152
43140783
21988
18740
44304694
21078
28243
22671
45015311
45047568
23003
45028280
13723
45637355
44735312
16642
18894
11378
25632
44982533
44774957
44745995
44601231
43362487
43722228
14092
17182
13193
44583234
43931235
50958
43483895
42674079
42499120
42185893
15661
41981798
41597369
40277054
39765793
21073
16105
39941217
19445
17535
40672060
40568186
18503
39949435
20300
11021
13821
40884288
21331
14309
41626044
41483819
15655
40473665
14013
13380
40384807
31466
39762358
19225
18313
13968
20288
40835890
40802303
11886
41565408
14048
41927289
23440
41644577
41642016
41859760
14946
41366222
26400
37084
41410033
18843
40325120
26440
40196865
19901
20053
40928099
24469
15758
41561754
41631571
14069
19709
22553
42436611
12780
40171142
22459
40471047
15592
39469745
12988
38133553
14686
24451
38402966
38134949
17284
38169392
16194
16678
38807726
15099
15255
21383
39451137
39221659
15253
39303413
17104
39205885
39841670
38780883
38609832
38248161
37433652
22776
37187269
37368886
37020948
18942
36267911
37086893
37173109
37015642
36760648
12809
17256
15857
37601986
15763
18208
12262
37815688
37418546
37408304
37369774
37613746
15930
26747
37942013
15673
37913147
13492
16508
12415
39501408
39463097
39073728
38991199
38628364
38548675
38376745
12960
23563
38520387
38529087
38327846
31390
38322413
38576867
38149434
38028562
37768424
21997
41466
38448319
38705490
16840
18398
16178
40312956
30237
32443
40431242
20619
39717461
39278858
37884316
37046626
23712
22082
18442
37601621
23257
18396
38442847
16611
38137742
14520
23488
18382
25422
39326333
38675765
38737695
20699
39396323
39734851
40126651
230493
40121809
39018366
39000662
38998829
38963590
38869601
14847
39613509
39687529
39452390
39571012
39654010
14119
16620
18375
39965541
39387985
39253091
19527
39252130
241397
37762154
37357232
18676
37143093
38020755
37858170
37674992
36646719
36796588
35888361
22800
15269
35688276
35676664
35469927
35150978
15167
35515201
35612255
35500583
18130
24517
36213081
16745
35435539
35254064
14539
36110328
35292231
21911
35394627
34952703
26787
35760
35476032
17269
18163
15633
36044539
35328299
23218
35374310
35171112
34660824
34279969
16278
34117475
33991787
14556
34402723
33997200
16043
34642765
17490
12465
35009483
35375611
35234190
34946263
34967987
34916860
35346523
34264638
34056638
18463
34366403
34011377
33292302
32663338
23678
20493
16084
33010390
33020519
33027123
228360
87946
32844857
17595
26584
27479
32554034
32372286
12935
25198
19518
32151340
18679
32736527
32554737
32809919
14199
17255
18158
33399049
20648
12609
17151
215044
34173196
34172308
33999261
33997743
17380
33898652
19059
17846
16300
35115
35067553
34970632
18880
34824843
35075699
17496
13563
15418
17203
36228610
14168
35713389
35578225
19116
34148539
33672873
33943635
17654
30030
34237041
34381433
16099
17533
22653
35145189
34551113
15594
16315
33833360
12810
33747938
32759868
23628
26329
18016
12740
18321
22000
20367
22432
35787266
16765
14327
17617
36182991
22300
17384
36436096
36100458
35726749
35707339
232480
74323
35973532
16026
36280021
36288523
13163
36580597
36520770
35743693
16715
22055
36188795
36555490
14912
28716
36932474
36859920
36093802
36032028
36094148
36098504
13134
31980
36508296
20553
36453721
18168
36674723
36030567
17351
16324
16807
16668
13056
14225
13840
37313468
37822061
25398
14061
15410
38697878
38562111
38847052
38638582
38761761
18577
39060208
38946148
17955
38758926
38963273
38937967
38219605
21111
38241221
37567802
36532106
36461720
36493025
36469838
35425011
15054
22593
35646514
19312
35649245
19988
36011796
36340549
36361407
22955
36451255
36303894
16679
14605
37452682
21907
37400176
37409091
36751333
36778783
26278
18371
36639633
36434767
20331
16683
37742006
37562739
38237483
38011844
19589
38332308
38413800
38214657
38224779
16304
18030
38399883
28770
15623
38931920
23456
238646
15196
16447
14183
39948623
26250
40198943
40482064
19312
40513870
19525
18791
21686
40935486
41085792
14549
40148319
18154
39457582
39716431
17492
40172141
39368693
38727791
18231
38822087
18264
18960
39027795
20916
15079
17878
18283
40699609
40476331
39114239
39278722
17074
14858
39645141
22221
17437
40218974
20584
40146407
40043369
17387
15684
40222722
40172598
40131636
17490
16468
40878124
18973
40998116
12498
34348
15149
42116915
41132328
41252102
13259
41289084
40726790
18677
40981256
13514
38123378
21815
37693318
17838
14405
36068
17311
12990
230640
38528655
15367
25573
13266
16998
38727636
39265108
15054
17968
15352
39788191
39416289
39024556
19292
39454400
17332
39542053
14472
15043
39919397
40497749
19684
40228663
39773412
13878
39303086
19246
40622795
41422045
20717
41570660
41228937
15775
12984
42171591
20225
42119899
42154911
41996442
13429
13825
42076423
40768300
40321322
20043
40091606
40104742
40244077
19866
15944
40753005
15191
18496
18238
20583
41300185
12890
41703366
41645467
23109
41442700
41637519
222127
15315
20095
41863997
32657
18485
20500
42912570
42825106
18392
43406141
43456371
26305
43740826
43896336
14719
24596
44311480
44464050
12792
13395
43712158
43719292
21662
43316511
43898320
19055
44179030
44030528
44097075
42880603
42410000
42277909
20327
19164
231854
43327367
42916805
42638231
43326522
42106405
42016143
41548392
22084
41551371
18038
16548
15726
20831
41827613
15174
15694
26252
43456992
16791
17853
25907
43999046
14840
44251478
43979772
43392105
21727
18449
28620
31557
11781
15712
43475953
43248797
43424031
43198601
17088
42758574
16650
42693976
42520092
17366
39347
23684
44240507
44161659
43544135
15130
43532408
43493809
43340090
15553
43582802
14663
41767400
41974236
42378159
41989512
41753343
18442
20453
15789
21794
26642
22040
43725016
42629847
42724432
42529093
18340
18175
42976773
15461
43468780
42551203
42257483
42063234
43001850
20238
22399
42736936
42677786
13947
19227
42740757
15752
42261743
27458
42036735
41988600
16990
40434138
12892
40232687
39731390
39129932
12342
39421259
39485261
38967630
38642893
38563509
38152651
18232
38002763
18544
14609
38439712
38512057
24288
14279
37369552
25171
15276
36702743
36744651
12336
36996671
36418859
36407440
36249724
36161123
19316
17390
29550
19305
22422
36868096
37809254
14607
38123971
37434237
28491
15908
37664455
37474411
18226
37362203
17952
37499818
36996368
36903582
36806457
36384115
36420944
22404
35645291
18640
35896490
16559
16439
35787926
13690
23103
35982963
17360
12518
16487
17901
36295246
36083661
18265
30763
14071
21572
429619
123708
37319223
219718
27095
16725
37739253
37985706
14068
16928
26183
25788
38759096
16509
26747
40468360
18176
40269991
39926000
21840
26684
17875
18741
40273821
40431004
40665212
16051
40848662
41014091
17743
19753
21975
18778
41168628
41526127
41700928
19567
41139143
15293
41033687
41148952
12652
14364
41188180
41600777
41466893
20689
19650
22511
40271691
16102
21740
14897
40110123
29664
33695
16277
40342698
40470063
40435161
38947839
19255
18103
17052
15968
25788
18652
40145643
18291
10391
13659
19540
17770
21505
16207
40655494
40641415
21466
18516
41077410
15523
41309746
218915
50515
30865
14966
41772415
18618
40148230
19775
20444
40404492
40581298
20290
40717890
40756129
40716978
40259839
40717291
40551562
40440513
14222
17378
20458
232798
142723
129578
41497216
14286
41991028
18386
22576
17817
39920431
39918102
39764045
39635901
39137760
38590762
38444108
16629
18402
38967838
20853
40346725
39569724
14591
39389867
13656
17540
40268856
40339005
40637057
40816353
41219421
19900
19687
15307
41761074
29860
15606
15004
19728
42365455
42393783
11801
14745
42541996
16743
17246
42961985
15609
43881907
43913490
44006807
213612
12255
20466
44710644
44788438
19625
12046
25108
44592863
16458
23018
14762
24345
45019206
45007483
45138392
45034801
16828
14532
14969
45213886
45272484
18146
16850
45169692
44462137
13761
44776658
22626
45126396
15080
20052
15801
44849686
43857698
17678
43811788
43799169
19262
13393
44082736
18568
17114
44336176
21654
19767
20605
19275
45560330
13700
44761380
14939
45469681
27547
45720497
13860
16180
19996
47170083
47266432
47345269
47463126
14666
16053
23024
47375006
46899050
47653129
47075939
18482
47376836
45943522
45537653
26237
45744408
13118
44990682
44160036
25948
18463
14966
44386312
16112
17963
45151930
44956941
23314
44860119
44581824
21466
16972
44813942
13875
45811088
44627424
44192037
16535
44417483
44563831
16612
44707614
44605979
44407494
43955895
43689219
22440
24881
44035605
43604457
20778
43089500
42967264
20179
43239824
16883
15525
43593756
42235849
41453003
41402592
40701373
18202
15942
18789
40466151
27851
40083342
18990
23125
40377140
39962634
39735654
39710687
39360822
39508750
14743
19424
22592
17041
19142
40240692
28864
40843
39751180
16424
40062527
40331040
49635
39192032
38496088
38255785
38402652
38481672
16831
12979
16064
18555
39932970
40061852
36965
20684
227209
41204177
41183137
21111
40677575
17689
13402
40566295
13344
40488035
40248497
39259757
23417
16668
39453892
39162562
22416
39495432
39068655
15131
24308
39112175
38745826
38847552
38715345
38202818
37255834
37313176
37392200
36224890
36335584
18423
21602
37325374
16471
37277606
37293010
18435
36992885
15103
30163
22574
18637
13270
38777
41914
19922
26474
38527656
38103413
22642
34846
38408841
38275225
38405436
38245758
17907
22945
16438
40007950
18915
39316605
39374201
25575
39260094
17137
39868511
13097
14605
16918
40021015
39666616
38306171
21326
38630818
38136450
38340549
36845933
36637858
29196
36657296
19820
37027819
37143141
21865
14172
37595468
36917608
16958
37193163
36714853
25338
19444
30735
37786250
38107541
38061353
38109285
17436
37302339
36682914
35996304
22997
16319
17748
16365
37435833
15622
18711
25243
21497
27192
38676537
38728775
30243
39049566
17143
38370885
22600
16744
24466
15412
239328
107185
40213766
40441417
18409
40330567
18147
17572
237391
27768
41918033
18545
41858286
42275783
13170
29255
42595099
16528
42948938
19546
42853464
42371660
42454848
42337102
42366418
25910
42125668
16775
13803
16061
16989
42800768
44187894
16037
16048
32063
44799148
32949
45016733
18548
45165445
34520
38745
25235
45363534
45099999
21972
45369778
14943
15810
45429464
11842
45420576
18124
27645
46295267
46427162
46293794
45875142
15364
46156832
15165
15673
46251131
46100700
46077359
16835
19659
32242
46388628
30555
46764702
46814220
46750778
45266003
45043747
44215234
11697
25684
14458
16605
45075870
45240153
15334
11907
26224
44219380
44279664
22271
21451
19011
44278215
12577
44399706
44174550
17336
44593862
44591321
27884
45233454
44664490
44151466
19763
15768
17769
23161
20884
45078577
16278
45631373
16257
45694158
20547
45794907
14752
15788
46592970
16325
13025
46749670
47287657
20441
47150642
46216116
45643534
25711
45956507
26407
46250262
17250
15592
19877
15295
45820640
45846068
45497893
14444
45724067
45694827
45503091
43365789
27703
13638
25161
44435941
44325218
44278114
43661223
42861537
42848084
18046
16874
18260
17101
18548
19151
43220904
42909493
42702692
19466
42489465
19277
42629698
42728502
15552
20206
43125627
21192
20273
14833
43227355
20927
16554
43579428
20433
43805061
43419567
43277044
43251573
42240500
41573531
22810
29570
23907
41521335
41414291
24334
13732
42300588
17454
42257795
20652
30706
27343
42697706
40891442
16627
39825403
39948804
39246332
33784
38943300
16355
16343
37264834
17852
16913
37590663
37329814
16012
16622
15973
32589
49913
36418848
19134
36877574
36526132
226096
217282
36986293
36617493
36637968
36641146
15825
19978
13955
37448506
37822309
15028
37840228
37864651
37089357
35903279
13242
35998499
35945228
35495689
21222
16766
35648532
23870
24746
26154
25443
36532878
13820
36234521
36272600
14517
37136720
36315603
15115
36328293
36296532
14397
19206
16800
30618
14632
17715
12000
15180
37925608
20488
16793
31370
38937015
19255
38888964
222103
38702571
38744971
24816
19257
17283
39429927
25611
28168
26242
38910344
19836
39581094
16743
39847303
40405969
40493450
19287
33133
40951473
40030683
17039
230814
40593624
40604224
13962
40984526
40570278
29956
19572
41781771
41841290
42624931
43445
42281108
41695532
41732698
41890850
226315
21469
13593
41530811
17588
41375003
41344568
16427
41450149
40525112
30263
40423078
27294
39975036
39799833
23332
18273
40094422
39928984
39567124
27275
39707371
30318
18166
39746550
16487
15254
22594
40592668
21103
40516710
40416136
17460
40512746
19758
40519426
28507
14678
41232959
40084330
40156834
40249682
15313
26296
40604865
40847729
15659
42689389
42140780
42177250
19309
40679
42740150
13064
17439
42885325
26233
21855
42902261
16530
42750684
23083
16575
42780691
41956837
41723853
41319627
41931785
18209
42502132
42845
42806034
43185500
235799
225279
130150
43925731
24021
23702
224724
44955765
15582
15528
16561
229701
26360
15713
46439056
28691
14167
19764
14368
15426
20374
14741
46602269
46567244
15654
17481
18514
46468443
17169
47301779
219661
22161
47604039
16939
17332
14165
16987
48471486
31965
15754
48572930
17263
48826291
22340
16322
17099
22110
11462
16174
49786637
49036720
48912542
47993587
43569
37887
17696
20092
48437665
48430673
47592990
47752611
16800
27068
42967
49409603
49070448
19481
20955
48348478
48277558
48218045
20529
48563223
48371576
48918139
48846673
49009241
17080
12731
17787
49556681
49226085
19029
23721
17045
48537771
48456614
48300541
47467740
16264
47584727
17915
47705325
47718480
16284
46338
17622
19440
19127
47507472
46385675
45796670
45786192
19315
45762897
15084
45335532
21257
45320967
45590387
21723
22765
45443536
45055323
21808
15612
45579831
18645
24250
45631549
45531805
44619114
17624
16484
44478726
18146
44523311
16770
18170
44786030
43753241
43752066
22105
43030892
22971
17085
17428
43387484
18155
43665887
43629896
43534347
14183
43118452
24697
42687567
13904
23359
42596793
42446640
42436008
22457
18668
42908705
42968631
42945178
42751115
12685
17908
43386324
23477
43752554
43531465
42327998
16224
41853290
20745
14256
15667
14901
20348
24107
25784
44035469
17477
43843518
43628890
43697353
42876174
43238661
43433521
44113549
18528
24836
20116
41006
44267271
43849749
42008080
16185
42899441
42726485
42189382
42593475
15624
17733
15863
15303
227278
212175
30671
44038502
44451896
43757894
21199
14993
18916
21978
44771512
14787
45340950
44866918
15784
17393
44304215
15178
20660
43829669
435061
18878
44398112
44027327
18114
21072
43461527
42079941
41240898
40206128
19389
221372
107133
41005874
19171
41305815
30759
41079111
40903255
15045
16374
15866
40472792
24133
41280844
19184
40932785
40514076
19975
13846
40585245
18435
16171
22028
17940
17167
21288
14595
15853
41664209
42024713
16556
17653
41963006
22863
42157207
24577
42688392
20004
14446
16216
33015
14922
19252
15567
22205
14212
21080
12031
15889
20110
43774597
15197
21682
42441590
20230
15858
43093361
29110
37339
16602
15196
44097877
13270
24259
44240170
44695069
44565069
44662814
17428
18696
44310998
20237
44327316
44245341
43366449
43223737
43059225
43098581
42916527
14828
43380458
43364282
16136
43420466
43420316
23626
23522
18292
43147149
19388
43637322
25328
18273
15716
44103723
23938
45061336
16591
45189501
14084
44702305
17505
45395343
44493819
44115754
22037
44146160
43536191
43205531
43404815
43444437
12952
18510
19054
44059506
43827109
43527210
44176727
22092
20354
15656
44798252
44333258
23662
44156115
22011
44647749
44661355
44829538
44615577
44520454
1038822
810439
678493
692945
44763162
42150
45224712
39171
45260779
44557212
18356
45133730
45401093
45267382
45252224
45234641
12371
19317
17504
28981
46245644
16166
31295
19083
14655
15153
46926394
46604882
44881204
15800
17827
46146343
46119205
46348134
17624
46841024
46708892
46112783
21431
22134
36691
26088
14931
15394
30170
47580411
19601
47337898
16569
47709946
47987738
22062
16804
47867308
48159420
18743
48476702
47779535
46279436
45994306
222893
182833
199013
107718
46205784
45143777
44416070
44994603
22370
16995
45437916
45157116
44247080
44350596
44163985
43979949
44173440
15041
19552
15900
44567598
43726865
42914592
42502166
21805
19253
21985
42794015
42608249
32066
41830554
21549
41790571
22505
19869
42194117
22385
25304
42540365
26381
42715176
13958
43344695
42370680
42110201
41592690
40243319
39808130
39346165
17518
38693980
17987
38270235
17349
38132700
38647297
18869
19114
20004
15412
39373551
39239863
15204
16838
39380181
39203149
39192638
14033
39659650
18520
12583
21074
39794262
40780
40905237
41080540
40600610
16975
26209
17437
41452218
41080164
15750
42011613
16408
41820421
41030888
15460
41225168
40391982
15848
40432922
20630
40580244
17238
219766
40311556
40815552
23440
16439
15485
42368458
42643049
42650497
17502
18456
27711
16759
43105903
35315
16917
43338821
20216
43708979
16827
30047
50482
42976858
18865
18873
17372
43159333
43385280
42718829
42389619
42405834
15994
14648
21309
42288233
41760581
13397
42118307
41893905
21950
42413565
220864
22409
19333
43034303
42684462
42144395
15373
42381977
14542
43267351
39375
42901883
15218
42924936
43732376
13713
43247742
17254
20505
18585
14196
44832429
18027
18367
26078
44091858
20035
33410
16380
20783
30850
44819070
18670
45348161
44713906
14413
24861
44878415
18653
44464843
44087937
25677
43686713
43722167
43827302
41601899
28459
41779573
14710
41209756
13303
16802
17614
19012
18095
41925337
230985
19388
42286170
446943
19569
16673
17740
18983
42981022
42778150
16341
16339
23872
43389724
19613
21956
24736
43622554
17887
13714
44374758
216945
44333297
44321489
44279336
28127
15477
19236
44362329
23111
17061
45338844
229063
58121
19179
29865
45784081
45732131
45549744
17742
46352205
17073
46387813
20757
12059
46482526
25357
20411
47206276
13967
23119
47894461
48125240
16713
32542
48347280
47513593
27221
48025230
48169266
14224
18823
48279930
47522155
47087474
12327
46442842
26821
47128674
46531425
21916
46748961
46693973
18449
16699
17636
46998713
22049
47078021
47307803
46976652
14958
47238273
19991
47278098
17773
17609
46991064
46107119
14834
45936806
14415
45905865
15450
45977822
15121
46220873
46696119
46494133
45423186
45364757
45832909
44838799
18044
17565
45452542
19286
26243
28990
45330614
20070
20949
45552649
45501918
44918016
13816
45213020
24485
45113411
16275
23111
45278714
44484978
44091316
42855700
12459
43019075
12754
20683
18481
18763
43561867
42991808
19192
17610
43476623
16307
14578
43449294
43923865
43758487
43923240
22075
43809500
43634830
43637984
24376
30101
43664110
14684
43648373
43301970
18576
43637064
12699
15832
29354
43381857
43623144
43749612
43526936
18119
19422
43939861
18565
43221659
43071793
14704
19772
24285
43435566
42556935
42833652
41051590
20639
40796319
25294
39981013
25439
14939
16306
39954678
39975987
39705332
11764
39555022
17144
39689742
39615996
39722810
39639260
14564
39715670
13871
39815474
12363
39817018
223594
39566200
18447
16975
12747
39664103
14029
17508
18070
14091
39882010
16756
23603
40248146
14830
39711582
24322
34146
39709121
38781584
38956556
16671
15963
39142128
39236950
17740
17689
18115
39629812
13712
19284
25151
39010660
38887788
18876
39798908
30910
40045591
39198165
39130883
27569
38438179
13086
37776488
37003409
20275
15153
18049
37170390
24893
37085117
12747
17973
37730717
37227390
15775
16941
21245
37889804
37663794
15366
19905
15967
39131895
24794
39137127
38885720
38171554
13816
15620
34043
39147764
16859
21098
38867086
21304
38901664
17781
30305
38860543
39186497
39295684
228319
16680
39996772
39500440
39531461
23046
39358727
39341272
39373030
39046485
39231617
15075
39296784
38395999
22327
23594
38530588
38718948
22733
18649
19852
15683
39625020
18544
23316
14646
39875888
26211
13011
40841120
40388741
39609658
25755
39455541
39091829
39572766
39281726
20989
39279464
38779508
38823192
18422
38923021
36462
39218956
26301
27612
39160258
16965
38962675
38902627
38008271
15909
37966037
37439945
37456912
22584
37383122
37222792
15780
14915
15438
22748
12301
19255
19414
17354
21791
26052
38825833
15743
16598
20300
17027
39534106
39113597
24475
39082338
39149740
39194833
233547
38927485
18975
19154
38615688
21675
24455
39156648
39252217
24438
17779
39378597
39188552
15681
15125
16472
39318171
38961194
39192767
38685427
16681
18876
14367
39061436
14359
39070602
38612249
14295
38502484
38640857
18751
18785
16585
39576734
17144
25318
40230253
40046660
17258
21632
40751719
40529827
40609887
40543671
17035
12271
18097
41491875
18150
13254
15790
23850
16652
43012975
42449434
16571
41673332
40519163
40103044
18860
40266735
40173662
16673
30206
40769935
40953619
17934
41082016
24619
19172
41267492
17428
40752764
20714
15264
40814404
14318
41643897
40748961
40860065
41005329
40808597
30461
41297010
17927
14917
42190061
17456
18945
42396531
41751785
14314
41656792
41112906
18214
41090325
40514985
15565
41088299
21981
40455735
21159
40370451
14359
37745
17001
25041
33193
42407993
42333789
20519
41270356
41254944
12157
16745
20584
41492224
41146455
41341664
41186862
40250209
20367
14143
17992
21012
41007420
16182
40902389
40586096
13918
41019187
41006227
40912205
22644
14478
18443
41023060
17015
17815
41217641
41185490
41656181
41313365
1030445
613773
548709
281042
40842369
40288629
17773
39820524
39680991
224071
244511
255949
39737106
16745
16613
31531
40322179
40357873
39932830
229371
166729
40090454
39578657
39769464
16147
40141730
40634074
40091757
39705425
16927
40233845
40446173
40426286
40287165
40296814
20678
23689
40220096
40090008
18063
40602260
38927926
38304722
24338
223701
38630927
38355790
38358294
16166
38355841
216828
38539767
38153052
37668893
14256
15773
38167972
37534788
38120742
25473
19127
38033626
37942206
28764
37913513
38484182
52072
20071
19700
38770350
21282
38784500
18574
38966068
38454264
21288
38938820
38594360
21302
12034
17597
37830817
37978360
37425872
37557986
37425241
15712
37869704
36752389
35204175
16683
36653490
36235910
22137
36269494
36115453
14097
24311
13679
36535354
36683651
14000
19020
17069
20521
15570
38449
16169
21871
14088
18047
14616
15802
17259
19249
39662272
18873
39403475
39385800
18721
39654798
39147925
14756
39133659
38841297
38045016
37791263
22119
21496
37872483
13334
20191
21067
15882
23763
15046
38690392
14578
38293844
37265909
22208
14639
38402940
38420392
17371
16884
39185520
39096741
38646316
38452645
37643309
12350
14372
14359
15084
42907
19166
37803553
16622
37801422
21658
35902210
20661
28643
36371067
20816
36555458
36454843
18028
22020
26342
36877020
37287685
18985
21436
37185392
36971168
36938187
18814
36271553
36279923
23147
24089
36811978
17397
29493
36620785
36583268
37216571
16480
19175
37305480
37295096
17911
19210
38613153
16176
38444750
38488384
37998463
20842
17035
17473
16736
38315634
38158712
16333
38354413
38302327
16581
20505
24204
38183588
21175
38538393
38518274
38548792
38721535
22094
20744
39166978
16352
37045
25750
39691423
30353
39474293
39423799
39489711
39032858
20014
225010
40216355
40181430
40451042
40202411
21694
18894
17908
20926
36620
40145363
23456
40960496
21688
33358
17769
13863
41577781
42375073
13731
19586
32672
42773410
42621638
42654605
15723
42663449
42940167
42603314
28914
45887
43347039
18154
43291433
42811102
15213
42923799
42374873
42131936
17702
20140
34255
42393669
42274264
16747
41823513
40956107
41191548
16876
41362041
41425361
40823023
14619
40283512
40266208
43822
40344685
40258476
18042
16581
25140
46081
40708162
16004
41152729
15251
13446
23219
41159504
16507
20044
41231950
41238399
39643802
39756750
30820
39851033
40498328
23833
39958911
19136
40085253
36472224
36451301
36154337
35621043
35684431
35025208
35123887
18004
15701
36163950
18143
36959766
36765992
17160
19926
36103306
40801
16804
36187021
36019379
17227
35805841
36043443
35651369
26805
36072171
35877092
35606909
35551405
14031
22732
34386454
23232
34745328
34493420
34031437
33802930
26395
58647
34114561
33381453
22278
19344
33110373
21614
76339
33254248
14893
33654296
34228082
34350113
34081894
19112
33878146
33678114
16521
33833610
33926943
33793303
18134
21401
34594564
33263500
32878068
32949327
33099453
21143
14412
33045966
32921442
20412
33050454
23596
33091907
18912
27846
33077982
32742439
20468
35322
32849353
14810
18080
33726716
33577813
33766233
21584
28764
34750895
16713
20905
16665
26446
35552905
21238
19587
36156440
36064453
35533615
34161731
19783
20258
34382783
19616
16332
30907
35388200
13065
35778155
18506
223066
221611
34420
36424424
35602245
35090694
34398658
20863
30939
20284
18886
26536
24689
24809
35571621
16307
21284
30896
35834519
21164
18327
36187459
18344
36412061
20703
36023904
36541240
35837906
20072
35827198
36462394
21463
16215
20517
36797747
37001170
37011768
20391
36880120
25671
37043608
13619
37038438
37205662
23819
18581
16543
37616297
11311
37535342
37912676
37857993
214306
117312
17074
38307812
38323956
38141625
38194075
37797396
23314
37625288
37218720
37252984
16945
37148047
37188959
26927
15013
37965098
17778
38048779
18579
37490645
17688
20779
24255
37694465
26326
14751
38085702
38272606
38409452
38362368
38501846
38507665
12603
38507653
38540879
37722506
36790427
17742
37716421
37592065
42307
37554689
21312
29798
14568
37996333
38003384
16134
20121
38759979
18060
39293802
17242
27575
39632830
39585319
39820748
39601004
39347308
39062365
23824
16115
15786
39926068
40042488
40276274
39990716
40054257
15757
40022990
23997
20738
39925901
39595893
29959
39398212
15974
29581
39288442
39379530
19932
39064673
15047
39536056
39378288
39056631
38681007
14660
37721198
12794
18465
38040352
228638
21705
25853
38618503
26643
38703309
13460
15257
39032704
16971
18536
15876
18709
14624
39397777
39220541
39114253
39031379
38605191
38952983
38831730
20628
14339
38102701
38039461
37377904
35668386
18099
34798087
34759233
35336812
18704
35730999
35991891
35757777
15547
26577
22890
36080824
35712168
21764
35181994
35243635
13130
34870267
34565711
32888708
17024
15873
32979789
32791262
32559835
18836
16167
29614
15875
33502023
32947436
33276632
18357
16390
34053216
19774
33429231
32819658
15530
32742982
32815576
32525466
30245
21228
28457
33050136
23449
32993989
17018
32948562
32120321
17106
21814
22129
15916
32438424
31999675
12604
16781
17379
32391244
31734397
16391
31873772
28447
32206564
32802860
32767761
18494
33650519
16315
34125834
14357
17060
17988
18498
35401923
21132
35457450
20655
35570601
26797
19809
17816
25217
35550082
35982633
35870072
17029
27626
37616372
19623
37046904
26763
36854867
36834422
220796
37618581
21860
37883119
37824987
37745513
37589972
24051
18112
16714
38095264
31237
38504270
22140
19493
38468322
38213489
222716
38219349
37859301
14071
15828
37982958
37128879
36494427
36159778
36162141
455794
23026
17361
36927926
14058
36969332
33037
14800
37468998
17730
37892839
37266112
19510
37746744
14831
14532
38101260
38126199
38073521
38048062
38562033
1044433
179221
38896205
21587
18783
24275
39374057
39361262
16576
17121
40135120
12761
32305
40659082
40125685
13950
20693
40968899
40797709
40912593
14644
25916
41329872
17115
23347
41585660
40816145
14385
40707032
18433
40677844
17478
40078111
40356178
40122687
17047
17677
40988267
12426
19708
40946962
40608865
40839934
40435110
40675491
23536
40851719
40756909
40347599
31216
40274967
39748547
39560045
39395837
39970918
38331521
38239836
38195074
38398926
18296
38833618
40014074
40019910
17217
40013920
39680524
39481025
22610
15371
39369606
40092181
40108033
29482
19301
40043996
39999254
40354665
18138
40468858
40823533
14329
41170570
40562643
16801
11973
40738525
41297636
41225252
15049
40627001
15216
24029
17109
41881037
41507965
252512
42539366
229431
20157
42722285
20684
30107
42781138
42111730
15744
42933511
19287
41979771
41650024
40301170
16652
40493811
21576
40579636
20336
39899903
12468
39398597
16431
17280
40089569
38156673
37998069
