266963
130958
144720
226121
391149
457323
1495365
376622
234494
334201
24662
3159992
543194
385903
169912
3662777
3681704
2434918
288224
2470007
2785091
95577
196010
2976842
105861
377898
449062
517387
3730258
496909
518352
589032
440485
68867
122276
301578
367498
103044
15088
6024339
217475
6166557
15029
5267892
99672
5139379
37836
18923
5286077
4983013
4765595
200371
289019
180493
252096
173432
5914650
6048239
71251
78519
52140
66823
16435
116092
7779610
348570
273707
135804
13997
8928624
9350019
96323
154576
9759499
275100
303602
144633
10563254
185944
10940829
57235
10871326
221459
302216
11141831
10752560
11428777
11936233
11311989
11652055
11280975
11334221
11924964
12314510
11729298
12198093
4764747
12388275
11904344
12067863
12188342
11878541
12242320
11998546
11702290
13327349
13772637
15165513
9865090
15344792
14923146
14936594
16447323
17064907
16993008
18485759
19272566
19162547
19326896
20500543
20509411
19721651
22273239
24384609
24504238
25884928
26534297
25846112
26890693
27641672
27944505
28929519
28007385
28587167
29552833
29544647
29101481
29461726
31465510
29442052
29569568
29391048
28865464
29713864
29024998
29433104
29552535
34565350
33999330
29779509
29038904
28925982
34868720
35023811
34741395
35564101
31000290
35710988
35622990
35804652
35811607
36528109
34284251
34775492
34137035
38148882
34963047
38306378
38125321
38926665
36860255
39335118
37524456
40094234
38226003
38323254
40163930
37957074
38751914
41376156
39128551
38605762
38309971
42141527
38395291
38648003
38821156
43168030
38910606
42803237
39017809
39025897
43247800
39536630
43656964
43453152
43168191
40962738
40596430
44400619
44291022
41845667
43419605
43527326
46140705
45928656
73283640
73140209
73500142
73771463
74227323
75860578
76099507
76237797
76263816
76273666
76186666
76135620
75947017
75731287
75912666
75512630
75572021
75464314
75400390
75794471
75497748
75421152
74802588
74787374
74837639
75167282
75570824
75718616
75775960
75875760
76002692
76128253
76176454
76241912
76000569
76394402
76695172
77049441
77555674
77586092
77339179
76634322
76586741
76735171
76761787
76057902
75488008
75414207
75817632
76475784
76470060
75941117
75895863
75864344
75950690
75445564
75391051
76566073
77492877
77313683
77282609
76858432
76537319
76794158
76751794
75796630
75499425
75567937
75521477
75905023
75473157
75615151
75757329
76756581
76518106
75792347
76085917
76290754
75158495
75181055
75511891
75474050
73864991
74092955
72723445
72829353
70841104
70574249
70818862
71008110
70728501
70851950
70918709
70067106
69323358
69340748
69138406
68672749
68968326
68519934
68408792
68237558
68007801
66806850
68041902
67695753
67474831
68005138
69202895
69149170
69109144
70022124
70721597
70041456
70601163
70135385
69639949
69763751
69505393
69507519
69444924
69435517
69570842
69565191
68321141
68326779
67552836
66746159
66826006
66046591
65983134
65889214
66279878
66943427
66908963
66235298
66625699
66420587
66781715
67297496
67079681
66836647
65376244
65050237
65861252
65580083
65695389
65083563
66461328
66542012
67917600
66879147
66790707
65963997
65969243
66313921
67016203
67320065
65942780
66082904
65325935
65283084
65293382
63546497
63324267
63287515
63472911
64577005
63910874
64018570
63649422
63658198
63172679
62795420
62173220
61858527
60632049
60671930
60909119
61428671
61706892
61747920
61666904
62233764
63824111
63484801
63679734
63511618
61827254
62126984
61819244
61977858
62081454
62502222
62359883
62387863
62090087
62107661
62895896
63217611
63231533
63155936
63062704
62974797
62843115
63229176
62831545
62293838
61289389
60710033
60731606
60694393
60679822
60821294
60531385
62867413
63146690
63293478
63350280
62455227
61870618
62378430
62514677
63290693
63429840
63303736
62404786
62514974
61431425
60659033
60772645
61116422
60893615
60616763
60580619
60723670
60743155
61996913
61808268
62071108
62113321
63700084
63555476
63363762
63325977
63800583
63610880
63589638
63374340
63608861
63677309
63219072
63243873
63596233
63703436
63444838
63462376
63771101
63614901
63585216
64935335
65228831
65218715
65136030
65396945
65567564
67107216
67024905
66889019
66528039
66782963
67167598
67813763
67835466
67158281
66247244
66072310
66682302
66807689
65656882
65773228
66266667
65099892
64753181
64840685
64235967
64718665
65250797
65435490
65971493
66352074
67218397
67534959
67563616
67536812
67512482
67962952
69053740
68787541
68447099
69225466
69335546
69337049
69061255
68605393
69564462
69404560
69055749
69190827
69606239
68927844
68727977
69315818
70751146
70596521
69405891
69616668
69736905
69489833
68131642
68174923
66861900
66737588
67229117
67510568
67214175
66866660
66863363
66134793
65454136
66104183
66141356
66126649
67492436
67549632
67524765
68285661
67865660
68113485
68208273
68050038
68106302
68761183
68965612
69382337
69856744
70342824
70568723
70582898
69983718
69351494
69053045
69940185
70154885
69421462
68191658
67627255
67300168
67558180
68071496
67905230
67785808
67612401
67992619
67952301
67695556
67026110
66910401
67731753
67107530
67120256
67667395
68443226
68808671
68705903
68877788
68660832
68835450
68807581
69103519
68924963
69215421
69187861
69657851
69663409
70402883
68659103
68283925
68614625
68402716
68445346
68239407
68233457
68244898
67431216
68309737
68510072
69807803
69936002
70131513
70166117
70704406
70580859
70906848
70913933
70326589
70375463
70264144
69057888
69240895
70014667
69682478
68839980
68750907
68835790
68466443
68054859
68372137
68444508
69082292
68976387
68913439
69124459
69543183
69895475
70080312
70100021
69541792
70797360
70471264
70520100
68980817
68741254
68687654
68701991
68508958
68328217
67056104
67237642
67057439
67251268
67293757
66678705
66178972
66195580
66208587
66091632
66125788
65241160
64545022
64597436
65567589
66116133
66376766
66711444
66656248
66802093
66434493
66114014
66432062
65768149
66145164
64977150
64516689
65310191
65598328
65530435
65107485
64047910
64426773
64291251
63879443
63812482
64263314
65232344
65817491
65944507
65943150
65917414
66140352
65857527
66420491
66932000
67262878
65904471
66595490
66760498
66788686
66585334
66832960
66710756
66826384
67091705
67260844
66846804
66510194
67352782
67469849
66762298
66900729
68252997
67564557
68369363
68254169
66875475
67344775
67442359
66737613
66739753
65951247
66186960
66176096
66308984
66240559
66019754
65793539
65983124
65236629
65912380
65566752
65316913
65626622
65864970
65031472
65660681
65671213
65579683
66744808
67165525
67119989
66572346
67616174
67980421
68574597
68260461
67924749
67924529
68947854
68973372
68195519
68256888
67955918
67620389
66732877
66146042
66365078
67232872
67115452
67740843
67691562
67422019
67615490
67419199
67852816
68046959
68340066
67550799
66928799
67188927
67376388
68031256
68409606
69372328
68769566
70395499
70854415
69968148
69648141
70295351
70887314
70716582
70329786
70169352
70423496
70309421
70538579
70282135
70237739
70252617
70420579
70495411
70027629
70111477
70001931
69968537
70618475
70872486
70568061
70116922
70424038
69942400
69800366
69749913
69504688
69384694
68684883
68829974
68809116
68913900
67818133
68336214
68316938
68689547
68384930
68480747
68576910
68545837
69351839
69067123
68752270
68934113
71508519
71291015
71358393
71999239
71516879
71537266
71546027
71512639
71577757
71995387
71920954
70954963
70036453
69990227
70213204
70697351
70593711
70633371
71587675
71439584
71741536
71170033
71508437
71731797
71250753
71274739
71343280
71187700
71599034
71231818
71382779
71035537
71483179
71971865
70748604
70044197
69341596
69245250
69895827
69781509
69713678
69064069
68656019
67897856
67395171
66735585
67009955
66774578
68522951
68456441
68388124
68542237
68751744
69226372
69304406
69311668
68895278
68945522
68991381
68835771
67591640
67643958
67250189
67118017
67122869
66628297
66494118
66991548
67053287
66477845
66151625
66762605
66613483
66862110
67300944
67306766
66804961
66875606
65943213
66076320
66083628
65685529
65322400
65253309
64640598
64837216
64784157
63874614
64639738
64518352
64423517
63983192
63366396
62643767
63077090
63249572
63494252
62602266
62585354
62214504
62604936
62348645
62093383
62186436
62450730
62790681
61989454
61913714
61189364
61331637
61401502
62644192
62834820
62221858
62179581
62113700
62200696
63013497
62677790
62911048
63121481
62536724
61480431
61357248
59727065
59390061
59737531
59982817
58055980
57412641
57338091
57432040
56894760
56645077
57695560
58284079
58990631
59057718
59186175
59118497
59584178
58899200
59012077
58462531
59291949
59800967
59591965
59848935
60772420
60098669
60251190
60490034
61558095
62735041
63073610
63182216
62935192
62863701
62978520
63545279
63633241
63343119
63442036
63450827
63822766
63910535
63831451
63299875
63287860
63422844
63647626
61226672
61922638
61926064
61309061
61570951
61606669
61524315
61553064
61500867
61070150
61079636
60965199
61078058
61179708
60101444
59517912
60485591
60470003
59512625
59783525
59839431
59901231
59597876
59831748
59365946
59044088
59323365
59146120
58894866
58908485
58688842
59162869
59461134
58749906
58831434
58822261
58727898
58740063
57966206
57829633
57307349
57308810
57906230
58237456
58278726
58580690
58751944
58758792
57057288
56889301
56867380
56439879
55903258
55170259
55297106
55174659
55985187
56283453
56825534
57344532
57330861
58150171
58619490
58751619
58808936
59369713
59426501
58981433
59155468
59167699
59152969
58556853
59366224
58489613
58182888
58650660
58949437
59678043
60166220
60175861
60623020
61789672
62238062
62734370
62895953
62940247
62630553
62692400
61727907
61643015
61960363
61343034
61313853
61652566
61104388
61078569
60874442
60679659
60967407
61294871
60675586
60728329
61468140
61392752
61173519
60756423
60665096
60785229
61834787
62158398
62321464
60889123
60792573
60741793
60335014
60271622
60262606
60859074
60718721
60162626
59775404
60132285
60287755
60285104
60143890
61461992
61365590
61371186
61477299
61478452
61957697
61749706
61699864
62437957
61461491
60563505
60298180
60439295
60306112
60199469
59377634
59913950
60408669
60342202
61096016
59920533
60007403
60073367
59477555
60050913
60085432
60139536
60682680
59500817
58735675
59087809
59383774
59527756
59780161
60130547
59652809
59881109
59399080
59839565
59271586
59085652
59325686
58894192
58662414
58563844
58243682
57826390
57459814
57870735
57850094
58285833
58057502
58713691
58955344
59346244
59706560
59689376
59696221
59923365
59819414
60169182
62434506
61633604
61374835
62060706
61552762
61477702
61341890
61507978
61649000
61893781
62177097
62024243
62122599
61948954
62532459
62544796
62370682
61631907
61905963
62060236
62452186
62583372
62721995
63177567
63180732
63361022
63355528
62971661
62703581
62501044
62303677
61820063
62091575
62036845
62070073
61979562
62517707
62969507
63532716
63814117
63799652
62640514
62236128
62038985
61316226
62776519
61843643
61149136
61358715
61487876
60903777
62043373
61938873
63369621
63898663
63941830
64350641
63628665
63706928
63725948
63490560
63023342
62964820
62767831
63029650
62731103
61714759
61630346
61551191
62803768
63222967
64477031
64171220
64364379
64354531
64228370
64258287
64650574
65508077
66092434
65874003
66552898
67226287
67063578
66907706
66956427
66898378
66487043
66595731
66727050
66797611
66695829
66538589
65673890
65426747
65262457
65590153
65757852
65758525
65718609
65511709
65820988
64819561
64798887
65242400
65482002
66515261
66600512
67046642
67040101
65969717
65504642
65302373
65376537
65280531
65166705
65702951
66464843
65476654
65356242
66703885
66601640
67877728
68015641
67771682
68154391
67817174
67495635
68335127
66833597
67501524
67085494
67385003
67019612
66445653
66229727
66347476
65211992
65545655
65851185
65402912
64771855
65014375
64937177
64116084
64151043
64140952
65014936
64695182
64929409
65370363
65296740
65498410
66448715
67331131
67678789
67711551
67317838
66882798
67946002
68034782
68195325
67624201
67735186
67271323
67282799
67359548
67876066
68018148
67810297
67909744
66615638
66970883
66944042
66032771
65965734
66417891
66721022
66705392
66314418
66443698
67080487
67226452
67425062
67820750
67704855
68043386
69233547
69567155
69029965
69326718
69567516
70248933
71100682
71187808
71186802
71268747
71214334
71464283
72081034
72367881
73030777
73175440
72866905
72866465
72796041
72853144
72706588
73121808
72767800
72668904
73488481
74022321
74027137
73633139
74418891
72784358
72864242
73341446
73211898
73278877
73379872
72444622
72291359
71272282
70836812
71151929
71044278
71376627
71380297
71553485
71388970
72717530
72088224
71494373
71886705
71809506
72106457
72557868
72221690
70919367
70272833
69021635
69142009
69131888
69095656
69187557
69129142
68809303
67741906
67123236
67142869
66631972
66327419
66729077
66355238
66252437
66400141
67312557
67654906
67540681
68252246
68340102
69005341
69072440
70266709
70071428
69720647
71369290
71539153
71318976
71221257
70821969
70984113
72010180
71800694
71029463
70003473
69781155
69318359
70270959
71549297
72497898
73267894
73158535
73713339
74207804
74131315
73956071
74140081
74877245
73789568
73675154
71952193
72102475
72125951
72918977
73231920
73577200
72683618
72856681
72463708
72596992
72437027
72483767
72946900
72789395
72651584
72628641
72485175
72399026
72471831
72536491
72535052
72251588
72777808
73001656
73031408
73045678
72755115
72619326
72417601
72475590
73491609
73524204
72845942
75270414
75424577
75426735
75547655
74766298
74201918
74045013
73937393
74703360
74811700
74473074
74435025
74047754
73376170
73613438
73687600
75042762
75225740
75547384
75674545
75979767
75969518
75781677
75686612
75836880
75946498
75385178
74965548
74894604
75096341
75181759
76639805
75704588
75311364
75545347
75155289
74929285
74247515
73350318
72865268
73112850
73084087
74535817
73984609
74185408
74268403
73513524
73666633
73996431
74755532
75345091
76334097
76082269
75419135
75186279
74755214
74382993
73675922
75369873
75579157
74803720
75116249
75009059
74434782
74831214
74676429
74593854
74548787
74671559
74296375
74430472
75418445
75184214
75489247
76226427
75894276
76012801
74817648
74974629
75160106
74506841
76163916
76076646
75926163
76217163
76382816
76335110
76523141
77531167
77238863
77351876
77167835
77241372
77068960
78192905
78083997
78115306
77984431
77562356
77591758
77737302
78108959
78230573
76967729
77323935
77444412
76979967
77169493
76532053
76754968
75622604
75649242
75684188
74109260
74189622
74259192
74543927
74547242
74743585
74120044
73730694
73723034
74599849
75090407
75109906
74511546
73181852
72114996
71230676
72017863
71778406
70873335
70482227
69935995
69756366
68887724
68812602
68712883
68747008
68573474
68618162
67567577
67608756
66971908
66977463
66613302
66360231
65808605
65747506
66640086
66287216
66288148
66566072
66185953
66378116
66549501
69102578
69146251
69756296
69739406
69088230
68593204
68472213
67680540
67955335
68442538
68585396
69036159
68598661
68223426
67989554
65877948
66359859
66979079
67997449
67659197
68623517
69553185
70100374
69059517
69235501
69756756
70320316
70674737
71547764
71467805
71095194
69175495
68548105
68465917
68223722
67931181
68289141
68003084
67939480
67620903
68371777
68729730
68662877
68769430
68325418
68566647
67935321
67392995
67402140
67312451
67647890
67319431
67740246
67887678
68187336
68323091
68228953
67293300
67804635
67072223
67135300
67092438
66723667
66633843
66050348
65850874
64975932
65160872
65940319
65931858
66479542
66909598
66810752
65188472
65239066
65457743
66120910
66551156
66570717
66012300
66766047
67686696
68602415
68444433
68292038
68308109
67095972
67208450
66498128
65611680
65806437
65564381
65388499
65128494
65109578
65126343
63398578
63227736
62594358
62339652
62568844
63055087
63060498
61943670
62194680
62948349
63572646
63527994
64186027
63448048
63600119
63927394
63842362
63856627
64534426
64380698
64102016
63956696
64560379
66156123
66379399
67140980
67200769
67886190
67359421
67123126
68421362
68686290
69569038
69359287
69674116
69851990
69947118
70011016
69505167
69409465
69680740
68881600
68612033
69448801
69308706
69196327
69821151
70755322
69792479
69717386
70998670
71266899
71924202
71864381
71863195
71679786
71683072
71475590
71616234
71491231
71568932
71626242
71580739
72824748
73118443
73057653
73503445
73249807
73351905
73260457
73287683
73242337
73232480
73110413
72661542
70456081
70497946
69627779
70269084
70175735
70347435
70779550
70751621
71200872
72113861
71889880
71397559
71517891
70827168
71422732
71163798
71032328
71164604
71447859
71499517
70450651
69639565
70030015
69926225
69816457
69478742
68850000
68418451
68128501
68545263
69072173
68703894
69157473
69214128
69124799
69054190
68268401
68328134
68459440
69252985
68169686
69010715
70313901
71357746
72491790
72283438
70970719
71113160
71336431
71639880
71597698
71527505
71470068
71274664
70981594
70901661
70857911
70686647
70572748
70279613
70138126
70637234
70590371
70512511
70583260
70624303
70751276
70419825
69824773
69943495
69443115
69271724
69609243
69847598
69565493
69796145
69105048
69767830
70420229
70971104
70401946
69792622
69507751
69919343
70021835
70113268
70209366
70370656
70546218
70958189
71744800
72053068
73499988
73897782
73652111
73949277
74238082
74244983
74216954
74565566
74210885
73718839
74090430
74193646
74708015
73616092
72982125
74080621
73624850
73480179
74349230
74142462
74600685
75242904
74586704
74707229
74795057
74696263
74245864
73926301
73518576
72341422
71955317
72052382
72797288
72948613
71682513
72407836
71355308
72505495
72565053
73016857
73171780
72425433
73629175
73517813
73334089
73429424
73659547
73180856
73294806
73338952
73583619
73330227
74059073
73654000
72929008
73124077
72667942
72875200
73299961
73367626
73902751
73850684
73855539
74192975
74457188
74384896
74932734
73798363
73996319
74146866
73710438
73627964
72866421
73287037
73354363
73278141
74167895
74299016
74323065
73891660
73915346
73795498
73350414
73798555
73912274
73855566
73874844
73301664
71709959
71838367
72654357
71855619
72368856
72073092
71953331
71849296
71715482
70156238
70223489
71807988
71930755
71009646
72041148
72310322
72572930
73341348
73661947
73171050
73008003
72800344
72862861
72767129
73009870
73137594
73356807
73405929
73519970
73738437
73615828
73544926
72536670
71349340
70130381
68879403
69206648
69818066
70656352
70641161
70327436
70175947
70735085
70724341
72084934
72011573
71833745
72196157
72644025
73088538
73454442
73574075
73062178
73047535
73608892
73442688
73285024
73457822
74517824
74703703
74778647
74750925
74348712
74139015
73776499
73993949
73777522
73528994
72823878
73125729
72920480
73224637
73237909
73120422
73189434
73490503
73169280
72932138
73135404
73193649
72864039
72096593
71689920
70275239
70012735
70878303
71081924
70878348
70713151
71476224
71138461
71171543
71444313
70776150
71187477
72089682
72493529
72440994
71411943
71226798
71852904
70945311
70972979
71567265
71349322
70979313
71179588
71210165
71845826
72532720
70776333
71159766
71217288
71227490
70450498
69734797
69837593
69902948
69221454
69039529
68421544
68172695
67448358
67834387
68111964
67694798
67695561
68032438
67856799
67502146
67691439
67470908
67585186
67671452
66987458
67234454
67028811
66545995
66273192
66402199
66647734
67213709
67148078
66737006
67049997
67052562
66776015
66311696
65800473
65793761
65808224
65299293
66810042
67304908
67274137
67711923
67358131
67610373
67471055
66696410
68037259
68413296
69691378
69516279
69698431
69422893
69007282
69533402
69580137
69673998
69690726
70245515
70481248
69799120
69880963
70513778
70388554
71202348
71031937
70285863
71017783
71590703
70074086
70008738
69961916
69347329
69489354
69178840
68634868
68479657
