54292
20513
19432
91219
19059
14346
14500
11862
16471
19062
14743
16273
31208
16787
15826
13750
14939
14649
15772
18640
14914
17675
17797
14463
18325
21884
29273
12197
15997
15796
12534
13863
16017
16874
14615
16979
18645
14513
17417
69729
13126
12871
12291
13749
14363
12323
14176
14647
18221
13807
17658
16168
22656
13969
14407
400474
243717
26033
579308
131792
33861
1064242
104516
14735
147140
35560
18499
193162
17307
1037179
96683
240671
24684
35012
11973
648640
30036
24522
1182019
428580
254954
229461
16072
10482
15542
941879
57958
340327
259618
15431
577336
14414
485604
19217
13083
23766
1057804
36322
335063
16732
17845
15182
16703
19196
13099
2331212
214298
21672
14993
13152
460426
14452
11109
985341
17257
237632
14327
181308
122744
16822
32963
685523
344189
157077
404666
105343
258019
503605
15099
533999
24998
507529
17057
297615
293877
11699
13218
11534
14861
854758
13988
26678
316437
212926
14895
19585
906663
16398
457907
553314
14219
203805
249410
94786
34256
13097
15959
13150
585140
370074
18087
20189
517444
13158
23696
33676
20352
1219198
403389
183484
18331
12615
18213
16057
830966
25825
15368
17973
869634
13144
11879
17541
723729
48210
731131
97627
28836
22725
437406
183560
14568
113862
84857
14764
488971
14785
216394
222517
156126
146747
388539
17172
348681
15967
14533
761730
26494
13730
14275
550104
15181
160142
12591
23637
18838
32430
15458
2059454
212627
235355
17300
489524
16970
184651
37301
14000
21178
18200
698579
12960
18696
485524
13905
21346
18110
754143
150081
136924
13441
13240
15743
607055
15984
16830
272871
17324
15004
15159
19467
558200
14379
211091
15406
189289
32143
11716
25277
14592
11405
1389806
333682
16647
581989
97948
340270
1058003
16929
17214
200063
77350
33998
34827
68016
123289
15539
268357
63735
350229
12331
117764
55464
11944
14850
16481
561733
12101
13482
12253
679562
17070
9675
661527
18135
14883
12076
13849
53611
1167176
64355
90994
115773
480729
359035
20642
117141
18926
12248
14159
12166
760677
39116
77371
212464
44052
25107
536370
12204
660029
35470
15415
13664
13459
1733692
24682
347199
49799
14970
242643
349316
26235
23933
14542
1350918
29507
162378
15868
18126
12735
481796
231120
17701
941226
18671
226845
47266
318244
565317
18179
229742
111183
18136
14611
272669
261391
44845
16646
439424
13922
385675
171689
15554
341050
584539
177494
79228
1103703
572816
286039
285161
1521238
1265683
92819
2554267
325788
305499
47802
2528308
1178109
349258
1282262
315486
238475
1161431
132911
997486
143489
634062
954016
101145
129343
1116102
527093
1287554
862674
494762
553111
949429
404458
179631
1234635
1274542
291588
142736
882177
963161
1331356
187178
1589163
323862
113484
112005
167625
53501
1735754
1261545
1124186
44321
963604
885173
438860
294204
903119
648255
1008379
580124
361341
1163703
377051
870767
788684
1423218
62799
602347
770495
928370
33801
956978
761329
614385
67057
894634
1005999
598555
327347
515052
1143001
700243
186666
1367177
396978
266333
303199
462952
215565
383744
532384
626353
261424
534568
390982
327495
841979
727047
618303
312250
1061240
677754
53470
1518915
517321
838928
179830
133157
989373
900478
1260347
269154
173287
64564
341816
157786
452261
673732
827862
270622
780524
146531
552325
599417
279842
439620
100480
64443
35947
2384451
286973
2576115
687616
927003
765538
371298
796402
104685
911008
483786
134632
1226199
373523
101131
1358782
1571601
1401258
202026
325244
222228
245529
1158663
1441298
439382
107772
1072752
95411
34428
727764
286237
513851
550935
65253
517768
31976
203732
2818089
2184144
350054
544573
968959
684425
1332792
448314
157377
64730
705852
41899
171609
66448
528201
88557
1842686
2110503
389049
614154
315790
273371
330149
572783
728982
50586
900912
417410
593110
549318
734058
1023673
1619129
1136476
808412
114713
1316843
832618
577360
2366678
591610
42951
2055189
195561
527607
938089
346372
874157
271166
166663
176164
42952
101309
195197
548204
133156
605453
449078
334013
380543
375032
934709
157362
219036
903146
898671
934621
1952756
1493994
149061
863818
363778
192758
133530
246446
636856
271662
191759
110415
76571
890327
474885
818654
132980
101319
53861
255652
286372
795743
484944
923898
540124
189104
317465
147120
228346
2221266
347677
1824377
238542
178194
75200
458718
1488261
675040
1943150
1043031
145351
1136439
561009
648540
304687
264396
791830
526753
130406
139715
95985
96476
900902
585429
384199
42829
551624
445019
46276
244251
453150
1703254
892604
304550
102325
2204676
146229
1031795
336308
526477
154289
1266981
727709
2425930
2439827
521604
975604
644434
941991
1009373
1196553
837277
268667
382853
399962
232505
133744
504540
549660
335698
99684
242319
1589078
1174277
458533
367444
146560
2741662
381992
1514600
151410
282518
530768
304817
39708
689501
836435
777086
995493
446535
981801
803291
167874
400408
630303
583672
589567
362399
293836
408486
397884
1421461
1157685
1201949
1245348
685310
247011
579109
217739
627969
310778
524739
216860
570279
754021
1193987
31464
107991
757211
477424
603969
850552
1206285
145845
131447
320754
1171827
640333
1458043
40932
103376
692736
253957
533324
553460
540520
278320
582707
705680
936552
1674628
924562
1196171
57833
1524031
1346963
474160
276260
126099
357541
733821
113364
189016
1989265
1819698
1247967
358426
131935
331668
1182808
630099
538551
136887
48138
50769
2170444
1856562
1315549
877919
501218
404068
360912
168486
855227
773461
1191429
631659
1392525
1040346
782454
359376
204466
352467
344951
71046
708877
1231676
705524
174793
45606
896475
195386
649679
235306
96846
83855
967774
542499
109171
1443190
816037
917172
602259
638726
737273
42357
1007350
596862
28633
329274
341942
64024
1653172
198951
27690
1003223
133278
28920
704270
962508
1261924
885652
267397
327919
953160
947096
414788
582927
286958
408802
499668
519600
352211
821706
204085
53533
996453
1119377
552513
864004
1375092
1347807
319128
149480
46158
80645
32283
69983
1012398
1009784
162245
108879
270130
960581
81304
1031542
1758902
1142580
2394992
50918
1194054
1124661
799184
677526
517422
1045760
239497
779403
328137
71830
386855
216298
1038287
854285
191356
122709
300779
163114
337538
97935
48797
931841
1335518
858798
253358
1083779
727891
458533
436412
770254
711263
197496
272960
525903
1610341
122383
765619
375590
651409
44098
30689
336409
120119
155579
293112
455961
257098
50633
1118019
2313789
2385130
388841
433147
742952
26126
485013
284786
432042
140348
107966
180976
394620
1387922
1517704
958266
29621
583254
573923
95506
1165897
724723
1536395
876494
540527
60650
78161
258253
221815
383625
1355813
1217787
721163
1881183
1787336
1246701
658817
84268
210321
503610
1384584
225130
40210
1502674
1057188
57357
1182987
1015516
169203
147672
395778
851933
40534
986488
931591
389953
593953
726051
945197
275680
292687
1566808
354855
490377
1894898
1326988
226876
1202003
612533
245715
66305
171670
1136158
1069901
851516
661932
227881
380547
198751
252832
267294
177877
246759
767134
334577
1041550
144642
245030
1082035
98245
414530
322116
290729
892496
968000
1598454
503706
546682
444416
499768
471294
456614
457639
278459
249313
498671
1421042
1248584
83848
426965
326042
166490
513762
286283
393249
458110
174000
734258
181805
296031
622682
513687
755831
98269
311901
283336
195980
817571
857627
845262
225476
791812
336092
1814417
926694
66675
1228567
398835
333248
488854
353542
34171
1119335
1875278
1381331
896518
188078
135053
200995
444039
802515
550135
427229
683028
715828
198366
788187
237764
959337
757388
381611
1201943
278859
1014652
752842
338461
392858
314786
941840
108181
482941
488239
46299
363791
737492
542240
246071
335036
277577
533498
638483
536388
253911
398697
769188
729576
525543
1122591
125022
1439707
2089876
742798
1117629
305351
546643
288808
1216092
619805
240620
1806848
441534
81358
995218
145095
245156
260080
476949
572485
309566
485270
71609
75545
28728
28432
111854
1640110
243098
1620253
271440
182474
168361
339561
526387
70649
386688
1573250
570104
1490517
125468
670266
502998
139066
420748
1143344
754967
197895
601988
294280
57986
83494
166329
1195911
1070413
224765
932950
755821
823039
772009
347181
406651
112188
345445
32761
101939
181691
330145
1387083
3376039
3649929
712605
159086
288169
1258051
327070
1047849
357229
182107
221848
242822
544195
406184
424687
1029611
171610
730764
118562
314355
279590
179516
40819
667064
441199
383431
721493
543556
374659
316468
172439
499208
571169
32765
53944
116613
408666
1365410
1354495
234077
648113
191697
433025
1359794
1427181
107107
362443
324777
1352811
1208263
209052
177080
1537483
386619
309925
248199
565268
1245310
1323781
1165214
102088
349810
131758
268102
135874
1198984
198470
350793
1881605
486594
41499
55644
129417
30020
109075
48535
1460921
586523
314735
29864
37894
607465
575715
1037184
105921
777034
443551
1244983
399084
772319
352450
189515
383297
620896
130777
644241
1323686
1377017
503920
1897245
709275
267741
59279
521032
676196
916077
317093
388089
40329
930172
1447345
1413097
126807
1244724
735038
698719
248018
494084
338944
88795
175759
1004264
207188
631510
135399
49070
323294
335201
531696
520811
668380
726924
673910
1435558
1196108
1164514
384299
419941
308326
1682576
1538434
884136
218128
440843
28026
988988
311145
1098601
275030
101429
622165
787161
161474
235154
964656
223521
245615
1103450
815539
813086
790454
132533
366511
1903374
30490
47383
431765
412864
1835103
1972220
887021
857150
840706
478145
1190834
142125
400120
1047725
183718
99035
1407194
1133351
752058
1120441
460660
521530
890459
283872
70517
1241758
955121
281235
1170639
220369
79894
688301
528676
1005360
284699
116700
2240426
1588970
506978
605275
3047798
1566004
654694
325910
759564
41258
33776
506915
618207
991011
394530
834109
558522
618353
1660620
454515
48142
86822
1627251
768132
681777
290249
339048
1363341
515269
837597
853442
898334
406449
261734
64178
964101
805551
218130
2211372
281445
2351385
241357
263486
432256
233945
121362
765189
1134775
850062
929571
127003
636884
421057
478352
632400
692685
144541
641857
767459
741805
824969
539985
121772
156321
1278428
677624
243381
2658815
1415410
39122
92069
1107180
30841
554380
596411
300082
621369
311618
138171
398429
302529
342477
290923
618104
475386
553542
431938
196588
648173
590490
255104
299207
99471
245757
29481
240282
266565
538204
727914
357848
997320
243611
310985
144959
455428
253513
512865
172030
117391
29246
161228
1434066
993074
1108817
112929
107855
649135
904272
352246
721101
197595
29373
635390
683112
224034
234116
606659
516023
159974
354235
631439
447047
400750
808784
1150138
90224
981480
412421
220788
223915
389921
516540
75530
725339
109178
978400
340732
442408
452314
306820
205122
261917
1357753
1391917
356670
556367
228233
293662
28615
264587
365883
57476
1510240
1523515
373746
529504
422962
240651
142158
372150
612818
930779
178057
268030
1547395
1286832
191905
980041
231717
570123
608748
785974
49433
1663236
1705530
314421
1484604
459267
1326782
1348602
791302
340885
191652
217746
557666
585059
225947
207990
222111
248032
1433706
99176
104253
56718
57259
76256
1586495
746832
102440
58527
800459
103822
265582
769869
766029
245441
199860
437683
396640
785580
783044
508010
310318
136055
1615554
131092
916490
1446556
1019599
187511
231410
315589
1634408
678279
41782
1827559
715338
191467
274833
1749125
90768
1203782
546096
82450
121495
786227
157610
284416
1021178
506795
91830
57089
609130
213907
226780
1139406
1300521
1478416
1505966
1355143
368693
1113901
1086964
1527242
1334818
1154067
952475
1346811
257735
1600272
991812
1148927
845171
323319
46435
513544
358133
745038
458416
287098
1311692
153579
166864
1178578
1149295
594809
494867
783331
1229149
570427
254377
404402
2669105
1591850
1303440
353731
1867023
771037
1222034
850228
416854
424346
732961
32862
381883
858979
1084841
1727363
1250054
424007
316088
1059440
125627
194793
142038
994629
1008577
373576
463478
390024
513105
752599
1281779
1226013
438250
417315
448047
154746
343515
23143
174793
443401
509092
395051
221536
484082
317505
267786
1144029
836356
623712
630569
600630
345486
787230
317872
206134
288754
449781
390764
121993
95212
92737
359602
677980
356940
1126410
44291
909318
1067743
192742
93449
1291857
436409
238669
192045
516545
407674
812260
78115
407155
742368
851218
73014
103630
278180
337999
1851423
826358
57476
1581403
310069
207529
323324
228975
175317
174436
33573
63356
125165
47327
131747
25736
256800
28615
809619
207026
1143134
655270
562545
424958
386155
655201
29354
134714
57271
1399947
1344837
995278
179889
1389300
530712
364372
109021
1964415
1250597
1606128
38420
1549562
253621
48924
688402
2228268
1433841
397235
395193
1106008
422736
440949
434689
99887
489949
217366
631583
485332
378114
750467
705553
447451
202451
1098664
975257
469397
128386
276425
2164400
1812218
243110
313025
447344
475155
64836
497866
336228
527456
544376
404740
270952
346666
278858
236606
355958
1076356
52806
1052780
96349
349956
170402
592997
645396
382485
274423
534827
684497
180745
1131326
1110973
603584
1290674
360540
91362
604912
716862
1156781
903010
776133
387463
45817
503207
284957
138808
330000
413272
822967
365865
27973
41365
60085
194559
107941
1516726
490892
1796173
556516
903094
681321
395038
230988
103293
96294
526165
1408180
725833
659134
338795
2530659
1289129
133513
576509
512039
327966
117409
75720
1416228
561033
31412
443155
2406221
736927
1579851
125640
901075
1741588
1379962
249227
1025211
759308
1045424
887372
393418
1320984
238196
76010
1393351
510180
428013
186057
1299529
82256
28966
1695766
527388
306053
2279391
237410
33588
92312
193569
231026
1400465
1176952
884891
112773
850062
194537
47597
742829
294040
503297
274068
375632
33111
97039
75900
336523
825440
782423
131414
108061
379869
352826
480970
207379
217366
280775
81002
35046
108067
188230
771217
832484
156830
471004
515258
747263
91696
37976
58423
136389
359161
392826
56060
834233
26194
601136
243679
162623
1760448
1779592
852323
384304
1528384
250595
833825
830567
904317
942786
290931
1031820
239750
1320241
1462869
1362051
674620
130653
504958
28936
775816
687965
388883
28012
664677
580600
28359
974292
669652
614344
543644
226497
189897
183711
92610
170746
281697
85157
400172
2713503
3009381
1078129
867106
868211
167347
25047
1223548
993230
284347
308770
179579
246058
218434
98852
242880
303258
467235
1665413
59943
683967
1438326
137267
222000
1385072
168510
525164
349019
111175
376826
279687
569604
494248
2503473
383772
33859
2464826
246556
411991
305382
175447
332671
731294
809130
67914
87117
250608
1811063
421994
1320106
186504
572731
870094
704998
1033798
233347
710174
490953
153474
620748
476605
768442
1167852
1125026
542298
786786
432305
116339
888795
323070
83690
758393
409818
532602
31064
228048
178340
1148296
1837870
1711735
1443595
369985
865860
253832
281902
323527
595271
794898
211664
258533
88866
24856
303401
290442
136260
2230593
768782
835252
30825
28363
3301048
175277
1594168
258563
853875
566527
1354748
1421728
98601
283302
148136
195503
216675
2526756
431469
2149231
645390
460565
312590
789236
453997
2297390
2065788
708070
191613
606792
853282
912880
657547
543505
580867
263247
135012
1794615
84571
37755
58643
564473
1051175
1496080
1410851
806063
1420019
970940
725351
304862
482750
236614
61389
40818
471760
361819
176867
3426285
2810339
595824
136780
239778
611052
623747
317704
644013
865491
519678
377651
472384
662374
1042269
383397
468923
2400550
2515156
987853
769056
226991
616790
236762
903128
359208
121337
1376313
402891
219594
1181831
403954
92657
871713
219060
538330
705362
294800
386402
1165227
477429
375153
808828
540180
335106
63695
1095926
349246
119995
61178
1006333
222776
926593
861666
805451
295187
57566
265015
1181375
445957
1455607
1223346
948746
649256
351856
1016434
1702241
1613018
424825
388901
405657
575227
276094
87227
521516
592610
144057
751989
313245
28097
168461
605026
914646
1161205
1250173
126530
26166
49180
1186344
422647
363373
197319
163285
286867
255241
780625
164999
42667
1002384
265160
184169
227598
1736215
888138
71039
43840
105230
166968
756778
931368
1298510
464780
1867702
918467
46321
1495592
225035
51744
944480
73364
100058
387278
634002
68113
1125117
983094
445643
978165
170490
753037
539001
218241
156259
197718
391229
832188
36269
629510
568267
438224
256629
49632
309669
793820
647351
403794
810667
539026
924205
46799
533439
182734
175866
1121904
1589985
801562
714915
486194
116483
167305
964403
1003334
397661
77272
314454
145757
566134
690525
26892
225436
148742
67057
1394204
278883
32309
327170
1455705
523125
160089
405302
352056
215967
498537
602375
503872
603249
349229
647974
430036
1029684
292363
65975
45003
76492
562063
1461777
1148370
546023
1487474
1286198
995982
297801
526241
246277
42781
306647
207153
389070
839682
1955940
633096
49168
3093369
848828
118569
278372
111243
1764415
653566
78976
442442
267071
1091160
1477885
1559114
31880
1215232
525034
86017
1301284
310583
33547
1160487
720315
718125
464915
1011043
791667
331580
1156140
164051
489034
496809
1592426
297120
37793
2047109
1045945
1505194
104409
533426
1915354
790523
216661
2597579
1162522
419394
989481
30709
329796
101635
501672
104366
997992
487849
1219610
658462
459112
448842
452200
863941
1039373
1404455
868555
1226023
846629
799517
527806
250407
446564
837564
632165
1172159
982882
3020094
1458234
1193264
399867
496520
712263
551676
1097988
1146889
1587288
728254
196936
631573
637862
216214
176252
2994062
2805919
2418795
710137
828216
349747
1011246
533376
1177666
628368
1176845
321880
645124
386416
1033872
850727
935578
1080669
945680
524225
818533
453659
386445
582401
1338841
625951
196795
70386
1907299
1758259
1397701
1578504
2123365
857086
1630286
491146
576898
302666
804192
2933046
1256312
982994
1249744
4018700
3322452
1290621
2118654
647192
652264
217301
317178
1078575
789272
214348
357371
805854
843242
600503
382260
940314
190758
183032
396716
1315472
1315711
1512272
1067142
1782108
1689700
1229874
330349
901474
959572
656776
566779
893497
906688
605313
551325
845204
873025
639969
574831
521168
517845
488547
491452
351520
868594
662644
886279
694848
596532
1054345
760629
452686
349948
510149
208595
807599
905506
2344716
324595
492463
2512610
2049575
435474
741273
426733
909233
1133227
1292724
595037
150324
366847
261361
44629
120089
367523
740257
607738
330008
389200
2772992
2783371
2515522
1016518
937259
1104357
1067113
644112
642173
576598
624761
857507
766989
867157
1791422
1450356
1447084
681576
805667
575158
1905784
584912
788780
2655181
1196231
2123245
2134534
1462898
1240020
130258
2250517
1139406
1036833
765478
1309292
1350480
784826
824750
617389
472687
501196
142748
84625
939399
812023
1586443
1296320
1382465
564768
2433888
800153
2520387
966245
1188424
778760
493675
1000336
970032
605522
547200
1009631
1538622
1199857
1436258
1376288
397576
1533433
1539002
1476582
1527974
147548
2658378
1854050
1073524
1239851
279556
1828998
171285
104312
822146
999525
612917
819147
1093914
1222569
254015
156306
56904
56406
166419
1075792
183095
1382616
1280951
755902
1035419
1101292
174027
1386025
1142497
838329
1717564
1512214
999196
1187442
1334328
1147563
1070172
1370027
3683203
3076257
1937999
432528
398465
2510148
696707
1714382
1015148
1325838
1005012
1024140
415385
1320162
807611
1775764
1174675
847093
1296492
543006
688301
270645
1332029
923033
802632
1253078
87910
1077475
875379
914950
951886
401444
392561
223443
140941
536714
2017991
749628
2655960
2074980
887802
744973
558821
1758730
1584623
1968094
1867190
1320165
885998
2661353
1334674
625712
278412
156302
1627902
1311671
312618
1930731
1352564
830292
825760
991192
1105943
968655
609018
603395
603417
374226
581139
1469809
1459812
664107
1743891
898128
730820
2203567
1131464
850559
1592767
1592163
943492
1381587
472755
653224
1958544
1300947
1404989
1326887
1267462
348875
2055770
2028449
818263
1348683
1105047
1541929
1202531
788053
438851
1329247
1333316
829469
1062746
1087745
567404
316883
245119
2413657
2361549
1111568
1032845
2134129
1580710
986814
3057936
2308738
2243266
2118401
2057889
1163497
651150
2491189
1426291
1537672
2842559
1850195
1732844
2223040
1580981
1285009
2282542
2039937
1873802
2136597
1377678
1398229
1400174
572535
1339129
1013302
1501546
1515314
1288431
618639
553176
942551
932208
1155766
1149272
733346
2582529
854794
845984
940506
1191858
3554122
1084640
3751002
1913102
779963
1422040
147992
91539
1335415
973887
195523
385470
567642
1451199
556885
539280
1169152
704213
568817
978194
765358
2141727
2306513
1302109
789891
965428
2456507
2076050
1015724
1209205
891678
1493572
1518524
1288235
1809166
1655744
1495840
1430765
1926715
1638250
2461915
2044021
1743734
2173073
1124415
2242931
1669587
1493765
305522
341854
292872
1873708
2512781
1896206
1409202
1603033
2064096
1587425
1385137
732335
1528760
1151612
1418738
1146167
1485253
1937188
2021966
1544418
1786734
1739889
1994523
1463912
590661
1654832
800256
781435
1096120
2166861
1149183
726432
948026
1590635
1236988
933404
974860
1093613
1155132
1051832
1250843
1730860
1393460
1544004
1478398
1163739
1759048
852114
1635435
728160
576762
715812
486695
449268
1515004
1230212
1241453
1246153
1047973
904706
1532218
1575985
1649377
988135
1191055
1360840
1981121
1726889
1720319
1673034
2301324
1585440
2490989
1863180
1751695
2297249
1630574
1225021
2844384
2727045
531689
594894
585350
445987
2600759
2164881
1055190
753441
1120403
534829
737804
664096
568687
812077
799164
1011374
1266796
1249763
1831058
2558245
2164449
2354022
2311918
2165983
2476837
1684639
935773
1161929
1833129
917734
1900440
1908278
2178745
1642742
1383579
2195975
1768088
1197945
619590
960406
663452
2551300
1305184
679549
550947
683199
565963
2047510
619026
2249300
628707
704357
1466779
520726
484322
2119968
1250531
1674822
1679089
1668934
1813415
1964575
2745338
1668371
2524913
2231340
2060892
1033464
2267241
868705
607010
841916
2350228
1772318
1523166
1207157
1451176
1151990
1754203
1228679
1472677
1513098
1364124
824661
2002947
1715119
2121846
2033604
1698504
1539460
1908684
1713788
1119102
1225381
1140063
531108
724933
1019739
2237326
1287545
998347
693605
3368810
3032688
1140104
2922034
920377
945182
1523174
220366
584365
579641
793895
831583
966086
984133
351912
1451682
864752
826658
1695933
1021555
2111838
729724
815191
2054209
964928
1676763
822261
1634246
1578422
1578340
1258011
1785214
868403
1491385
1266229
882951
629891
509758
939790
1055011
1172154
1536861
962235
1009595
1296949
1426902
1149880
1511053
1145432
1158173
1308036
1384731
648463
971980
937834
1388254
1297292
948595
1410820
1261659
950007
420415
1632351
527811
1049568
577371
1322550
1274706
684426
877762
875260
1244447
1424104
1419649
1586529
1710927
1710166
1185568
875717
773922
1776684
459337
958138
954209
1028902
916327
878742
915470
595486
620504
588881
436569
383728
2187113
2143380
948034
2539847
1442029
1444815
768175
3050470
1488624
1568821
978668
1239399
954168
1793360
1599903
1198276
1245634
336991
1991067
1743152
632770
1015998
2814261
1935678
1507964
1467663
3014477
1305373
1435600
1476703
4144555
4288486
1541794
1347640
3950477
2719217
1786850
1760618
1590075
1718804
1336668
2838769
2121826
1364497
2324906
1714826
1678485
1103140
2696240
874192
451426
1953920
2227541
2033347
1176377
1546502
1560384
790984
2047435
1800879
663986
846056
1033251
678973
2662766
3008467
2297102
2255457
915359
858076
2583436
1315749
2690575
1279500
3117836
939673
913805
815099
2466249
986709
2687332
1197343
1041733
2649062
2573297
1589036
1113370
2074041
1884111
1286206
1495428
698726
612684
565737
3377852
769755
1241693
3701694
1176999
4085935
3755432
2263836
1721677
2636122
1750870
2376122
2512482
920375
941542
953054
630270
326427
3374375
3164206
3127195
2750912
1560629
1558122
913190
2006905
1685204
1107827
1232894
1675722
969944
2064631
2152426
1414941
1422656
1197539
1521418
2013281
1045526
863303
2146537
837646
2199632
2166579
1140417
2086730
1509533
943104
1174933
914563
1696232
1651785
1241582
2060543
1531650
1612909
1321223
724225
1062122
574763
530200
1019087
1100906
1148390
1271159
871548
932150
1043437
870174
1383098
2101311
1497528
1112227
1850620
740051
364668
2141704
2028425
971809
771440
609592
1126563
1024638
719682
1188715
922172
1631896
1699785
1057387
944532
1230306
1007395
1471606
1232383
1132184
1281668
1578321
2160513
1514298
1257016
1139110
2051576
1270843
792337
1940400
1040824
1067188
975327
1152462
413471
657189
845182
770311
1016894
1475869
1786666
1973536
1384881
1457363
1397301
2382212
1991973
1288612
1743668
1616036
1192831
2946691
2783408
2282286
1786871
1788451
2736854
1376681
327139
266587
334742
1612497
1656724
406021
1706831
486899
1340720
1208730
1308065
1744082
1822341
2421199
1956821
2629072
2071055
1472184
763231
948956
2552451
698794
2181248
1284257
965913
1124718
960950
862493
1169456
1639957
788636
1750898
922329
628070
555376
1838416
2001392
1502791
1277776
1323458
1327692
1719734
2118422
2062815
1696908
1634261
1972934
2525681
1923491
1579979
1373750
1239164
1124301
1830478
1015488
994894
1011145
951827
1329820
1185573
1422679
2023367
1693839
1771798
2272710
1603672
1545585
825977
367815
455706
330761
1647693
238623
147662
1097492
303401
291566
1477165
1102432
757371
643424
1033785
1035391
595500
900975
1764502
1298332
1370745
937798
1173750
1190528
1426064
2655667
1220061
1644836
1000397
3163062
1241786
3360976
750267
3461844
958487
1917032
621721
1179017
920290
1099607
928400
1094256
1392028
1564733
979742
916133
1323702
1160874
861621
935669
813842
1898390
1196656
1163232
2365088
2178789
1569282
1559832
1372523
1186449
482029
383532
1761598
788543
921986
191527
753342
1009172
1027148
1352667
856012
582126
1500401
1188999
1028377
1272962
1492856
967609
3076517
1065997
3371668
1157324
974654
2510681
1145574
851484
876351
753030
748811
1688694
1442292
1652538
1214220
1298986
2051043
1614107
1102440
1991291
1396198
2544868
2272810
1800096
1717838
1305203
1752310
945086
1073332
1082308
1835449
1205464
931314
1546330
1430244
1131019
638444
959199
1010879
1486520
1658100
1601608
1606389
699749
699573
444022
2048412
391545
2200811
652689
410876
1677224
645837
736996
772199
851009
1163269
1057665
1766081
1624463
1637018
1383868
687694
2360954
2015867
1720239
1452368
1595996
866446
1215787
3987962
3191854
2532948
2438396
1176164
2019145
1640907
1435872
1766502
286078
565293
2172644
636871
2149508
2418764
950027
972057
917446
662361
956839
2154394
1899677
979303
993227
1951454
638096
945680
769933
1749450
1417044
460422
136158
343514
540710
1500850
546532
343395
283576
1624048
492625
1343066
1373467
900277
1009523
860578
828381
1372154
938746
1004057
856756
971869
1159631
527291
698768
1110060
582189
1003693
769083
741252
1567076
1539153
1357719
2065335
1933907
1339849
1405373
1597956
873220
966102
1045454
1332582
1120714
938205
900873
532409
4352910
692660
756113
4681024
1107369
970655
959006
1374789
1032364
4842536
2267108
1629466
358852
1666669
1713830
1340379
1059584
1382296
1051195
1338817
1331402
1991565
2028452
1868760
2162454
1584297
2250045
1834708
677093
1354263
1883962
1748588
1912287
1895573
1406771
1890884
729499
523327
829832
2384087
834921
947863
870278
1679961
1739512
2625589
2189105
2012332
1158840
539956
2097614
113000
196034
2101615
323806
292470
672077
1108070
1264736
1946360
2445512
2034674
868552
894567
4932685
4919660
4529360
2951144
2693246
4864444
2605233
1311194
1104805
1823850
1478418
950190
1184147
886735
1138804
468215
1320386
1732992
1673248
1707679
2197720
1894640
2048509
1209719
905830
364989
187187
1331314
1236142
646572
775104
1044457
1155978
1183425
1053277
1286615
1086628
882759
1478457
1475291
2253962
1357152
1584128
3067261
2550588
1874331
2994912
2005431
1135154
1700248
3349907
3073691
1788864
2360565
2310624
830592
1088915
900723
451907
2360561
522864
431582
2158418
1032204
1453679
1211540
1185312
1177691
563277
467626
1555392
483072
347325
1154671
806094
726889
631338
792981
469870
575088
2380449
1675331
2281818
3247638
2179435
2056994
1106416
487106
3473605
977443
2509855
1235199
1384785
996888
590608
1522239
1721046
818678
955603
1318777
2096542
2107002
1239101
1811962
2031451
1662408
2419128
1239200
1793828
1556974
829623
1731611
968188
963119
687784
988161
603972
1260815
793660
1099531
976883
1145507
620297
454903
1246710
470512
1723582
1148305
1199746
1216034
2060153
1410027
1625077
1093728
1041311
1370868
1551547
1653201
2405827
2375099
2241025
2251287
1676652
1242964
1792883
699844
881381
1041366
1276771
1442693
1208892
1244854
564379
373956
1477695
1320828
1179020
643488
1085437
816929
582305
1188758
662898
937436
961992
1159435
2251548
1541801
1222992
1416954
1197227
845389
625138
957520
1148327
855614
1419571
1645229
1798341
1413767
1118480
790661
734602
2548380
2210101
2496036
1362142
837772
1404275
1591921
1549618
860239
720694
392431
1620307
314536
1276799
361934
431097
1867640
1185905
1521363
2325970
2374698
2263139
2295933
2027052
1690123
771183
2182191
935393
1289443
725475
1155308
802999
721057
510506
1289637
1115686
727661
886439
949062
857299
908210
732184
700309
1139311
1138928
849982
579965
880782
797605
615735
444504
509803
455088
623785
818774
1042904
884855
659460
406230
1135873
1683377
1102490
1342315
1977213
1522107
1441919
677827
1461659
486311
909186
689579
867278
1182839
1015301
1381183
1567534
1407923
1225313
2559719
2455629
1273898
2146336
933919
924466
1737911
721145
1104719
1105884
1347057
1342743
1668293
1536450
1049384
1267207
906503
2354725
683457
1415122
1011044
662639
525646
1456556
948563
947251
1239766
782254
553443
301778
536590
618099
755138
3212553
749016
3482248
821448
726289
682645
4225806
1013148
3634124
2090653
1833464
1773493
1248777
1263014
1968948
1398542
816265
1130282
1142161
896644
666581
1286871
1095853
919087
712012
2157803
1640250
1709695
1982920
1238947
698946
711801
1259330
915446
1617274
1169954
1279235
769697
1930452
1924564
1029050
2202213
2183729
814836
703948
766897
1020800
1008750
1083036
792583
2587434
2444654
660750
2067277
969592
1051740
1177801
1774435
1725768
1881168
1047030
2316754
717278
2204534
746297
2240630
1249286
980942
843279
2168720
1451291
1355226
840479
788072
1269296
2107416
1539439
1396226
1302200
1661277
1083049
2015941
1029264
1475947
1320631
1025898
670381
1235475
2498406
1033172
2201480
1472386
1172049
1146520
2846765
2615574
994293
1689743
969307
763663
1663770
749854
1114573
1035777
904903
720839
1139411
1117427
896168
824268
178656
748701
1152416
1862703
1266929
841645
652516
477514
2388959
1073539
1083091
1476696
3531857
3453483
2451974
1862664
1191466
1153193
1440200
1497609
1924255
2104718
2070739
2633206
1743752
2479583
1472305
1135414
614197
492041
347276
2369130
1695333
1527866
1106275
1249303
1338127
504739
2404128
561447
1871190
634921
1888383
1521945
736495
1001422
1152590
810616
923471
977663
910691
940042
706819
1048365
790728
864721
989308
1479217
739344
1357810
1081463
1110530
585174
670229
957079
1702564
954293
1767748
787319
688673
2022933
746820
719294
528153
364843
645248
2467103
1724360
1760408
1219077
479810
842598
683600
1840494
1707144
1120985
996220
1542213
326399
784557
910068
989528
1525685
1863962
1929179
2146904
2266788
2103613
1880840
1383016
2094585
1753183
1854061
2447832
855506
2240475
2353719
1403373
2538857
936499
1285532
818767
412198
535052
1458857
846541
990149
1922901
1996469
1761102
1791679
3143626
2493377
1619885
1489421
1314294
503489
3433917
442989
2887556
1699959
844193
1213505
1043448
368381
1152089
1159879
941024
1086954
1092552
1349268
1481291
1307614
1286947
681629
983200
1255618
1061387
1570418
1677909
1907464
1822082
1614507
586622
452770
163806
387450
2713049
762351
2645042
1195696
1154085
3465288
1891674
3463077
2599477
1867340
2965440
2813537
1798807
2100788
2103362
1760970
957458
913961
1134725
1248968
1335701
3952499
1020177
3214573
2650205
2719689
1142402
1094442
1278840
1398986
857428
1625633
1512265
1424772
1142090
624499
686729
998142
558848
947705
1145588
1076411
780516
1202171
1982008
1999228
1615168
1547507
935096
1795500
1038308
658685
807207
823631
2903527
2947042
1781073
1954892
2152726
2390444
1585556
2053803
4555925
2150199
1605850
1445109
877140
3847129
3958982
1158090
1309088
1531369
1573977
1041352
2335312
1215237
635508
2586619
947146
599397
637168
681784
2555633
750066
1029688
2915033
1806906
851127
1054114
817929
616245
2404698
1524023
383522
1239697
907207
1945865
1356472
1722973
1734139
1563468
1870897
1304925
1089452
1368888
477950
559286
956531
497947
442167
1256322
1167947
537890
795670
971112
1503667
915614
1347320
457285
1095873
446597
1408272
568188
734917
1069621
1022990
830287
906153
1345622
1197904
517392
1140111
827679
905501
926517
863490
892127
912802
1818192
1835044
1741437
1146352
1176291
1055802
1567471
1249441
1533620
1143528
2600722
2237520
1302420
1035542
2187351
1712630
469135
956017
803972
1015708
1362876
942703
808188
879970
1837901
826846
786536
2221584
640015
3038609
2248769
1246365
1167580
1102201
1763478
464307
455392
329808
1667906
1300548
881429
1023084
1616321
1404991
1319502
2179608
1623516
1210838
1167111
2519815
2534310
1367835
227872
2235959
1503065
927363
2595767
1527836
2779747
2125766
2162114
2193210
1597868
1036796
1078473
2074120
1970555
1240808
1515731
1603478
1637125
1122105
1011590
777350
1202303
1238568
1240477
1511434
1703934
1857225
1505245
