305568
469376
119530
223472
1201510
323611
429151
2196091
412720
2483785
326211
521186
775743
370522
3179644
3595765
3454565
1689279
784032
875145
706824
576653
5251366
361208
4943814
510741
535694
5077149
4976550
292292
4818691
273121
221406
5813828
299770
5753092
1035985
900768
650906
6913113
570289
7192818
662212
754639
826519
7335439
876186
7471882
1161444
860608
209314
288981
8526127
8405789
7039314
409620
7177969
5982392
600908
6039265
6088008
639150
6020527
5752113
274622
6601035
336656
580786
329871
8324413
455611
619713
1000338
277848
9727500
536199
557187
584256
126720
10535734
267273
11313999
226060
304451
99658
11343976
10816125
10426431
11412938
12108864
650764
12386752
1347238
12425966
1605398
830826
12656275
1714576
13107922
2747963
13796914
3051111
14185659
13402058
3082997
3151795
13969817
3408972
3326012
3433491
3792298
15261525
14677206
3805682
3489819
15241707
15261147
3396063
15251538
3411654
15202874
15047440
14670826
3433934
14699560
14845327
14937201
15016779
3189753
3010070
2911686
2120788
1778821
1750020
2360376
2426288
3352146
2989202
17895176
3033630
3143029
18509488
3038007
19219784
3256291
3586585
20337440
3475558
20465067
3023234
20755310
20347715
2613984
2684185
2172034
2296379
1900574
1459339
911334
21436023
668548
21600468
21771496
1816390
1881968
1596726
1420257
22684048
22946860
22958125
22077913
22256607
22205809
21765698
20915451
3387693
20719049
20376680
20659980
20926698
21218963
4437545
20575103
4171287
20734298
21197439
4878265
21444625
4912585
21763328
4561210
21238432
4810378
4440931
21685316
20997149
4004577
20506293
20925601
5343350
5313079
21653025
5354123
21097617
20899115
5900786
21472660
21555966
6929120
7880316
23449599
22810045
23136669
23430402
23197544
23900263
10112106
24196900
23430495
10433359
23625179
23102587
22582600
11192899
22669929
10931239
22968080
23020744
11193088
11326245
23486158
11771484
23583250
23576403
23300112
12161727
23508227
12660319
12758795
24132636
13367129
23970175
24118532
13910976
14147575
24192253
14139767
25404171
15592205
16349938
26302339
26016423
17177149
27032177
18911383
27246315
18825711
27624095
18414782
28047921
17296008
17874976
29019857
17844460
18237542
30430674
30454913
18831338
30303077
19916084
20174581
19964511
32134517
19985009
20134979
20134403
19450433
32572544
33140149
19585471
33252112
33297722
18609870
32890598
18162092
18475412
33452285
31236545
31579782
18648413
19439495
32640608
19467514
20832601
20313379
35211349
35230323
48476902
48540137
48569835
48244362
48297007
48679800
47833176
47650355
47630954
48010297
47419224
47181077
46615808
46954408
47135672
46745234
46864169
47244958
47205949
47460938
47221742
47020820
47555192
47659803
47685454
47698804
47805622
47890959
48986612
49461377
49463352
53174042
52727246
52738639
52854070
53071498
52424251
52790425
52964926
53782005
54151138
54165562
54542663
53963017
54279211
54457043
54440112
55430973
55030791
54966082
54320540
54771414
53671153
53712440
53748891
54298689
54375434
55266579
55028282
55011410
55322534
55675926
55413366
55512517
54830321
55103766
55166396
55424757
55178988
55593052
55440793
55484045
55420970
54050106
54444927
54113291
53783265
53603308
53568504
53505327
53505265
53520867
53735423
53929165
52355957
52441909
53422051
53519059
54509962
55901934
55686649
55966439
55433525
54659750
54884433
55176915
55093466
54764206
54817944
54819548
53496881
54150667
53860202
54191461
54250453
54636078
54792541
54874358
54609603
55860180
56422424
56670978
56907403
57234784
57239599
57246066
56943370
56909634
58522180
58698927
56862839
56999572
56247015
56325431
56421733
56977138
57476135
57543798
58419908
58541206
58417439
58265896
58282276
58319900
58336110
58897903
58285608
57772749
57950336
59856514
59415429
59505858
59739544
59596385
59620132
59128010
59024113
59641957
59439629
59159568
59903485
59516170
59498870
59632886
59788778
59948112
59871348
60423115
60205765
60237752
59170982
58231569
58107332
54225550
54281954
53295676
53176511
53268530
52460823
52715865
53039044
52511598
52644222
52406639
53202111
52994343
53571251
53332553
53569450
52845970
52968442
52900393
52786656
52303580
52220097
52069422
52833724
53062317
53005435
52379622
52598053
52611218
53278554
53298007
53218297
52987326
53057784
52964657
52926572
52076915
52628622
52401165
52975402
53001931
53178348
53304607
52991510
52999996
53516056
53409092
53595458
53074928
53060861
53713349
53729821
53167398
54000284
53907757
52889769
52980352
53425756
52103877
52030691
52690509
53334927
53185704
53207845
52777285
53046117
52569189
52225780
52268959
52430597
52023709
52026258
52049774
52146492
52026810
51948326
53437841
54124189
52691917
52134879
52167770
51326016
52685058
52732311
52776567
52765137
52847218
51704811
51916944
52335228
52229918
52501185
52206936
52401370
52507168
52057757
51718849
51035087
50717702
51133550
51285631
51251743
51759599
52165754
51787759
52393702
52823848
53474086
51659595
51561750
50915938
50729337
51424368
52562627
52555262
52527652
52662032
52725523
52634485
52142846
52301813
53108131
52739072
52180156
51878446
52733123
52363059
52367863
52695229
54421891
54325818
54313408
54407344
54358533
54402688
54613413
54365388
53946613
53443810
53337408
53525668
53049435
52868280
52280474
52483806
51624163
52286618
51656079
51461262
52760353
52402749
52409968
53183723
53151400
54425329
53608294
52886974
52734649
53162000
53087768
53449632
52950559
53386729
54074943
54369646
54452522
54250661
54234391
54857012
54289526
54082260
53626315
53387281
53195123
53342639
53864885
53772900
53633517
53551135
53673577
54097996
54048872
53237476
53010529
54246175
52970200
53439201
53764860
54320123
53257904
53042926
53220061
52336364
51811593
51651115
51763239
51772607
51736225
51847489
52308923
52380997
52801364
52986753
53274725
52850542
53865271
53664555
53646884
52344798
52038102
51950915
51984014
52162113
51812420
49958941
50224328
50198364
50270396
50274898
49877738
49357013
48931431
48871724
49028956
49074777
48196438
47505417
48381691
48507480
51025165
51879765
51554401
52082924
52551486
51993574
51708984
51973651
51339505
51020605
50212402
49996086
50181516
50589985
50449839
49848658
48803381
49192481
49318760
48698218
49528805
50006051
50654287
50438706
50956023
51252646
51167682
51359558
51991327
52028712
52124977
51728975
49830794
49836487
49986512
50855572
50685938
50921827
51021966
50938657
51167318
51052468
51523093
51319181
51673148
51691743
51435594
51223232
51206568
50420612
50511380
50263065
49356102
49632665
50279202
49990094
50234478
49132577
49178735
49544599
49563674
48891836
49922896
49492850
49447350
49297992
48960533
48648131
48892814
48831729
48754695
48269839
48061681
49451029
49084269
49134990
49359920
49727367
49074875
49029046
49103288
48984057
48736249
49088252
50254241
50513970
50709338
49605174
49861389
49434633
48954633
48382692
48181757
48857483
49525607
49387926
50073798
50041316
50132825
50372583
51122927
51086667
50689411
50689545
50245503
49701330
49429392
50111744
49254247
49190738
49007588
49210284
49605764
50449719
50819725
51662535
51693915
52669479
52676923
52584764
53522226
53390865
53169100
53539475
54419498
54393318
55077990
55232346
55361492
55327306
54884007
54918799
53610240
53106618
53167295
52993520
52622729
53257293
53323450
52829982
53679074
53548950
53435338
53310546
52932021
52821515
53109646
53408831
53270514
53792524
53843596
53942759
54329140
53848667
53169490
53422171
52920437
52819947
53086568
53446305
51963050
53291877
53438124
53438126
53313089
53505627
53846059
52804579
53665313
53698394
53450333
53820228
53768588
54394374
53988306
53737037
53348522
53584159
53101383
54352623
54802909
56153702
56745062
57510067
57040693
57834401
57705898
57316126
57069010
57106231
56952007
56567345
56770848
56789896
55855989
56538641
56140719
55550032
55604355
55794550
55443756
55525802
55444345
55122543
56188901
56739653
56769702
56930861
56955445
56341234
56319620
56554193
56326277
56465426
57442050
57005522
55970222
56054461
56504632
56688455
56389605
56495840
56627928
56527099
56664395
56322577
55603160
55799324
55483225
55436547
55140855
54915994
54460255
55284028
55152511
55012896
54894517
54833900
55621747
55022835
55197761
55242027
55299642
55034071
54396415
53484751
53534946
52256265
54162439
53213869
52907256
53263854
52731981
53363855
53509239
53272322
52829294
52913481
51872481
51896710
51795521
51964462
52080746
51897900
50119546
49796313
49548997
49624762
49543916
48773657
48462747
49138367
48327006
49272009
49505997
49634436
49823380
49604136
49765312
49354605
49337619
48435130
48068040
47830990
46500326
46717248
46941748
46943136
47286205
47149018
46920558
46871355
46981620
45453124
45883573
46118408
46200096
46233865
45795495
45891899
45765617
45723403
45455709
45122661
45121117
45083827
44764029
44767199
44819838
44719175
44917590
45134631
44807888
43479529
43297051
42916420
42962137
42641186
42318752
43127476
44042525
43764725
43761858
43694856
43620312
43714546
43922201
43505872
43606868
43892692
43518859
43572599
43482528
43727309
45017753
45818256
45538251
43947579
43973365
44278390
44888616
44797136
44940409
44864351
45564520
46662924
46147753
46056398
46880864
46391706
46060049
45862116
46626360
47582193
48018446
47892962
47716453
47421838
47514365
48035394
48199225
48266877
48545233
48695436
48831256
48031029
48040581
48362298
48443761
48593386
48204508
48405857
48630412
48632885
48606160
48649433
48751236
48788896
48365350
48455437
46696793
46549943
46421080
46312240
46068291
45357374
45210058
46070139
45927806
45946940
46587245
46720495
46876214
46747723
46621040
46608231
46600230
46998476
47018561
46770952
46721033
46726899
47212719
47309271
47533638
46646728
46253281
46133714
45934800
45843920
45488111
45385748
45491989
46191544
46707036
46881232
47224150
47577094
47197562
47004578
45875392
45807369
45707407
45076465
44972657
45236137
44596862
45629330
45833662
46204895
46873580
46830253
47052122
48050146
48183798
48137077
48466313
48000518
47860142
48072495
48001073
47816445
47730213
47154734
47018127
47157866
47188791
47256485
48014151
48155735
48020005
47547435
47803542
48260657
48786101
48926619
49019063
48945918
48661405
48571312
48474057
48578115
48547004
48365725
48664698
48473371
47438818
46617564
45873358
45872008
46257295
45903768
45170864
46012652
45816484
45722442
44947612
43832082
43220057
44092918
43625309
43991992
43648048
43516448
42461650
41511298
41109267
41082004
42127895
42189241
42327385
42072420
41728720
41799555
41338409
41235923
41922711
42415705
42733557
42579085
42596260
42996703
42658024
42220696
42524073
42726391
42664336
42942457
43167863
43082619
43455509
43326248
43856726
44516574
44601459
45970327
45752768
46560962
46875748
46238746
46464748
46636245
46213644
47471358
47191950
47163532
47150488
47728710
47915577
47973241
49028328
48954814
49241569
49270880
49365847
48651208
48357560
48521550
48443952
48364257
48424795
48487227
48406062
48780659
49193110
48547630
48691843
48543000
48913576
48560912
49038290
49345843
49338169
49229112
49801323
49985900
50355881
52350060
52729923
51427925
51724153
51308127
50844180
50892459
50107540
49664277
49743015
49963781
49655179
49714366
49749924
50099341
50086533
50429004
50367303
50065931
50217916
50520480
50061885
49699375
49343459
48497914
48567915
48240811
47366869
47149891
46655753
46631921
46456803
46668367
46366579
46218722
46138529
46263741
46700236
47191672
47384873
47274759
47170666
47190881
47561763
47208466
48311092
48222499
48468547
48069696
48242368
48193402
49071050
49135782
50655667
50064282
49604707
49759343
49889127
49940104
50142255
50339575
50006586
50705251
50063802
50334078
50113826
49740986
49760437
50066586
51430510
52093786
52177107
51475781
51553081
51349354
51330076
50844420
51273876
52469697
52134618
51861384
52604439
52799683
52486965
52870294
52662875
52688700
52576535
52000712
52104797
50647543
50619339
49760409
49701447
49574615
49393557
49157878
49136791
47546809
47735495
47907756
47810848
47561129
47460255
47783750
47432381
48585761
48514182
48985646
48439347
48620123
48855279
48720918
49065498
49214514
49591697
50122376
50858694
50540471
50216680
51516749
51472975
52982666
52378584
52292519
52129664
51960680
52330932
53263471
52887321
53430618
53494185
51821360
51628802
51542241
50797450
51010297
51194652
51392831
51475892
50897100
50612623
50759353
50894800
51017957
51761532
51255915
51479657
51955172
52265534
51691649
52212973
53651737
53640798
53531688
54015584
54177234
54575193
54855953
54543453
54617688
55101706
55072847
55579939
55668414
56802044
56884901
57117927
56592710
56120948
56637353
56414664
56403885
56585586
56568771
56802754
57381742
56461146
56441949
56295741
56562276
57271126
57398032
56470981
56531252
55293275
55115677
55361896
56040383
56114414
55980505
55812510
55769040
56028570
55341055
54889120
54641658
54647715
54489710
55311354
54872409
53727595
53321061
51922045
51948423
51893015
51942400
52399481
52358449
51946307
50883206
50192756
50450580
50516074
50158572
50007272
49635703
49428293
49373791
49336624
50096434
50147768
50359834
50950285
51838572
51683494
51441598
52014602
51666096
51538995
52388554
52437106
52546182
52230852
51971346
51918178
51779714
51092696
50077071
50255873
50253165
50334448
50459541
50551999
51805859
51605916
51532274
51875535
51340017
51033281
51788641
51711285
50474017
50132508
48523269
48513936
48729640
48372709
48562074
48162621
47431468
47366362
46724856
46327098
45953046
46348055
46744803
46603759
46452112
46193923
47137737
47312454
47359019
48285444
47979623
48231630
48273304
48852837
48742458
48543387
49629863
49425746
49457744
48788834
46868462
47146365
48242097
47877306
47606306
47386046
47020876
47035192
47735988
48769843
49815923
50046471
49868182
49507904
50271483
50573324
51145392
51411122
51216549
51178376
51464849
51183047
51373084
51110136
51531309
51314911
52031485
51846477
51511616
50958727
51419848
51749964
51558656
51572682
51235251
51200911
50428641
50249143
50657046
50724346
50356848
50503627
50519974
51078090
51428519
51578240
52496591
51293877
51473514
51427128
51320507
52555739
53572407
53494150
56020910
55311563
55400984
55781649
55991442
56154495
55916895
55145330
55992549
56166337
56202191
56273731
56310633
55978229
55315287
55644391
57542734
57648592
56946813
57173551
57576608
57513488
57834420
57795085
57307032
57559738
57476131
57471261
57555902
58452464
58337607
60042869
60256064
59844685
59637168
59604711
59739998
59699631
58419916
58342843
58542936
58016138
59433444
58999233
59236223
59519584
59455515
59808466
60012136
60655914
60869259
61860569
61627348
61869817
61680744
61546009
61724898
61852309
63405895
63220256
62838419
63102931
62900469
62943909
62319332
61962291
61886733
61015588
61059705
60694134
60580895
60497761
60597965
60759449
58851691
58745102
59179442
59540883
59679318
59201340
58592597
58079107
58094616
58433761
59386566
59439677
58433098
57670838
56798469
56225201
56712855
56307400
56786805
56566619
56243750
56521149
56202979
56093327
56166348
56372915
56174051
56322135
55181126
55269542
54527238
54533099
54784500
54701847
55458078
55533584
55778147
56844209
57389970
57285906
57013359
56984000
56697019
56631105
56730858
56343990
57143357
56742412
56464536
56170701
55274053
55699765
56701375
56867862
56738756
55995947
55006223
54809901
52208345
52365660
52257303
52072515
51840571
51879150
51965733
52461786
51432846
51231797
51211196
51261253
51172723
51527514
52253503
51781689
49482587
49264478
49146877
49041937
49210619
51154564
50952669
51896231
51659192
51279943
51108138
51216398
51092856
50446895
50569520
49138561
49236223
50009663
50420228
50315652
50366155
50602611
51252793
52441054
52167459
53219254
52916175
53286989
52314405
52308410
52789922
52998549
53094969
53260131
52828873
51978627
52250706
52154921
52233099
52325476
52172151
53080174
51300073
51117685
51153405
50923741
51030571
51179420
50788049
50759470
50898937
50910038
51024490
50948442
50961519
49863853
49891944
50240947
50543756
50509282
50114206
49691235
49553497
49649463
49138400
49165662
49294610
49676461
49007057
49108207
49785763
49262888
49341044
49519928
49047893
48738772
47467663
47854309
48207422
47832979
47670007
48412694
48023505
48427763
48538578
48196013
48229210
47765795
49114243
49434634
49846005
50431074
49303130
49069269
49505812
48754217
48725884
49609337
49496556
49802111
50108803
51145694
51994640
51981998
52639809
52410961
52568088
53293045
53327129
52884969
51710205
51463212
51354941
51007069
51158189
51930617
52213430
52245848
52236621
52537057
52559325
52444900
52885731
52355605
52432319
53156582
53191184
53112571
53462296
53355690
52451741
53096471
53482476
53620552
53566727
53428378
53363334
51286370
51168509
50605189
50531719
50475653
51098751
51582556
51490520
51342046
50745997
50428941
49817589
49942595
50232020
50341176
50837411
50533641
49879846
48643775
48678579
48101960
48534130
48008623
48057588
47947042
47419477
47265514
47224707
46761507
46707773
46591421
46432419
46329571
46786363
47276022
47350427
46390529
46425343
46984853
47541384
47639738
47539993
47435206
47261500
47735656
47668908
47658126
48210432
48382793
48443452
48776736
48837765
49158132
48918741
48935864
48986703
49137468
49570396
49578765
49733191
50384290
50315177
49430569
49937681
49758727
49672201
51032741
50782083
50497539
51162864
51064156
51547064
51135376
50880353
51606579
52727794
51939335
52199028
51717648
52511439
52507536
52687164
52772849
51447658
51094761
50705113
50641190
50951886
50695579
50515017
49893925
49359003
48374636
48667322
48388505
48117559
47885215
47068891
48397243
48149129
49302406
50560516
50225173
50245491
50397037
50637079
50976062
51418046
51379550
51827870
51008270
50779833
50945835
51042162
50931730
51162435
51071017
50791595
51294704
51147359
50609863
50801945
51185720
51109873
50827193
51167294
50565116
50172048
50041546
50447018
50764078
50238766
50107031
50413280
51051814
51942503
52513371
52181708
51824969
52536743
52822540
52976923
53263376
53429876
52992137
52260853
52542816
52527919
52825157
54165189
54592592
54545613
54241146
53150633
53203036
53156348
53367255
53555429
53547848
53192340
53378023
53275013
53445185
53357512
54752088
54925047
54479640
54859191
55094270
55213811
54715995
54537597
54432128
54570773
54831163
56269917
55758847
56636233
57128582
56934355
57812451
57570021
57136049
57015261
56689044
57023650
57064872
56946578
56814249
57221201
57153433
57027448
57181906
58347552
58913772
58490487
59199444
59271984
58067562
57920879
58663963
57784345
58363719
58951063
59257815
59601013
59673876
58494449
59318886
59119907
59508405
58764991
59658498
60773027
62754569
62849684
63536442
63101676
62825343
62907601
63328165
62933623
63324400
63603444
63667903
63958392
63937915
63913803
63591545
63373750
63090391
62236528
61008342
59586139
59495857
59786942
59615374
59580312
60067020
60037104
61914137
61518210
61548517
61603020
61483912
63408743
63075605
62649224
64072347
63755341
63919107
64114515
64128613
63938316
64048861
63937082
64451920
64044007
64442905
64580981
64273093
64489484
64804298
64847814
64493965
65052525
64031529
63242092
62629236
62899516
62660607
62274947
62786508
62626155
62751380
63726779
63807197
64756684
64934093
66901465
66647169
65776081
65382660
65634659
65930076
65859276
66611250
67833059
67857983
67836729
67488595
67573352
67548962
67877753
67684391
67778386
66948488
66690985
67512082
66971450
67060669
68398575
68768109
68485369
68473318
68351531
68761281
67308091
67490450
67640015
67492496
66883058
66000857
66409416
66955861
67796101
67619746
67622584
67635019
67650179
67896546
67047963
67164340
67207498
66642282
65394404
65224354
65234073
64718141
64564455
64496251
65276539
64541141
64732073
64528354
63441636
63426420
62886938
62188940
62861041
61913662
62707067
62206155
62041089
61515617
60509588
58764130
59908090
59218320
59003140
58980656
58427525
58131448
57964963
57440089
57982480
57745485
57173296
59030317
59214102
58738714
59467521
58452672
58367992
58506369
58463187
59748463
59940018
61241975
61041494
60313575
59948166
58077444
58651939
59202499
59208724
59133318
57664656
58113430
58440724
57172403
58311221
57828372
58581862
58482757
58423754
58607675
59203282
58991895
59221299
58710831
58942585
59379096
58932214
