38874
56494
16050
22404
13858
20823
18489
15346
16843
19371
14036
20478
13548
15053
14480
14901
14808
45355
19789
19585
16511
15091
15453
19425
17378
19193
16164
13284
12930
13066
16448
16803
17754
13652
12940
14807
15835
18024
13394
13939
14465
15000
14319
15107
13426
10814
13323
12615
14996
25195
13349
13184
12902
16083
16561
20906
13507
13914
17236
12435
18095
14572
15317
24795
15715
24280
17628
23403
16114
17618
16929
15595
14704
12993
12464
15369
15235
96706
241433
658730
34609
62478
651376
27964
848047
1204906
431944
248850
233043
2214056
64929
136009
977586
82924
333525
187843
1356285
569360
162405
481334
463243
216484
187360
26636
526531
1058018
34481
223305
342392
453460
447536
306650
151082
205361
2309817
218864
1292430
137128
168453
461009
558233
988873
270730
234760
1009117
114568
519642
679589
459826
34789
48780
347201
122756
155073
402539
105657
255899
858720
54692
51379
67702
293503
501559
542751
747737
170988
520965
295570
299106
800609
806013
854616
103166
292832
376998
218001
770401
906143
522364
39819
457677
232161
122722
553901
200948
259876
756869
87394
387304
32971
590555
449054
115796
372932
116215
507969
882334
33531
635933
1218804
406086
185119
936987
328667
113672
168177
824291
346707
235861
234605
863848
490737
205180
97599
741809
62877
739203
91255
1077991
69967
529175
439729
200440
552893
618334
661761
911952
656667
266449
395311
249542
402718
494240
46698
172922
188092
268776
1715884
90449
199699
280717
151352
98848
420997
171704
1120593
154269
1382061
2087918
290727
168173
2731454
72209
389143
47779
51764
250737
40175
259929
38506
294238
110282
99621
24251
55400
224860
192632
110205
458686
317894
67531
392973
729948
244465
277409
778314
290065
106110
891180
420591
193244
370253
794749
376190
142755
236122
235207
35571
312174
195729
234613
1150227
624868
48562
342865
618490
486410
65132
311898
30018
337284
129666
692371
373892
251959
254654
186199
311246
49924
215849
652132
187512
177503
901215
235437
575193
1602110
191905
68299
418565
1897182
312100
151614
861246
704373
201436
711922
840146
324797
190228
746378
57316
211009
930918
1074897
579627
97259
146719
690235
438658
285005
179130
167021
654517
189532
457162
122221
101658
167802
498622
1256257
578870
1186056
61603
47650
813870
240388
1171669
44728
731602
232780
196340
548833
646599
193278
160714
1652945
453439
122947
169525
92105
80920
215515
281178
762858
233653
220750
93021
28495
1667120
147986
441625
422863
315875
506446
152981
291035
2692709
628185
101418
1678990
1113504
228049
792345
852800
155651
978292
2099820
2021861
149662
136838
91462
1869250
515593
1268459
615663
780282
1004150
880310
282452
1262264
967308
851415
646470
898902
846849
698221
898185
801223
968052
1177903
900556
2569875
1295876
1440949
2488141
364189
234839
311675
751633
329087
772707
493723
494092
126168
514277
108197
202674
234137
271848
412277
469315
410549
507755
1009103
915900
871474
889577
276579
759059
1074733
1212430
710326
1414438
537748
454805
517648
428710
527952
345562
245793
691415
176621
301541
310741
309638
1143296
1529405
1367409
398662
1825084
269309
303451
216447
531618
1306516
619545
260400
392843
847031
1998689
725113
1568144
1061063
1312706
905881
1526313
271455
841616
182118
133649
885764
775487
990116
900765
266121
704583
717060
567491
388570
451045
829384
837456
777346
1075253
988308
1097168
773610
2382467
2571678
1305003
1295421
925181
725586
777830
379912
602662
272391
911073
808074
765215
39818
1227808
371327
100520
1005424
1331526
1347100
1407610
1040090
1003003
399232
177849
259130
186489
1157823
325411
1439888
440694
108839
731440
453833
71647
729497
1007753
1163977
317901
260234
564455
670651
406422
351634
2813650
2185366
968397
1332382
443762
2105735
2095993
959527
1019010
1838857
2110902
390844
998847
815349
114556
314226
274564
433854
731852
802104
898941
613655
494312
588762
483634
548919
247790
225060
303507
235452
730432
1017813
805982
1277025
1133052
928870
1318934
745276
1172636
1383504
736909
2378955
434442
362793
2054783
597410
936472
871644
388781
840402
242567
201097
330943
569603
730335
485831
606379
448384
332626
483103
497342
372447
376355
385608
937863
898821
899041
897954
413818
150563
277575
939494
741515
1497133
865413
363855
195133
135352
243310
268414
1898923
890744
818741
134115
104719
52139
2364265
254250
1114577
291108
935208
2220268
1816610
1487366
4142567
4215544
1939120
1038867
134327
1227125
560652
649123
1244755
309955
272725
564606
525247
902548
1082015
584084
546657
1523276
1689092
1860771
1643783
798730
2196741
1031803
621241
463267
525855
1162842
1105383
515197
2425864
2440718
1828595
1448044
979419
375961
945748
547528
337334
354416
473237
264445
1194701
835745
372664
274503
398165
599308
506553
543208
2057069
1820715
209260
1589326
352460
594418
586588
266875
97599
2736800
616473
587967
1515924
527499
683404
1009895
1093837
187688
838629
159538
282740
783123
442819
504200
988821
805223
167213
401453
1038715
580094
1044873
598027
379239
719008
287387
673073
231757
407692
399731
316254
1150157
1155318
1192759
686489
583243
628113
524116
216248
2395672
567377
757660
755951
479584
2779285
1453981
607058
663986
564707
848684
358185
1178403
1104611
993588
352403
1457262
692540
464548
259697
581096
377066
556862
540894
274349
563124
645635
584152
407343
707305
839558
586159
60825
114339
935377
916819
636537
624340
267505
600226
1510498
911667
1350782
285200
355755
1400264
979322
812199
1991703
1814456
348567
1654223
1162300
2621992
1977895
2170035
403793
578711
1856914
713553
279497
874596
257292
279714
499498
134028
359548
461023
477454
259804
852247
758391
1192323
1391798
1037518
358939
204362
703962
2897574
2371033
1225273
888574
619822
630816
126572
647989
963358
1296050
1438597
814678
2112857
604167
638754
1035357
635064
516569
68846
1005545
772681
881870
201873
1652373
1003267
701014
1018557
961293
1535562
633231
885853
957232
945619
413490
289071
1466268
415514
517219
354997
2751143
1385408
55214
49663
1003359
1113380
596821
1403290
1368863
1350096
1165494
455967
173153
109247
94608
75465
1007261
1007772
159249
106179
262926
1003672
1028005
661925
743171
614953
499862
1174054
2458491
1396683
2429726
431728
361854
605664
827508
1295906
1116037
744271
907107
555029
383549
618630
449580
766557
591889
562184
392023
296297
553993
272297
485134
411725
130213
799857
714013
184105
133468
898542
1095322
1066350
691131
1313349
2048237
1710051
1984430
478355
395055
54124
2082068
167253
428034
730499
694585
307483
1154106
2723754
2386347
388037
429261
1847400
757500
479643
282144
424913
403726
233270
269252
555107
1386897
1512573
1341510
970636
583166
582422
658981
1171599
794352
1528694
884142
1235263
586216
119530
308088
450958
592195
1354244
1219429
714607
2248990
1777737
1253173
2528847
723149
248294
672223
1377780
711398
240353
1508171
1057725
1100324
1182423
1015927
217460
158310
393334
996109
852872
978742
934272
385904
87852
602870
616648
1295507
973709
1139010
557229
646465
828860
1554778
1057424
282914
329002
1674464
1436377
297566
1201862
222500
1952669
1008777
1059424
405277
2074274
947346
1086556
469343
377927
321229
2601575
1506536
306278
1679185
1072525
914175
2088102
671503
940214
717233
513843
746861
912162
579612
2703299
2222428
894982
643754
1009782
791206
595569
373495
1375271
465658
1191207
516339
1024949
1058512
1068113
553137
1446668
1135626
2254174
541754
824853
374780
2220408
1015370
361635
379358
775808
1397196
675141
818749
2167384
1170083
1468061
861882
412471
1228234
972060
1474393
971859
1115483
638646
1210013
1037479
1911067
828171
962636
2443923
1175501
871818
538998
252308
392920
1389252
723849
522892
1868787
1224302
1445361
2089428
738382
1234666
307429
1867347
824009
1216629
913653
851873
1802780
652974
510894
993537
143823
322974
263573
477559
778048
843892
783087
543343
136094
303649
1634197
258373
253757
338534
1619012
267936
413201
338025
345075
676776
576888
430926
1548250
945595
677383
1491048
672054
500103
137959
420177
1245815
759915
1315765
580644
459770
335007
116039
237106
1191820
1074469
226550
1080443
758122
822603
1685462
1094233
742427
504049
446709
368610
118165
269907
499415
1697963
3370932
3646909
2080204
853889
432895
1261818
603705
1043291
353091
495297
335627
283295
548142
629952
815640
579010
1094464
734512
107274
468003
284958
475968
204178
661747
439814
383544
751647
548912
376177
321218
174277
1208422
1056439
590901
62234
160283
511436
1362293
1352063
615583
856227
821988
615096
1361543
1426135
112391
779403
320905
1351031
1206762
207967
182943
1879901
386927
307607
237905
2090474
1252020
1322239
1914859
1375931
431642
464010
385043
382955
318644
1401086
530686
1877126
817297
494822
55870
168845
140775
107553
132990
1461539
582173
356482
347088
46979
601345
577995
1060961
1126154
778145
530337
1237710
822932
781916
356899
569689
560944
604866
488183
640240
1429659
1372884
1809907
1889817
703262
745212
304264
571542
668792
917029
319033
896916
409482
930931
1451730
1433262
1524340
1243770
734529
801477
933845
490871
576396
415222
251068
1010791
364818
628878
132564
48742
520479
332010
539817
524327
982566
729335
675471
2090259
1197551
1168400
1801115
786737
709065
1680679
1548009
1173601
1086779
653643
459079
990231
306954
1104830
274682
98208
616287
1045248
876870
350861
449092
1179554
454552
1091204
814567
811140
790839
134031
365800
2140972
1917500
42010
430698
823993
1835406
1965390
1287276
1050711
832729
478242
2056926
1308555
525112
1058210
552669
254176
1409128
1134609
741797
1216968
455256
1622825
890834
787617
339490
1244939
957381
279351
1227277
1368955
228131
693440
530001
1003442
781493
361678
2238318
1662407
2083903
1093758
3043608
1566957
655665
323731
1342247
778402
44261
506275
621104
987125
813890
1322827
746696
969090
1655600
1331404
1628268
799152
767381
685178
287926
327899
511877
838717
2272247
897537
408419
2235936
1072596
1251551
2219351
2357170
241051
1506437
264508
1183242
768566
809553
1142025
846216
633407
415200
2295199
624301
687087
155018
1903763
665795
494364
104415
172348
763579
728170
844720
1011189
1281066
829955
825400
307123
147865
839373
2660826
1420510
42337
102567
873467
543224
605547
776790
296759
307633
397506
1097256
301842
286712
613801
1145432
701625
555745
632932
660239
639445
586579
254463
244296
322783
233876
270371
537850
720631
358179
248970
312460
148476
1710988
509480
2084127
962407
593228
1431006
991816
650244
901508
355294
639211
676294
2260916
598410
2209323
516956
165191
399933
223248
357428
329179
450853
402392
806690
980806
413225
216710
220429
1950397
734029
2428702
974541
440015
1165579
497847
110428
1354139
1386025
351132
1584746
1670656
733373
657273
1512012
1513990
518887
582062
370215
423923
400918
280309
138914
375623
607890
1957765
1544560
1953936
1284926
338380
188805
244458
306635
249288
567966
817589
546932
563590
288423
426789
384748
391499
1662891
1701360
312359
1322393
1346137
346011
224112
558372
3081584
2944489
324641
419711
1431988
814350
1585057
749029
104246
58730
1202137
774163
413439
300153
768840
766276
203677
440866
1062845
777989
779122
505156
312739
131093
1898653
1056399
227853
113896
71210
91715
78110
323998
376679
908238
245777
435455
384402
1438148
204760
155626
534664
661997
489131
1641438
785863
634281
1828443
359935
391196
475994
602857
1746503
681908
1207217
779585
1166606
839277
238239
1014031
505969
93777
56734
1323560
1133147
1295162
2295935
1387526
297868
1504051
1351337
361624
780284
996625
1073505
808696
1529566
1158022
1461007
963148
56854
72555
303742
508755
587133
1345499
600902
1600182
779583
832874
1147413
852473
337216
55313
961509
357331
895107
748382
457670
288994
1712057
1175002
1075116
372737
602128
2286426
522143
1348788
1398124
1537404
2346705
1246781
318862
248881
374989
2603844
302486
551768
677613
2513952
347706
906160
699588
908695
1079145
1261737
667322
541147
587279
490754
1178800
1156247
1556291
1025991
1733907
732037
421564
236734
209185
1431791
396464
1508141
907930
957745
343401
271848
1122464
230263
442077
496084
1006135
1060768
560125
853927
971806
492271
627162
751179
1141778
842268
895642
630308
602966
345616
317734
1146162
199062
396250
1016119
379866
391131
122831
99020
98471
225299
370317
637567
678480
356673
665803
1185322
1076800
1291377
1339165
436583
234839
520804
193743
513094
416832
1014583
410434
1244798
462920
106049
853435
387924
693025
1847550
1577695
1266927
310822
206968
230005
153562
1356211
447697
375585
512972
800732
522300
502615
1138505
393889
656127
419333
481374
1230359
1060374
1391473
1330011
332254
400173
651729
909947
1390445
1224132
933038
1968809
659696
1250579
757499
563008
1550871
1460304
1172811
2230331
704454
1428684
738252
204362
102453
56785
401084
395097
336864
422433
540457
446376
483240
857760
631503
885900
480018
391419
557114
361063
340981
709046
1109239
1151683
1081963
450146
2166410
1401710
1816726
246631
448008
466520
61742
1954114
338855
528818
402449
1255911
270178
622161
183604
185761
561789
1074951
1046509
93540
833979
562323
599281
645603
278929
1181790
1090241
677082
432039
539621
1133784
486912
405056
120285
253905
1108447
609192
351475
818461
608404
956326
388199
721370
886407
778318
923915
508749
285260
1287590
331797
417251
816135
984966
1164418
1523989
731235
1794810
897209
1010692
886904
679361
230663
1192805
1407770
1797517
951875
645891
2532727
1292626
123622
1304704
1556720
633255
1417502
1417992
62032
617216
578333
442046
811090
541963
148463
1513735
847535
913453
970778
1011796
805387
1252627
1914500
1911293
2016415
1646947
1264908
611924
306872
572854
503141
494584
420097
379951
692958
1710902
1365133
91804
1510149
525851
809340
526282
1651097
246749
104598
273005
1254601
578805
346285
435539
405289
1334678
496336
458474
1471058
785743
489101
850109
284641
389034
152665
1096241
688050
461091
434341
761405
644805
972840
1004754
500084
409923
1190803
583737
1103314
862114
952024
1077388
657534
954538
595801
647218
879917
1219889
1471400
922938
218647
187643
2714196
426352
547172
443418
447412
409704
817969
4075329
1898399
964375
429384
621373
494937
801072
959317
589104
1378480
1231173
614516
293411
688399
686294
673143
1054294
670321
633314
239505
1612169
457144
368146
1069972
214629
714692
537868
541754
429153
128043
405895
448410
601641
740262
1052631
509166
300506
1227264
670515
218946
839616
281292
943115
563199
805476
992255
755062
750933
357354
303627
469265
1337781
1178543
1439840
759884
1370761
893571
528637
591053
579928
1157599
1778523
2504177
1130627
2468340
334119
398972
299117
414522
393421
209015
737137
1237829
1808991
1320004
566349
874404
709242
3026723
1900056
709999
489385
161767
479768
848143
1173131
1122401
775978
2220324
1443016
291519
887303
756681
410741
929459
1150709
1874151
1261066
1840344
825583
1439054
864380
252264
1529860
282668
848203
325814
305909
589533
515860
600349
275783
451120
435587
391117
474689
261324
2220690
323153
265029
288293
382828
160696
156761
226324
532587
539600
3297493
1600929
951248
918614
280846
235281
855961
253533
1355145
994097
860270
163035
270817
935887
940107
352854
2527648
2149299
855299
649289
1312803
776340
705003
1071791
701906
2294987
2046562
613913
1133233
964057
850072
209473
920960
632313
658560
577418
580938
260281
1208133
133857
118802
940823
396611
329885
152463
1095951
2456465
2480538
2501970
78648
2108627
210841
995244
598022
769242
803680
441036
61315
704141
283759
97335
651054
502970
823880
1045675
496425
106335
522859
337144
603879
765209
719959
359091
1218633
1092701
1310709
411164
1324518
779300
825131
113815
1495191
905592
1426752
842922
1739443
1204075
614185
342413
1447142
1596413
834672
812106
839503
213740
590731
459541
578379
552254
210114
512602
201650
619894
670024
615528
484467
1269689
1237418
1535805
1740361
1083206
290727
230174
161746
889990
852287
375335
391243
889711
460743
171944
271160
1213714
644059
653386
1014765
522982
1085189
353985
295311
956610
932546
684719
840230
1379325
1287105
1572105
1142236
562143
286663
1356066
612370
1425606
814847
1048008
994558
1145698
1052542
326078
178478
1427972
1125982
753371
1403045
1360463
139292
61960
402274
507163
1482022
1218544
375094
152889
264440
214458
924843
937528
197656
375956
525813
304307
373926
390204
673182
737819
970058
722325
666346
388493
1666967
688286
978574
1380769
839128
1359670
923832
233882
254092
106986
160387
1622823
1221648
182046
722199
691094
1023125
1147862
1032344
401015
1136912
249801
222349
774987
989351
723532
1243213
441098
675173
284153
934852
345169
683369
305112
217909
694462
430650
926956
556769
725064
519078
608408
610122
167582
1000203
422486
1585847
712687
1224652
839706
961422
1001247
313629
567402
1332671
1404549
399877
1397288
1443065
1285430
526921
165215
352354
521594
1577393
602598
507423
653285
1946161
1447737
1032564
605849
582817
170851
261987
1466678
470520
1148657
546224
1404964
1285654
1000127
1591701
298420
245337
625155
285698
635303
758652
390232
489873
602650
268577
1952819
598099
813365
3091071
880994
1029196
422786
1764188
654645
89341
406822
439822
271916
1089093
969786
781197
223512
1477903
450540
1182052
1295106
1443226
1156240
720060
2104978
1061071
460910
584234
819212
1162872
1171613
1507780
1590003
1124681
637791
2038552
1051738
1419861
1555873
1928971
1427244
1450129
307317
161104
243240
2587391
1153685
409582
957259
324164
1373191
793384
996397
497255
338028
1217094
332350
657326
402731
180486
444994
451540
505543
561313
226606
851502
561298
1402335
1225927
1730531
846915
803127
530192
245343
2188220
1162539
505885
883142
530093
774582
294504
839507
839637
890619
964008
294531
313184
534236
725984
519874
989837
2961830
2595808
2227048
412974
3319051
906594
800240
694234
994503
631847
577086
324316
263317
388186
497567
851614
866457
832670
319295
785583
721167
754010
796880
1131751
730425
737137
342006
217712
1401783
307842
231263
147360
1137185
219172
804286
1266857
2930290
2493010
3288272
684060
3197592
2035722
2660259
2115536
1273112
840091
772090
853943
262348
1086946
452362
164036
866357
1080348
1048334
1602730
559732
1841444
1248532
1426170
703857
1639291
900938
372013
1341415
366837
1011087
247942
83325
799892
1083014
610469
1126767
1148104
110919
421489
328242
742144
679384
878228
770707
186862
526397
2141677
1883222
648359
350290
651362
403247
827440
740623
177972
112705
439315
319990
512076
526529
851099
1092957
606741
1698863
1422490
531115
1355201
1229636
450129
392572
1404080
306937
1013005
154909
291406
282580
538914
378818
902369
960966
182449
105883
207604
752700
1241729
550500
185545
966066
477342
1174550
1038183
1095355
1030426
1119697
346207
64703
418681
462803
448864
423405
1428901
263981
301999
296954
1427839
625381
821986
718363
846619
485746
421834
139363
1039285
541466
166368
399594
633002
449431
932810
1046073
954358
1210675
638592
515433
712950
1068532
1974476
1674270
949504
425030
114336
435596
527407
286663
264526
172969
1885970
792902
1743086
228894
932980
221386
191185
273204
371455
238036
998877
1243896
1273998
1283169
48569
704334
302985
522703
506215
703736
352028
544008
969753
587828
90026
307060
458998
233300
397997
647179
2862958
423513
2493087
141256
139096
131556
283143
854855
1400434
2154593
2059366
336789
287166
1344184
731733
345638
414352
1057638
913366
307377
1072532
3076617
2781011
339823
387473
325579
230051
239609
2427030
2126589
566439
894760
1079416
780371
412808
1180014
987788
1896811
816987
1049915
103309
85617
163413
193712
373227
504145
998521
1239088
994815
720224
437461
320735
546125
987501
789951
1553315
1396128
240857
1043538
994099
1953581
1942347
1634317
1192347
1948670
901161
558458
1238010
1465346
1621477
1139636
1167113
579265
633714
554062
657912
276672
287814
154156
61075
348471
384578
221485
405710
1393977
1521784
1166121
1457028
1418352
820907
1279891
722292
831421
821327
371750
67730
68619
128869
120035
46071
210062
568670
430953
313454
339537
91734
1947111
220519
516938
1898005
533583
683986
1200197
725398
366424
306898
533279
1766398
1073756
1788438
1365056
1192024
1100131
765546
497807
612289
1394799
742077
539236
390086
206568
1437327
134942
573930
255704
176846
581883
733405
561373
413415
1418788
1661953
488983
460468
795724
905600
1483965
478379
254362
1497210
633310
1402653
1385227
1563095
1352937
879374
1630088
1324999
1206502
135084
1378014
282310
295573
100223
419800
402978
1400480
1609036
600380
1141113
1431607
396214
992766
1665755
1831111
279748
1802192
858027
747678
427316
1231269
593224
317426
1293839
411180
925390
197325
289538
392244
210477
432944
1381622
1419298
978813
661979
115467
233462
803364
1066058
403522
869286
1205746
2658940
2487735
136539
669467
1704386
951869
425124
525328
571120
160508
1996789
865655
822937
1022360
1445936
1750882
1244686
1352506
1421400
987161
645520
121400
1576542
786094
240101
140108
241014
396405
550947
2275856
2353543
1702950
1729096
860123
1181215
1238084
1077559
1212144
1097280
1444420
912520
693398
237711
1551119
311933
93351
347557
138268
493854
321531
105569
673054
1144566
914495
1466850
928184
917818
654980
1711778
1443072
735884
574590
437029
799692
1370805
1181791
156742
1816991
714951
841391
1690605
519955
703451
302525
183952
594856
316043
444350
321804
980998
794894
567736
685953
1222230
786421
582974
1218107
2208461
875658
375348
270803
170584
306803
2514762
658786
1314084
718473
821514
627606
1130954
1299976
1480607
716605
180785
1739237
1196090
511146
635128
748601
499213
200258
637978
683390
1083845
674004
76271
728724
704877
1509815
1471143
1786953
605770
573675
1525411
558110
723611
495778
298227
442996
495964
317718
1257623
386713
1238485
563108
396340
282850
844055
346127
1478338
1224608
1548779
1470714
830273
934366
1417167
1534032
773638
790415
2051753
351079
1845786
356479
616890
769054
947624
1265304
988799
208825
184097
1267905
545997
1033333
554081
539176
734561
345141
41265
1203926
353292
393741
268995
1901095
1063889
1407881
1348727
798020
207102
1088791
486709
113786
624527
1016156
665828
975355
925486
681529
831359
449590
633525
393509
470256
836566
1035941
857095
188297
133789
1431825
751103
924933
1103108
286233
137336
800520
759907
305214
1530988
1557268
720554
527461
616422
537660
589925
736505
1112990
1355111
1197736
204615
1550678
994343
287904
487806
446728
754231
940684
285275
1796617
1848390
941067
262857
1087768
422440
432970
947756
739448
1317667
1197735
752390
1193004
278431
346529
328247
437062
508670
2087559
1588712
996491
1169370
770108
675250
988819
761618
626216
273316
1032702
347348
1119989
773807
682611
918353
345066
484134
385689
349139
304429
190054
855481
2585309
1366363
692959
2255489
183557
558975
603744
1103994
680912
1038148
578128
266161
286318
1011995
630648
1129441
309590
131068
528072
1753292
1014894
1277469
96967
801560
1428224
1019517
1062558
443951
544675
541470
639220
285294
128718
1225627
986157
678538
718412
989038
649012
1310956
841446
1444442
985665
1919247
1581650
955349
273755
756390
234259
722887
1221101
1744749
1136316
1662944
451222
1039516
606339
774377
329076
383916
622020
571515
1394700
1236185
648337
936139
1166323
881941
567465
134522
540619
1538198
540809
976566
521581
584480
373698
284095
1409649
1015387
242454
334295
681332
568909
1810997
1889963
659825
559941
419641
290396
1474471
1122153
1217612
1138631
682919
476462
471661
643837
722267
482923
981427
447510
301973
188723
78276
1133625
570467
240281
757584
545298
889081
198254
817290
534573
830042
1159688
754098
704348
397631
250809
1123136
1050159
1464279
1521602
730511
156089
1231070
550115
591108
1173429
339668
420126
356972
116565
799979
186338
606236
318989
180861
367198
490858
544730
556432
391985
829620
318098
408105
426601
772995
1135978
876239
180727
727221
943793
2938189
2829334
473482
654026
929927
727427
571421
1491741
792228
515239
1393593
897689
1225797
1286221
714262
294514
569175
552306
251686
2187294
290846
312532
160617
1903432
523970
463075
584748
1018422
1095750
1157505
612914
877993
2117462
1148266
1232326
2476750
890777
1993718
934886
338230
367860
447537
495732
363206
3412805
1350530
3516500
629126
158335
1899392
107244
439066
1137959
960391
1406079
1010702
135927
274708
536085
1961929
646334
477048
1858645
740258
816082
1028059
1217302
1116233
183690
1016846
1155590
872492
1122488
384311
148100
1463877
1051191
526966
634601
230919
189636
953616
1557352
1047550
1697397
358456
541073
262250
517835
251584
479543
579696
407084
1261844
1329937
303797
518038
1386726
1196278
815110
312468
835238
713855
1043325
1383783
783328
1051247
429046
341323
158963
451243
346872
760251
396648
153805
241027
743582
439639
111394
188689
387593
786481
689983
574314
755917
337953
471245
561078
453160
909739
1439043
1030991
425121
578313
550616
1839607
453638
587999
1764371
758003
1174132
253186
182274
872230
160227
799289
629715
619903
670203
146929
688621
626279
99995
926085
931174
394395
177276
380847
939552
830897
633988
1046793
913890
496416
175242
1149302
528927
1246073
642843
377239
241731
66512
166580
673641
578163
740482
363878
598867
754742
1648397
1771979
1105420
430699
2494064
833276
370903
1185656
438405
975651
546767
492538
550669
389145
803322
512369
100358
868416
655891
837704
760223
234769
762505
1082143
903652
293645
306125
185805
1910073
975514
937392
1678557
449490
579985
992190
827392
1420773
892122
652051
752682
209432
3149544
2770569
584660
568231
1541528
1574083
512790
919867
602708
1076954
420979
439869
855094
1219323
913234
248350
132123
1205055
468815
869370
716285
986490
983820
1833964
1163878
273663
216087
264295
358742
1356212
610215
1281043
457171
822349
856025
612957
137913
146515
1390202
1746282
406948
1124793
1372363
625467
484066
1140074
651177
762725
979946
1451700
1481420
1591157
627878
2429365
551782
1707232
1045330
782561
1190438
673641
1183463
558915
1044148
192991
646559
352736
534574
944619
1038714
1558224
1529196
1165618
1962943
941286
815926
2347373
740320
72823
860774
412289
410173
426961
122056
397191
696860
730835
311008
1150395
415842
240283
1129899
347931
131855
1300133
1551945
1508721
480649
1978422
437192
618670
490561
457425
344043
665985
516558
576510
139434
844217
605808
159368
403492
229901
241323
869380
401308
599685
793558
529198
385345
900569
808600
614428
831156
1421733
1294035
184432
52697
743007
559684
169397
714714
851361
166993
143288
833220
770041
241914
201964
403250
353063
306373
916023
657497
1254476
891189
145558
2182368
1054760
1233519
361999
373618
521164
3080877
1837673
611190
535370
739616
749924
592388
205759
1131978
645848
315932
340709
397005
420118
888686
879396
733062
556119
235901
659269
824052
841051
805261
838529
1583081
1371237
921811
527153
493642
478817
830730
1115988
785028
632234
1541961
1033501
1215539
808093
643285
384137
1011138
715185
1525550
1669317
1014892
161756
1055689
399406
366982
342038
161682
911130
505004
689400
382629
1439730
1942317
1823879
2472939
166322
307304
2269112
569030
532318
942093
983931
717944
403079
273189
835149
1045124
672772
457493
254184
97206
420673
657545
696944
524864
844065
3998293
783458
3949354
539583
822815
932511
783372
1448059
904551
705910
58673
208425
1596173
960326
423649
177684
266298
506705
418819
88623
198451
1122524
234918
1259708
609851
764497
657640
1027543
614879
703839
627332
359187
544602
2059013
708581
1952917
741619
395073
482004
156461
336577
443818
607072
305718
136026
1086567
388337
1210270
458287
500012
661523
499065
238405
644227
575482
315883
1787728
1510879
909732
1091299
695291
1567331
1575158
1004250
239283
903992
452034
271999
746503
611385
347898
298364
111957
238265
330317
903178
1032171
810116
903326
399862
1128137
295112
186931
184488
320430
177582
502346
1775528
561565
143502
247427
1175329
341346
341772
1087446
1023930
338368
269699
1351890
644488
747828
535507
1944756
299639
842680
152701
277720
479163
382652
713299
863587
1650217
826476
1397209
417675
858878
490495
591620
1286996
1265192
1137658
542145
1162686
2043198
1257287
410494
1776175
477266
572744
225701
719389
1635566
1193512
906589
109292
75092
64991
285338
94270
257283
338640
202148
132402
1079431
1025906
907408
286559
1084261
321356
336915
1007815
715993
1052227
852800
1929723
1456236
306225
305205
1363280
1426133
325243
399278
390095
1703924
1435280
517845
329923
665432
580364
736656
769819
575939
828366
105430
598343
368499
67109
475578
462811
527443
216690
420079
1325333
769935
1513678
761178
478625
1122148
457613
376727
832711
357310
171558
171691
703242
560677
1058036
742466
261083
416804
951749
438642
210566
760852
472839
372337
343955
886213
372331
1040711
1723682
1045518
1409880
570400
522678
319922
217921
98090
104229
286688
338429
1337707
1491552
1244154
1872004
2044347
1024242
1535677
300411
265899
156256
295799
679185
516856
652355
286564
648062
534214
647369
581997
90957
379486
649026
2698886
771655
496684
75119
99491
2415708
383742
431870
653743
470543
229728
649820
918580
1061447
1071349
470785
2322961
2387959
396460
460875
217695
305135
656142
747074
1226406
736690
1077909
272792
808245
934071
1820873
1386872
339816
366330
1111364
829192
387751
189867
135472
91560
95234
47385
749473
736476
817841
606634
485326
1044138
393232
223719
694161
641898
284729
886402
463646
319388
1175424
439016
456105
603390
848756
1487050
1200625
753900
441136
444635
153848
474805
259578
409870
424671
469999
488624
986358
559426
533233
462866
427499
1793945
829598
1484061
403796
1550663
969403
1572067
641297
46780
76958
1592975
366910
1394131
1620216
1854437
1054206
191880
94719
1936809
530364
746735
318755
368208
1337943
1127396
711552
632341
877534
653418
823454
1529205
2092475
2087366
1988002
848227
1324858
624696
356668
1008501
535913
612894
351334
424200
799725
577394
777820
214894
878040
678841
162535
924327
815415
698931
1412718
941870
441604
342536
414369
651981
406317
1294720
381180
1483020
761593
438901
1180711
417212
496061
1366235
571601
252627
129377
930380
610740
579597
537662
132985
112849
650916
529266
435170
733292
1030734
1336841
1038999
750128
485438
878130
682436
697824
568881
1044776
702726
471678
1005629
352833
608340
953612
1196418
1006927
229705
210588
698751
1084704
2024952
663572
389640
460852
297687
2244811
967497
517869
805817
1075184
1009693
683747
884396
914593
688417
487867
755035
213744
661424
533173
547797
353217
1419694
669701
1828502
1011152
529071
568132
1310639
823385
616652
498428
458233
685857
185463
221915
964185
540104
140130
382232
1080085
1064528
449112
338402
1020900
283180
1201755
580657
518184
1157620
1678527
1032180
68533
247044
276648
1566462
184170
503676
222165
662609
1268615
2371540
2455725
1599481
323438
2471860
1297304
855536
1298854
411438
681942
1768144
766515
397113
890612
139185
498450
557426
1166863
634012
1105138
1167476
2535490
1002062
723533
388789
2588419
1102789
1009451
1736376
1860558
1351281
625094
701048
1232323
332320
141341
107208
817569
235028
409521
774482
588784
890325
894672
140558
691038
1246175
1189370
556276
1741929
1450503
1321578
718381
1079863
177723
606601
249423
334398
206825
733286
664312
531531
891567
498861
853616
139425
274602
311855
337129
523129
493170
478120
828706
790972
373006
229146
273183
483984
507849
414225
206197
864507
764739
1375665
919422
2177118
1347614
2438250
1725625
1576677
1058641
822892
639540
2128819
401023
1740684
459475
474783
599194
453995
315425
505792
1600435
1368446
608183
1667121
757837
518311
781907
1095928
2923384
720464
560821
2128689
579135
388912
900233
790432
698928
663424
1512132
624879
523986
1666325
457752
540771
496415
419879
766806
615821
770845
881660
606188
911301
600382
639349
625943
1626832
865249
1244922
2470981
989802
1756992
928345
680053
333389
649774
1575973
1476386
455428
3274034
881789
3361543
854921
561799
1188616
981156
1075071
830968
386637
962693
249100
684248
615442
551988
915831
413795
588374
250559
1236243
498984
701006
590620
599971
1972212
720087
554143
1841425
174144
272811
953286
672237
851828
730915
1156470
996378
580036
1235721
792650
381645
410841
1060740
256325
398491
292927
1272916
293839
566331
751721
614327
731279
888749
420952
236796
257100
660264
664909
1031565
953976
656915
1132330
389559
247462
205256
343763
693480
846471
480974
387016
513728
330343
1751469
1695082
131309
243934
976829
1200224
1452606
1428190
621477
638623
859205
864959
966143
521386
816135
431195
70218
517734
729390
567191
944325
663567
521004
506063
1786767
688218
427755
1297314
317516
1262624
963984
1147771
955893
173681
515753
457743
337161
74719
718266
809023
867475
1000496
909132
615440
417899
1347605
1022150
806859
165580
2371167
1351218
187113
65460
1446335
1356260
917328
1166168
1493236
1430719
1210976
991189
770221
970379
465697
691627
1089139
1205002
1171850
435577
410559
1018918
571529
586372
314032
805348
664044
440015
1410339
1057331
1648592
1073601
