66528
92734
139867
122111
26644
34988
23958
33911
18371
32909
32277
25557
32895
20260
23806
28419
15785
26571
50590
18684
26815
34711
22054
45042
61639
78756
27138
29933
41981
30064
17236
29046
19387
34352
37412
34200
26928
22564
39769
23425
18763
20907
15881
13725
29575
12722
30916
51393
19323
18122
23400
16055
27406
19723
24118
17964
8990
30185
16174
30205
27119
16953
17140
10145
18124
50184
63995
80424
55538
35099
15818
29419
21201
7233
245128
265352
17903
23730
15856
29368
30518
19395
27567
13727
10503
28956
40132
20271
28785
24023
26306
28677
58175
18810
13097
28828
9899
27830
29423
42410
41654
63980
33416
32400
38030
22764
18867
29040
17743
29654
18999
26327
15116
31878
7790
27781
32036
16486
20135
28529
30056
27109
14168
27647
19399
8308
8299
29214
16425
10567
6989
15360
16801
44492
14425
17130
33120
47674
13801
16724
18696
18220
30170
16512
25226
32687
23128
24312
26174
8810
27460
41407
49346
27508
26092
32571
15922
27881
34589
16519
26602
20288
28774
30291
16418
34153
16242
26104
20339
23282
29847
28649
34634
13071
20176
35607
17280
17702
15383
29007
27131
30670
23542
50795
58254
31543
31995
19491
22552
18500
37305
30549
14592
14649
17317
20282
17209
20692
16661
8637
34917
16931
42990
16846
30112
28683
15668
16039
17230
32735
19307
27361
17414
29044
29015
17011
21023
25610
34146
21767
15391
17359
24309
20849
18692
18221
41147
47708
73334
16388
230825
62018
17383
30342
17700
28341
17060
31080
28165
39025
29455
13223
26016
31381
8035
20973
19992
17620
24353
24130
26810
20018
37479
35651
28531
17385
40078
26470
35154
24029
29432
27409
37774
16336
23074
26521
33555
27038
22739
27902
4102
38509
19832
27245
92238
16090
103271
137788
20221
131330
17189
132083
129060
126092
17424
128249
92503
33388
54129
53839
19951
35297
14661
28826
16394
14677
25461
17702
7876
9209
22758
19502
20401
40311
15524
59681
24715
33795
24707
92423
24923
21549
17590
26706
19086
20431
30270
19287
28117
17903
31081
16788
28205
29515
28567
49420
31986
16954
28294
22646
39348
19500
8254
24418
39000
61408
23211
42190
21804
34174
66893
69259
33450
35633
28089
17083
29309
15588
24779
26506
26884
26552
22047
24564
11472
14652
15954
19221
15967
31781
28662
39238
17096
28051
19511
55547
23785
27980
20608
16651
29972
18399
22067
28809
32815
15981
18746
14983
21606
12932
30367
16932
31951
14497
29064
9041
24159
20959
31194
14789
7354
25726
13558
22393
34205
19611
29628
23421
27597
19686
30496
30335
51764
18166
15054
23745
19311
23851
32245
31513
22043
62071
86023
75920
10126
22016
36370
10462
20504
5744
18321
25211
14092
16001
29063
16129
17578
31727
21309
19163
16557
6191
17068
30140
33749
20900
26608
14831
9016
26351
5834
41077
16450
21697
18955
13746
3854
16442
13993
16402
16540
31755
17195
19166
15963
33028
23453
30979
19964
31970
50169
16965
28228
31794
25371
37405
5466
41949
41823
13719
15875
16652
31917
13317
4399
28324
16569
34635
4586
12511
29736
21109
16890
16524
16771
30142
17056
8145
15963
26031
27204
29946
36817
15268
28274
7367
18017
16035
10794
55358
16112
36409
18035
10413
7156
27441
12951
30763
21126
25466
29437
26305
33583
18232
16123
32525
27091
18210
18034
30596
32587
14171
14549
14154
41602
63952
14622
86062
54760
59190
36690
26550
19003
17029
32245
35271
37450
31721
29553
15040
51815
50653
15463
16904
17132
34401
51659
71625
17648
30132
30928
26469
27913
35659
25818
25377
30602
19977
30711
18309
22427
21300
33688
27772
30051
27832
26636
20368
18761
28202
36185
17285
26554
49536
34431
16919
22911
17019
21766
26451
16521
14557
25019
36457
33765
31039
27427
20210
16265
46917
27410
41927
29153
18613
28760
8973
43614
36546
16414
26312
34817
21251
26749
21280
31056
17114
44104
25295
17000
29863
74207
97274
19704
66845
74341
88814
24028
32558
25065
13108
62544
21011
13036
20510
15552
31187
31790
5636
19880
15024
18480
31754
17456
15914
13578
16614
22019
29785
18853
20383
20312
17790
11996
18099
19271
12894
11742
16010
16251
17523
31442
11905
27353
19182
21746
32060
8347
17221
18827
14976
14883
15623
33301
14625
23871
18833
24080
28302
18182
18082
30702
18846
27839
18036
20916
38883
19451
31513
19004
40801
19145
26990
50117
16934
26078
17236
13426
10369
28837
15006
24076
19324
33840
27571
26830
27037
19031
32282
18606
28584
17351
19296
14974
15813
18824
22350
29485
21717
18879
25702
6270
32348
30944
18926
51611
59563
19260
18225
26346
68662
38625
18433
19087
48427
19277
20121
22766
29076
20039
20061
30613
18312
18218
25436
29275
14527
31667
22561
37725
6818
18575
17002
27187
16868
22030
13871
12209
20386
31580
22548
36037
17790
12393
31216
40990
28142
30752
8102
18976
25807
24828
18976
25470
12689
12705
18064
33757
49065
26141
18350
30314
26342
22645
27912
17544
26505
14416
17873
38673
42550
50546
21999
14296
13786
29309
33866
18933
18752
41652
16082
13824
25079
8088
24693
15958
22159
33226
28096
17675
17618
26430
15946
23800
16746
16033
19959
17537
17326
16551
26535
18813
27335
25843
29803
18245
55521
22731
37013
52771
44384
40573
13828
18185
15069
14733
28160
15302
21223
25510
27642
40411
41747
57783
18562
35470
29882
27262
34035
53648
26603
37110
60205
54239
17239
14880
24779
17673
30747
27577
59812
25120
17371
15877
22588
16283
14182
22969
36626
30460
14262
19352
14013
16022
25329
16639
18383
34795
25991
24158
21334
12098
26351
16917
24069
21837
33568
62431
64114
12961
11441
17914
26329
23819
16638
17615
36496
63193
54665
119313
120199
97851
84408
33311
46802
134181
89754
83942
169658
110320
64690
45630
28689
17854
22970
60917
69749
30869
10023
16065
14754
24633
26192
43569
18636
13165
17321
14583
14029
18128
19142
19487
15978
12965
16285
14394
17205
19573
31251
26144
47114
70227
10757
16606
28891
16870
21770
15983
16031
16892
15040
26053
50617
39672
26041
6259
17140
17943
19594
26906
28292
37713
7408
15677
25102
11146
34655
17023
20105
11234
29312
16522
42636
31323
23082
15536
27873
15084
27011
24999
9583
16337
5520
14589
15097
11676
16973
13715
31157
16120
35288
45483
16548
7515
30927
14403
25792
68502
88368
26939
31612
34032
23348
14089
27544
18089
31017
5755
15820
13496
29602
19733
16068
26811
24497
17317
15453
17101
25098
13083
21358
35607
23819
20927
25833
75784
48776
16593
28455
8114
13942
29388
15409
19322
28458
21079
30116
16938
29805
13069
19930
18391
27537
27130
16222
27186
17843
25692
7031
15163
15293
30015
16018
14041
24220
16054
28123
16810
23948
12385
30493
17511
15671
16467
18965
11280
29598
31500
17853
29816
32839
27852
17980
16206
22027
27689
28336
12924
19178
13415
12644
11363
16779
20183
26517
31925
25401
10180
17916
25821
12300
20843
26872
14741
28123
25166
28170
14987
25929
35211
28296
23236
31180
14141
14294
71153
15524
28105
37308
15770
15974
19203
16320
15786
32266
18428
32435
17370
18333
13737
25070
28009
19190
15350
12441
31101
10794
35260
35761
30683
14855
8416
19059
27343
43155
21157
22860
39975
98963
38775
57427
58648
38300
103007
94722
390822
68943
58036
123611
219282
58956
30876
384413
43196
63625
190424
171847
23893
108451
218945
349486
89431
79376
48026
154952
35675
85772
159561
103264
192925
198635
106289
186266
46244
40378
37310
44685
55052
281537
81069
93492
72793
63950
189152
283729
33947
47061
140130
139737
57690
85078
190025
49739
109003
68322
162781
23145
26311
158222
391187
70691
99970
23411
35094
61745
504667
316064
265199
329456
121149
134111
140316
130826
31048
48452
139420
130926
34181
30182
41023
73777
160678
118838
404861
23080
469088
290330
245155
62787
109332
290249
117534
70112
67662
207486
50288
136343
100079
90706
231737
37413
32753
175262
95615
146305
21787
202847
130434
129929
74737
68169
59037
27742
169293
119351
94056
91043
56716
50523
451751
19007
144545
16228
23803
25703
180568
20201
52763
447335
213659
41755
18687
112058
129104
118321
177262
71222
28518
363306
32372
65268
22052
53671
118747
63633
103087
31006
60722
76580
360620
402554
102995
156444
36879
315240
339884
89942
162719
330902
35815
30129
178639
35279
296709
182300
29407
129851
251664
260130
69067
182797
102917
39892
99823
42807
140529
34489
180213
56207
193261
60020
29172
280535
32068
424697
177893
33048
229834
27154
145408
51519
65877
219223
72886
28926
108855
21973
160580
325934
270081
47186
30267
91319
188138
252085
33372
343965
28112
100711
169512
181093
45776
26059
31993
253121
121567
88943
119298
147217
416424
44680
100021
73198
210179
67443
26848
319048
48685
85092
125946
252658
27974
81941
491017
42373
352095
26770
306298
77394
190251
35330
23787
99085
211102
137907
137902
300714
26714
256183
38261
103514
31424
134580
255277
36734
33680
110903
482689
526016
341566
150653
184782
150595
122016
25004
18759
145311
33293
237240
105665
342705
164127
154058
160324
249811
29763
266445
163485
165315
331291
28949
41066
267763
132212
71553
47527
195499
206987
115144
149060
175623
138465
371259
116542
624011
123424
92323
31871
418628
283875
130741
114567
116027
31388
187534
30006
175130
113611
28386
132410
179664
115801
122739
265270
459213
104584
369801
72321
183498
79598
67127
39141
94791
99928
208053
119786
37978
757193
29639
727059
535664
86229
28515
96674
69852
91390
96147
188442
212196
320780
47569
96408
118989
143621
32478
111472
106474
210430
45454
38795
146742
212331
248598
28966
118655
56810
273802
435389
334952
478971
25987
40089
50448
315877
158546
58103
60906
63585
94250
295629
30554
86310
149059
150497
394588
73903
104615
44092
180440
34534
117809
342589
262361
84650
46225
28127
156720
333067
26248
223807
92063
36778
970467
30949
97767
194043
47773
169694
21261
275429
50643
90596
94399
76543
96722
78472
205992
136383
27685
447221
68682
26916
71396
238089
112876
82187
407486
103103
130756
127716
409220
78225
89820
69852
135599
462936
404304
69727
88960
78926
77196
16829
53405
88949
354608
136463
35698
291091
405211
47277
196621
39152
174473
200573
54456
110665
527671
57561
62356
603035
204968
83746
43559
22297
397017
70369
73802
158293
201087
81815
71396
81327
407496
70960
90952
41699
39893
23186
24603
29843
207626
275981
45912
100011
83152
159428
758047
58298
173103
26062
36525
43032
51926
547951
57475
103454
166215
348023
72562
87629
408869
115276
51797
56017
235685
29688
196949
29013
61712
41626
250244
139680
67212
98739
40507
187771
35128
49069
55980
107228
612945
101578
26076
212751
46334
78663
95397
85618
498153
619441
168486
52357
384700
287913
108968
453250
520070
327868
90025
91949
85454
126001
76988
72748
330644
48279
42088
33609
128213
175787
139064
134743
34138
101570
445340
57999
149730
63505
125181
61304
89557
137310
62365
476852
895113
326999
110009
29086
90681
446033
60957
61359
129405
145866
103305
35384
265836
253826
23702
346886
134491
100749
119923
367898
294067
110421
359919
50246
253043
69922
56868
129919
246223
179748
278667
60392
69601
257138
38953
58775
156884
107377
82114
126821
28820
159276
230765
85514
116061
114121
100255
125455
155297
62372
210694
167844
42480
87187
279311
46554
48043
100161
109985
52219
33597
43390
35431
124761
128490
27843
386044
27993
314273
357075
71374
38049
89019
78203
30267
59339
135075
282797
130125
169110
108663
27949
178456
163454
124520
465899
288831
32272
85851
116090
154601
63844
24260
26864
36038
40008
19245
55854
131710
29236
63554
93018
18718
73787
134479
54963
90705
198752
86482
135993
228526
29285
344800
50361
25727
30542
108253
45306
191499
341664
67463
138242
187605
127436
46688
294543
39358
207278
71621
140672
543195
24571
92397
23526
361223
45429
240321
204474
55637
38012
24859
26698
107774
374775
83778
148536
41880
81506
222313
96543
112952
30398
258479
104379
158870
71976
300342
85956
95093
334995
163617
50285
97357
398289
113890
169724
274845
184125
164772
62411
124013
26632
58450
99997
117000
87102
50963
132728
33149
181527
117203
62701
132004
109994
35274
141317
135817
188520
193896
215149
175343
295358
53311
62097
95778
73490
29346
134714
119980
349296
190261
91901
187327
94726
23770
114292
52615
592328
479128
58836
139035
256796
182418
100125
69033
31634
459771
519092
120935
123719
161646
409304
40683
21757
69107
17366
378247
29814
34297
471883
70069
27241
40460
270593
46345
23998
352205
199087
301911
44616
242769
404157
76320
29638
194632
249981
123275
498193
71911
336915
137625
47040
148377
30122
110749
34676
212990
224501
325051
37350
46404
309053
139481
100333
57836
266461
100686
180914
34902
102022
64196
88699
395647
94910
81131
121911
165451
25496
221736
103522
49459
24781
164689
88791
147108
21463
190911
223266
154498
136410
48877
115469
268117
109475
129314
204418
147159
247715
98685
85568
122611
150714
201069
236629
285414
42881
46678
29683
781087
122701
79338
82222
87133
70191
223872
606401
48559
118964
123871
113194
80003
177306
170882
46157
409189
31334
181447
83748
72708
181162
66400
286452
185245
55160
54998
270511
128166
30705
100075
70543
157679
128878
35732
44448
30267
120640
51551
203840
219522
177931
20183
108693
215134
30564
63272
197227
52302
139373
160829
132025
221775
57471
140318
85541
38002
134947
326411
77260
362675
190765
107860
130476
81606
81041
127764
287236
333592
777703
61318
70909
67737
86081
37997
90374
57907
28569
229412
404151
394754
66227
149454
170500
124603
633426
31570
165686
20642
52675
128026
275256
284334
109217
169391
486568
20124
99410
148533
130899
36657
231634
370035
416738
23680
263540
273107
245806
63844
35967
260764
75198
43619
87567
37564
140426
161747
65294
50295
124873
45913
108919
65984
42857
622059
94581
25935
103970
47217
27846
62018
61775
147115
56694
504695
53839
299063
39985
71692
34028
257168
73405
220011
283745
30066
48901
97780
181379
93645
55532
650462
147259
98526
86445
151619
188179
208509
48522
85279
637569
58595
475867
160586
164632
154389
39118
34304
27853
181716
67066
243962
52468
143689
74859
78474
33656
35424
27560
152194
154724
35995
362675
147702
86003
271320
113357
484518
78163
150606
56281
248397
108625
155648
143896
170468
91506
30674
118816
30772
41295
166886
172180
133388
111092
31038
66851
207349
51345
310564
86298
82397
27744
114633
287504
123646
163967
170898
90784
36875
122812
359722
137917
328349
104721
31135
20732
170083
16310
42804
344960
403164
214961
147355
90268
131197
128801
75352
47186
143960
177902
54925
78422
56501
145724
38980
156856
209105
386843
233847
26668
33485
138995
185006
116863
32699
398281
122876
65954
47769
191570
82856
142113
165018
277436
105848
31651
94426
259857
161692
250275
178233
324437
57536
126369
347614
530719
30641
149157
118923
148046
93969
33379
33932
170353
54368
29794
263161
115433
75189
38102
206216
125536
352105
25280
291383
111291
130775
113579
31471
56909
65310
43536
207760
309146
479224
293503
18846
23340
32159
47004
41493
424197
236440
280019
49278
1059601
96470
278556
79544
294796
61703
22327
25612
49288
116956
155354
49261
330003
36531
24355
57973
120703
40006
89792
140878
208748
70749
114588
218310
31709
184585
46929
35659
75376
273481
63895
337275
476882
71831
64721
30577
210432
46575
250437
41833
116414
295131
53620
45888
57194
69086
115693
138908
150481
144618
60655
345807
163078
38147
35939
102959
86684
502738
27740
143893
57119
196465
183493
181271
292653
31292
35521
148697
77485
332566
108646
74948
134479
380535
313831
33298
172991
84691
22386
55888
53578
103515
73665
178704
88134
145574
56583
136073
83791
14751
291214
200418
217923
25284
90825
223899
292377
51873
147027
33835
100608
50390
137756
27326
154900
77813
99801
264890
22402
74588
92328
532957
30299
181681
35413
415737
113721
25020
310816
251602
60461
236564
283273
119791
182746
60725
173533
173416
377470
105371
168388
112462
330105
45765
124887
33179
112777
615837
644070
29198
271870
136551
136983
20661
111303
140344
252061
181459
59652
111710
60723
768486
73557
245950
58657
246272
229904
186882
118420
329016
173227
33829
78154
92388
98886
375045
104373
27452
195438
263770
43626
158593
364743
22900
103218
43822
83683
24277
170150
102442
39468
416198
61902
906743
129323
37448
36586
225001
103955
157701
401233
74285
60226
91155
186000
83658
208484
207469
126113
72579
70453
103926
48026
208956
90700
170269
59987
24184
25815
172567
91804
49501
45296
76451
22933
50626
51021
471123
256449
49155
135073
80513
44084
245945
954459
197346
167540
88747
153414
285657
164223
617245
212885
66611
21109
108700
124826
184864
99440
51806
36347
94375
30258
48668
100781
299936
257853
511769
74810
61181
384167
58488
258062
62934
193205
138336
103335
90504
277220
91425
30004
40837
215528
104926
120057
362012
152999
36058
27199
22829
117652
115592
75858
29738
271503
41725
89930
93580
70202
624972
33206
104523
256971
135740
31798
197535
160367
24508
44426
60671
90894
30361
37758
41659
104164
261390
120062
170003
52163
106312
78244
79518
369661
284278
40511
61550
105726
44647
191686
25167
76312
40503
76254
136164
245207
33367
63110
250763
184277
25505
61014
119268
595761
245819
304307
148164
117009
348003
149322
394519
40367
21488
80855
218457
143909
51678
18639
429586
40708
160853
132161
48459
22145
34796
210347
126399
113403
86062
181351
207535
789188
61179
138095
24135
32496
130538
62823
294592
53441
50647
58077
25543
131419
267091
70420
33791
84596
371374
113417
38582
274168
162643
88948
31097
473999
157673
53105
22727
369546
29148
92013
83768
28546
137845
103643
814965
64064
33074
28718
34629
28368
87425
214623
274853
676960
36779
97706
30019
195992
65605
67646
143707
309897
23297
98027
278075
900965
42463
93529
58152
74654
21717
80920
559414
176404
37966
241686
140951
139105
25132
376463
331120
276984
36732
27252
25557
33453
58549
15114
111897
166029
182589
321022
30905
79616
91315
94690
102912
246302
40069
444257
41289
55809
327669
299735
348324
376570
219820
202368
296051
30907
181756
232862
330095
333740
67708
83013
133249
157925
40229
64608
120890
53667
16268
26619
113604
39723
49222
112612
377034
156833
49218
61991
308190
43807
118834
199349
81934
93884
128093
64909
165203
210320
36071
247508
22558
90847
56042
65572
93146
371224
24569
338887
39961
74707
32806
279980
47155
195289
152067
183002
99269
69722
49462
61828
208821
45152
196142
132989
70407
25048
42853
54134
500856
77543
312515
27310
129232
238361
114853
354323
259328
38086
395250
76408
52314
85100
364698
317161
225029
173969
63158
271186
315587
123663
229650
87878
348398
30773
136579
68098
376451
51339
27947
98840
165037
25446
34434
116558
35389
366965
134451
27088
658100
334929
395705
289813
16800
232228
31543
23229
21805
28524
69333
152385
73374
75526
72305
76175
303058
26443
129730
33011
92535
50668
32343
249533
143616
67966
203175
198612
34880
43559
28531
125369
264512
118506
34175
378368
45996
263677
218956
164676
248454
209493
429366
120381
247744
53376
443314
18704
240482
68297
44805
30379
41914
121495
313285
419860
156126
88693
47197
193828
42699
28041
370762
256782
78303
761330
43978
364655
151136
261437
153322
247937
171833
26814
272811
112468
199856
209879
158715
43328
63233
81606
255403
23743
25361
48507
58076
89569
352749
159279
218267
140775
130806
121651
438555
67094
140112
69328
99808
219377
371622
41734
29240
403705
228346
79276
176620
110869
105983
275773
47733
242129
36370
162065
204834
262678
18846
200008
24332
94822
69722
83396
552554
316671
305963
150840
237467
144020
108904
312265
205761
50927
530172
59647
119271
208071
304737
25364
347845
111525
57358
112659
214351
388505
258005
31708
113812
153717
65608
217208
28933
43555
141348
44984
157762
76097
98118
94889
37516
294604
113012
98600
58523
56799
85378
476312
139224
90217
453759
51058
474116
439769
107191
47333
94005
188708
99237
35380
103503
525467
175736
116158
54144
159953
228958
278955
86423
194530
159108
116450
336167
189248
101480
318481
110871
56174
116756
30798
227352
172896
122385
156369
28915
27638
155230
32583
215728
131608
237281
116295
177066
25785
116812
32898
96308
112475
263199
44096
37758
23634
326476
246799
135727
85569
33235
35701
119897
257263
26301
303778
109584
99947
154841
99849
122591
274813
691486
264539
181786
90671
28302
503719
595883
47771
226862
75706
29026
179677
278914
176132
33221
56655
185655
53864
66905
31431
106728
226947
70588
389149
481226
58417
216707
400885
135087
220810
345175
167243
145093
164727
248134
132947
324534
25084
36077
23374
721710
50396
304793
159235
66534
182696
40865
79116
36727
428840
195188
215912
31781
43222
301451
411023
45136
33743
16784
274072
343131
103381
66972
137386
103018
29432
43013
409488
200720
151402
276354
85249
152042
170222
34278
419800
342998
247617
122997
95315
26526
105114
25191
72150
78874
214514
260632
31274
530413
48177
158348
130138
52281
153342
146895
50694
177643
31895
335239
102361
209876
127053
306979
186885
24368
39599
164463
229317
42850
118042
155502
93291
49550
66504
334444
26304
76422
57904
192719
29362
549004
91226
230199
118017
45692
72687
275786
113536
352924
46418
138558
42372
134468
190018
71383
107869
207462
60296
57419
26081
27528
190848
22168
81796
254313
118921
66640
29542
171645
179298
119250
237578
40295
139167
24719
89758
362595
284705
29897
154803
282316
137167
156178
683627
73277
56119
27696
107999
81430
183975
142245
126175
33638
121851
127045
82775
43349
31631
150487
250853
63214
26915
499396
40557
241915
164320
94723
86235
203709
81860
68654
243581
23246
190337
99215
354255
95577
111995
221398
239402
27522
47964
229177
30972
84674
230274
132833
131103
76236
17080
94719
25642
176451
39873
39632
138607
123512
73715
284533
304802
176424
38255
180258
420516
192873
40277
111348
177818
421676
215409
150742
263199
45380
72379
86538
29109
69066
74628
85114
180117
28610
97914
42183
163618
75777
98807
429749
207572
42709
113759
225382
177026
253840
319367
44295
27464
377876
85039
85013
113507
130960
215219
54708
79625
64670
27517
237402
227285
146024
68680
95899
219838
172208
345601
65798
88917
340989
37281
311076
218015
43558
513008
173381
79074
58806
33335
410813
41393
344828
34272
64009
23869
58967
151193
84962
70535
42789
46704
237660
97329
336662
250020
256695
270382
74944
315041
137452
46567
32058
42718
303392
203541
132293
22111
70145
139277
200997
101255
116431
70469
361548
145680
26743
51761
271942
399701
20303
328147
68825
25036
180410
51912
20169
204872
41744
371398
206966
19013
28281
134805
120195
164858
147851
220908
103322
40635
18873
155370
129591
34245
168053
23895
63251
136573
248351
102562
105089
134095
219315
124061
24411
61955
168879
140960
29194
78437
20855
600369
188143
41046
146191
35087
261953
33998
144259
111418
65343
154782
144040
118051
60236
98983
143376
221751
98335
254606
46782
292060
20105
284621
27470
93941
30002
51247
134092
131869
95720
26878
293329
41655
132578
225638
91193
107088
64536
206715
185707
77601
284862
31821
216199
403557
65697
22532
349039
30451
508401
31705
261116
24874
54578
16780
152217
61791
94015
453817
328980
102500
78142
182860
172865
585131
123674
176779
159819
33889
121743
297117
123843
32314
148545
15934
277038
148100
468459
139999
127802
21537
108225
201782
251575
195496
75443
245476
115427
423826
283967
147808
71976
24007
399988
273565
183651
99455
417963
74465
314142
50468
31989
102831
119831
168660
199196
105903
376518
159917
251362
564793
88364
202930
239328
25255
28991
98696
59298
132186
29253
33943
99461
218000
43851
82945
310693
82033
27975
88718
46660
22432
442290
519958
85055
96095
155931
71669
70428
116218
107513
30868
135179
166324
45684
20683
166676
52737
21241
133278
76593
22408
173551
130545
59483
153885
42367
108855
276270
29981
201937
93683
389170
62457
29315
43426
174951
28989
44547
240814
52096
18385
51001
248521
24310
46032
49432
95193
36196
78882
280003
156246
273597
30363
17992
470189
346815
85500
56645
86643
106841
580294
52638
115970
83099
217616
186835
31206
54417
185704
48663
68777
56135
55612
124052
265543
50898
121736
189999
101790
291486
17024
50925
207272
49221
77971
46541
444351
37609
136716
46159
149428
35774
243250
39252
310522
86985
30714
194846
177783
217343
104749
123301
242510
333828
562418
25044
60776
52623
109259
131622
268702
236827
329441
295900
618994
164067
47345
152740
114785
44521
64622
229211
143734
1147599
37686
102399
77582
37540
172301
22693
78299
143347
149389
100810
157733
42867
256451
171858
255680
27199
296605
263650
232340
270680
110947
321294
25622
54964
57873
138012
23631
27242
444308
59273
39286
240331
127160
434835
49809
306669
141333
79369
574416
54325
95502
120187
26352
41167
89590
49172
117890
117776
37026
56444
351169
99343
76268
72256
117511
170991
26868
81716
154635
61548
66737
509221
24782
261043
118509
123171
530432
30042
231335
82051
96340
86392
32000
191578
41833
99911
22930
32839
61399
70890
294373
76654
223907
102923
54568
320961
64187
22661
63209
51965
21533
284607
170476
38894
29224
72918
123510
58618
75402
260288
200713
387492
128605
95932
30048
282034
34596
32125
202888
81123
71407
142742
53334
189900
110802
122789
97080
173682
232724
135654
340384
319530
127303
210709
23375
78288
51270
187405
333674
106129
43420
137864
74503
22752
479212
42264
184417
243568
24696
78895
30156
103466
74691
62161
26920
42654
352999
284946
102812
27278
95210
314824
162412
215984
376215
91652
187569
27515
74971
93531
385516
162813
108618
28583
79620
130604
53823
173808
256759
71701
64957
54472
116077
44163
201560
30572
98505
181615
112087
25895
48011
19138
56372
39492
159111
40876
50484
182764
109234
184699
29232
43647
170246
64796
106826
74048
162213
29581
97812
49525
130302
56812
36438
48168
207752
77778
158910
179356
369103
95930
85746
67030
61936
233823
78760
327997
282548
80702
165889
123762
310345
18968
303628
31358
11321
153057
220213
125435
56827
245483
77309
429527
88022
108148
29723
75012
61969
70246
81823
112778
168388
272692
310328
30644
151095
748722
77488
173214
34791
166344
119812
32362
193316
62508
41398
71097
286588
123460
99830
777104
26597
33690
52501
56049
179924
231322
78732
248955
26053
89094
242300
177805
198415
22309
131825
256939
65096
20775
259657
35677
44803
25681
29303
19338
22014
400491
275623
93748
51842
36063
384566
241286
273810
134256
408522
46942
378586
35844
125763
286892
46067
106157
236718
660568
382521
132829
21587
481830
325927
154176
24181
228438
134981
106141
245675
226354
65023
47419
307473
155005
61345
19408
28524
166779
244050
53791
106052
31803
119127
272615
142426
99399
86724
173292
68143
105858
180436
458422
250179
611268
56150
62114
220653
27127
122836
110839
30242
313718
130226
98456
249725
112322
223116
36619
33422
52668
130459
121305
229763
21856
152447
199598
39318
70461
205312
25814
303627
206600
235024
68744
103002
63427
129354
326281
81231
22431
40978
136511
170948
143964
36863
41351
29125
152663
425264
320331
54115
163123
130348
118724
268926
69048
253217
125396
111111
152887
116158
79050
36258
72541
93986
217521
114796
383479
480301
257434
287820
46486
140938
218440
475434
98309
96697
47613
45365
152627
28782
63469
114645
91182
343892
115044
27159
116588
223643
253348
28796
24340
139334
90184
63770
148825
380628
332513
35294
124080
168433
163341
95059
25545
146282
27262
333975
77581
155919
143187
29799
38916
58159
161400
227312
30079
133462
39243
94200
25836
154835
194223
36640
74845
71135
272740
111533
59315
59886
158197
105008
93551
157393
274474
105103
91792
35751
121660
203090
130626
26795
56599
70784
119412
307456
24330
100594
22515
58406
159936
114589
453660
24461
39568
27141
61494
54195
151891
43832
184887
204851
540218
209377
156734
91769
149953
115429
36258
485755
35425
126152
563569
150991
79172
153442
223938
97546
33390
81896
36549
15606
145047
212469
134296
86135
28240
43738
387164
210685
395807
493507
111760
154000
67495
306336
194289
56125
203146
89712
143161
19058
36646
45409
27875
103445
86987
95840
281201
84002
61284
34864
158989
74637
79635
84134
122399
223764
185706
257680
66821
520787
401790
310469
193700
235851
138786
158935
76320
536046
73930
65987
92190
75779
151455
94177
27359
153251
400833
78801
139893
422985
128067
63308
218284
169368
572296
98352
90778
154967
56784
90174
266986
58052
70173
163473
433832
145888
29108
332894
21799
132414
124824
143341
69297
175366
211664
151057
70567
179270
164641
175499
65817
72961
68154
72227
25475
33075
240079
133634
191547
149678
176665
72368
62253
172812
799658
72408
47529
369860
144042
28112
481630
63750
277987
68629
20517
180948
309357
195003
99698
199745
55113
52329
101256
84562
280752
248668
154756
228499
125638
100039
56638
20413
523102
115957
227386
26802
502976
96190
244090
177191
110552
103794
108279
62238
105128
150653
267859
198333
178113
28903
59668
193699
275881
123260
29075
116332
124663
290319
213458
25120
76118
234510
57280
195029
109401
73132
79885
114819
26093
77840
961046
427504
75703
162113
149988
84914
26942
532963
179213
166648
107851
136104
166412
149226
29796
56270
172484
57007
599987
85098
58278
122065
366644
308342
198900
45359
782401
30287
24016
115724
36262
321812
108168
59240
197940
129701
652359
228936
355289
135123
26663
122340
125748
159480
332838
197530
39021
356675
159125
93380
64582
92468
104165
35067
224446
59548
183931
198681
111452
32835
146444
60163
257149
98994
153765
209791
39046
632151
99339
37891
53068
159275
65882
26784
213298
87891
116724
164787
279534
119131
24555
116738
74902
92545
174004
427504
22890
91655
263905
77457
20182
161378
163269
164603
36627
84452
427941
99557
185955
76128
315395
279155
30397
179006
175080
29554
86813
70103
55154
29196
142803
48348
23811
105080
398148
51405
462059
54967
81188
19190
52518
148933
298295
136034
78213
55698
60054
50441
330781
167739
209969
567836
238261
58726
44760
36455
50851
707857
187064
304035
222859
24043
31440
100353
178251
51724
447428
62135
405000
117675
64340
144514
211336
96849
151262
25671
22849
400602
253620
33388
241390
103320
58430
88675
60069
167896
131021
202624
36571
199617
165868
115496
47153
125937
151565
171379
171422
548620
131586
59663
427771
111521
34114
431296
266151
223608
121571
109371
47691
170251
268306
86000
57356
136632
152065
50299
26096
19656
50686
85297
192314
136416
109786
623880
63969
227980
183013
127090
140401
31780
90727
82314
27380
164495
44171
32909
24985
99572
111839
277409
281068
927417
100276
128595
35743
35126
28740
414900
31918
23473
55379
211588
552198
111369
349201
97846
256652
368211
199237
46218
35974
436189
48899
48513
17279
37694
40665
150323
249701
24031
427776
51903
24240
29523
44975
52874
204406
185958
34557
29882
298424
243452
148326
215108
67743
144525
62980
64835
307732
400421
41781
53790
716858
95055
67037
58759
194329
48321
101136
53100
223078
224999
281746
154109
410834
107882
105391
169558
33436
87504
459717
23038
247712
25901
120041
111219
244601
156225
63696
100170
301394
296393
61548
78082
190427
292757
135269
87338
197887
260914
400172
364213
51585
129122
20193
164966
17207
18153
230595
231273
129782
479328
125812
408954
41464
178950
35939
115140
193659
21344
59533
55638
214345
137777
121902
197398
129109
156791
67937
31781
240503
72956
336114
151776
102741
315171
37111
39041
25176
265818
373107
266622
283925
225550
21988
249007
345067
108453
172742
129656
117709
214202
122380
151672
434660
279334
187669
139892
135819
24710
32634
165628
86706
45458
605193
306219
367114
39492
315008
223679
177168
92893
214880
140747
194222
247461
69341
381377
37293
33094
88363
186459
73456
123376
82309
374852
79147
176451
112676
27617
606887
247063
41537
68619
146143
346550
330047
83559
19062
70985
216823
113052
144160
245980
364572
50807
61769
51985
293399
243147
75321
87213
143069
47498
27617
67056
167369
183094
414954
20523
264429
493419
283103
158605
187169
78898
137728
26735
86763
559827
76317
104574
263591
139175
107950
48576
170745
83574
32629
116384
246798
143501
94246
94320
175618
170482
129958
92538
459964
24172
187490
155823
48811
273266
32056
47573
24186
38445
53920
162498
504760
34518
35852
73001
153870
135201
103658
94435
86084
115251
196545
159119
33852
184410
87624
266087
80146
44376
80967
177111
106418
66224
27339
65417
90166
85523
293153
209124
23318
307645
201740
30729
177474
380512
30994
28865
97402
448761
394871
67302
180077
237194
66547
282452
275471
47701
220537
359718
303695
249717
391564
52721
75589
31624
84442
110115
485471
149596
65428
83940
240932
219815
27105
84220
534469
28410
66420
715248
49497
58525
25748
619235
159724
60040
96876
124993
202447
52398
110643
111146
167131
166728
114642
95463
127904
120920
28796
116796
42841
93755
122362
63760
82274
76657
32329
168711
275520
159758
31625
50576
230030
90020
215790
101547
145890
43002
52882
468639
118393
86303
83095
29191
35001
178706
140996
239106
187386
401622
105632
143724
326977
689336
355515
36457
117365
124296
143086
121547
86549
87006
583876
354590
349356
231152
355016
126006
408327
34111
128020
55682
181261
113679
360968
35985
153129
190085
45745
150596
90813
91261
245038
315621
170215
51247
22806
124118
273446
45057
206659
325628
53675
105561
35037
96797
101132
137904
22307
45367
157549
24725
268233
335956
147270
131902
20794
96088
101127
168132
172309
342392
23998
98636
86088
203010
96940
77267
17264
155385
48392
30526
30651
178777
75768
93224
487619
26829
299364
153774
170392
340584
195821
39853
378852
252672
187386
230947
51055
30773
206109
204741
163649
75158
26506
177464
394244
50951
46372
235668
66133
146384
151393
556980
301133
255891
99486
671821
21028
101751
202250
145223
295662
72846
138690
285035
235997
34126
231706
54531
314373
88340
184282
94850
30180
22060
232128
610185
245420
91831
50957
154849
106604
242880
197323
209891
146814
29174
89800
22923
213387
133533
63993
107032
198162
219855
23135
52118
104282
63065
107548
48083
130105
35539
93714
138820
114321
213293
65551
161433
59880
37439
187581
113846
422862
91430
64193
539983
228716
65711
28433
157510
119145
97666
189006
56846
588611
160344
50699
38346
39358
106923
188140
106983
58721
26541
149761
54053
291057
140477
34664
174351
232850
75125
210848
38068
85286
74804
66588
254559
277959
33507
123091
24970
66356
212642
20034
359262
309310
162593
92269
257900
22115
251037
237523
34198
61299
204573
49263
265464
118382
105588
25873
185966
92540
149239
210727
135929
75331
24512
527024
44953
241326
278414
64168
43285
30560
250521
29697
143736
128670
256654
28397
22985
30409
326705
40123
39589
22686
153575
336105
285788
195158
318064
738302
37160
40762
405295
233800
38343
54154
70078
140628
163140
18363
185505
61262
64116
51344
144175
26359
41499
40726
118910
235966
105327
298160
173201
58774
391863
98015
223078
163350
172569
62776
32254
106364
155676
288184
102891
52552
269902
151059
71435
70653
113699
67567
63957
238514
60607
80028
35185
467137
140432
154736
341620
18653
290763
189987
68315
140969
81316
257559
157345
154678
491788
65083
34246
26383
67273
101651
153077
141511
26277
194127
139050
208521
28745
43409
32324
285086
136638
72376
376270
165434
86648
276794
131173
121516
35274
31940
46384
163744
28323
436450
83707
301597
139970
36185
43264
35755
201402
38136
84374
162534
31439
107447
38123
30310
97231
124023
427988
98002
44770
121074
50419
37283
38096
35707
267043
32195
201244
263331
109497
262801
395097
250462
144792
211138
34184
33227
46216
65416
537802
205522
164532
51489
108195
27650
172829
281368
201731
161093
258535
283383
74671
159533
652187
172760
745150
215628
101276
401975
35460
91242
57232
89460
28222
101261
140196
151198
140278
138526
118032
338805
94091
170977
277917
262086
23545
399486
153192
425755
142617
23662
78617
126669
152367
23086
86147
105597
57090
133083
89892
62307
81230
163713
143076
45063
160342
348829
27284
34722
289000
131361
120993
142624
27930
34700
150152
58277
27946
190353
33945
54045
72668
53420
57552
270575
76879
371711
45919
111719
65447
55813
67744
280519
363705
173096
166051
25218
24942
47037
187911
35741
74534
70223
16366
129086
77853
308291
227749
24948
176652
28193
391495
286482
803413
206579
79786
34648
216269
83808
336588
32832
142022
44162
178246
28562
78391
177642
26023
28832
111112
43664
25298
68652
24922
182728
91314
235194
166148
175779
116534
43412
90988
278170
24946
125394
112525
28596
79704
72250
29197
25670
102273
93015
119368
150199
64149
38258
56993
378054
214026
230356
75333
90924
180480
339286
204079
122475
87675
108508
31614
129511
558021
38949
53494
28870
26531
331317
304716
489745
67465
137859
107041
159178
37728
199077
29618
128558
74057
199244
132978
191323
165818
41144
279995
205271
99746
131621
144961
66463
112721
127820
20210
510876
142608
95237
208240
65588
154712
57279
438287
38826
483707
44627
32756
299464
27834
211894
129279
231562
63509
75335
183496
41769
92808
112246
39525
117387
283702
169382
107879
25787
172422
107436
115774
395636
107611
46216
301261
409271
107171
458700
67380
237675
162405
272295
32703
122519
25303
265116
33987
49856
32812
56372
48815
93204
27506
184692
195420
149566
192906
90438
460002
27298
37480
66024
210265
212354
71151
317603
160577
23693
33420
78154
390386
32123
107611
279218
29305
48762
58307
53380
34434
46674
119422
137233
111259
100235
251244
95796
268109
539939
23731
122219
59244
61704
78741
231388
73168
103831
101668
108193
52329
60030
125041
554065
126318
29592
221925
41020
158293
127598
74829
109020
87695
49229
288529
38508
47628
200004
43773
141163
37160
80586
37562
43277
195121
90896
183003
215705
67848
58799
43416
132795
51517
143513
213788
83398
472268
24055
77550
79252
272327
124292
80987
127150
269480
289486
156863
17424
62002
26165
118746
38033
247948
108996
185080
113675
351138
191093
134078
260833
302853
94713
426876
314160
34353
47667
55951
59389
34603
24051
92532
27544
99332
406513
59924
111627
32850
332970
84957
249065
59207
228736
121931
171912
76861
23291
162632
70788
398377
309859
61697
261590
107541
363201
37492
274129
35815
275402
22209
259367
70374
240075
61819
119908
91291
74546
54806
153232
145315
106578
34208
163994
256422
254438
76780
251484
68330
37725
150500
103709
327343
80942
57633
250083
198496
124812
104650
79046
347416
137889
48670
112643
339527
76051
92904
103926
46293
154118
122918
52954
189785
241783
129687
385055
75084
409688
196164
57236
484558
236725
263694
239418
123669
106768
189420
340923
25723
79814
246344
242332
25154
37621
177338
270297
173581
45713
407013
64569
24054
88844
116249
68106
335274
52833
171253
82451
564195
313042
71517
519645
63475
312159
286104
43012
463034
157826
320160
113125
244502
23092
263851
264590
655624
77260
213955
162672
179582
261102
81716
73549
132697
78403
40454
106267
45268
63576
461643
114460
125995
53388
95377
24841
642228
282463
39629
28495
378199
61462
117066
37331
230776
50824
336920
129726
31083
306365
25798
74352
93000
95411
109664
64773
66172
93866
245093
175803
81909
64539
115652
125363
167947
151390
101841
81091
170929
20153
195305
151611
194678
38256
298305
23956
173809
70173
358591
126581
44791
83644
82682
221795
304389
23407
236291
65446
283811
21566
85723
48903
179980
31638
158582
132163
417788
235621
75905
247885
70232
150507
56306
206422
26503
204682
115800
172704
85832
68940
420255
102567
62059
278800
113655
99702
161690
138220
73930
204608
110904
118372
23899
108005
96848
220583
295524
242621
140807
160553
142362
24067
314459
385462
49239
98609
26709
61922
289338
68841
109348
90783
127475
386418
147905
219661
262531
188693
92837
161831
127151
366929
101314
460181
89290
506352
34361
67776
265084
68375
142536
99910
32001
121252
48903
431836
34890
263634
64447
393615
35339
99743
36873
14385
194006
64368
29311
81857
222096
168302
25703
45861
93248
46699
83326
312144
278144
109922
440742
107689
31225
103135
176171
26851
93162
188255
92435
115890
108442
233063
204431
144439
147159
65966
108831
185396
68680
59956
23155
249103
59712
80626
160929
46050
20042
76932
501932
27139
88349
284871
187004
276759
67516
86938
54745
92406
128405
158728
221263
339267
54407
91766
537510
198795
303646
64057
126772
26852
236831
506476
150608
121092
45692
104727
148424
84798
218318
52903
245147
83069
444656
47785
197536
30446
419203
51044
179370
384319
285847
33400
79994
25826
155406
17481
38704
217299
287988
83986
56232
371704
67658
128141
75293
58662
53489
41587
96390
168245
23817
318070
116699
29317
249620
105457
354367
169041
151513
25352
174832
156414
27118
33605
62307
274786
67190
84402
125219
103657
52213
349462
258786
229797
203076
34884
183248
59131
145667
33056
172169
36881
110802
104887
235001
32536
416998
75461
142986
46283
162534
66498
263992
70597
211401
71814
59936
71956
146769
34366
99839
262764
293896
37348
208917
72624
56377
140964
42928
173769
239744
21995
189108
138482
69000
26724
47499
55892
123255
133377
116865
471185
397926
60903
146703
102701
38950
65363
31816
32538
169313
429627
17089
30353
55772
52869
215464
126100
271446
187624
192851
412527
126168
46377
303836
136240
107654
199328
323209
72793
104664
59386
74654
28665
329889
36911
27378
224620
433872
50300
301389
142808
19912
38448
45604
116918
719378
95641
30918
68768
197370
46793
101737
25199
110121
109752
76107
220064
24007
123108
103066
48757
89287
155561
61609
95479
96950
25859
138930
325394
255293
31306
123385
91145
578005
311601
164384
151770
69037
34028
228179
106730
21537
31091
128273
22535
262754
108602
213313
281042
724304
80656
298624
27875
48371
93884
119587
145526
30689
196071
183502
38346
424503
30586
32471
316965
191146
366483
82305
77427
397054
293915
105543
220540
23828
23342
17415
200730
53322
133456
127319
109575
26246
20079
147279
225809
329166
55554
70432
38330
212717
157435
52592
42029
51854
53812
203625
138631
204525
22453
341027
113294
55334
21919
69756
24519
186273
124216
70060
41603
27076
115328
148929
103557
127504
217581
358082
29315
86119
44476
315963
26930
93222
185454
353201
208178
55613
41875
97460
111965
210350
112350
71175
52634
30420
94351
373711
158106
142952
123422
215470
160867
111718
189974
42536
115162
366389
174470
218146
180257
221473
82622
18901
62670
67170
200343
157304
87951
152913
79795
77856
263461
487253
51133
125768
22108
37093
42352
38535
45395
191950
295546
289746
110850
45307
188302
297130
98831
15718
675935
32762
96955
138526
34370
123157
334020
34778
91040
152653
355774
57882
134377
589846
199682
29038
507881
136890
54886
78697
125307
68673
28147
393822
39501
145232
511903
208130
93771
175323
57984
78381
135614
125117
178851
269079
279978
146964
442990
33246
108574
225847
95689
43950
108374
211996
34811
35015
172679
98403
203333
88550
47708
182890
31901
50636
138080
89853
31999
265181
78335
185864
416158
27064
39087
430975
368042
24178
90454
205578
270469
82957
186855
474724
77108
52717
410145
41084
242745
37708
38569
29318
22938
28439
223558
48018
372684
146639
137391
119710
126632
186054
67331
145768
452567
122331
97480
347307
395936
115882
50537
105084
455097
123098
28666
49872
152367
69536
210817
201733
81238
152348
113937
51562
420272
152161
125911
245172
460003
139339
77023
269951
284094
125201
60067
32682
118256
172657
24212
155920
124931
119545
36036
111440
371975
73004
470811
33754
73942
23800
64703
48577
411187
105870
107679
42452
108016
476590
169455
230000
57899
23546
259119
152417
47984
138102
178754
65471
40730
41085
187107
162572
81080
159687
72392
97328
115556
27107
33102
143778
156765
828155
80746
284431
112245
38410
134509
156019
462147
66567
73730
104658
39931
32456
90487
116752
19694
26961
84543
279330
40847
29926
39211
29508
52724
122783
204203
34006
71502
334858
91318
132716
254140
77729
52778
22545
410996
67559
254847
94135
295278
46087
165814
26976
631317
82978
56745
186354
127693
215382
244198
148199
87254
113329
152791
26977
56091
175748
27711
485862
51311
93800
322045
91785
22571
28213
588461
23658
112423
186754
104709
274480
306011
33401
159921
139458
352783
31787
160429
215044
164033
78433
272469
27283
306635
271411
215182
60271
180667
156866
53336
26137
38574
48760
138701
174511
130412
300180
77143
98732
32609
111829
391972
137175
80960
80007
180548
400938
103723
315897
53345
143653
26910
289381
55675
472707
30044
71649
55221
140629
311410
106695
47020
103818
133715
26838
262036
22638
47005
156248
31124
145815
361803
27017
22515
370482
178622
52365
322256
39054
22473
37858
30188
37561
199095
43785
19694
231677
51510
41324
22465
160014
54774
313658
22533
120676
227707
82874
26202
43392
344262
299057
239270
69282
342546
64864
70316
71739
41218
46914
108192
50869
58089
88183
171291
83174
48292
47179
318915
278400
17963
126660
566770
365508
259326
69396
26135
141262
33993
123906
715723
51480
90481
157111
238265
39307
143468
120020
130171
150191
25016
274062
268343
32379
88562
89660
53927
86768
35076
34955
41817
32647
39038
365046
95183
39915
68277
201881
62276
196510
78997
55443
36937
168667
31591
210726
126572
26924
48122
369834
253814
100313
25552
65972
156537
26353
201586
89071
52617
283852
43200
114779
73741
50581
330686
456296
166262
101679
385474
150630
41122
27674
175683
92420
171193
47632
399960
97314
150165
164719
40302
287675
378461
28573
103067
96306
31856
155468
225883
178750
21343
255601
34491
47811
280127
364297
29696
126325
60814
260267
24751
76976
334584
30475
233984
202921
160168
97418
131500
108048
128726
243895
159305
428657
28628
283334
173507
50189
28733
19174
27373
504460
116542
59852
159935
169556
51223
183310
179941
86437
40959
437401
113215
72278
28074
22777
70646
30331
290531
124554
34185
68651
162929
45987
39972
203955
45156
168965
87326
72291
206614
152394
87253
53048
112958
131335
121527
135595
76323
180200
120228
18534
141989
69469
56579
115273
196670
52575
235601
54029
152345
108260
23606
169477
393807
50637
369057
202250
24797
268321
98605
101238
153681
33921
28411
378594
86059
91147
198512
51597
39849
29151
194393
95860
21414
212950
37706
69425
54774
92006
188108
197146
188830
30320
202754
46727
170620
215413
15673
52852
22335
191225
107353
140209
51262
64947
23137
382122
170466
43312
110500
55608
51290
88324
126234
51008
20044
63935
357641
34691
28025
172957
243962
34064
46609
92376
58270
55987
115199
30783
94602
66826
54792
107490
118915
40052
103171
105162
73009
232058
268676
222880
439949
103882
164297
394386
40061
588697
256893
25459
253245
142782
88504
587003
111857
103210
177975
65191
102209
52951
52038
206968
59437
147971
97357
214992
480935
199636
93334
113986
256556
265070
159405
31797
249876
78828
457512
348241
39898
71713
41979
772805
29667
412955
268190
95509
532478
82718
60617
314057
123523
21647
101669
754421
34488
259202
163683
107667
72452
191387
452661
434841
260339
75666
90660
117031
193560
115358
142854
124522
206469
84268
154250
21740
166417
101456
54376
214021
433351
113892
74325
76685
66137
22982
248296
317292
22243
143508
170708
128059
116094
220795
206013
287451
30801
111056
24185
240712
119764
70111
430409
154581
112816
104663
182320
113775
37485
80035
117090
18676
162493
278841
98498
177858
46639
215240
78241
117368
130968
122848
89304
155592
67133
43633
58450
674191
33928
187324
84426
210086
374801
199484
105190
407490
200888
75033
95025
101875
83033
35929
41809
310300
123707
98277
52242
189698
284822
157126
34134
211439
81708
26143
91271
100443
202966
144247
174053
38478
96829
133645
137081
97519
36524
51273
123457
327691
264046
48958
123252
157444
86023
157086
76788
147751
331846
74745
133025
422723
38605
370293
28772
121660
25373
44087
66035
255739
38339
63350
29392
416596
243978
56386
29808
76426
41147
336553
23005
22601
96962
263630
54062
84407
58574
161232
97889
201422
121957
387606
164389
343500
30649
32245
382299
46481
129612
29078
314420
80913
38505
263773
449029
128657
134274
253719
64405
147573
211537
28791
33271
99832
37971
36686
49266
148818
84587
130923
133005
25988
47341
239554
233503
25850
36675
40212
341232
65555
97490
90344
426327
189860
30854
43999
138144
201377
431678
135353
29041
129927
493911
94389
20303
106167
162670
83073
70231
179991
174540
72191
89601
192030
175318
90573
77445
123699
117078
501790
30332
158702
313011
308676
60328
154689
78784
23786
23905
382791
25268
143015
116559
23735
17592
60279
80304
143634
59643
60520
84981
56444
31398
261566
88104
357281
74589
161121
180059
180795
460453
55337
228433
108462
576650
56018
32307
82548
31713
299995
100851
87477
79547
204987
103767
145423
177934
128649
97546
298494
182672
313821
58734
352329
85642
76938
326068
40414
47072
72907
68651
91110
22681
62205
110585
139138
30882
500149
160448
163910
218540
86416
398007
117227
138591
133351
300951
50819
168731
53107
69889
116813
20196
251148
32155
59579
103318
34981
73453
111933
117310
93842
67833
21541
259109
90582
161787
25927
181260
43494
81544
179427
54662
82675
61995
218571
260315
345754
58756
159362
205881
384677
86626
123282
70919
75246
110811
55486
74961
87629
25460
55703
94296
40861
138007
24526
107062
83715
25188
94024
45174
88179
226325
171484
115913
191121
689078
27638
64627
33260
484254
133504
137092
288357
46036
54540
120113
21852
288768
116006
150426
146721
204658
32975
103914
132389
147496
188882
186576
176209
113439
254336
27229
217659
238197
162766
320004
45270
74585
187937
27231
173118
255256
132999
41821
105173
75244
80101
188346
111706
378900
84941
567102
37783
174512
173261
56670
190138
49575
73814
37643
274523
219992
162570
42638
138543
47051
23042
22334
45868
140964
239817
78306
100558
362941
345408
21010
39763
37319
66278
177098
525547
94010
656456
152630
490227
127416
186215
236799
30565
211340
23514
28633
154198
102918
62483
345183
38383
136949
387813
38093
120690
21719
319824
145477
187338
33512
78057
108887
234570
142560
36844
191734
120923
608341
54513
39353
187692
165008
67038
178069
211284
189475
53433
190623
293288
137428
27315
72658
60012
128785
38306
152384
396671
287435
320788
37908
333531
210454
232972
54970
130140
58644
14733
226141
306635
324116
80264
221883
115460
67253
237808
121132
111516
205061
222382
156402
177803
407614
296748
360512
41262
763089
399269
581134
195554
87931
64561
118553
190333
190586
287774
111130
128066
111577
114845
287843
95085
30748
92623
495650
131073
101366
35345
46335
257585
28583
119368
231045
429793
20508
176145
337342
303871
41515
403829
35914
58069
20509
185168
157605
71898
284852
47524
131383
113836
39949
277439
431854
127726
113116
97964
18913
202991
99572
43984
169466
140447
100077
37631
98469
28825
362176
87210
43335
268584
78432
479992
99931
32668
100878
272175
89345
273127
88470
81208
30523
342998
37374
107270
30291
319360
170664
140315
59024
349767
490882
597009
80001
66323
276105
210037
59772
28153
31240
261572
211034
404300
39508
31072
197616
136565
41051
34211
31223
36272
65992
157817
235669
157994
95831
153438
61354
177743
161905
292444
39319
81909
48001
27213
604182
78911
28351
99005
178187
40429
180026
119590
281013
138592
130729
220957
44624
319726
87153
71732
68750
83666
377152
166667
252834
168648
44997
262377
87748
60415
84785
25284
202248
341706
121952
40294
252954
133395
243233
109222
70750
170150
138503
28582
213324
27742
177040
95728
18491
97649
35056
147374
30041
86369
319901
169318
82975
110626
336982
236361
82046
253002
137190
60845
64409
87490
205818
21938
27883
266327
21646
44870
328210
103657
56592
322675
80375
67126
92501
176026
27927
53925
253531
537940
86473
61182
335875
26407
101869
27396
118646
35304
201587
123901
219779
137112
133434
58324
142951
262264
241010
365555
331535
200425
66034
107072
124123
160220
63364
308066
79528
55125
282950
50867
239485
36142
38377
134236
386648
106175
545365
74079
26186
145964
341615
44231
357507
100037
22116
194256
23634
157776
22972
132586
169751
290451
139757
205520
111950
190907
215023
26402
27071
348406
28468
28304
24370
423168
34845
171318
54860
29474
298849
264024
155087
126207
31081
42981
138911
30090
71099
58621
22304
71547
51950
33890
236837
35604
122558
298612
232178
98562
49250
140129
294736
43677
105006
57224
94509
94264
101275
197066
394575
367671
27038
235561
95967
266731
231426
39352
202297
100215
36943
389926
307861
208133
176579
313943
216270
105860
210578
102733
218678
572184
23967
323581
375150
26947
25521
46519
25750
76624
304398
293283
751681
128929
30694
104531
273172
65951
304522
55467
32426
154484
300971
56456
26728
417176
88179
52715
137997
206819
32415
105066
348552
252429
41996
131718
297206
92633
235214
55429
79506
87910
48364
105441
524149
101439
234028
49548
45623
69632
62781
132517
194335
129972
344035
119152
47299
108332
203021
150219
597719
37974
416509
62422
229270
175225
236996
259180
125660
39432
245701
242835
36136
26780
80972
192122
121676
35067
26915
73752
41717
387256
121394
185953
55394
84575
33385
104785
266882
196834
23082
155505
85419
42006
280562
108535
130969
163332
30497
164423
37810
81489
38272
44503
273839
51937
419633
71243
98194
77789
24677
462670
515567
126887
144488
181945
281853
43514
85103
29997
241438
101422
85604
57578
477187
53250
1211521
161509
164983
59761
453697
69003
89743
321021
33382
96400
280065
480399
249473
45902
255781
25452
64228
287369
250979
147046
29332
238037
22592
114667
26872
83784
95972
18593
36051
114868
142353
243635
90741
46181
52735
184869
163905
368036
41674
54847
65386
28096
171692
217470
243901
118328
150931
437165
98050
49339
131072
58276
280765
29214
188150
29204
357605
92726
321560
147602
253589
104531
383781
137438
102866
131724
103561
195947
72031
200631
113321
22137
220127
129922
53260
147049
135603
55324
27858
118319
303149
49859
71353
490667
180676
221405
226331
26317
482020
104716
137207
211539
33264
162542
142177
81902
245771
289767
151639
263545
223885
514513
31120
257543
688795
151978
33567
56813
56839
162681
189482
28342
220495
56372
112487
304735
127924
107670
25078
144085
28505
69512
38077
29687
46131
168917
28058
321398
198485
78927
358204
105888
158504
43922
144199
21157
94869
244721
44823
444895
26431
247861
108782
21953
85376
22384
144659
107656
89863
210785
133062
243212
203568
177774
18628
225402
71411
457881
226207
136385
33844
133111
53158
173136
53745
144502
43821
142603
321478
130045
157467
174734
69241
31199
165849
60483
78041
78600
94457
91459
29171
78019
22294
183581
589020
219374
528971
113460
95164
47306
195047
247900
296800
195579
210081
781065
25328
38926
48481
175054
31552
61629
181254
339777
216737
271506
224899
239470
307116
86045
40052
160807
47337
227325
436571
30663
422548
500122
101503
358833
21616
719516
75575
35364
427720
730453
193085
112742
305713
81800
60166
85332
106569
212249
69394
87376
358639
258105
232750
328718
52471
318517
182024
62750
67879
111282
44430
253762
24517
59682
51617
603602
232754
28876
248530
30974
49083
34271
20603
140282
120015
39965
897016
36314
79898
248142
174621
114861
183540
252353
71267
271482
18979
140126
47585
136264
626302
24335
33331
278423
54070
190371
25987
139478
188904
133126
54352
356103
61419
173826
220913
331260
113188
248598
112814
84586
54929
86942
230538
372496
26394
75834
119956
126461
197908
31821
178635
139662
55495
188575
211537
205776
152841
60868
103555
127409
24984
221606
234624
40096
30079
127901
98095
61755
102350
304635
64201
435079
682823
35958
70248
187852
45998
27124
162327
58757
104263
63636
66831
51461
464885
114371
21116
202309
159918
221924
208269
104208
402200
47814
208472
43389
25368
339475
224945
76938
93778
52227
104007
103043
329276
92955
49464
73026
129687
31056
188042
228536
715290
45901
39609
30984
73300
157742
204801
54534
43051
120093
344241
137492
77726
55324
138895
100861
249488
109410
73589
219035
182510
54317
333228
24905
187972
90458
59561
148849
132915
42430
45602
23939
54708
147345
20530
237978
52737
148364
48809
328880
142460
35936
56136
78402
170810
163784
42504
28940
284909
21420
366228
32068
242553
90683
416687
75675
38670
65334
126984
47273
325217
58860
84996
108051
62785
31672
65167
38191
120866
104258
78260
144974
20674
93573
31874
49598
119447
167404
129601
43832
298893
278709
58439
154962
257623
210072
56286
156354
76949
80943
41157
46965
266597
209203
122710
391597
186549
123465
114935
141376
112031
103116
121493
34699
49130
103167
284450
268482
549512
29120
130824
475901
86478
23379
369877
21780
125357
23766
158649
157167
122198
62993
83304
80008
72480
22846
258601
173949
32337
47282
136197
152937
48859
19616
168491
160828
50548
138591
29215
164041
165379
89177
131953
76245
74411
104759
79127
484208
37916
24700
74821
30215
68779
27126
37487
13666
225188
68130
193334
135234
201564
67153
379603
52079
552102
155796
286481
79192
193684
29646
137910
154843
96653
46949
263320
68899
216198
145586
97694
121114
266517
247744
185436
250079
101158
212130
32843
33636
20844
84671
92368
139272
29684
175513
48647
68633
316872
191429
169115
157200
45666
23872
193670
98544
124815
25919
40696
38403
24394
70408
46981
32658
156973
143078
62857
361627
41142
133395
137109
57409
464884
280772
20738
439076
28462
96223
249130
70083
149419
293960
48539
29601
111114
51256
174628
123774
18757
449074
257883
41019
52065
305418
47312
172113
241808
79430
25590
294150
74015
51133
76477
145230
210696
396934
68709
122328
44798
43736
130551
323076
219211
140457
120814
47434
134019
92863
141567
234466
35367
241547
243685
201830
67661
341370
30161
175392
565553
120156
208075
210091
114503
115749
355969
25575
83570
39262
118960
66984
130004
126136
63044
40293
69763
40584
142543
222093
80998
64101
405386
93785
56363
52109
104556
22598
271969
79217
41119
16545
85967
31737
117145
74586
135636
73229
35169
78571
22185
75669
291159
359544
30110
227362
34697
24508
31980
120450
141965
150321
297599
222050
122806
162724
67425
22012
24494
63383
165086
73525
26493
195814
359639
126887
30672
128668
30528
164596
210095
141094
434576
79546
29607
133584
33302
349079
157437
460460
26663
32461
28141
124028
287375
346129
188048
143475
401151
25760
132151
325071
257462
72796
75884
105870
179954
177401
58033
33522
93456
353378
66380
197398
79259
193141
98626
159735
125047
24752
58770
211191
86938
108475
23407
259090
185498
26510
29947
57607
164448
27329
33562
231478
33239
45276
211893
438457
24460
326437
112590
268601
234117
64002
319279
134841
129626
45530
239181
163513
209274
318503
357702
22936
70875
242932
40716
122550
150049
454283
256586
124902
39283
30724
42354
196167
242057
144586
121842
274666
77557
35362
215392
51667
65707
30138
61806
26676
42340
212629
85197
159882
57009
40567
479389
57481
53778
105525
775184
57485
88026
227569
199403
135283
173797
28081
132569
35718
23957
196132
112134
571509
234808
269261
130857
147008
433129
138555
60333
113598
137916
61711
138321
97565
127309
155009
80292
136619
162595
226334
232625
94060
54985
275866
492791
332478
124659
44202
554045
412750
68541
332903
88201
87240
85007
360463
64409
40800
107185
87129
23031
164886
42366
216789
153020
127158
30320
82325
99194
390191
79318
186163
37952
204653
47884
150892
59790
488547
288057
163627
181154
178829
13871
18983
114636
50712
140705
212224
341209
45647
121477
81758
24252
49152
147513
384894
26123
52638
829757
182796
197391
156898
419587
220179
66400
220864
63058
68104
264503
341270
488786
27077
45529
37612
98214
18441
112442
201567
40873
66076
77286
38532
44534
204338
318082
59065
444156
70897
33604
223584
183420
258338
169223
30887
32853
42991
106224
126179
32438
36165
38076
24664
28207
28138
87578
169689
22038
450882
25780
74940
336694
35291
88606
65311
103856
112388
100946
150039
427940
176209
152630
67678
146055
364850
180423
57912
114771
151866
325735
562151
80419
29630
30092
24729
104042
428916
187336
496878
260009
71443
297912
94991
175445
184974
311641
67461
167860
183663
186478
75127
171672
31338
121560
75472
237763
37881
66135
85652
53542
584998
146872
81190
26643
106336
139706
21309
359100
127111
135009
267309
34466
49569
74812
34595
73427
493612
75812
374891
372736
57252
74452
71104
103202
174772
592793
157760
412147
134296
163318
27270
99045
252497
88403
96825
79183
99506
65084
472033
329469
34083
388659
24468
136158
169158
311084
20651
262835
55226
103030
36046
44088
28877
245961
144651
258206
62886
63255
126142
662048
130669
43622
193618
42133
38533
80148
195842
420665
33989
38900
157398
100235
238465
131920
34433
111033
137538
182105
202305
86042
115584
201796
30307
39741
46449
76835
533310
29934
36731
163372
26948
172985
96459
176031
278810
182474
90283
40556
29754
567455
57492
202378
107773
370433
287791
282156
119159
374138
90415
45523
194908
627802
34555
164326
192063
77033
49374
48328
92180
27710
87550
25689
152673
25711
72818
21373
131667
470259
11368
769283
69103
337746
63294
96760
325084
144095
50491
164795
55775
274851
53352
278233
24254
254967
38618
28363
257477
47789
20194
105456
64328
88725
321272
64676
172413
236038
299334
97254
188863
60637
78025
43551
45887
28637
37887
49993
54240
76035
35085
43177
100392
60098
104751
43092
290250
31233
36711
45547
138387
140119
82584
79175
211200
39842
24516
175958
40024
508489
157748
119781
137689
108104
724453
66054
140389
134587
40972
76628
129903
57463
111227
51863
98523
131618
250846
55341
49538
20613
267434
28629
21862
225350
29682
150511
358745
60504
63278
36703
97587
93974
795414
61901
56199
91597
66846
45318
28314
121036
24083
185684
438227
27471
44764
47317
27306
154538
150080
269316
160292
89679
327695
564216
321728
94773
182916
158116
670133
47368
137850
161829
67721
66132
205838
57760
210442
284258
80686
31218
32249
503984
108739
196764
370082
109536
119454
162713
187712
137529
813798
38993
199209
49454
66820
90747
85262
148115
129254
30952
29583
32288
230795
80892
71398
104616
27792
78837
57983
167448
66040
57748
97014
416381
107918
242476
186096
176493
163498
76320
235903
285053
32273
164494
79942
114955
275749
31094
384969
72266
132244
212791
320046
125868
172450
95879
51975
273113
87375
21406
166104
218363
117605
79282
22838
346970
117648
76136
33104
33698
84939
140364
27971
57199
291773
71171
77383
150585
56980
60492
312660
61889
24286
439963
200681
31505
20655
54919
39062
291012
89459
314341
139892
22106
57389
25818
94866
50245
191712
136982
151744
136793
562868
86639
298389
151433
86622
116613
89817
48842
146948
228548
30130
63734
54407
44193
243386
97958
441975
121943
734664
91048
33702
207195
166423
20453
27823
63332
31776
415503
108823
25101
47377
100026
42524
121992
48043
712086
217437
61718
267604
35444
29884
347242
492395
109669
33818
26719
98522
47026
54121
308734
290376
248612
53811
136708
325606
291843
283332
27634
247923
427777
283282
25143
93988
159548
169823
35098
186555
215215
31084
202073
285726
153969
137323
123662
423671
54804
95508
183754
135795
82721
31697
242669
165062
349461
147418
316181
170263
19855
42115
95272
135977
553715
67340
44336
514409
57560
79473
29672
43530
147389
259642
151889
51489
115062
158623
118918
439958
246429
66285
50403
79543
137158
45937
242336
139494
230085
64815
325114
51535
127670
502259
64771
104249
54984
21518
25953
22588
46249
124747
288174
179281
41377
29732
200437
341820
92107
263595
140053
83098
195460
28751
95593
223213
154758
108455
26520
38299
227142
157449
235397
44860
100442
25754
30728
179898
174927
103509
33624
199139
477364
243619
401270
147480
100456
95740
32584
40070
165336
43283
217901
203986
782786
110420
71244
85222
264393
94310
95700
110586
48157
64065
99598
90155
578198
264799
213790
68165
180274
27756
203095
94313
128502
233926
150721
382287
27975
158654
104544
175474
273359
59181
126798
24786
383063
60335
144326
32998
154634
23663
91041
72419
184287
252548
201630
251408
77785
381952
206827
109711
26872
34269
23741
16530
113711
221991
144574
176902
395306
153675
138452
293737
33539
387443
190232
57897
59562
307522
101779
318340
74954
67590
688390
366854
281081
175079
19139
171377
298682
30751
198975
23204
29946
39493
87325
116013
81543
110727
286350
30631
74812
86953
81228
37483
249300
53722
32934
354132
567922
161115
363037
73722
38277
215348
121428
32900
98947
22158
343257
23448
27427
326381
466697
79670
379267
107996
193516
327934
239993
29828
78375
231338
119408
57233
59374
76073
85414
91698
32565
61806
80452
74021
328257
513813
146749
119540
68352
248111
280856
110453
154618
54953
179664
354993
147121
173304
307827
62870
94312
39414
42660
24000
170482
248151
99320
25572
66105
49644
97807
111880
85450
18843
38266
224307
67327
149574
156294
36914
235232
106737
553951
162547
24111
95356
356493
77103
63592
234228
84498
178374
91926
116211
287658
71196
36488
27317
378986
313523
228773
305871
103101
41767
373524
89294
137199
176905
77946
152327
157413
89578
127703
726842
28419
450029
67819
251182
25351
113100
20623
113273
25051
173703
91250
86177
23056
161102
247390
81219
119120
193587
436232
25992
40425
106175
23791
27332
38644
33086
36091
170187
29888
700571
30803
410512
26464
137515
20944
117269
213881
94430
352775
86385
19519
112152
122410
489052
248485
450473
240025
249855
978622
32537
120512
36837
179270
36425
136373
67890
126936
28314
160822
67112
469132
47163
81920
24851
75521
67446
31956
39776
285558
210424
49584
21991
138614
104066
265238
118020
25911
207531
215800
340161
357638
23951
402366
198682
276802
300942
61253
546264
18948
306572
227944
447447
235168
93209
40073
173122
180638
268719
342392
352033
53729
24217
547863
98182
152616
26723
87543
44733
172452
129681
76334
46056
177802
82963
63796
32022
117704
29174
20999
57955
81545
174592
272610
92287
58634
30823
118356
31052
181586
387754
59717
38443
41025
219941
44591
129161
134468
47744
327117
28483
70493
23385
23026
101077
38470
361998
31493
84421
29597
172373
395256
55596
157192
53030
206645
51551
275769
75299
57348
143801
364807
161911
300883
396548
68352
199983
27822
143293
49543
23337
77220
57101
78544
60840
222842
121036
298987
23489
269440
303643
40020
51317
14308
176534
38412
24460
45991
38463
396569
136472
136846
232049
77926
671640
39960
377451
299717
28334
287940
41399
100124
93915
28966
49758
91573
122541
42403
114113
81483
21779
32224
280600
222209
49966
229322
504215
220371
255691
182209
339992
227157
19966
71074
26294
274950
41649
63853
219867
130174
35109
94625
196171
345607
28037
105944
51027
175042
90346
225827
85470
621672
45158
409366
34193
269943
579173
95246
163985
26958
77819
31101
26801
154296
171212
293897
169584
150014
135273
32142
148949
151359
65225
45009
182787
37434
38860
61057
67294
45708
249168
28708
234369
368277
117507
37421
31702
144700
159235
97724
216148
26921
300523
57693
81606
410049
42813
57455
47123
148484
244026
30407
32045
96792
66855
158189
192643
49963
107233
102145
126291
30055
37521
221983
116875
194589
574385
46959
195437
23601
108079
426447
271304
50177
263353
142214
324047
449150
305380
194028
51074
78593
32682
33144
41645
344438
127274
148516
382463
70782
62758
289850
35747
113659
64124
20788
41403
111448
181325
188533
131854
51732
22116
43047
23342
129855
163931
210514
351287
220182
59994
96879
114984
66330
49083
235084
25830
53420
40798
233539
535897
273004
114148
150222
162506
136712
82594
40123
159759
151104
61214
22030
77147
139607
319934
653953
86801
51471
44200
79113
25735
55343
55192
49555
87778
213520
414517
56418
23272
131720
195046
456389
121114
34142
130176
85400
62209
435207
74432
225032
153395
133781
103835
156375
92834
328305
143342
63464
215349
102469
127797
38306
355974
349008
412188
428963
303995
304188
224584
26859
343560
98237
241164
81292
32969
125929
151256
115178
319613
254861
210437
111100
135824
676779
78287
88064
28164
154031
180034
54475
17689
30027
462384
42659
376119
167461
143478
81592
291094
161831
295842
69533
34900
115762
63231
78045
152931
97430
63537
159135
46394
42629
261418
295790
145186
42636
69808
82169
196600
199705
84026
53545
179509
135043
124601
177740
81878
51014
178764
60429
329019
53549
298248
155422
33193
188553
57977
414963
185377
90972
45021
64517
151969
68291
263310
188118
176055
127046
146697
175245
146959
215599
125027
241804
175644
29206
36226
244732
65709
540439
20925
68816
19917
194828
183069
33756
102641
92849
25729
83107
184728
139970
46752
33087
76751
365286
84622
31134
36326
191982
168166
53533
59901
265033
134092
93851
29380
65929
101507
102126
188487
81955
44118
314081
99388
31305
17751
540102
157436
592086
45367
103450
129734
137283
188268
35047
102288
103082
142755
74827
31328
464777
158064
309596
26457
53797
163641
162668
481856
41631
290970
60356
74343
153183
25514
158022
213810
168119
62444
27148
49423
315777
464361
42224
103616
298550
35549
30578
51696
58643
101334
42178
34410
150098
356582
28183
125485
21423
163468
153294
97395
64080
118030
36962
53967
242164
172562
145232
208848
178948
78640
186599
78463
112009
256867
27416
74165
60172
139415
54955
25506
90594
451041
63653
218251
38391
35338
88319
30487
29140
91432
180528
78207
301545
58595
102079
189716
223928
47392
25331
243202
79731
69377
29262
54933
81841
62270
315480
186686
184848
220587
166850
104360
154258
345126
314462
28145
38911
42519
94969
384861
108163
104448
200908
178607
70512
28461
133881
113926
34258
109706
70576
492453
184310
28716
22070
74318
129609
300052
31993
191374
483163
81680
66483
29283
59712
239531
255035
83556
86718
264913
186999
174785
70598
90375
95163
176206
167282
31406
216575
114773
113550
261396
357210
43150
203547
101713
141246
159221
242519
97958
94348
107390
124522
82362
104426
225997
223437
29022
422121
405311
86313
38753
130569
151348
176184
74093
47100
62419
67680
223275
253116
39768
36211
21359
26343
104488
106767
282002
485806
80864
232483
154269
68801
25131
37143
42083
116285
152622
151352
42294
33675
421124
28055
275778
26909
56406
29437
135881
208145
157385
31191
77573
128817
90969
246098
19685
283455
513266
529385
100792
49838
151608
90437
117947
145800
157901
85647
68020
95905
265275
63955
198474
42979
117586
188491
21562
65768
90919
180436
87070
497604
92749
544509
201753
87428
224178
115055
24322
194534
87122
59767
32263
124878
30579
28486
107514
272382
24195
60092
208865
81485
690686
32062
54807
229106
47583
72731
326354
98473
107751
126199
157839
79922
36738
46210
472368
38160
117334
510490
52423
321320
33812
135623
322772
78103
23017
81896
78206
26723
85372
538575
205203
227130
57342
78497
25143
157712
481121
81806
243659
26061
31660
150512
25146
259787
311289
145961
81377
80623
111618
343839
51716
141615
213816
58737
237059
174287
176793
214077
757981
58542
143666
49188
154269
144595
165258
143898
81949
501704
23283
218930
29476
205293
128297
57259
42603
20440
262834
618822
30771
323734
84662
112347
25919
35040
157128
33108
111247
92678
55907
24950
130719
40963
61289
63453
34441
57750
70840
35018
157283
123359
42869
97804
31308
43243
96968
123009
97524
283706
387722
172022
190595
793657
171450
102501
181663
30602
46241
143210
39540
335495
70983
41623
115620
190604
180134
210597
69755
511798
40976
100900
90068
203154
46066
224774
231335
107354
26661
66830
24523
51183
29715
135241
255519
30285
269963
113354
43601
28451
232252
132484
89869
146450
48499
183333
256001
131326
27111
32199
113665
37165
27399
23673
397529
95695
58834
32097
152277
495924
94588
82080
48376
63381
353214
43440
91940
71703
81227
213122
147814
100804
452866
77293
100351
195196
190057
27662
95372
397048
148027
71170
38097
26506
160809
90973
140982
184907
46698
188389
23293
43031
297966
76307
152972
60406
559574
56531
59122
34795
52528
20909
95516
29825
502278
91850
139320
25965
246017
212976
86455
52888
196988
30920
65527
187033
92160
115234
61366
286175
333931
43428
27535
51496
233220
545724
39070
26713
221010
133684
151756
22756
162678
26812
129483
120354
289288
456786
1087164
28798
49117
41568
27310
82419
53151
42032
66859
585517
177182
210948
62595
26282
208358
191237
229554
134249
32292
140328
63556
356030
199677
67755
27389
28844
151336
34134
107548
83396
353599
60167
76933
73437
98013
29431
247160
318257
52974
28851
45434
26272
120561
30218
155600
54442
122856
71174
141303
25769
35013
214286
68911
294949
73933
645564
58801
125958
52151
64079
84951
63332
29290
224311
160643
152244
39097
78153
171121
117003
188986
200290
143245
51825
46676
98836
550926
62355
54868
106386
279799
57728
353082
24633
103692
73043
174965
76342
265856
160412
28106
39488
73414
206077
36201
91624
150403
136974
204662
81131
23212
86552
150666
31144
30198
218960
228484
125819
180306
84590
180330
33764
231960
55303
313093
317618
69066
103732
209446
218310
174826
48848
491630
109504
517608
25730
170241
56828
237288
74654
139858
389115
37536
190346
170808
30821
39221
83942
81873
25807
66506
33091
262381
491578
54926
61907
373351
278601
260810
56867
58845
121615
123195
176125
316990
77352
279850
76915
113546
188124
117811
130744
243205
256634
65694
25332
150884
63412
284462
196786
169237
221708
47262
61279
242405
33871
64270
269080
81527
218328
169476
64085
69899
27411
134207
74877
91335
188863
263415
75354
217028
380609
28035
34943
280889
32863
26458
232499
136886
35950
235696
130394
467541
92221
111196
65817
130103
90639
154160
216902
208937
112267
87991
110872
31302
400391
99096
60326
175222
64524
190840
55757
47183
48280
40381
103608
245238
278854
147135
77752
28278
245260
392101
290823
68852
512729
207790
21076
186246
311296
250402
177051
301255
103320
53822
57057
34732
98347
233518
310898
226950
289156
155025
234003
531197
110365
40206
40065
63959
28941
134843
42899
337223
88372
23461
163996
139715
25347
59697
144658
28031
108528
167584
166189
20454
26184
30180
33627
223325
23373
167692
104575
311151
319041
249382
117156
355492
525687
119546
190628
70122
166512
40926
40152
91789
52740
28672
96198
76288
442183
197195
201287
91061
41587
177840
738379
382523
504373
290295
55510
27760
130002
236257
31478
87989
35100
218717
117362
230143
87146
41622
881395
209695
150819
28108
51031
475449
471205
64283
24825
139214
49958
91471
197490
118374
46633
50671
62981
51707
36417
100544
64317
18314
242935
279616
45331
68900
54149
941649
90950
169281
24826
86139
73697
244517
47172
32593
186761
370142
177919
39344
106720
113339
79544
174919
86598
40900
82303
63270
310839
71006
21796
209438
38252
64559
56545
65654
40883
103535
60085
23774
395562
144319
111519
66812
34467
198379
263175
444060
52836
50195
70445
155221
158156
38349
109229
110671
109259
224618
150418
25036
293634
26464
143823
65080
43769
334480
89703
98736
350709
46257
29589
19893
95558
416412
355243
265844
309223
383765
399502
173729
53418
358927
390391
82170
55809
25992
53907
24076
35277
30195
23726
263798
305996
41471
25637
192466
31941
25678
94687
302576
26847
27507
57590
122872
206652
24639
116379
56587
260046
58681
159014
119516
23335
37581
110028
26907
40703
25053
27107
484321
81325
343083
391330
240554
32509
135481
255821
87374
51302
50180
56733
29327
142573
104263
139205
608505
246020
37285
42514
30609
231971
95474
22203
34482
189767
175491
183078
218439
161141
52540
244150
29596
153616
97394
31873
123024
123063
209347
35842
350596
452765
303558
85237
212344
153343
239324
346983
377814
402560
39578
563516
81530
75422
119471
223501
27934
48061
347513
95167
75785
81043
820168
130490
230513
135729
29287
69558
103527
156646
66628
132491
109552
32547
186306
72387
21855
328847
72139
26185
37817
264079
456734
52816
242220
465747
215555
387874
104485
126343
22508
83365
238877
140645
70733
76901
38506
503792
42888
53962
32075
222220
240882
43366
38207
152083
429507
136512
413681
66507
139592
328732
74122
117672
62647
187555
185445
108893
118237
70366
47600
41884
219697
292550
376765
30470
123085
94857
245525
73651
219605
47710
106036
436553
189184
333315
30351
30376
25941
84302
163296
66258
50486
77698
38502
108226
135247
73240
60556
77539
261266
54389
28347
35565
212859
19406
182055
36435
51426
47770
258585
106182
137801
187971
159344
28619
50444
61630
80418
57583
36617
123614
145340
174263
68016
49776
61079
93459
120615
32332
32112
35981
209492
746486
24208
33106
82325
178686
120502
56194
40083
106159
298990
47174
311822
169016
217152
46662
182374
28711
39070
125950
438856
83862
62738
462209
48972
132420
73269
25152
37432
83706
38347
23358
179954
342209
226082
225404
7907
205757
52858
114634
122244
265115
180026
44898
135230
21647
115596
73341
619877
176378
237996
124770
203098
238118
74193
24659
159923
167751
227285
25380
65273
229673
24244
227892
479272
41407
100532
139298
49567
125784
44625
384969
73093
105952
85783
38561
84810
545927
107617
67862
78959
134924
34060
200040
49017
28898
61169
115926
701308
183211
49819
31810
42854
299835
62421
275582
559778
231739
34099
38249
94621
33541
31649
178347
48335
154442
266977
43110
251772
28367
65197
44083
128607
82107
68551
129000
287051
279458
79053
76704
135865
90956
49998
19337
56553
18237
73051
49277
54851
148584
103896
33736
366976
46608
67201
235741
152935
158276
98911
43327
23760
126814
140564
38643
127259
81883
32256
244070
266619
181716
244673
33879
221013
439193
45857
76569
29156
142178
293896
43904
323498
125733
274879
129233
27011
162595
143125
24399
27173
34166
161534
165674
248591
359624
25450
65591
144846
82394
28380
38307
243283
51414
83519
26272
25252
27086
221892
38719
42138
143642
146534
199099
124634
645049
76399
152210
270283
23413
25378
135188
29893
24048
149436
50681
313083
35662
71063
55242
177866
108223
95506
145731
95824
102973
31668
69340
39536
85449
59844
58520
171867
126395
29423
75298
74289
59283
25517
55833
298020
213884
44313
239459
124817
109215
162480
29732
149857
83017
28843
82618
69506
103350
188085
498121
26269
38212
238074
199245
541613
40371
199724
814723
31871
38630
33214
108471
172737
24078
51131
117275
212228
33886
18180
119639
99599
24672
257063
193838
344583
298109
222205
28519
92840
23421
61495
108801
32975
31274
176342
85771
500278
215512
39333
82248
241199
111261
123701
28769
26575
147328
132587
30812
39002
38124
34232
141122
193922
36048
47272
112681
179701
71682
26917
223271
150928
93536
87618
148994
52369
27460
1063725
64518
30809
90078
135932
42331
31015
266199
83115
42056
427785
33159
36272
42200
79471
198052
258440
284082
58385
103443
115535
55339
70586
125101
173125
28580
302021
191301
138505
370664
70985
149977
713210
335055
102374
268881
276479
26921
132196
24098
31586
284458
177185
32001
17684
47487
18012
708581
382725
29558
36971
143505
27464
82347
57396
29709
50053
350381
151169
67222
496663
94060
250567
125655
26255
25960
35622
77944
40858
316317
113367
99315
259452
92260
422697
22128
144287
57686
142370
72591
354533
106513
181186
33836
82970
287661
52022
113070
86686
120072
102957
24997
83582
33498
30342
248321
198204
168457
56151
49565
227118
45777
70966
117226
72863
39045
38722
162767
134638
36858
22268
45340
34978
425296
115513
526777
228347
126295
61978
124458
27503
34589
40022
453340
65205
159651
77296
447975
305101
63592
38251
329500
109995
94691
211388
74164
363184
178411
70709
105456
31100
209371
149497
66674
26142
175728
124074
281933
526190
32338
296736
478313
69999
52962
222054
441400
307743
122827
97958
630584
565152
303833
437686
107608
31176
97512
212073
154205
132891
43454
199089
511285
68889
52713
78864
138934
77317
26219
98186
80115
93323
43132
47055
74944
37306
228931
301007
133633
186056
90536
29311
145377
31324
64230
40968
342214
113883
59096
27389
105751
315054
91729
289708
58881
176419
64740
173575
97867
90868
123724
241942
199968
198183
282473
36955
71029
57162
265905
369065
80460
211407
381964
93329
390543
181370
660142
107995
71387
119558
100013
111902
102164
177224
152904
186316
282110
21764
60410
53377
123618
228117
119817
86746
255847
49074
219970
356240
24901
35790
198360
60338
27977
521813
52050
61140
29402
305142
168803
40703
107231
93360
41376
167325
23437
272861
431334
23957
117997
218694
185663
70572
42133
50735
21494
332849
36156
140559
230959
320303
48142
69531
308679
28198
616040
109441
77444
154921
119415
409511
201017
38156
126771
212734
40085
165223
37627
242956
197310
196475
54235
28249
98679
275248
72747
40362
336859
161775
117494
70841
120393
81936
66515
73545
49174
201266
61537
140146
97839
173864
249378
165047
23901
222922
240260
133132
33468
52014
92944
303299
151717
65403
276995
193171
43282
103569
45849
64400
189099
91159
121465
131754
38662
222066
90085
528754
129976
594557
146153
132508
47938
57875
224298
120661
220278
154938
295514
47728
39739
56226
168315
100940
110714
444212
136094
154284
142792
172690
28543
199878
133084
131510
119274
18386
231495
173894
333632
93335
20604
89276
44394
114958
38401
112420
333008
183446
141438
128301
88987
26650
37299
56829
23915
456388
512577
57523
41298
294071
41074
47870
142695
187716
82865
83756
27395
639160
81768
118650
286026
83952
113420
112281
290184
116496
37706
28169
46934
33107
56905
89392
97532
79127
132439
39152
28615
89215
67915
317313
69401
69458
281318
36958
267507
340912
247545
108936
164369
78886
110357
820117
39420
705184
107373
28230
47536
158485
54060
25633
101419
301731
162637
133075
108923
26667
408146
75639
808555
24799
109302
82066
140778
797706
28161
99153
212477
106380
58800
28406
54993
78939
34760
81601
183450
38704
137386
281141
378602
144665
87384
173517
298861
33809
263216
30039
374891
67323
133625
140953
436214
190635
179570
167302
306910
84056
331469
126205
45772
48494
29608
21004
26705
37436
103154
124097
35622
77488
231172
139064
81609
124782
208998
32262
76284
83540
29317
139355
189366
37011
379317
226161
189299
50289
273242
70479
412205
22542
186871
92550
41137
214176
195408
29901
176928
356980
65262
22106
164990
58445
194786
132954
145898
159486
395896
291641
54697
235755
200019
297909
36485
121980
708178
101784
163048
249974
45139
32762
183283
52591
342509
86872
278032
72746
169034
30811
79109
56053
269586
164641
108168
677999
152876
37713
369607
45446
222236
356659
50257
269769
103375
70600
291530
69911
443723
94043
208841
625366
363234
262305
108975
121850
74971
21261
113556
301282
250474
39275
46512
246009
330012
23983
75012
139837
226139
178388
59915
103282
236782
417490
137018
90020
57141
94874
287334
118911
22843
95443
172190
89474
26386
247229
55089
95580
25399
327054
430553
296566
55837
179202
337776
473461
74326
277242
89389
73912
82760
494111
60765
199562
155953
63636
301017
57447
683555
41020
19272
160173
26813
227736
209634
67470
86149
65506
21952
186506
181064
75934
98161
299209
803179
624879
237142
25470
167510
197141
59496
343032
48887
188530
38201
114760
107923
60603
216516
51204
114754
57715
78907
44158
67118
66322
65217
68706
87829
120753
78692
70313
44911
155774
411667
29045
245215
47939
198115
155276
167709
18160
83634
26734
92225
138319
425192
40823
41597
30815
134586
119097
39289
99212
202878
195218
186399
80420
51575
197527
81902
52108
42174
170079
180327
64373
95016
168392
44332
188546
238148
55691
145713
102175
53976
20088
24591
161461
96106
213551
191702
48619
139806
37093
55071
385160
103286
59203
372593
86553
23459
193713
32267
37519
519283
399804
217380
32196
113963
134169
339667
287469
71259
107167
59394
193313
237359
35474
115017
244990
295057
528372
213776
113378
29734
75384
57891
185048
89431
619353
447643
30446
53488
108582
168822
76697
220883
583428
176078
100782
34745
35420
51034
48650
185857
52542
332991
416378
384894
46977
44756
26143
71780
137137
295151
180828
266125
96780
48671
280137
395260
176348
91553
36413
123088
98886
191896
24843
92866
79374
96762
74696
142955
95911
267774
108192
80960
67859
88170
257708
64296
57097
38750
280241
135876
48433
43428
826064
45966
109395
281911
128674
193642
51137
27646
199209
427002
699817
257869
30253
21641
37290
32122
117215
123723
19968
148811
41588
197060
256256
148149
787997
21481
70603
456785
153929
72203
561769
127368
58788
103734
154610
122419
73981
65141
281756
99105
36375
110102
80552
59912
314250
337600
103665
33038
90968
23799
29181
35667
39672
41144
87687
527231
72386
74274
257868
115310
83675
148122
102399
239190
386117
44887
440409
40884
291620
149169
54455
403565
138048
83797
102521
146668
49645
139215
24746
70929
42882
21501
35107
40982
366067
148444
71157
19042
351102
56821
596821
406126
142086
34825
218362
246397
69650
106235
124940
74987
56285
64096
83715
28962
171828
150674
652016
21741
220420
53839
130002
148281
48433
128144
327347
64622
81905
459384
189844
100158
851061
310850
114254
221274
109301
166282
131709
241492
75290
17859
181143
158170
111845
147013
216600
393979
32945
60109
79040
87526
33033
41455
142232
96662
387025
283021
413699
28805
139512
645561
159703
28963
298652
58757
301078
154570
206291
204047
39703
34162
37167
231022
145866
95222
168676
129090
127952
286693
227649
133839
145446
176439
65516
227301
450968
313895
50934
91571
244527
116668
81089
79567
24833
31952
101976
165126
88774
100605
183810
192953
48814
193940
22055
82701
99079
20016
72077
84483
205696
67736
58747
24392
57993
309810
190938
21689
83815
30916
84246
204669
269101
74117
56081
140445
159892
225418
77191
125413
268021
300002
46082
234569
47320
102602
70185
246850
35519
33685
59804
156548
64610
72122
109506
25274
25512
169546
84769
52321
114875
86200
213929
426697
39909
22255
570746
91998
29563
262313
41118
16011
149664
241871
213850
418682
197915
85998
361252
25762
248452
469525
48853
390624
245843
516542
173474
197503
31603
77491
344987
323241
149666
112277
43481
40727
387970
32713
81312
166254
32248
70614
28444
104281
21865
225013
152872
345054
59428
104917
95089
194103
201803
27212
43818
95138
100935
191707
271471
93675
114605
322401
157369
75294
91950
188631
100670
70656
37485
148911
85577
32022
21825
484656
125380
88497
32312
200365
94415
26564
150203
62715
243541
154549
29619
49116
34715
58033
167814
126354
83584
38106
178734
102394
111429
172078
30935
169384
100534
262099
36471
429633
173137
79162
39175
54669
220176
18060
28800
33253
558125
173973
40892
19729
113222
251824
70828
169086
35967
257006
317427
790009
25923
204294
483415
140910
151474
45716
33399
343486
87105
79354
75686
193541
208506
113380
417916
247941
223211
434036
202521
390996
302024
135823
41857
132516
68650
25383
107886
204149
375806
115653
206206
67033
91204
75721
168771
181702
206018
67283
113076
30615
73469
448972
173119
28902
283740
158592
141115
87541
194230
63197
510937
113375
24844
104053
182773
695420
56013
55709
264819
78401
316579
51774
469691
186708
38082
200702
57902
56938
21345
132713
184466
73926
65403
55719
167885
33870
41799
104368
212118
245280
100845
197841
51035
171107
79399
30507
98790
32328
101727
241332
37342
50319
143258
82462
288933
83827
544077
82393
66789
264140
127707
65466
74736
233389
275276
93936
51648
28444
83972
352907
40471
81328
146574
23782
150885
38893
383336
112460
103258
281618
31230
74147
102736
143682
35191
31771
454646
221535
30600
237420
166964
142506
205508
296220
31426
131407
164360
204147
247921
195009
80454
664849
32572
57522
165762
22172
162821
170995
75847
260639
117424
339140
167151
109134
118269
430689
614208
101214
50877
128900
84733
91353
91220
253303
70225
17925
172851
299099
261188
42977
132964
206398
29516
365458
126876
238830
135971
66344
21340
101958
131770
141016
729424
425629
296540
313574
288810
81974
233220
69722
40893
235386
130230
214408
47388
351075
467847
37825
25482
65796
69073
217415
301297
78928
133937
97854
135350
21876
233634
21655
23263
136915
261383
576673
316808
53095
191444
134995
91429
24384
139167
340165
262127
297819
203385
327297
35350
65296
23339
54527
281184
66308
111013
183458
27027
177609
96384
244171
110749
120588
217215
183129
55162
26999
150243
32014
66833
82788
162705
142318
284541
146682
27582
151799
39693
373371
464840
87354
265599
135616
241905
44183
74135
194078
171849
190182
76965
480425
48527
108706
250095
170991
36748
118869
360309
99560
183623
57990
265152
95320
36621
175735
24564
24878
36506
64152
207912
248821
214355
131489
265958
36414
84502
24100
163471
63433
64165
23901
131390
22413
96059
881037
89560
64402
304436
298825
254547
161328
76124
301577
24733
137892
45943
547030
53757
112861
100499
88800
22388
78818
106426
104661
78329
277635
179711
135017
87547
44478
129202
29617
84421
210382
216655
234841
251188
76381
184962
