498264
616541
548024
879855
1094406
1282474
1870528
1681089
1386808
2940426
1071173
1103315
1104289
1245224
3906379
1543264
3624088
2983736
1876461
3683488
3273899
3092382
3036074
2819228
2903875
3258314
2360113
2132050
2078809
2176159
1657175
4300587
4425006
4613695
2506543
4771684
4906429
2638545
2471212
4960385
2620377
2643085
4969022
2650904
2655125
4837375
2632674
4722434
4771990
2163186
1535332
5095989
1245129
1320978
1427323
804098
5556103
848613
474678
5735397
227138
6623379
6862677
35174338
30373495
30760754
37136321
37296120
37225479
37361493
30680341
37025748
37192044
31448898
37623418
37454408
32435137
37002632
36296479
36186015
36225045
33038748
35957218
35518900
35650656
34216736
34737698
36183493
34313923
34820932
34782096
35727538
33767441
36257857
34665028
34404592
34287707
34138659
36720954
34147562
33675113
33573698
36647629
33390027
33199928
33354571
33158279
32725148
37274895
32912421
37820254
33420130
38612629
33641373
39193704
38570672
34577120
34150551
33514080
33572116
33510868
40084386
34152764
33531156
39895567
33445971
33318572
32947487
39586600
39565757
38893527
33337135
39020618
38741412
33732158
33715408
39304092
39313148
38231687
38314779
38342020
35394108
38892652
35662971
35418224
38454254
38247201
34926949
38138183
37841623
35111125
34327072
38835904
34862717
39159273
34930304
35016770
34468292
39391189
39445205
39737868
34895769
35079616
34889455
40312704
35084726
40879131
34889704
34725052
34804724
41420906
40800914
34632099
34785635
34709097
41055657
34262924
34624307
41704426
34641834
41721252
34667276
35223126
42651947
34741208
42676131
43347919
34604879
35849372
45643960
36833637
36658746
36654887
46575050
37403122
36510032
36190410
36539702
37009637
37647028
37327960
37465166
37502720
38408118
38532749
38190808
37964052
38057486
38249317
39096236
37306128
37807559
37757167
37531474
37393631
37319217
37231383
36679063
36695600
36786063
36859328
36760398
36703326
36806351
37263792
36001835
36454711
37327508
37628100
38206437
38240429
38558437
39279491
39352657
39499610
40150297
40102011
40488338
40546910
40599014
40943682
41215803
42736892
42581514
42338542
41554131
41542774
42095890
42120972
42070001
41368145
42649212
42682998
43535270
74657667
74002893
43902312
43456046
42842378
43479259
74459423
75058133
75940820
74909252
43907142
43608932
74973254
74883984
75094826
44497081
75163198
44652767
44362015
76893905
46143805
45129188
45041956
44822629
44629705
77420237
44411888
77638663
44388785
75817032
75494325
44743486
75604390
44598157
74453900
74579064
74190085
73946142
44615139
44834574
74065281
45435347
74539242
74088918
45800986
74384457
73833124
73965685
73499650
47283418
73428556
73339654
47568446
73693167
47757807
73778563
73762396
47610439
47475549
47315935
73840400
73853586
73879669
47077988
46839030
73838222
46008670
44611321
43853782
43816594
74957941
44407835
75156589
43549422
75056638
74663231
44343880
75085487
44908732
44581306
44170661
43493054
43435859
43226890
73250010
43167742
73655687
42911446
42705513
73798741
42745461
42666816
41842745
41338130
40384043
74154677
74618136
41003832
75913689
41648961
41931394
76450912
76717364
76278524
76120347
42697908
76720793
43583586
43077783
42714325
77235972
43054790
76468459
42989131
42988010
42384667
76643319
42722637
42681277
42524318
77631629
42274909
77546435
78154341
43461780
78308455
78177205
78013441
77570163
77960033
43576623
42273444
77884335
77681098
42276729
78242688
78349435
79262974
43393333
79360795
79101191
42728948
79109765
79111117
79198609
42797761
42383557
43096593
42938917
42479099
42553266
42281262
42373782
81442836
80937460
43426023
81728144
44296928
44144569
42434339
81399610
42260551
81090198
42358064
81204337
42272994
80578007
80297370
80140201
42963768
42164904
80753371
41912118
80044915
42192933
79696100
79629949
42393517
41430312
41352384
40569206
40314765
80643636
40526838
80497968
80364833
41361444
40995238
39230257
39389313
81582568
38889200
38586973
38653411
80791599
80313743
37319138
79924235
37292848
37679916
37451784
80491927
80060872
38008056
79679098
37554494
79227445
79831957
79704757
38292228
79796490
38421181
38426739
37947253
80113822
80138983
80227685
37959383
37352759
80227466
36913579
80373801
35573618
80105243
80071551
35566208
80026022
80535035
35575859
35455625
80795940
36131467
36145530
36243424
81889075
36078170
35871935
81607537
81464721
81165372
36323389
36278937
36247936
36052518
36127426
35653427
35072360
82806542
82555484
35184583
35100174
82217009
35287291
82058033
36204853
36525684
83258392
83692451
37816670
82029290
82168086
82264114
38031353
38046510
82863452
38032236
83344165
38965122
38997053
83762779
83762729
83113700
83084451
39495562
39526555
38674210
37440709
36991956
36421457
83543692
83450023
83533896
36635611
36556870
83201236
36700155
36224141
83525387
36630191
36524398
83455397
83460814
37384902
82904014
82946569
37638899
37247518
82983759
37679159
37306304
36327048
35750300
35677165
82764723
35470498
33476200
81625037
33165315
32621496
81997817
81616123
33470697
81936041
32930688
33247640
81929621
33303768
82206210
81693509
33361976
81396118
33213641
80904710
81034936
80613994
34348256
33018088
81197633
80830455
32664092
81725071
33007690
81255851
32805132
32710790
32664210
81827173
32514096
81297137
81263786
31981531
80838203
32030581
79768743
32015231
31915487
31824772
80468247
32155109
32511397
32753641
81505021
81408751
33330418
33251518
32476089
81680843
81605371
32679084
81944578
32943763
81965792
81690802
81500789
81434066
33670469
33343601
81560238
81681458
81777439
81661298
81299901
34067304
80597609
80532942
34192143
34201129
80930917
80913022
80183211
35147932
34781504
35538658
35217361
81169074
35180050
80913259
34342534
33929308
80640810
80628687
80617269
79841970
79458246
78570482
78806967
78434805
35451369
35723683
79451861
36296186
79692164
79583984
77846356
77100122
76520430
76414005
37106016
37013175
76646016
36934824
36643513
36596519
77404777
77376921
37192837
77768890
77726296
78327609
37626874
78158676
77642095
77353176
77201384
38173528
76625295
38078935
76397542
38401906
39602287
39245702
39126382
78146724
39327612
78489116
78510166
39324770
78142161
78342398
39802212
78469727
78217504
40546566
40487934
78978993
78980319
78874675
40925510
40969710
78441211
78376047
41422597
40497529
78691209
40218511
39156969
78675899
78386617
38779915
38855583
77781222
77643480
39497486
38612186
38617997
77737241
39059014
78542357
78033145
76698211
76326303
39576731
39629859
39766806
76855132
77059610
76680093
40695674
76603995
76145815
41254075
40208413
76183510
76045584
40455035
74793014
41122047
41212968
40835026
40872406
76103311
40400047
75749410
40551811
75742769
75953805
40864701
40299112
76149604
40711126
76474798
76464617
76383763
41245710
41019535
41435167
41355688
76866597
41365851
76545491
41751835
76912095
75771192
75624425
42166754
41563234
76265197
76100408
76621487
43069751
77599110
75262259
43136543
42897657
42787274
75162305
42669280
73850709
41649341
41629090
41036196
40718537
73362218
40825117
40847029
40527366
73616196
73408170
73280220
73294522
73432090
41284540
73060247
73125341
41474666
73052296
41976009
73587788
72709880
42714009
42626163
42525672
73124229
42335942
73128065
72011121
71567697
42476791
42202525
41592223
41691078
41595427
41564019
40939361
40037246
40257708
39632962
39531738
39199058
38013800
73956179
38255545
73659080
37647745
37550971
37559229
73464310
37683935
37615926
73405395
73313690
73267196
36304419
36013122
72617864
72677677
35300985
72429925
72193173
72259750
72430283
72845782
72569466
72304909
35962554
72306147
72296646
36338239
36092683
72174850
71935571
36712489
36253408
35571685
34659951
34023115
71743155
34607170
72834322
72713506
72546427
70785833
34852039
71022426
33855559
33772496
33857201
71516435
70928741
34218628
33970854
33500974
32463295
70417371
32685703
69993949
70000064
69985080
70022032
32729623
69651207
69253820
33244636
68856732
68714245
68557619
33073845
68971143
33291309
33373324
33263998
33131606
33344347
69761415
32702584
32970902
70178086
33690228
70180591
32855824
32398995
70236160
32440851
69669816
32539399
69245733
69223130
68751604
31868782
68847167
68245361
31662220
32451292
68896772
32423686
31756169
31720743
69325698
69055747
32120054
68788365
32192500
68759971
68338313
68159992
32302988
31613980
68457331
31744654
68905825
68766009
68472398
32202175
68691298
68144254
32401384
68013259
67143121
31924800
67205094
66514336
66513403
66529257
32796299
32501955
67766800
67623943
33305754
33477309
33422571
33386202
68094557
67304089
67062616
66438365
33468321
31734802
31424550
31827048
31953827
67295850
66972744
66465029
32089963
66279092
31919122
66465593
66137010
66113014
32960551
32640588
32722880
66979888
67142134
67900398
33903622
33935609
68536238
34415418
68951271
68977257
68657167
68459894
34711001
34695025
34087483
68739905
33562318
67644874
67795984
67538433
34461509
68002958
68110833
35059985
35403037
69227425
35392491
69573611
69182717
69550782
36107197
36105796
69808503
68725456
36440083
36591800
68896153
69405190
69853203
69743129
70114851
38195539
70481860
70188301
69270917
69272598
38991746
39004635
69020307
38960942
69133590
39061035
68742228
39287374
68625898
39457195
68838275
39660132
39713954
39738957
69691155
39811052
69696542
40273419
40426650
40511639
40472939
70930395
70649899
41285229
41022883
69680903
69222473
69224965
69087174
40009719
69175362
40523681
69533530
40595821
40081374
40324436
40306880
70117650
69094542
69758803
69666113
40955029
68895141
69179488
41345640
41185188
40684843
70145739
41085596
41077083
69851358
69999371
70130805
69850365
42245891
42034353
41917030
70352890
69583177
42822651
70095470
70060468
42898830
42749664
70289999
69915784
42718915
42185293
41812404
70482665
70471396
69805397
42645279
70073960
42880173
70338724
42947166
42551887
42337333
42326623
42000877
41483626
41244779
41502280
71930743
42220488
41921482
41792276
41164223
73057788
40963645
40926752
40820218
71814475
71641641
71214200
71420588
41590062
41229812
71680040
41397463
71502991
41389981
41818708
72426468
41787045
41352104
40801245
72550091
72303310
72219256
71798768
71952067
72169712
41998110
71980829
41648598
72224686
71594257
41723833
40859143
41624917
41963658
41778843
72607437
41348668
72729366
72464772
72650799
41720985
41875646
41516213
72104195
71925580
72059520
42211858
42076140
72390679
72379785
42428840
72776577
72584180
72380261
41965929
72915197
72392217
42704551
42945153
41636092
41482820
73406873
41550322
40594302
74098274
73600633
73530898
73419188
41347293
41332107
71408787
71421352
70992161
41670020
70910154
40763612
71086493
71014712
40450973
71086293
71403169
40073399
71277173
40002835
39244240
71497372
71479216
71248766
39412564
70738767
38889713
38748072
70731221
70847703
71218234
71398011
70971827
37662610
71125779
70200587
70033249
37298738
37514663
70385894
37386140
37195012
36835047
36668337
70936362
70695604
37493652
37227654
37139909
70802625
70203098
70041736
37620681
37103333
36777486
69842163
69786769
36844690
36747211
69918703
69824962
69696574
69652485
36498907
69718084
69450865
70037241
37564424
37108894
70391178
69986109
68684323
67772947
36515866
36865126
36830486
68106927
36561135
68044418
36872691
68083942
36452421
36270571
35627615
35769062
68967278
69114501
69200862
35669645
35796103
34720442
34324130
34337769
33587677
33488890
70365222
70209135
69032895
33921958
68559770
68429721
68265220
68188193
68386016
34083484
34137693
34259943
69388293
69119692
68565428
34101351
33841220
68974799
69061454
34292431
34261121
70351407
70110743
70227113
35575592
35980068
71051014
71029983
36757705
71025300
36678915
70936449
71425349
37124961
36974400
36333428
36492258
36584282
71001241
36505762
35921874
35941774
35908545
35036672
71648641
70391314
70321847
70343896
35552775
35256839
34969862
70769344
69760070
34588155
69765075
69994106
34518090
70364176
70390467
70566749
70466795
69463739
36089642
36129533
70055818
69711570
35791103
35111043
35087201
35345830
69817300
35055671
34291270
70076482
34785083
34692816
34533910
70980084
34394401
70672381
34822243
33973893
33978458
71191969
33645680
33307204
70913800
70460260
70241026
70172181
33090432
32765429
32876101
70764515
70810861
34187525
70897764
70268770
70557490
34636499
70655327
71163509
35710393
71502821
35558053
71583608
35774366
71651332
36153381
71484110
71774850
71317683
70815858
36526576
71034070
71418485
71448967
71370175
37483021
37167784
36896682
72093766
71980257
71962577
71802799
71551424
71873890
70445558
70583636
69846742
39366647
71074036
40376301
40624408
71434609
41371637
72195492
71661060
71648653
70983242
41113688
40681229
71216317
40813795
70849510
70963707
71196150
41714857
72151792
42660173
42766341
71088868
42810021
41845644
70924832
70656542
70329499
42109064
70387565
69674979
42506575
69892825
42531378
69672055
42783525
70154296
43098687
42898720
43095841
70269316
42684236
41857440
70502060
42030811
69898728
69740040
69661094
42264592
42536478
70446155
42747755
71110869
69357525
43765167
43459965
69014897
43933049
43813664
69034294
43713669
69460477
69551664
44262287
43776843
69541349
69333244
69067273
44304836
44076862
44149478
68165757
44178536
67909816
67457704
44152831
67778289
67749588
67610398
44919103
44446720
43848902
43840410
43607720
42675747
42575174
41830033
68584513
41924558
40467338
40269928
39507946
39513131
68725144
39490630
39652212
69169140
69178029
67128636
66964767
67065606
66854151
66382263
40099938
39907310
39786967
39747889
66517703
40641104
40759811
41228111
67740227
41509094
67549955
40817316
68264780
42338568
42107074
68682638
68747708
42109643
41755149
69000553
68537921
40831387
68965013
68272400
41805773
41223518
41140297
67765954
41145842
67871012
41069246
68177181
40702170
40734145
40299561
68786317
40987137
40933834
69375915
41086236
69344769
69341820
69645663
69517364
69717913
41710770
69782235
69896639
42422474
70257393
42771542
42792362
42545777
70129113
42104503
70279449
70379265
42292388
70616392
70531307
42513276
41160443
70715979
70492448
70539416
41115269
39822248
71050485
70990597
39294396
39183585
38551471
38093979
36865647
36911209
72165698
72199402
37386511
35048367
33820200
72889456
34335157
72300710
72340370
71811761
33995100
33666221
72365169
34234468
72630968
72105012
71999698
71552783
71690489
71669540
34438460
33514573
71904105
72255616
33321000
33228736
72649209
72060224
71712015
72126380
34213569
72672172
34718336
34660860
73273775
34496520
72924730
73191440
34729994
73556853
72668080
34870044
72575360
34569560
34593234
34712392
73009938
34513914
71953087
71913595
34636190
72024784
35095421
34602885
72543414
34717110
74436370
74338976
35668145
74493770
35220558
74543662
35575120
34910100
34781672
73958885
74122205
74065816
35128803
74184164
35607352
35616268
34911953
74996269
73514599
73468740
35338604
73701416
35542971
72798603
72767390
35508594
35196073
34453605
72863360
34588995
34487912
35196770
73963834
35289208
35434840
35342547
73773187
35593609
73316602
72668514
35838332
35845724
35687549
72851582
35749876
72944289
72951144
35882431
35439159
72633347
72619620
35416198
34970658
73074678
35217585
35164381
35134130
34238433
73183114
34252548
72807619
72823593
72879272
34474603
34179633
34429796
73366186
33208262
33214830
33004862
73697856
73103250
33557269
72852312
33116139
32156422
72350151
72244208
33253487
72086465
33416540
71963964
71496852
71131552
71415749
71588147
34124666
71792390
70896366
34155204
70914485
34081266
70212398
70524909
70463380
69941269
35374268
35236305
34849417
34657133
34786795
33651280
70325880
70025271
69270945
33425945
32986841
33429779
69484529
33934893
33999237
69735280
33778040
33515211
69709381
33494797
32578698
32792708
32403929
70137633
70203608
69904124
32665311
70054123
70710044
70492089
33382021
69641543
69985254
34189750
69976495
34284306
34119873
70479801
69939239
69486758
70192199
35127135
34853997
70602489
70457307
35470291
34746566
34516659
34287401
69893649
34040112
33762571
33777240
33194037
33723397
71157894
70457716
33038187
70931238
32773701
32484557
32371803
70881351
31532204
71309586
31498915
71340709
32043673
32073833
31596852
31827176
71736566
71644950
31795515
31250778
72258904
32155584
31482704
31082340
72442048
72635475
30962708
72921852
31112851
73122162
31299096
31340143
31229728
30018183
73788018
73792002
73605770
30474629
30485131
73290034
30185712
30061984
31527559
31856108
75127006
32085831
32695906
32681182
76229106
32262714
32173525
32015778
32105525
75911378
75434114
32110837
31860777
75639950
75899091
76068517
32592494
75098381
74369252
74319721
33331062
33287514
32986099
33025133
32939802
74134156
33283353
74578832
74417121
74481868
74168795
34439035
34449362
34711527
34755413
74651562
34757010
74765512
34232034
74516640
34607647
75147225
34705034
34628621
75775186
75373592
35355529
75887134
35785152
76284221
75266012
35898373
35844630
75471356
74733617
74821561
75191113
75885656
37490637
35988488
35774343
75946591
76148465
76190224
75493453
35373914
36043888
36280048
35252272
35766053
76463809
76325528
75603821
74787501
75006132
75147289
74923891
74491736
74517519
74055404
74201158
73903693
73335679
38060174
38085804
72608449
38289420
38297376
38009072
73402149
38328073
73639414
73196570
37905064
37561086
37808415
73842690
73654668
73393520
73772844
74108085
39567916
74094933
74119503
73935221
39965970
40071838
39939068
74378026
74358847
74214475
40569967
74449736
74222831
73768207
41063622
73730649
72993045
41342105
40469654
39634547
73642010
39985369
40146342
38611160
38840174
38364313
73499536
73194332
73356780
73262950
38832301
72598043
39110889
72973010
39470237
73432885
39527747
73596519
39873640
74017785
73882727
40244917
74688971
74246195
40693955
74504800
40639160
40306055
74873303
75156584
75261489
74842984
41491994
41545282
74629230
41639159
41747210
41455520
74520592
40703005
74653610
41120415
41166378
40951029
41124204
75052333
41258405
74700107
74971295
41065938
41200985
40651270
40025968
39641762
75774150
39323482
75733175
75255551
75235040
75071647
74397956
40110812
73004120
73080825
72993412
40636936
40597816
40100005
40106695
72900302
39971384
39901984
72716186
72709385
72992478
39388338
72754804
72240980
39701051
72601210
40203452
39542236
39600968
73694174
73346973
73215867
40219500
40251056
73941490
40573720
73968553
72917030
40703118
72740652
72360159
40519592
40498904
39779191
39106807
39309285
73045608
39681780
39688267
73185207
73605546
40049380
73708571
73427962
73494184
39882644
73216647
39004661
38938203
73209004
73232044
39188032
73401517
39218325
73262147
72716605
39205478
72737749
39785489
73278729
73011188
39846791
39499006
39359467
38965844
38782492
38104800
73722946
73138799
38526590
36766028
72667592
36941086
37060207
36571620
35905946
35459134
35424506
73507155
35186908
32613662
73997375
33196191
32941209
33338225
75264388
75020047
33325526
33032368
32897319
32769753
75320272
75181255
75054968
32865549
75033636
74701235
75502969
32406909
75665652
32345771
32191279
75606474
74561467
32456375
31790048
75000625
31664156
75013807
74333047
73900495
73870510
73448860
31825531
73938875
32249274
32266348
74141091
74215041
32594278
32526993
74121278
74127551
32691528
32522632
74227541
73722574
32745197
73550407
32412544
73696168
73582690
73689219
73225669
33479982
32979636
33099447
32746062
73984050
32297283
31807406
74860532
31789700
73936708
72897651
32438057
31221776
73324719
31296949
31452849
31704005
73874589
31951410
31926259
74518903
74105961
32953080
32955287
33420053
75607884
33626754
33499568
75610657
75901290
75015462
33661064
33326401
73856835
33341363
33706286
33642597
73903593
34020220
73876522
73642731
33573026
73203112
73228005
73857472
33756415
74221782
34574095
72410665
71124095
71375574
71199885
71039329
36312849
71420589
71331015
71666359
71406635
37544169
37630105
71829446
37863439
71427993
36904857
37142248
36996237
36914746
36802475
36424710
36459909
36194368
35881548
73296659
36369824
73370336
36512659
73462570
36561111
73560937
36824185
73001518
72891132
36784530
72814166
72224197
36515220
71771549
36604811
36231730
72048659
36436310
36119630
36622122
36334287
36644648
36716101
36029913
73837530
35663696
35746632
35622954
35347352
73720955
35390955
74273600
73678268
73759249
73729053
73849868
73331760
38071383
74104971
37859158
38067839
74478936
74387372
74534670
72344697
72334874
72699643
72609858
72696149
72347048
72442501
72428158
39655380
71997747
39824027
71979059
72155717
40310749
72410284
40265731
40276764
40320954
40010562
39882203
72891761
72836314
72397786
40299434
40007928
72354680
40094956
72721157
72142059
72480330
72520574
71695845
40714749
71293324
71305027
71086106
41384846
71202320
41514307
41644812
70689171
70699089
41255733
70697085
70459732
70657554
40408682
70801843
40327693
40464914
71144765
40414022
40903132
40543857
40360855
72252331
39822992
39885748
71893926
70909440
39468762
71177405
39579080
39895113
39938362
39527039
39352685
38021643
72069026
72077936
38308444
39181233
39127044
73601414
72889660
39319176
72871838
73197344
72799898
72817228
40212985
39606714
38850607
72432233
72693069
39394972
39344776
38939088
38471680
38373317
72879575
72231735
72197471
39126332
72246275
72372479
38022382
71969746
71689685
71659560
38631507
38436783
37678398
37505476
36884924
36974206
37229031
36808272
72106967
36905419
36544446
72237870
36274688
72191613
35882616
35115555
71606916
71464668
33743937
32522494
32451251
71702896
32406201
71916282
71981016
32545485
71998569
32195189
72339553
72222273
32168544
72664874
72701375
72469817
72251586
33457678
72710928
33651770
72490719
72337790
72087453
70945361
71295245
34713535
71718456
34752131
34729563
34773164
34383909
34172887
71383450
71176476
71997948
35334516
34925667
34751278
72384815
35124429
35090656
34967124
34778539
73512361
72942489
35146208
34617444
34648635
34203901
73027768
72714282
34182739
34093570
72843277
34366126
72831228
34436657
73141261
34556099
73392877
73406380
73565861
73138215
36438323
36399318
33833088
33403946
74050194
74079902
33553998
74281129
73817864
74022674
73467211
73564328
73379793
34416455
34208807
73482704
33928585
33823283
34003514
33664169
33784181
73623468
34397839
72981200
33780488
73159971
72683861
34124850
33637049
73313625
33683584
73811206
33048874
32896782
32839051
32707580
74124172
73927298
32547739
73084728
72794860
32653643
32655377
32653700
73533011
73583248
73105931
73521600
33461934
33366551
32824376
33585508
74701754
75006857
74864595
34574692
75836848
35013095
34822946
75755597
34741326
75980307
75710121
75372693
35552745
35711436
75970055
36064933
35964937
35810737
76167121
76171489
34551462
34539778
34094242
33486730
33469810
33535893
76642877
75926336
75976305
75817075
32968499
33756692
76898566
75735428
34247041
75177639
34462264
75537071
34759763
34313796
33949044
33280050
32994908
33074023
33040613
75586923
32909441
75121986
32935286
74188686
73507819
33689469
33661173
74394142
72654305
72093362
71782743
34266587
34261547
72302793
34482576
72511424
34113496
71963138
71584335
71592083
34594487
34307827
71845636
72062348
71537176
70868259
70447364
70236477
35790747
35852441
70663565
70638264
35943999
71106159
70733070
36603023
36779736
36233683
71784184
35097319
34907002
33581994
72086883
34281820
34548649
72646038
72352206
34707639
35228537
72858114
70537349
36154570
34979906
35103154
70897640
70652584
35317860
70779036
70714530
35716805
71132217
35709582
35748421
35373622
35024292
35146366
35630370
35409834
35644435
35755192
35517303
72968309
35412164
35664592
33905777
34230620
74040945
34023323
74521008
74177553
71857140
34753963
71503774
70784287
34517915
31872298
70599636
70682473
70743082
32309775
70322279
70275462
32531883
69681696
69114293
69701046
69665269
33517269
33527258
69972528
70000965
69964617
34172905
34044853
33422934
33419565
33404221
70933540
70564256
33869750
71130117
33320107
33472410
71715056
72300268
72445227
34781960
34707803
34793384
34987325
34742626
73357599
73121362
73006779
72333122
72349029
71888542
35357364
35883520
34638414
72675430
72531877
34981038
72456290
34969166
34246988
33982255
33194212
73137182
33274748
33232407
73802523
73952150
33171560
33305454
32945894
32998937
74543958
32885527
74609977
33269050
33320182
33764352
75247082
33568551
33557987
33734475
75565501
75326987
33918547
33150934
75869646
32874648
76124898
33001247
76707416
33155114
33077647
33282606
76950514
33305942
33567273
77083118
33626221
33689986
33657759
33602926
32606271
77165134
75845546
75801652
33448720
76183145
76010567
33124972
33136890
32921054
32897540
76570450
33169533
77128544
33531976
32214437
32195479
75567577
32622176
76305255
76414463
32222129
76848372
76891002
76992451
32750645
32721420
76770872
76624131
75790769
75765799
33146523
33218178
33152020
75936001
32381325
32140147
75847160
75634043
32062119
31749489
76164570
31112435
31372832
76516434
32025298
77403612
76226696
32697823
32088513
76538727
32348950
32207099
32352205
32629556
76991031
32720102
76988500
77409566
33447132
77864422
33611695
77589920
33239553
77790847
77878275
77603413
77639801
34131816
34000872
76955715
76860680
76930043
76964669
34799133
76688575
34657389
76591189
76490136
34654130
76438032
76589353
34928131
34964563
34924690
77560134
77105534
35161108
35932150
77881894
36007756
78025502
35981951
77628931
77351717
35273500
76243111
76377450
76368365
35987526
35322496
35431088
76622539
35693055
35914511
77122868
35659332
77223691
35661068
35404994
35241548
77818656
34915395
78178210
77891230
35313099
35200567
34975223
78242991
34912333
78642563
77647103
77651465
77649999
77666643
35676149
77752125
77310254
77219329
36059353
36110288
77835963
35774926
76855458
76211799
35813729
75546131
35919458
35189111
35428334
75980627
76173646
75525902
75009149
36135646
75251312
75171784
36130590
75208029
35760221
75426356
74646923
35693632
74925979
36060082
75185435
36311879
36733198
36472945
36551037
75568976
36086239
74386417
73785908
36462706
74128128
73160754
36686894
36655211
73377455
36666736
73122840
72829919
36797649
36952741
73646673
36908712
36430767
73242887
72868635
36637794
73037716
36444019
72868466
37120314
36868717
36849841
73507102
73510896
37277295
73665079
72493191
72636792
37472891
72560837
37706064
37693483
72290295
36908530
36797635
72326754
72708476
72796486
37720297
37738691
37640691
73043411
72175658
72250089
37212008
72236869
36958656
36976527
36992594
72747132
72300460
72063199
72134997
72131573
72187038
71729543
71451284
37797839
37350002
72048262
36674909
72608248
72597592
72570126
37317845
36694784
36756867
72466283
36851170
72529759
72785122
37797720
72676571
71647686
70624273
38159149
37933092
70471051
70819077
38845033
70959372
70702512
70153532
39801332
70947347
70728631
71058666
41033286
40372725
71409847
69489592
40435858
40201959
69287409
40316338
69233821
69303485
69848354
41546755
41621368
70468472
41365639
70972609
71325510
71179786
42095888
71249472
71209724
41305203
41658164
41626734
71814373
72091490
72196944
71631153
41586690
41803287
71994085
71738377
71889516
71696756
42272948
42386973
42421501
41938219
41933436
41572360
72835303
73040087
41892566
41262850
73019168
72329628
72024349
72192199
41910038
71078835
42024745
71571149
71745866
42286828
41477384
72372708
72335382
42209485
73348438
72256973
72244258
72463846
71453349
70883982
43869056
71202988
70705936
44512280
44418123
71006200
70321727
69969130
44725943
70343477
44617978
69941200
69649064
44873079
69183070
68691367
68393415
67948943
67820462
45342318
67795886
67639818
67608556
67177346
46374743
46091306
46464508
46183722
46184315
68726848
68314332
45538302
68063829
44776604
45214661
45412793
68426873
45430278
45390585
67960562
68594255
46783782
46825290
46145919
45782943
69861182
45849053
70103747
69946928
46465104
46102798
70762111
70844745
46199393
45810191
45606082
70775681
45908723
45921396
45469077
71069286
45940484
45728317
71763923
45435616
71641154
71414791
46279114
46360889
46362635
46315961
45882959
46512558
46172563
46649165
46617360
73114589
46325298
73369211
72906271
71921647
71701180
46593066
71449315
46555080
46619375
71317837
47033182
47231572
46228442
46047287
72619615
46593599
46258387
46331159
46245521
72726649
46218319
72778861
45557302
73377828
73396868
73268263
45974700
45678450
73811779
73889347
45547016
73880314
73645415
46064358
73852061
73888501
73813460
73740887
73199373
73312750
47344386
72312507
47231735
46244054
72288468
71787071
71978080
72015695
46822626
72034480
47227546
46084881
44930809
72641275
44015715
72484836
71709688
44139054
71950879
43874565
71531649
70834679
70903741
70388003
70007548
44625899
44208322
70260933
43372546
70617367
70034895
43227665
69746820
43064422
69536643
42459123
42123752
69803577
41969057
70003593
42145535
69437927
69630606
42053192
70167973
42062016
70490113
69841835
41122733
70145699
41137894
70310817
70466866
41261013
41087353
69876472
70472960
70451319
42328596
70563268
70528131
70166169
42336306
41644138
70724962
69741938
42334474
69705165
69915778
41445254
41016226
70050829
70097429
40824841
40778646
40380360
38602245
70442435
38336978
70397710
70534932
69693039
38120734
69510691
69438223
69658100
38322258
69292841
38138224
38158256
69219805
38024215
36052011
36425197
36131156
70185655
70041482
36294374
70281867
36903197
36038176
70898856
35830578
70800804
70892840
70586410
70178173
70003595
70080188
36887033
70143068
70033936
70551605
37908465
37979065
38092229
36657381
71166460
71543650
36888038
36915594
71817395
37402253
37049864
36514968
36431123
36202253
36443394
36620856
36559363
74205126
74193525
74439048
74459036
38032405
38072616
37728474
75183281
37841720
37906184
74734880
74179590
74519447
74497154
73756062
37768822
37488768
74327450
37357700
73658240
73786127
37789512
73947071
74060555
38225141
73912073
38049910
73847904
72969300
73179662
38504966
38407046
38349543
73637642
73033242
73114536
73306588
39472161
39195689
38950155
73344678
39386103
74051147
73104278
39421264
72711647
39052450
72922099
72701156
72205629
71945383
40273310
71878323
71894942
71975507
71955482
41420001
72120284
41283993
71749915
41449683
71895097
71946849
71520906
71475013
71282334
71154564
69123064
42073289
42090441
41985824
69076860
68808946
41538141
69358239
42022513
69932225
42167133
69696706
69741517
69424054
42314159
41996006
41039074
70301664
69596264
41164210
41234317
69909661
40502009
69277176
69527441
40971207
69590719
41013885
41030984
40423368
70597304
70543595
41400711
70458463
70107017
40907701
69863524
69327575
40569485
41454963
41085835
40976003
40927555
40683390
40570213
40355079
40186436
70983763
70910816
39643380
70714028
39835935
70913270
39455239
39337949
71119419
70906672
70854247
70894368
70968997
71032187
70784050
70578619
70624331
40088878
70710203
40226648
38937035
38614701
68519062
68480882
68144374
39265477
38544437
38197847
38180859
37815836
67797813
67494227
67103870
65735009
38573820
65595582
65921201
39584809
66311950
41221723
40636550
40956746
40855009
40818661
68752813
41103962
40827152
68997852
41289475
41037223
70103695
69436757
68974742
42223223
69076638
41978399
41587510
66589289
66128864
66558163
42213137
42111025
41049516
40226839
67822200
40281669
68143596
67948816
67458297
41637035
41740072
41446578
67747865
67374950
41636204
67762033
66985603
42002199
67731443
42576829
68335386
67998165
67713456
67682362
67653357
67301384
67295272
67284860
67602305
68255651
45614438
45678054
68540388
68310385
45887065
68388271
45767179
45967726
68880117
69156843
69506363
70094111
47712893
46248777
46626442
69780969
69966959
46807719
46771039
46906131
71044483
47176412
47517171
71836691
47543872
71394950
47111994
46686566
46257496
45930368
45703976
72055228
72227285
46149281
72296332
72393808
72387824
72033859
72100540
45604192
73022519
46185854
73123710
72843562
47447172
47175078
46890173
74070478
73892934
47240501
46873482
75178580
74537858
74386525
74856554
46630199
74416962
74669059
74265894
74201508
46662301
73757365
73658634
47064411
73753448
46387585
73947826
74001632
73311063
73259598
73323000
46924293
73180489
72663466
47124074
73057079
72068959
71965215
71942697
72055919
72209759
48104825
73236474
73577965
48545901
73482704
72950840
72132548
72224942
48599201
48376708
72403316
71915571
48550751
48071317
47893215
72249356
72268475
48372873
48364338
47928805
72752144
73070011
48236411
73191034
49166057
49223433
73576214
48078273
73690112
73755088
48464080
73415816
48445668
72413270
71953568
48393971
48346794
72130166
48391708
69702210
69649050
69380571
69411608
68657962
48516327
68416388
49103991
69194773
69038923
69028796
69247026
49834573
49779445
49950460
69033742
69390559
69304069
50890126
70153447
51328728
51304855
70330711
69994149
51321892
69942492
69882076
70068113
69344091
51093552
51179178
51244889
69746855
51488990
50836214
69707274
69335537
68527628
67831344
51482859
68246224
68113814
51828350
67888188
67827218
68138791
68067503
52806521
52774888
68044390
52194498
67977364
51140823
67972492
68048613
67117400
66956527
49844048
66890039
49847632
67792743
68672796
51261420
50792200
51079860
50685779
69646448
51414877
50948825
70523790
70549669
70449608
70201248
70263869
51606115
50489532
70021260
69269555
69783024
69666059
51630649
69740082
68710781
68840239
51852816
69006337
51493622
51729598
51255556
51098431
50883189
49710086
49833057
49705703
49573441
70719267
70515585
49116501
48370644
45061320
70683389
69376741
45314433
45255436
45186074
44879287
42917888
43709311
43609667
43263968
71653924
43201534
71637588
42946868
71608013
71816941
42401334
42011412
72568197
70905755
70878211
42481762
42902625
71237542
42874757
71225238
43546671
43183175
43026298
71612923
71655395
71719344
71682044
71499226
71291241
71251569
43712091
71981485
72047943
71923808
43380178
71443980
43122510
72206851
72343128
43005431
42803612
72882017
72804895
72787500
43372276
72845973
72801831
73132621
44781151
72860858
70613159
69959168
45296740
69358252
44965706
44437600
43785802
43610554
69961519
43262737
70654096
71261754
44516188
70671549
70667828
70157847
43470589
69360166
69221164
69109786
69319717
42868532
42577355
68082415
42502783
68410673
67974842
42502414
69133973
44099215
68979999
44302745
44226326
68905391
68455073
68765066
44435360
44066812
69001793
69016523
69288693
44241908
69320904
43259574
43335868
69956984
69511967
68190597
43972694
68344787
68301202
43996157
44080220
68423577
43967811
44091568
43965622
43497523
68765488
43020127
68630154
68315858
67723755
43198087
67087894
67162743
43489267
66081786
64833230
64824806
43763335
42491791
64420134
64085798
63972046
63870776
42348014
63959593
42494507
42266141
41520434
41488713
41703747
41528112
64808111
64845644
41777726
41085048
64194297
40946520
64309663
40778875
64735579
40983127
63529061
41025775
63838522
41135722
62903625
41460225
41888146
39931572
39896036
39648141
39379140
64293347
39312405
64907831
64514669
39577062
38851359
38708195
64812583
38117415
65168010
37639227
65389058
37711906
37465464
65745054
37509802
65639462
65624285
37604507
65289252
65259159
37949596
65483460
65350342
37712074
37431585
37537761
37434156
37121205
65955871
37275739
37279938
36989757
66145361
37194976
67168124
67166796
66717559
66650783
37763301
38033644
67073926
66933169
66869791
38330787
66978460
37743678
37430801
37552513
37513768
66539210
37523337
36963986
66220317
37143427
36552187
36683324
36675392
36192474
67387723
36447520
67656992
67604400
67946602
37228472
36211909
35863215
35462877
34516255
34847884
34290564
32397766
69271849
69548511
32369879
31776082
31770183
31779919
31743247
31457335
69730288
69543620
68856957
68973435
69073695
31175639
68197568
30820297
67949134
30049320
29979931
68291861
68034521
68364281
68922545
31145189
68823079
31186787
29725227
69024895
69266226
69155175
30849449
30397209
30283284
70664784
30632124
70809265
71166883
30559643
70600771
70390973
30711131
70433336
70188587
70108562
31160889
69876570
69858785
31506492
69757321
69611614
69985478
32302831
70543820
70667534
70222072
70258737
69819424
32888646
69634468
33416342
33297529
33041766
70107244
70126018
33014425
70319393
69973923
33574597
70634042
70548319
33102603
32873176
70688956
70296928
70274690
32730883
70462105
33218659
71188847
71016551
33544639
33570701
33807456
33667620
33588805
33322732
33485043
72054928
33685552
72532381
34052714
34044975
74016366
34327805
73962925
73306670
34472271
73254963
35366057
35138919
72774660
71982358
34799019
34808084
34704963
35300170
35605383
35757837
35219224
74108605
74207966
74341071
74165428
35652640
35585992
35719868
74668333
35553175
74969932
74305256
74225467
73989479
36364130
35981734
74572115
36248993
74629768
36280136
36462793
75103039
72916119
36565438
73126254
72823272
36818277
37010244
73160999
70983621
36897286
70929239
70995096
70513688
69843156
37082117
70166997
37285980
38137923
38248050
38741039
72293744
39130784
71919441
71670846
38284266
38562898
38732935
38548959
72329545
38622433
72396741
38308827
72486146
39183324
73336836
39266665
73840007
74065347
74279468
40285041
40207005
74195602
74584862
41008395
74786957
74939595
40937819
40952065
74304054
73960296
41596964
41189098
40699100
74293332
74453301
41273910
74607256
74835648
41856982
41590643
74613542
41439344
74224593
41555310
73503791
41531542
41791633
41492071
73704513
73811155
42011926
73653968
73027234
42100954
42029991
42192776
41910969
40859774
73124748
41166191
41158924
72929090
41379482
40072462
39697782
39674687
38410509
38750517
38507804
38317128
38060558
38305825
75582990
38201417
38352306
36936537
36431017
35891097
35679381
77331345
77545181
77372114
36559372
37341314
36937806
78877933
78968567
37346185
37253795
37304462
79710287
37109335
36528688
80193660
36710666
36791656
36795650
80495171
80350639
37457797
37456161
79792374
37353182
79360746
78900796
79415981
79443224
38159713
37745594
80196047
38656763
80464787
37753573
80427127
80667812
37993147
36928289
81046514
37717015
37542683
81341422
37392023
37421328
81788964
37197127
81648817
37139198
81933875
37131163
81568903
37082268
81422799
81095545
37177077
37240753
37117552
