71764
52166
15488
12948
14665
22734
15690
14442
13733
17851
15996
13496
12292
13210
25826
15326
36965
18231
15620
13617
17244
14463
16771
14040
16907
17520
13817
16694
15546
14869
11686
16027
14044
11673
12224
19226
12752
15532
17437
21095
17244
16018
13978
15602
19565
16134
52226
14537
15964
15558
14511
13077
12830
27130
15377
14650
17663
13563
43091
15209
25783
33011
23285
20364
12475
13021
15961
20660
19397
15152
13297
13027
19733
20797
15209
17569
29523
28654
17086
14397
14984
15346
13345
14610
20649
37495
11212
18160
12977
17821
15729
18285
12582
15168
26493
20383
13250
12381
13369
15402
17024
13002
12652
20102
15188
27194
11609
22326
13368
18207
14113
17689
14145
13288
12723
12864
17858
20184
16273
12859
13325
18524
15542
12470
13754
14737
14177
13037
13141
17336
15040
12638
10964
16939
14028
14313
13994
15218
16094
26172
18458
29579
34358
25577
14906
13585
13321
12159
18787
17400
14635
14456
11573
13326
18092
16222
20790
15057
13831
13460
18205
28837
13627
14539
11402
14113
15593
13588
15978
15195
14083
13053
19827
18310
16115
15584
13274
17495
14761
13979
15963
24770
19185
16111
13692
13092
14759
16391
16038
14096
15296
17772
29486
13677
15094
23626
13233
17873
13738
23444
15088
12764
19111
13266
15336
25195
13610
13488
28586
17138
13725
19671
13481
12450
19124
13516
14474
14300
10669
15166
13711
12561
16722
14610
223532
24067
18247
220988
16887
17810
15240
14961
15457
12480
14895
14604
13859
14192
15342
16818
14689
15790
21515
18663
16322
16909
17282
21024
14970
21936
15687
15311
19740
12789
13496
17665
13613
37065
17247
14948
22021
15525
13394
16098
11969
13380
17491
13672
12046
19832
223070
237600
223870
12688
22005
16404
16693
13230
14940
11960
19608
17525
15620
14463
14167
13708
15919
13918
14789
15924
13579
14521
15074
13235
17179
15031
12904
12323
14614
12529
13660
14470
15513
15318
19290
22615
19791
14524
15502
14546
15734
18427
14731
14139
16157
12860
13626
17539
13154
13383
12775
15961
12171
13574
22720
19139
15341
13688
18089
19071
23402
22167
20147
15778
15260
17802
13716
15129
13128
17338
13243
14722
15288
15740
15486
13589
13099
23115
13489
14117
13153
11691
19086
32776
24715
14296
12144
16852
22322
15098
22147
32308
14970
19390
17931
13710
14872
20232
21215
15343
14839
13463
26359
19989
15433
14600
13328
15053
18060
15593
12072
19024
19880
16136
171328
83707
79506
222142
278958
482804
566832
57189
214191
91573
29315
144062
1058687
432452
314920
507002
148107
1523501
285441
676284
1028867
160767
210658
1003719
123284
119691
963461
45193
953539
100930
132455
2002841
39796
527770
122969
29152
82263
448076
181990
961510
402466
182832
832259
65782
229263
878949
636444
279303
638794
349461
1326897
187610
321856
113387
120014
846682
173799
53528
71615
1119963
45649
1235871
223346
153872
93701
240146
116175
896469
394913
134719
88126
194708
953446
299179
125408
793581
114381
178981
1426634
65658
916404
931350
44669
514641
38631
616854
66451
508633
205777
116905
208494
601488
126893
517628
1040814
704426
185003
340156
69172
213296
103505
461546
131284
382103
411467
221136
58498
71909
534592
172986
324250
318288
588921
623105
130033
307020
302727
80564
677740
518378
54159
525755
1257519
174823
60444
149998
2361677
170948
670608
435651
275486
202736
148038
261756
162847
539999
349840
187162
590360
280171
619116
442898
96579
68905
25074
277299
1209327
77512
166628
697538
124276
805928
100915
920432
386559
477903
132048
273449
1186620
1578566
213143
627662
323434
217025
369932
242440
654015
40921
55340
1069815
105740
37706
920766
283645
510682
682474
572723
75769
515051
29489
202466
1338022
29181
364769
416882
102337
548605
507536
141804
685641
157493
62807
709660
44527
170344
70233
529155
88709
2002770
614168
885816
321464
571479
53648
688583
277297
413266
171566
193838
265669
322399
465654
192566
1622355
807541
114911
1496564
130380
272063
829305
271406
259016
58140
572737
87590
364197
592517
40200
196921
531016
966775
326949
197020
520557
99913
201917
279496
73127
135537
273506
937612
156272
219332
1269547
93907
276892
726641
573506
1950484
140340
887698
635068
193825
110425
82524
492023
468761
396628
391373
794838
759618
485857
541981
188473
307476
147237
1395982
226728
346858
552964
242470
182963
70920
317263
27736
461041
575812
667288
838012
796192
1137449
116931
368926
796682
133789
141710
91442
98431
388844
41452
1351721
445749
42065
289790
240863
460144
851523
462936
62158
48606
893422
176426
302087
108661
445685
146434
256045
334153
246527
153673
622018
142282
1275339
1240557
725281
195673
135472
262545
523615
188014
147445
642673
1004319
385431
237638
131001
338755
2458776
101334
250157
395596
1179533
1363984
462373
371908
149782
382019
158783
281779
1568863
292521
40146
553357
313100
222674
44544
31878
1000492
446833
675197
208401
243324
639038
34836
1149654
1416554
292441
517381
1239548
253699
218676
1214307
306213
627094
94970
426157
1179565
26269
124990
791027
294565
167197
201301
1206416
146182
132884
315349
795098
31842
555436
635719
36169
110212
476352
120903
532327
176718
209293
418787
291193
26454
176758
595861
1677439
116497
701212
198496
1199605
51506
498559
59998
31734
474902
125748
560880
231656
82211
735014
110365
200292
613114
182883
366888
85486
321515
86914
1239008
123888
248174
304396
633021
1027440
541702
469749
140523
50449
52851
1430003
1299236
407268
164239
974369
95044
57778
783037
636475
975855
55435
783006
955531
355073
239666
192840
186471
91882
349681
72854
458972
702838
176048
42943
186083
1139482
59652
228585
157697
94724
75415
79143
320036
91137
521363
183483
111721
373552
78210
30922
511001
918620
753735
738267
50004
477132
595813
27618
220193
332360
339268
62110
197330
24256
129513
25781
1727594
1256099
655907
270584
437480
332392
327211
227980
575071
230659
504036
824004
1320340
191709
62284
82250
791531
978397
635875
537583
178232
149716
249648
445871
110287
94463
65823
135152
149985
206970
84136
872403
453791
353016
207454
78277
113782
242297
170982
509050
258774
692530
380937
137226
378756
518884
1048767
365382
721488
81837
195007
133311
293242
326244
512305
660356
812111
115781
515633
272433
929672
105082
313483
181259
125195
252560
376793
333079
102784
50979
559372
162194
33223
129886
856705
248957
967030
454944
361209
1609608
119973
1644956
377662
38954
85606
674856
261176
1110220
242194
41909
541688
2283619
130503
279143
874031
166887
326302
113175
759961
61180
125003
122252
476022
1292025
250649
750936
358866
263911
821394
725445
172015
1606776
143009
217682
38117
337551
132690
320538
1212983
43024
207623
50325
359748
700993
226566
339456
193750
78694
80123
1092723
169925
782040
592975
1221483
307119
1485618
898402
161179
68410
564867
93613
378784
136218
31790
270127
614885
332405
61083
654093
55675
586607
916268
574103
674723
997907
66414
234609
114026
1239095
107786
128272
492810
1102692
662819
864784
424997
254078
146130
119339
165821
30272
239889
1225669
815519
276644
134469
211316
106451
1399255
131994
183076
804853
178125
347296
900299
34208
663965
883297
367357
40709
444090
867214
131624
2054873
185160
479020
122617
33940
468168
522517
435138
939497
283176
651549
250955
831989
1774408
391513
82632
101427
1441503
118409
320702
72031
383837
795263
219942
234290
142454
259336
247201
276793
137645
543605
152492
897152
693472
389697
498690
652446
749031
802142
146602
65707
747340
241219
526860
98915
181748
1679337
779951
2487406
407012
134352
137130
128960
293126
593339
236083
458730
71623
82439
142582
151822
78890
307152
245556
161971
357863
1378578
632600
152641
42322
40952
727613
30360
162461
306546
473212
58230
928995
1038240
224578
118878
900700
118453
60977
435379
237339
296597
266415
566139
828262
1392962
271683
240024
45900
308375
827041
132890
356176
151566
1263540
240347
254273
296836
145806
465509
37882
35674
456550
1158421
181361
289339
61633
82043
164068
1490946
927579
767108
344869
401973
79224
1979455
1046485
715238
380118
378735
350415
53071
97522
260993
187098
430243
330060
1186139
39717
1386882
844811
708116
160539
289504
843744
330045
177901
239527
589198
148479
406968
279290
255467
422122
168987
503386
312799
178750
39842
592882
358309
727125
476079
496599
324639
251751
577027
38041
69820
213433
114192
90938
137655
414650
417476
35044
230213
60235
56170
500107
46977
645954
142354
193716
444289
608754
362691
364101
332014
520818
183188
61486
82902
325998
1538488
168284
157268
565266
1162693
1182809
91711
441412
36691
346096
136450
464188
230567
196087
985716
254771
311419
461940
74332
35597
605091
884213
365861
1201961
351841
55015
273522
739629
173817
285357
105327
394714
86788
1045237
549273
158024
660775
43815
828173
845788
78354
515814
510676
90719
402529
129436
162156
179390
954951
37524
106843
458664
628238
188881
783401
113743
67970
253222
998710
68917
271374
2071013
733393
820040
46743
306208
299865
383962
1227200
105983
322940
179983
276475
378877
614687
205581
172824
58132
106352
246186
365953
709648
719406
26319
367257
146847
216327
336271
1035564
63999
885359
78569
552882
541191
279266
399661
986421
162910
118743
883720
78300
372949
31115
274054
78969
400979
864184
506568
1424278
831261
127159
659795
988326
102542
528276
343356
51393
51244
1363987
683511
430030
323353
228896
458654
448589
1119458
156211
98271
767761
981279
242729
146325
960648
51683
95428
367644
521023
1140024
315117
497077
485859
330069
75019
178028
40519
28204
389992
273797
329812
378171
1078473
321639
845019
71511
325451
172143
238512
173576
45080
686805
805499
218829
64369
324784
532215
34495
907019
274844
50867
156460
391968
327841
722924
42572
736119
944560
404928
1087936
407645
187668
215521
1881388
366411
2236871
47974
727039
538653
1573016
267590
982863
181468
208799
241370
623262
934191
122213
346293
309900
288880
1695796
413591
236097
445440
57005
63700
593609
134548
317845
131543
729872
299728
793618
549354
292024
33465
141230
1007737
708932
178539
903657
608262
855214
505191
654241
58344
1148206
615592
36478
304889
524164
322474
754334
1430705
685861
295215
320538
2883887
32966
304165
1960533
260416
796106
140770
94767
238746
252132
255129
1310530
185425
1725554
719822
1205030
462725
50715
69014
312134
377941
358058
230542
372912
1518315
168030
584182
96006
1177231
453046
213874
147565
269767
1033509
31239
851669
1748348
567009
434956
236201
146333
196549
75673
583777
496095
316324
95355
222431
227193
175098
237092
1782937
587875
228895
89160
52587
452575
2859041
104273
234866
200114
1417696
242352
628710
593718
587166
201809
229008
88692
987319
2236874
146952
926408
147552
507628
103083
54862
36154
58103
56998
46803
57568
33393
115928
266500
301569
85094
180074
466933
278313
131727
110835
77931
475014
206757
1235337
315251
134465
147072
501828
169753
570559
62200
222915
149911
109026
194081
318458
383037
322289
376128
804406
56759
196140
1817724
272601
61764
122948
269855
1144965
1174149
256750
88287
1836125
468036
120924
722896
292694
827991
533230
298554
962928
48501
40596
71781
252007
277467
1523439
334201
244152
288223
231859
339581
513732
210069
187436
352691
111562
103279
87107
360197
640192
268781
371313
382097
84260
302849
424102
1468198
343554
207659
402026
111985
829387
549540
692518
563721
38302
246811
876537
174809
1429676
1733056
444138
802576
120660
791880
76532
365802
78020
595905
335219
373030
799232
197209
306051
945103
320307
121549
212392
1275732
485592
280365
818574
167857
230407
89349
141444
258160
146652
274462
646718
513444
1164045
98654
345084
534286
123736
41420
146250
559199
397339
51435
474059
708007
173711
27044
35068
695278
156329
484846
133526
236569
99488
1392395
115627
307666
111089
30847
79541
34406
348715
1082308
75757
343898
38826
885246
1055198
372978
259048
212214
48901
159444
733776
371640
123711
57155
369619
481206
301533
67115
513666
445951
40144
29036
551440
64357
115976
1365518
228826
102561
126483
125588
42494
1227757
778517
725650
377587
290702
137843
790437
104597
83370
67746
152727
85832
106772
1269722
87685
752313
1330495
1482882
205521
650049
760792
617330
940889
1039064
166162
313888
249041
459379
1307152
145193
276105
573147
139069
296969
150576
353207
902600
119861
294438
199451
326148
241277
532670
694418
583414
1039682
138528
160192
1604491
230768
39553
1205799
280771
439393
46133
27548
99803
329295
219397
214121
75609
914224
155911
331448
118441
1023387
47634
70170
485009
376981
545449
121013
270131
80605
177754
378178
530326
548769
631219
491338
128289
863933
185808
242359
187642
61017
374665
358740
1012519
543699
256802
541764
267155
37222
314556
117208
1768674
160425
1442170
398687
748128
522183
272110
174807
76493
1356939
1525510
350378
346160
452410
1201743
102731
39007
191259
31827
1104515
396949
527304
144703
2411737
1067676
1075482
1068058
316996
312491
227108
879020
742389
111433
710375
558481
1719579
123122
535145
422338
1471187
191519
597943
396076
133982
266652
113177
85654
313910
77159
631149
903730
1623082
665438
765854
310657
758346
456770
1158279
425236
325729
330031
185786
108421
480984
36485
278492
117350
53097
733438
66300
54768
419364
32370
340272
141237
83630
649475
394894
121908
709259
142468
40549
310540
293903
455974
85366
36815
44321
138240
582583
707617
387448
279474
327814
1067525
567152
735664
666160
130785
266865
829583
604258
136918
118553
88422
258324
346299
237303
659560
226792
233185
377956
194064
653576
961636
343645
308646
519957
209696
165954
625228
82624
1189386
70103
601445
250177
384627
306251
819742
823012
276675
458212
98740
40854
2433027
580160
497305
36334
589699
299886
288639
567912
387525
953518
56529
235322
80550
113235
624207
163846
80381
33272
147126
110045
224848
89469
391850
721188
466743
32458
1073830
327759
227720
1087436
1713232
85515
2309544
548143
181557
230538
315703
85997
520148
667096
335464
773085
106060
1174032
177568
413217
936024
472028
252848
477711
31265
141449
1474697
359370
665585
829538
309728
565058
367937
487551
421434
757843
355841
71232
134157
92991
338760
1117786
764705
691150
180260
2331467
87043
213148
398492
1625724
233187
229767
372925
1836437
302316
197717
425166
353993
37007
1477406
136752
699757
747614
803525
623917
587822
196567
169211
791226
167366
193459
1918847
244476
680585
418837
645542
144613
575601
524622
1898368
212160
165332
471950
943499
49794
406433
180212
519133
460122
160221
398946
199084
78227
767076
73868
59571
194429
220062
119343
54356
1057311
1420888
2448973
72461
44152
705167
207730
308830
397166
481349
423795
42203
44662
334126
94995
619981
486914
435042
75066
339560
43155
69656
314539
309113
896823
230302
73919
333999
931379
343966
397341
29614
470207
244825
25400
766712
77033
50732
342195
882620
962651
292941
78858
62847
33469
111662
885168
330634
305212
66894
1148595
412376
793633
35457
194053
343154
195453
406541
162163
63262
508197
156702
138458
158274
529958
459564
573687
751032
677389
38863
31054
1013414
89750
217712
29878
157483
1166626
761051
754623
476121
262017
193227
199029
484427
61357
970430
905253
35058
394357
570167
823565
265270
145209
303064
765958
470871
387037
332693
190154
114012
519213
544507
1228461
84832
334053
464615
365860
180842
34801
168783
1002264
168029
607930
1248093
133345
34391
51635
363107
157310
900603
339977
48346
141558
162183
68515
780390
167602
50880
329420
268015
215303
173631
227952
429923
321869
760150
413037
268451
135767
936779
575106
432174
466373
431014
909336
30572
223429
49282
79651
114154
1210623
39239
174084
626334
64678
869874
298616
988094
114129
175803
152616
101794
710786
850072
53154
432615
443297
248872
62032
511177
319321
40379
177851
139961
97710
354411
776211
163713
388590
146024
476370
155488
26591
982559
422142
619831
109336
818912
39652
866976
151226
181430
399796
1316615
75330
342895
1009938
454300
962489
88527
81960
290807
229443
603583
393144
129129
542813
1361556
105484
505430
519209
78904
102835
198708
976140
202855
684980
365943
931765
78779
240312
32327
1484226
235344
532709
116009
35147
268319
193554
60131
89171
1949974
687993
295770
60443
1165333
630062
53137
61729
1207530
160863
212807
1050710
779688
40426
211899
446167
251518
750845
554320
1230100
616934
117134
917973
359332
176875
237376
668238
512917
950489
571394
568003
85010
1332544
958324
112137
1350896
212547
1828162
1225628
240923
84108
83472
175753
792526
390941
40620
792206
298881
595589
206132
711989
308918
47712
534230
294820
159924
123061
74443
321627
152600
453509
132271
110585
725678
470699
154580
663755
1271460
940695
933501
250274
264937
1093839
286472
39647
569857
895418
94717
1082403
63087
115253
248132
72194
1243367
1063330
981154
595790
488478
279903
76660
1200027
157142
2028470
363923
87091
76453
431059
252029
609980
1174871
404598
201212
80265
526509
776608
594479
107387
224528
356893
190093
509277
280457
118091
475169
639498
168812
54077
43624
788842
363813
1390643
468256
743905
125114
833938
376286
209370
106298
705289
1674807
559429
432435
837257
1536860
475414
616245
1138357
186435
41569
149590
342904
268668
125505
84394
720160
318533
274151
384227
100575
84304
1010232
52819
1524928
183692
549903
148139
752693
924099
173817
381979
294079
734341
179601
254994
198880
174975
623355
276884
639184
334591
444603
182505
429802
35544
258334
331598
197288
32745
495054
195468
788911
98046
701689
87128
238974
115146
256552
187231
425903
251490
731046
597933
159823
36193
127879
566946
24133
219973
132256
323781
248510
28116
34951
100789
271099
481198
364882
259103
203849
1401786
50416
496532
820473
98361
553316
924776
45358
113963
47937
731346
152865
873923
114103
95478
38813
188088
794289
400283
1768436
714856
892641
331634
36815
71379
315370
365719
108870
354470
86406
199633
122809
192475
1156456
91839
49900
642800
94765
402790
34738
136718
1275656
267965
96829
375760
387570
130950
27303
82684
576013
645605
1342673
2355940
171961
347009
850296
155390
371107
1556387
197358
45367
200511
214435
27595
1078483
309515
74138
1268330
44422
50208
488753
1428272
234942
133472
28622
146789
424911
571849
1065461
41337
71186
183807
110283
257104
80609
40986
219207
23280
408077
273411
169580
1075788
128514
142362
32542
42210
26202
156937
45825
999957
118172
65510
2011369
78755
265056
33718
788711
421192
731478
2685329
109394
252354
143374
203734
48449
2970512
213726
119129
323748
87146
696217
626206
397370
395160
35041
714559
331554
106271
976638
88700
23525
151099
46455
729418
477207
584702
121080
174577
539703
201903
248302
779596
43355
67156
860109
1311060
107437
102600
164053
278508
126438
98271
58935
501788
861569
269809
625573
128118
1106497
404802
857897
63292
514627
1474761
969194
193574
828177
413280
450989
157913
119646
129136
37031
41393
167089
134623
26170
55765
291164
304704
101739
118792
708436
297700
141158
172582
337355
123380
165184
896337
115159
331442
575435
247034
258051
352112
172605
476378
342547
38048
42271
40874
623301
99354
92226
31733
41065
183345
240730
189860
411811
47690
268121
282456
76813
27823
204661
338974
995009
209863
86235
217850
80153
488864
264256
125292
556718
197520
512633
359255
173391
134835
163657
732757
576780
372076
665553
187701
45850
104991
125806
473021
909348
31151
939252
524805
684137
67533
312075
1366945
1149870
311258
168007
647392
1108100
277791
219044
55328
654853
175625
595383
780230
806185
362428
561216
1010952
32708
392495
1085437
179016
309500
482968
1088509
551344
80040
1950897
1197855
1644092
248499
56197
667890
82015
49533
32610
28670
197269
720493
213349
204316
529655
163956
76827
204373
256878
166508
28106
368953
28094
614330
159338
1381446
43770
573968
84393
207926
339327
1090818
114838
631327
2458238
24626
132790
715881
553999
619532
411893
23313
341704
522962
70608
112656
1323451
29924
183851
115740
69551
109739
1346968
422894
1258370
267188
1013799
114866
571312
229068
31948
139140
120175
1090043
293733
279488
757698
202466
1441065
1084407
295201
417421
717365
958204
139184
493271
54828
577952
1320904
450741
244400
89910
25367
126152
736839
42600
29163
131275
150940
247926
1033859
451884
632497
390874
211803
464334
94745
1277617
276875
185832
265019
323652
413001
188948
26838
88847
1099109
98146
525275
79278
62833
147285
174225
673083
200313
706080
34042
319499
338333
811893
708565
95977
572559
600871
936417
138657
174048
244660
198564
168480
104344
1627690
511989
150069
35033
1113558
642556
641517
410162
630916
904032
1340962
589596
141080
252916
52800
460417
599018
211477
437397
1012175
656371
38282
43273
324709
675623
607252
748095
72792
1127041
413905
174442
415140
399245
315318
124720
198047
265435
247698
85978
946053
315648
305820
256880
153022
140870
555218
222461
949451
298844
1353319
134859
542209
406403
1294728
257773
540064
270985
1661091
100574
200195
271162
431938
509816
462964
874864
160262
80413
132125
811310
432291
131386
230096
415533
340305
37179
38584
987613
349772
65373
226593
931017
151546
1205759
153023
666450
67088
439813
69087
61382
573838
453077
620370
370719
481626
329895
372745
93460
321983
80881
399461
770252
660066
107759
102041
52465
791308
709778
247382
353690
74959
80105
742020
32746
308366
1212199
357269
442804
110498
279394
444969
333821
304607
794231
1071832
148030
82433
770504
248282
62294
429214
34649
732497
231815
100305
1752745
109748
884788
167931
232907
210518
239747
796733
519014
535400
696985
89231
657798
207062
154964
191705
271528
261291
1441573
169627
754722
436040
623232
263524
378188
523580
132876
161330
668702
220675
472110
594544
119360
463220
244028
260344
145805
223327
108681
98124
782002
2137342
608187
94074
126570
101684
447539
172369
811721
77749
515901
78851
204122
97349
938293
555897
206115
118965
28042
527125
1215723
508403
84560
38485
798691
949720
93294
284579
174273
457335
381445
275953
32557
111364
780567
224428
584862
509304
427094
233382
831583
40502
1225038
974030
709236
624785
254618
37839
153549
185297
595811
645759
1567485
513147
113373
358378
549200
77184
434577
275239
129956
506823
78358
988148
274840
584752
357326
900819
537994
55095
106843
467416
651780
100104
337014
451733
261687
122382
172265
976277
53451
215596
148228
556528
38819
1653453
249898
664141
325544
117974
198331
831439
310232
1033482
126144
403306
95731
390663
543651
193813
305018
604119
165354
153101
49730
44906
541367
30981
221227
738267
342626
180811
40158
496203
512048
333139
683747
111951
382040
22219
240692
1053702
819026
433739
717258
32303
145273
806939
427083
184593
377842
166336
267040
102139
26276
436468
180633
192137
141144
198538
53440
312807
518427
277670
157054
333300
185795
78917
365219
421338
741252
159352
41334
706315
253908
2776243
82485
235843
581751
706852
37591
552464
931017
263051
269941
473273
645860
768870
661779
80430
229314
355097
218568
60664
1456543
258345
79474
107238
492229
46272
389408
219465
989399
891070
186914
444416
446708
1245492
723946
520731
1245430
384727
766768
193407
164440
218304
249373
268234
111745
3036725
1255466
503733
149433
29756
649811
96273
372079
500370
628068
927083
102169
50842
238009
314584
1359782
369160
139842
522839
236619
692339
363701
994206
155942
70992
674491
497699
829352
321633
89398
83209
999070
67867
458731
195053
53071
166748
817559
1495170
244030
220446
167440
299229
109465
236810
38071
458173
137944
284711
1158771
165528
156359
374857
1112743
94928
466822
239356
405361
491880
568838
998032
231145
70658
213789
149779
44716
391911
347367
380317
35483
137218
127831
428980
32646
105489
117702
279636
520749
66539
602018
190118
281068
202417
388815
262757
672617
1060783
381040
62894
531704
35493
801969
478531
158459
988105
608695
209546
58417
140123
28496
275859
550654
596242
73068
106074
85731
604176
37514
82122
863185
108488
336186
104111
287660
621819
561259
100611
445751
484176
30296
166265
1081280
377248
178328
280743
213690
37630
44238
138206
445635
470728
360027
40917
153559
612190
1048804
1762601
72176
385227
975382
245250
301254
827587
153602
159388
409587
352184
157914
241817
450085
231908
242509
652204
586688
214032
207773
52625
879785
731123
47664
258276
88649
139805
1209940
872475
97936
483825
366511
228202
521198
606402
836458
71458
596182
177387
48783
2641457
144787
456845
139012
1505851
82766
449029
809214
169975
287338
261418
195068
692621
960049
203358
43172
112110
262838
218762
780188
518100
489571
511714
1095446
100249
181817
49094
231554
143670
869617
490492
435274
29977
357817
521856
111116
41582
122148
1386750
378822
49093
1017052
388803
595645
134857
663929
581494
210428
463392
1256541
1043048
567530
71804
1192874
497685
529114
567234
274686
624805
65920
924054
506211
142776
94958
181105
211592
480680
764296
298500
1096350
474948
726232
1675381
224837
606849
697091
51313
43542
278070
150715
388379
68398
79302
265594
635591
113463
898069
228065
226960
74259
260175
115555
28791
1286599
1548255
253874
258015
444742
193832
186450
307373
287522
71791
376254
466193
119458
35217
476978
140111
35701
394104
208251
44347
487990
363206
141471
452985
105361
293224
784275
49857
601009
251724
1141993
161177
29376
60611
513550
67564
122447
719640
144138
37940
154571
754765
82580
145063
150558
292297
92797
227055
818159
451898
823710
93469
50488
1379569
1023290
232742
147375
248864
289342
1718551
137554
331989
227368
617123
537329
77247
147394
533922
130602
184634
170395
229809
207079
765644
129941
547788
37671
228364
544063
297739
631007
209284
652354
1309880
86686
279880
252596
422596
235521
618419
717959
90510
557251
950213
492809
286176
330172
387900
37289
696321
705535
834404
986643
45547
130532
244903
176067
208349
147552
25912
785802
493558
214999
185806
667595
1789652
59867
1819898
118636
197096
469600
119704
428123
767045
230366
305044
119341
167640
667806
384685
299718
200806
76643
33753
399739
270386
444886
107492
753063
3784527
45454
175523
372849
791717
566078
233450
669112
696705
32007
59547
164134
962784
47935
282323
134217
134818
387047
45012
58389
161356
860422
84543
411930
205118
910609
465749
358113
188077
529291
111361
278837
299714
1712891
638762
257641
336197
80420
233084
123607
299153
338445
293262
34258
130995
1014642
273703
209939
202448
302859
482904
33968
220595
439079
157524
173691
1502684
42298
748964
352933
349354
1563956
42082
243326
870808
259955
213686
72002
542326
89472
272505
43724
101115
166070
176307
848882
203800
646324
266189
144316
938029
171405
41283
173702
362329
238533
479101
848811
104720
59981
203374
348779
160008
200301
757280
284092
67490
219657
1164757
451866
322838
233203
802232
94104
64373
77543
220729
432662
187770
547755
331080
1230377
508307
181190
247083
373015
251837
366843
932935
373033
831839
210098
970183
1273401
301799
120307
525972
373911
205389
27152
706020
1122352
88306
39527
220086
48661
31726
80287
88362
187396
164125
49157
92457
1019300
49023
828958
265383
276530
65811
278259
760277
464637
629501
244511
1183588
290659
31498
299929
1130611
312605
37148
369193
35147
1419232
29682
484089
322930
189860
271210
569976
511877
80960
278854
51078
332883
54382
38125
447284
446443
99428
134933
301732
891022
477998
173510
639325
456179
39163
507415
354109
342488
29041
145297
83912
164583
40337
111948
219731
557620
193735
84692
356390
104857
987378
123727
778146
961853
971609
1254558
477222
910866
885929
69639
95590
43009
414393
620266
342775
127209
714284
217001
1269266
265627
285429
32878
202234
140025
180312
226661
327015
500313
786163
915957
44678
443254
2224435
214038
511075
34519
315593
461745
67145
29526
246833
75386
494224
1488677
2314626
93377
152480
387372
526877
712679
41533
253977
1442763
395919
577846
380166
758967
92151
1381355
121755
38925
70363
43079
38082
176832
802246
869692
40564
110879
260652
146623
99196
593002
66552
241149
805821
379614
1188529
131495
1128017
104472
365840
861427
131491
302177
699422
1966209
1115827
382348
49328
1405064
944005
622933
27872
29660
63628
666745
320882
742674
890268
1545897
167790
49400
60733
429529
483764
295884
60680
334135
932494
210521
395862
444214
502404
170205
405072
1364589
1709175
733622
305684
607087
572356
40354
331019
463055
92275
294752
85727
366719
724980
224885
69328
161971
666794
24758
158789
779669
674907
26866
651649
308224
432158
50747
382755
293631
123279
877268
266597
612226
175815
288027
924634
154577
362009
452364
229746
36581
116242
498913
50714
495463
61553
93459
30909
746238
431426
224672
84855
165630
202300
295282
93542
921006
123227
305738
106213
376355
226287
337388
950911
730448
299297
314494
287584
332482
439789
643802
752454
358149
279779
42237
166222
106198
1416386
798388
853835
136296
334719
231235
38291
398146
639521
633436
172873
464037
418583
71351
447449
140008
64162
165455
434647
314882
237419
454054
326580
52042
218535
28065
294140
144692
172908
651452
238008
81857
43163
389690
154068
235495
423107
229607
492328
1114137
377452
495201
60046
111002
472691
306975
259405
43098
408283
39281
733780
161169
118358
482503
405822
123415
653372
32278
270442
1215288
447888
362193
156484
522443
799554
160738
159532
302092
245144
439171
308653
70815
1871498
344308
366679
42262
619386
166701
192671
326605
691619
182582
235620
466466
317322
1346959
97242
67029
56067
161325
165273
452732
121822
539229
582795
1605518
606560
447349
250210
434862
330592
80345
1428981
121508
352143
1700348
433523
212241
434845
656163
269270
65980
236949
98233
38247
447364
613899
379577
441350
1124187
1031688
169766
414648
1448500
946834
152214
39653
223297
129926
902352
96787
579420
266030
56642
823857
63891
105414
229356
101018
824708
745818
67827
456302
217643
448167
78672
139225
337216
641969
529679
763816
1065654
394961
261131
320611
36101
131029
32661
254620
1182702
512452
562031
469224
211684
1580859
170954
1233869
333107
448961
924017
1177192
732022
425706
169850
408784
366569
172711
633446
477891
257787
263911
2178610
198769
156146
249537
776430
151245
168856
838692
483931
428667
60914
124573
47208
981365
32143
810090
345397
216942
175663
622282
983357
33898
745465
418464
171988
496233
208563
373955
129641
182288
32847
335770
402464
241138
253302
376395
393509
1088236
190143
538788
2378429
620286
212765
123434
270394
661624
640552
78089
1427532
116072
156645
90724
194900
907996
895134
235984
570141
281593
224318
1343406
329868
726596
656680
911129
338289
251388
605381
44523
373975
239697
930675
35675
315628
1469328
254332
732042
516385
282870
700584
33084
161546
141445
280611
544870
418783
298832
328563
43206
586004
154920
887543
792869
30344
129981
73949
355724
52616
302058
845662
367205
160403
140485
665899
508973
78363
235958
160587
453117
111358
245005
394674
475423
2846583
497245
1282029
37564
1591279
406100
41886
38776
479987
306220
913113
886175
423213
1796129
171192
859356
118025
401893
1071126
334764
486245
880757
452951
199695
594962
119042
252875
790398
29286
932021
142619
301857
147014
568725
359149
1325297
55630
1057842
1129920
343223
331695
332595
475957
680150
110651
1041469
998872
265797
234780
222346
197828
652619
400068
534515
437906
308798
251800
78307
208557
735973
279429
867646
223713
37973
