457201
605988
407537
668230
774042
940992
1742095
2593223
1647075
1131991
1260620
1546732
1579181
1292135
1486581
1741028
2464947
1536135
756194
2606050
2701902
150662
2536509
141235
1770105
1660281
971955
2120848
2272838
1643951
1816239
2730893
1985123
2967422
2063669
2085147
3220334
2635518
3528263
2607339
3896851
2818131
3881805
2889294
4031630
4058519
3069791
4112817
3634787
4495275
4373795
4522203
4789566
3770511
3276470
5209088
2966795
5471600
2984285
5479395
5444046
3370029
3105702
5436079
5421456
3986594
5983182
5270208
4990272
4360162
3865674
3897131
3196226
2660974
2915312
4742907
2284007
5060171
391875
640403
5332673
622907
5518400
5940357
189232
444659
5821167
699886
617585
745600
6642298
933989
624943
714932
579478
7319067
454287
7618693
7283926
561801
526049
7484212
535542
6715809
256730
537015
690862
243266
8440637
8304937
314047
98721
246040
339647
498367
989790
1362327
1809984
2076222
2131740
2142449
1514118
2558341
1883977
1287834
1304700
1032930
476688
1083711
1652729
1536620
1634951
1188620
914830
1009504
676461
665853
677078
209797
397814
382956
159649
246972
347292
400557
274300
563681
579673
177227
186263
317073
349759
314763
472485
395902
1679735
1402638
824161
625598
597792
530520
1593851
1610767
1747196
1682306
2011095
1849085
1918059
2128540
2276371
2470928
3133893
429102
2059036
2040100
2391115
2408286
2525980
2824492
3098493
3048721
2742132
2929394
3150134
3477465
38928848
4698314
4644101
4785160
4761488
4858683
39707677
39765545
4787875
39888908
5282177
40313734
5880351
40655767
41195605
6850182
40456344
6840520
6802109
40832825
40713482
6952582
38621398
7337918
38622112
7725609
38875768
38102875
7817762
7752845
38183124
7718329
38315509
7647354
38613024
8012815
8312479
39254561
9429017
41014125
10761955
43381397
10981959
43607371
12059097
45004598
12402341
44863768
12312215
44675912
12781411
44360433
13075107
44749742
12737568
44890071
44962627
12916209
44857815
12403912
45568547
13273572
17936442
51440437
19109525
53050497
20072227
55185645
22274551
83528035
84366929
84470782
84318401
84334326
84116145
84210391
83669982
83657229
83402203
82415424
82135628
82223171
81508623
81444156
80826059
81624550
81575765
81691576
81348509
80832338
80280642
79761787
79644546
80155564
79826327
79416395
79397933
79483300
79027502
78882610
79344757
79307576
77718750
78446681
79221766
78944763
78930997
78876645
79052284
79148308
79369303
80106229
80028452
80254734
80475968
80541691
81131627
81428125
81802453
82092090
82212136
81243244
79857698
80829140
80625741
81229224
82444143
82551890
84562162
84583670
85880950
87176764
88539590
88388166
88508753
88307119
88863684
89068473
89297466
89435737
89489456
88836193
89028858
88859357
89069570
89285153
89215622
88516897
88186104
87468775
87351108
87957947
88661644
87512494
87878061
88065110
89233382
88784574
88679170
88943367
89654212
89729859
90051992
89716507
89522100
89534395
89427986
89275168
89691372
90924974
91149196
91271862
92155713
92050257
91717234
90818353
89430256
88641892
90260622
90978679
90253907
91226158
92448145
91965801
91431135
90995970
90964580
91162421
91411169
91359909
91186111
91315196
91797043
91580955
91693547
90746694
91222039
90568675
91040666
90849817
91336119
90789097
90965072
90852658
91987424
91305774
92136841
91500153
91523230
91518020
91316609
92001556
92045732
92795397
92737368
93436241
92027905
92872836
93367783
92360741
92077357
91474558
92697682
92550123
91916171
91878941
91289113
91256121
91669038
92416192
92410120
91221493
90802864
90501184
90298256
90457803
89587981
89364005
89461467
89461046
88679260
88717660
88347828
88836334
89300502
89695505
89756565
87728166
88215594
87769960
87925026
88191239
87227606
86983164
87743033
87820815
87880547
88022479
88258605
88114226
88407746
88186228
88374327
87765792
87912199
86545871
86349339
85802727
85705625
85947006
85802002
85875095
85509984
87564356
87707260
88838941
88590479
89313019
88566040
88588750
87834074
87298902
87414071
88200117
88885012
89613207
89554366
90127146
89900600
89888275
89952701
90001458
90178132
90139747
90500655
89960578
88768454
88319619
87997716
87110324
87341736
87547826
88098888
88006170
88386040
88129657
87562444
88086975
88809261
89304404
89147765
88686079
88263771
88065840
87634190
87883108
87728482
87533854
87351806
87808352
86723655
86387121
86336195
83941953
84897378
84284045
83769107
83165958
82998294
82822373
83791894
83138176
83165938
82817286
82692548
84174741
84547767
85220145
85336187
85432138
85350313
85131045
85137092
85291158
86011332
85857431
85428536
84679485
84972158
84983151
84617181
84039548
85814084
86601101
85520508
84658291
85014899
85461391
85452061
85672568
85816474
85921009
86366420
85990606
84999568
84783068
84657168
84098954
83766353
83875154
83948928
84578928
84860952
83309051
82891370
85141163
84273356
83075567
83366820
83441669
83305597
83288226
82921250
82746147
82011607
82155015
83098087
84057672
83565645
82731117
82833861
82121636
82382221
82164139
82175323
81922315
81905335
82378265
82307956
82027537
82195755
81911261
82163906
82086151
82024950
82338768
81437667
81452890
80747307
80706481
79830360
80630512
79581741
78421568
78449826
79033198
79079263
77864536
78970454
79289803
80766202
81100108
81393305
81198731
80750296
80794314
80272155
80301689
80553869
80756450
80622322
81006485
81236851
82252110
82224599
82560191
82558462
82008606
81876514
81693473
82006067
81476291
82004231
81679489
81233811
80988109
81255090
81168896
81537866
80885021
80591970
81831651
81107325
81087893
80893348
80934182
80786784
80166030
80224405
79648685
79872849
80125920
80067082
80230799
80288866
80297240
80292297
80779759
78720431
78531086
77551620
77551495
76704710
76775947
77754391
79033770
78994774
79586543
78766481
78233067
77755841
77908872
77800155
77286641
78104036
77990164
77948779
78771192
78908387
78611265
78923248
78711256
79076880
78483475
78837252
78563382
78883752
79041565
79700719
80065348
80105852
80099339
79815487
79326996
79209681
79621425
79482560
80187522
80055272
79945326
79734805
79903716
80372719
79566535
79142708
79088578
78125054
78067215
78326253
77799029
77017649
77609203
77023077
77009316
77288726
76990110
76758440
76832378
76765208
76843684
75582152
76024027
75573599
75151525
75079097
75561542
75712204
76570188
76239852
77285246
77482950
78546174
78962388
78898065
78798695
79169349
78546638
76803048
76371223
76388452
76721524
76398359
75754355
75979577
76440085
76292376
76540892
76471581
77155322
76523376
76241334
76438402
75981902
76293570
76545701
76805604
76110859
75705703
75636430
76703986
74539452
75599169
76065167
75961773
76150741
76329094
76230984
76540969
76773311
76925847
77002026
77241093
76136082
76038507
76094880
76340724
76805180
76717949
76463426
78610980
78386016
79287581
78798088
79494317
78729057
78674799
78477511
78402213
78154393
78965309
80484804
80613825
80683536
80925368
80935286
81509104
81210608
81306094
81185928
81232655
81099787
81146906
81265485
81235234
81421654
80074746
79851496
80011281
79758627
79217739
79324002
79145297
79073838
79165303
79329101
79407286
79963044
79975710
78827549
79002249
81047374
81004089
80966133
81147145
80848742
80305337
80094746
79467546
79525005
79913015
79660682
79207793
78723048
78498226
79462338
80045780
78792405
79053677
79837839
79939506
79880358
79732771
79758653
81142545
81117281
80732253
81552206
81605561
81749051
81620803
81838669
82690880
82539837
83499892
83546570
83593378
83518141
83958714
84604212
83717204
82592589
83797656
83047952
84100735
84122539
83866808
83664907
83501066
83661328
82833815
83391301
84279061
83470221
83361805
83856010
84416894
84271656
84079863
84071388
83939358
84089208
83589202
82505483
82073213
81397580
82197702
82130768
81793063
82046508
82280964
82818550
82869540
82291869
82934072
83137922
83647073
83753112
83782197
84256186
84531633
84485675
84491514
84503147
85290945
86456780
87253933
86544981
87495213
87743195
88506517
88126445
88105341
88726509
88887914
88776107
88956220
88102524
87689178
88006097
87970204
88684512
88628621
87971091
90260211
88918676
90338229
88842595
88184347
88107466
87923305
88280305
88297440
88394681
88302410
88247684
88186504
88346061
88485438
88164329
87749765
88512104
88308283
88151661
87490879
88174957
88203537
88556790
88503047
88249482
87900243
88064608
88157803
88553097
88816720
87593094
87930380
86930724
86367130
86605082
86605436
86464877
86944320
86850862
87142877
86867881
86651190
85583527
85428696
85488985
85460582
85248081
84797938
84656530
84478113
82580651
82855581
81973958
81463380
81718485
82070569
81886049
82188009
82323391
82457686
81597708
80401699
80263632
80216205
80603450
80262107
79782898
79293851
79026169
79658122
80091367
79747622
79562745
79437566
78505174
77929536
77833974
77805665
77333668
77119982
77625011
77706911
77758404
78079199
78270027
77849122
77833646
77112566
76809713
76806047
76620874
73764146
73897380
74055019
74456239
74960058
75345928
75899195
76070734
76863417
77468801
77668795
77626500
77997208
77899234
76888852
76542440
76496693
76137649
75086436
75816858
75476461
75638689
76318963
75328016
76027460
76768352
75753021
76132970
76887623
77177005
77460670
76733300
76709601
75690017
75797799
75919048
75939487
75894474
75183598
75502630
75855297
74535010
74896534
73740140
73936579
75128082
75199627
75004699
74908742
75226625
75196696
74409545
74258016
74897860
74552642
75504622
75894465
75832391
76469807
76721715
76526590
77656594
77579774
77707027
78626790
78039247
78933836
79576102
79080868
78128766
77116282
76990185
76872627
77142553
77239081
77114775
77635973
77801936
77785047
77391222
78034151
78531186
79488943
78587690
76835664
75981596
75381854
74166040
73895539
74189728
74756902
74860746
74178018
74287408
74945099
75304340
75525229
75592831
75450346
75518649
74534958
75105006
75185081
72660673
72436280
71332667
71684767
71560248
71253765
71199697
71168234
71461976
71687136
71827534
72805999
72598534
73816544
73583145
73507056
73783249
73039120
72800957
72838178
74507346
75137390
75140596
74926127
75287079
75122570
75001064
74934959
75162195
74706398
74866482
75081033
75214276
75182180
75324049
74954937
75085404
75157773
74807928
74645961
74199851
74499253
74982223
74983632
75646384
75697641
75703474
75892395
76090538
76404386
76617016
77221826
76948841
77539140
77639200
76914721
76749530
76674208
76152101
78088830
78198007
78508244
78318671
78372823
78400465
78612899
78844779
79665340
79721890
80641656
81539682
80959919
80829347
80761190
80781142
81164615
81768966
82239981
82597886
83314482
83530107
82937263
82662896
82458769
82261950
81644896
81759066
84008566
84636435
84589053
86192942
86265598
86551053
86353099
86517206
85477503
85140667
84584971
84078790
85367720
84699643
83646546
83423927
83496974
83008451
83127978
83731710
83525075
83683944
84459632
86236700
85555373
85888952
85892669
85553802
86915185
86759798
85815934
86569322
86521184
85636916
85167085
84933294
84874309
85305829
85332483
85074853
84865354
84812994
84395254
85093137
84582384
84227518
86392505
86162331
86836390
86554508
85577659
85857217
86015139
86154965
85813905
85525335
85792643
85799927
85419740
85342935
83651528
83101730
83015343
82580168
82371439
83254856
82412979
82663253
82595403
81601551
81500990
81566018
82211576
81909027
81931173
81895126
81835762
82950066
82713782
82636098
81941580
81550826
80869260
80703055
80775842
80592810
80829412
79878830
80157707
81074614
81414875
81382884
81299397
81369688
80817398
80452698
80474962
80356874
80265101
79997992
79170978
79222065
80007811
79865344
80331527
80116145
80159630
80934743
81019898
80762076
80670182
80604159
80993895
81344509
81308089
80935758
80610029
80829454
80130211
79235233
79429166
78068211
78768067
79396660
78959917
78997681
79022760
79014829
78640612
77503514
78130856
77712068
78426723
78438480
78982248
78828088
78871557
80055281
80292824
79790059
79017495
79999276
80038912
80066759
79725937
80028275
79992148
79911032
79808776
79434877
78978194
78868429
78536489
78676367
78651282
79280074
79219957
78979760
79286353
78677200
79078157
78827608
79508493
79268678
79175194
79324609
79270526
77377270
77224066
77537699
77573616
78390915
78339630
78179292
77872378
77190194
77693399
76903453
76401195
77223676
76901396
77434830
77607060
77451052
77730337
77674969
77714571
77100909
76896509
77274408
77740195
78493953
78401359
79015045
79073953
77378022
76745577
77865477
76398197
76331757
76216533
76370977
77919806
77664349
78216361
78694255
79058742
77871963
77633222
78177407
79196514
79047953
78948235
78812319
78615145
79028936
79338236
78768128
78207141
78090601
79492052
79378640
79748200
78076166
78552557
78376932
77745806
78046909
78132021
78359686
78425708
78413967
77769928
77886812
78830733
79507266
80098070
81026724
80942223
81913247
82147950
79790088
79511968
79690895
79663165
79795536
79722602
79374623
79378771
79572693
80447931
81850570
81902739
81573651
82001411
82129953
82332442
82547455
82337468
82307878
81769523
81543206
81338717
80958827
81018746
81379493
82701658
82522640
82473637
82544240
83393097
83811444
82806270
82144036
82276826
82683704
82476133
82461594
82308459
83146334
83202430
84501843
84871206
84383050
83676032
83219216
83677146
83931200
83911498
83288443
83114362
83203798
84318722
84168960
84790129
85139533
84945209
84508425
84855090
85057269
85207391
85490144
84653071
84723784
84942139
84921579
84612386
85203584
85227883
85250037
85307377
85520995
85010600
85578719
85980685
85737956
85602021
84893782
84776271
84665866
84537451
84520813
84448950
83524907
83625187
83002213
83122556
82175169
82072588
81827597
81858017
81592910
80489739
80396554
80442492
80285203
80039227
80609718
80601315
80524822
80976140
81264858
81428442
82123356
82337185
83326037
83510496
83173899
83445512
84026144
83666417
83470834
83582675
83157902
83380040
82990959
82987924
82200507
82179478
82709187
82707998
83891642
84070478
84062034
84932113
85183287
84421713
84578961
84300674
84375085
83830315
83436990
83395759
83789063
83425042
83161561
82629804
82345262
82635535
82744033
82669035
82277124
82652480
82580144
82171383
81721350
81104237
80881333
80571710
80425555
80028140
80164969
79500667
79492889
79468019
79283690
79170554
78447658
78444318
78089319
77653900
77107615
77380856
77345343
77242875
77625757
79986884
79715421
80325624
79923759
79647325
79181073
79146451
77919290
78174274
77024789
77322432
77241846
77826986
77553781
77576032
77842793
77683341
79235820
79249950
78831180
79991621
80895183
81205178
80306656
79995463
79935372
79657740
79661730
79520033
79440862
79557580
79985656
79257130
79286726
78957117
78804048
79850785
79663662
79501478
78648931
77958534
78383148
78263463
78019335
78328674
78716429
79849256
79817519
79576527
79404074
79781355
79708587
80429904
80243776
80194003
77946726
77349524
77508267
77308798
77462560
77277652
77288091
77636813
77305973
76824834
76905371
77238445
77173566
76407589
76178397
75593412
75002290
75343489
75790080
75736173
75410053
75425982
75545853
76440350
76560064
76594707
75231529
76093812
75952883
76552818
76522203
76216362
76095389
75487026
75187356
74229228
74074791
74077828
73974108
73514920
73559594
73109047
72779779
72692351
72302763
72143471
72230524
72212982
72172243
72447828
72458840
72500681
72877946
73698781
73723518
74324605
74591720
74261281
74400015
74326626
74149229
75229562
75223756
75113166
74859507
75391999
77744019
77643081
78801006
79172197
79186262
78252797
78259534
79570558
79104877
80026087
79746844
79475524
79590861
78287109
78769532
78509334
78068967
77724898
78013578
77879986
78502299
78721040
78462101
79147798
79487918
79560020
79969919
80641664
80790908
80172828
79644345
79373270
78070299
77505926
77333164
77307881
77402006
77488263
78064609
77939868
79133952
78533206
78150805
78395687
78567930
79612246
79161591
78028247
78143774
78061191
78200567
78638627
78850138
78980152
79044999
79313841
79502450
79833939
80503047
80360955
80354872
80562399
80568323
80790150
80843386
80959564
80626857
79858462
80629584
80973977
80845659
81078919
81124100
81843274
79745657
79653863
79176812
79522303
79765401
79754795
79752212
80258008
80083052
80507222
81254248
80940143
80531258
80267586
80250113
80615037
80408649
79903559
79152671
79275430
78886324
78247326
77868994
78283479
78712129
78543075
78159084
78140857
77210450
78467692
78678194
79072629
79729509
80176847
81044474
80905157
79826981
80119481
80965885
81209291
80024030
80123016
80312913
81539060
81380550
81123171
80040010
80352773
81086521
81010678
80612732
80667058
80647570
80946341
80622571
80569037
81593352
81772746
83638411
83516732
83214332
83008856
82671767
82696988
83021723
83055009
82878472
83200335
83261461
83125948
82348239
83199124
83417407
83159988
83613471
83522599
83386369
83183257
82306579
82342146
82415315
82406526
81685623
80994535
80307423
80335389
80294789
81184013
81441769
82138135
82186670
82387883
82322796
82497636
83195306
83365276
83174124
83379392
83558594
83418142
84113411
84156128
84191906
83783157
83511805
83565347
83849492
82719347
82156592
82273341
82074793
82494308
83144101
82705871
82958921
82969382
83158287
83110099
83519260
83776177
83254571
81178327
81003462
81295412
81108032
81588283
81559556
82440019
81432378
81351934
80238023
80213086
79967985
79445997
79516864
80232933
80265636
80576201
80640478
80287556
80440819
79664819
79478637
80169147
79460736
79491717
79748266
79293457
78492555
78685889
78180531
78230250
78489231
78720163
78815518
78858903
79188082
80499252
80282688
80300956
80382293
80375932
80560174
80641613
80658140
81156253
80816574
80945037
80903536
80417048
81313012
80780226
80480560
80174557
80470609
80858614
80850198
80332045
80390198
80272068
80334368
80475531
80770556
80549987
80425109
80652520
80879647
80916840
81134642
80262064
80022924
79792307
79511070
79516904
78393195
78061826
78347197
77932473
77528917
79839254
79915231
80178967
80118769
80359617
79440526
79239628
79120594
79201589
80263341
80311982
79604578
79624157
79698764
79361626
79643932
78778417
78498524
78633193
78142823
77524897
77939983
78168185
78100313
78068015
76547179
76166788
75837082
75874377
75625608
74695159
74884432
75368827
75406005
75239623
75484492
75575081
75067638
74892007
73833158
73504967
73828945
73625960
73632471
73285342
73497583
73496160
73837206
73488220
73252974
73053820
73068500
72354540
71979976
71059512
70685871
70482319
70581699
70649711
70883114
71073139
71092273
71543496
72005705
72751157
72645526
72954276
72987041
72254187
71953874
71466860
71486635
71945753
72710188
72866000
72502189
72345899
73349486
73254556
73422138
73258040
73360580
73617230
73439830
73738895
73291582
73357059
73200030
73209820
73195721
72670196
73330219
73759989
73461918
73421261
73615529
73061552
73069092
73528342
73598971
73931164
73884584
73976582
74345644
75050646
74910938
74923372
74053280
73579452
73594691
73642264
73979069
73494601
73513547
72792777
72812636
73125089
73102603
73274252
72088892
72599866
72324121
72428237
71787493
72045823
72283059
72533737
72665965
72530625
72547630
72418841
70922718
71088279
70670942
70856017
71122053
71498720
71458057
71781291
71383966
71663632
71093325
71376079
71555756
71239011
70713059
70539453
71270301
72144639
72193293
72127157
71989251
72176492
70619038
71130797
71073921
71150419
70703624
70435597
70530883
70131237
69530278
69366265
69603567
71061828
71158142
70502708
70233834
70726574
70714956
70231588
69628391
69844074
69822202
