25747
41495
27786
4739
3077
23296
3947
3472
5078
4764
7568
9330
4468
4833
3456
3491
3392
4496
3322
4082
3787
3963
4419
3796
5178
3325
4097
3271
3958
3449
3270
3933
5519
9442
4043
3280
5330
3927
4112
8098
5993
3178
3482
3169
4000
5599
7869
3878
4405
4046
3709
2618
4201
3104
4569
3793
3750
4095
4492
4036
4201
13520
4055
3710
4480
3688
4322
5605
3260
10407
4059
4487
4847
5218
4310
8401
3669
5161
8435
3562
3846
3382
3539
14138
2927
2520
2785
2850
2803
5288
3692
3317
3515
4466
4184
2883
3437
4408
4462
3626
3264
2614
2742
3591
13152
3219
4318
5365
3472
2820
3160
3841
3312
3219
3866
3482
4182
3380
4204
3595
3440
4716
7863
5511
6517
5076
3160
3889
3402
6774
16055
13682
3724
3040
4047
7449
2903
2868
2595
2763
3497
10991
3882
3509
2607
3278
3066
3956
3837
4095
4029
3316
3740
12156
3175
3113
3289
2801
3359
4054
3861
4035
4486
4094
3190
5370
3087
3985
3617
3282
3369
3039
2964
3607
3474
4338
2847
3130
10478
3758
2917
2918
7195
4509
11356
3411
3298
3270
3722
3234
3349
2857
2995
2812
3856
4197
6814
4777
3572
3624
3682
3735
3901
3709
3449
3705
3649
4055
3019
6111
143359
138000
38614
87287
66707
23503
7188
5160
4123
3327
2732
2806
104964
5899
12983
4803
28398
21153
2795
50130
25454
14058
4302
2548
31720
38361
2923
44887
28275
16885
47386
4610
51564
2936
2841
3241
205520
3700
2894
2885
4565
3726
274516
23386
62246
3251
2679
105817
21133
6160
3882
79568
4690
35003
3477
71429
13198
3133
70134
2893
39649
5071
36885
2761
43442
73456
9690
36958
21226
12094
3394
121273
10250
4863
2855
86413
10370
3132
22190
3878
2490
90134
3618
123095
3190
102636
3282
146061
103604
50045
2564
86177
3122
2883
2732
4600
237123
9678
4267
24612
2715
2930
2356
203062
3370
127704
3680
2415
2730
5285
194520
2539
2789
54401
24353
2966
2697
108187
42135
81248
3287
91737
21007
3333
3140
3096
3599
6627
278440
2763
75949
3770
3220
4013
3370
3141
354842
108029
14867
14917
3540
2646
4819
119397
2669
24108
7073
3056
155164
2649
6785
3564
161994
56059
3068
78595
3509
3820
137428
30144
2756
81332
65308
55325
82506
2708
3318
2212
2600
5954
2051
2091
3608
3135
351093
66992
63121
3026
68698
17822
8593
14443
33048
41293
3285
40477
134342
15074
3748
4261
117520
91473
3053
2796
30414
48411
42185
2882
2389
33783
29676
20705
17558
4326
2534
2792
242249
30674
3202
81892
65737
7139
89645
56373
3871
106690
51308
17581
113327
3639
2881
4659
6677
6992
3438
3864
5452
2792
3279
395412
3463
31061
3202
72764
34215
3218
44120
114421
74168
59262
4872
3714
161948
58040
4047
68953
2773
3017
37826
14125
3751
127802
8537
11602
14419
9149
5209
166079
61144
3429
3189
116951
57514
15579
17946
29157
6667
7749
52990
3755
3211
3036
73678
9199
12499
3627
165285
34696
23131
24629
73907
44155
28824
35219
3498
3217
3382
4027
3375
321711
36731
137660
37662
3093
2896
3108
127968
13783
10840
3372
3538
70825
3409
71765
3212
71122
3441
10177
3009
4140
272099
3224
135235
30148
3076
140996
97231
3608
100881
6955
3191
48188
89512
10710
3187
55585
13157
32018
6859
7717
19752
33707
3975
24339
3351
161552
26782
43225
2649
2844
2899
6209
3564
326572
24608
3350
107808
7678
3304
3212
83909
8964
77894
8799
11380
41992
12635
3747
3262
148074
7894
3451
3616
2909
10821
239268
11975
90908
4254
2731
2032
54826
6412
3786
99294
7277
141244
3225
134743
21943
62555
3402
3063
4011
4927
2828
2887
2457
227455
3196
3017
48834
3325
2886
146615
79345
11570
9098
3288
31019
2667
3086
73757
2780
23251
3180
69941
2776
25551
4517
340498
73118
3327
96221
3001
66035
2620
137499
6213
45500
2770
36933
3285
2438
62526
31781
2816
2556
3323
243364
7298
2806
3223
2808
225110
3266
35024
22549
4926
81030
2913
2869
64134
89974
48407
3286
3500
120712
33840
27691
59432
5408
42315
3032
59874
8423
3427
47407
3296
6622
25625
3121
46483
142150
3388
3516
3592
9920
4878
2913
3129
260689
3404
2998
3212
5254
207399
39820
3241
75784
21362
2471
44610
5037
145286
33486
2656
48006
2852
44062
56894
9021
2933
100414
24669
52195
96344
7347
8113
18511
23366
9244
94771
15234
39528
3651
3509
69541
5275
6003
95793
4973
4222
152255
16724
123676
3711
2876
2564
157253
3389
287268
48483
4770
23462
79151
3534
45563
6497
3182
41445
2896
8409
14855
3604
6338
70214
17094
28576
2980
102032
4675
12751
14889
13926
3135
2955
385036
13698
12040
3031
3042
95063
15590
3171
8928
3393
3018
2814
3646
3867
210603
10103
146652
33640
3247
2856
82016
11445
7482
3623
3838
2632
130432
23654
13990
2783
2879
2898
5192
2912
16881
161426
106074
12826
2642
3427
3259
5506
236349
3636
225773
9199
6420
11956
131766
244206
217532
213416
125413
2799
104623
29909
3131
3017
2961
10886
13103
7759
151632
24179
6393
18926
29602
3772
10980
94101
42825
65314
23310
175260
4475
2011
64079
14133
61424
55402
2977
3792
136119
2609
20855
2544
8898
87437
3327
46849
2867
54118
2917
18487
42565
4777
2975
2552
2722
93442
28719
7388
34763
3253
2924
161896
3169
68510
3489
2766
274118
2788
2314
2042
79515
2647
2522
3411
2876
2604
3309
381289
40882
47227
28628
2843
4733
54343
22029
18521
2674
11741
2770
3666
217401
48214
3056
4882
59580
3487
3117
138805
3737
122380
4790
38280
4570
5189
2970
14687
7052
201759
6773
148219
3496
185085
29330
3257
2613
3482
3145
208019
3165
6321
52152
3363
3971
150270
3054
23741
6790
68147
3567
3239
103240
56141
10848
9199
3434
99346
3215
3045
102435
2687
2969
4067
167775
12129
40904
19980
2987
5055
185119
12119
2855
146446
3157
2993
2525
214081
3138
2835
2654
4034
2850
233222
22768
32997
3401
152637
6862
3642
112030
3081
3315
8541
3228
6075
2752
343235
30125
2760
78762
2908
4955
5996
9272
154635
49512
4147
41735
2406
2980
140594
3629
2935
240682
2780
3333
133994
39993
3144
25302
52101
93279
11485
3205
2589
3343
44494
3685
3552
115654
3377
3076
85070
3167
3879
124957
3475
126064
41737
8657
5054
3260
283908
132106
2917
69697
24600
2618
22059
2597
47605
2725
2337
2295
77657
26054
5690
2802
26641
13466
3510
53346
42658
27716
61785
108888
20909
7687
11452
15073
28747
9219
2657
80599
22340
5209
2403
2215
10162
4203
172502
39454
39091
73146
2958
47266
4985
116432
33361
26585
39072
9310
14139
11747
20826
2782
20544
40810
3342
32479
28405
3265
89360
5944
3567
65895
3105
2911
3688
96118
21400
2204
72875
16824
85024
2812
61935
2545
46009
2577
2225
3333
45696
2817
77529
65097
11860
3449
60473
3192
131102
3151
60809
20922
2206
23318
1433
61745
3097
4516
52730
2842
139032
4351
11931
149440
45261
31680
28283
9619
87645
40819
2600
93982
36783
10045
11701
11021
88502
10542
81758
3048
108272
3591
65903
4810
12867
3172
165115
3053
31399
3878
2587
3332
3056
2671
155625
34818
2908
79701
2888
68405
3338
4804
123739
6871
14197
107127
31799
10203
15151
54519
2925
33776
27716
17099
199859
46653
3368
2752
4015
3497
2789
5132
156607
33873
59793
3425
80698
7642
9576
23424
8772
37359
26476
3810
2689
53513
6810
8845
2901
7457
177668
29436
4376
75674
3419
67384
2657
2815
32366
65434
6016
32398
2764
222741
3481
85321
11719
6669
44818
10297
87929
3780
65402
10679
6194
13129
3086
3029
236229
26500
3452
5533
121362
41268
7022
60584
15712
31459
3091
12047
11772
21009
2864
3441
3529
2934
245559
217179
168123
2698
241094
2911
13419
76311
70991
64668
3239
2891
147896
41981
88622
20772
3339
51282
8125
3803
3253
3673
128651
22248
8242
46005
2971
2750
123767
17951
123813
15838
14514
70957
3240
7295
8963
2711
2504
257024
2682
3705
292972
226225
166071
101690
3084
3493
166582
2663
3342
72412
120908
8036
3381
72346
9797
81616
3689
10677
132065
31890
19596
4198
3305
2910
101348
73618
230577
188211
178410
306610
3311
3893
7587
206584
61860
58127
8106
3363
3134
5019
83726
11210
87610
61653
3194
3095
3427
234603
2886
50757
3443
82106
36843
20158
44282
50616
99755
9737
57673
18976
3735
3732
4533
358025
39678
8059
13103
10108
54059
90393
6565
106308
43855
67615
7816
3588
103278
18820
12212
3147
4690
3119
4572
3172
123404
10806
4004
3509
214025
3582
3670
8988
12350
3182
236519
9117
14555
2733
24837
78539
28228
2952
28631
30368
2758
48681
13674
39833
65521
3807
2396
31048
79136
3197
2928
24756
23118
3091
21602
6754
11976
6248
3348
3645
3258
168035
8311
3749
4125
77053
43350
3674
44177
26456
22664
25454
3048
5458
187516
41559
3791
26482
8813
3573
123719
33815
7467
10433
2841
40226
42502
3019
2689
3216
3460
108224
3179
3858
11613
11642
10312
2853
2913
296926
3194
120533
3174
2959
77421
15311
12987
3320
2600
2951
254769
51273
6117
44376
63539
9323
3083
13030
2661
88798
2497
5397
3761
2846
3633
156119
36881
45598
3028
2588
2978
166242
41074
3621
11507
138027
12491
6793
3379
3242
251592
76180
3334
3386
139886
31155
3253
10877
87717
2980
3236
2883
9122
3021
162854
3383
3121
3026
3593
10871
114232
16669
7660
10837
15242
5131
11444
124156
9249
3282
39281
58489
11256
86596
54906
39072
19596
8463
2999
2789
148463
96577
13370
8299
11757
80184
3123
34539
3162
53144
97277
22013
5501
8625
37115
36697
3763
51899
31634
3055
48203
17570
3050
91429
26019
21181
25051
8502
13878
49569
3675
115745
37270
58495
11832
4563
257908
12627
10493
3313
189077
3501
90578
4112
159042
6208
5503
15949
41642
48010
3979
60863
6751
55138
2932
11311
88199
3254
14869
56841
10079
2640
4492
2725
106221
45524
2825
3184
8574
3091
2935
245313
2943
3687
15658
10668
140001
6249
90347
146733
5070
4794
2802
2264
2600
298445
2643
143422
20378
5741
111833
3568
4664
56393
3085
67110
33682
52409
4007
215904
3998
3098
79258
3175
3387
59635
31017
14860
4520
32301
48196
3544
111241
2888
82555
12784
89213
3437
14164
92435
11805
3289
2880
119226
3189
31036
7165
13411
13307
3926
238746
4201
182332
16581
3294
2974
159361
3670
12281
3037
85691
124086
22218
31603
25679
84744
51887
9852
4017
3260
3203
3116
76209
9666
16425
3546
92463
11988
20712
9606
5103
3757
3314
4878
8784
3528
3128
206506
3351
3078
15498
16211
5124
128088
3072
11290
142724
18040
15531
11337
23398
7096
24018
9057
11303
3301
3726
125826
15671
6585
23040
249393
3612
45138
4951
128028
3721
3243
172124
28403
3334
3638
54409
42246
3629
79825
96467
9104
8335
3127
151309
10440
28882
55535
15320
117068
2918
3198
176254
25878
30929
17315
79764
21539
45317
52740
4229
3855
3144
96323
92227
59298
12977
4724
46568
10503
41678
2226
58952
18996
4271
57046
30521
3516
5872
3272
80212
3065
90909
18870
108635
83226
24703
19834
3210
40122
3428
5973
70789
60195
3039
92248
42970
6257
46039
5717
143915
74027
32985
37880
39564
41257
26940
3847
3290
82727
95210
3802
3302
66918
18483
21732
89347
121847
3690
3739
122401
4966
56615
17876
5156
5928
96556
86013
66077
17464
13061
6401
65189
3748
6418
89172
24823
3791
3509
3587
54156
3326
130433
2990
7289
3006
288224
22405
88524
76630
3934
2764
101454
5090
2903
54399
20858
14906
3396
2941
3525
3582
272912
112643
3602
2446
4323
126983
74976
3735
2747
81084
18016
15683
59969
3199
31768
18233
3611
3966
3310
3264
3574
123256
20512
8377
18717
3416
59535
2964
3289
38250
47327
17872
6807
16981
32873
3317
2850
3140
12507
4749
7007
132751
15891
14323
3131
60175
67487
12836
9275
10786
3532
2821
4258
180554
135015
23433
50972
8006
6111
112056
47333
111352
2609
2741
70795
2544
162091
87594
3270
31152
3048
3089
5567
106113
14987
8698
12970
104098
33031
3578
15143
86708
3967
29809
87745
4086
29532
3671
28949
3737
61055
2780
3079
22330
33277
3462
3458
2580
69976
20232
3880
64882
26837
105867
11489
110576
11959
28190
23767
3789
3132
5398
83185
49580
16232
19637
26716
15055
7071
20007
129897
15286
14990
77613
12511
4162
2711
11525
7103
182133
4850
3232
3500
3321
11751
286614
16592
18381
515559
527135
1126300
1230214
1774586
1787822
3642039
4214175
4300284
4948138
4809730
5001398
5019883
5150451
6383743
5428205
5610186
6674315
6597080
6642634
6555684
9716227
10382780
9091277
14074259
12951578
13117246
14964137
13456524
13809016
14081141
14464410
17423602
15744317
18460247
16877515
17357449
17321471
17407248
17482140
17770853
18240446
18211713
20330720
18397791
21458895
19784265
20044979
21362154
23625252
21917973
22201350
22335818
22802440
25021448
25114352
25621426
28293677
26110230
26369034
26240300
26643864
26714153
26882800
26962580
28659215
28854036
29243784
29543710
30011033
33705764
31250328
31679665
32377598
35736463
32970233
33966293
34507279
35674501
35978191
36457849
37322933
40924923
41169249
38980107
39202994
39335798
43858124
40175540
46171231
46867994
43794659
43933104
44535178
46293385
50934302
46836097
46918867
47153256
47920297
53614934
49855150
50241024
50150472
50289880
57624587
53807963
54050039
54046423
54221972
54580446
60670524
57702210
57796127
58154884
63516246
58744390
59603101
59629695
59775096
60020042
59951647
59982793
65686559
60419672
60494206
66559315
61544640
63242623
64618188
70218256
65352336
66650894
66902670
67051903
73401495
67856584
68122135
67702157
68291098
69179488
76302777
80052082
73474179
80610239
81188681
81361095
81825748
82121518
82721232
83793463
77767154
85454766
87062046
88026201
82706021
89711389
90465714
90742762
91414304
92780319
93409609
88079909
94035980
88555283
88943023
94792825
89072421
89193825
89261267
89741793
89927723
91071914
92112526
92887267
93015101
93087770
93187336
93219679
100159127
100685402
94587506
95982373
96367510
97657325
99002638
100444269
101147284
101520614
101906901
101923401
109069575
109840780
103215152
104097489
104469953
105260502
105413064
112966668
105776819
106293793
114349170
107778214
108172665
110029920
112201389
112592025
112880891
121139932
114170556
114529445
124130877
116418414
117615623
125613929
117993592
126293962
119057630
127060031
119789200
120067244
128496466
120597025
120646523
120808131
120868852
120885568
120911040
132321143
123924785
124023638
133517296
124985774
125180959
126635660
129217565
129233170
129704202
129870030
129811152
130006309
130091793
139454195
139917683
140092209
140441794
131714187
141409142
142143923
143122844
143252644
134719196
143786601
135049475
135344887
144528400
135696136
136278239
136368090
145410526
136799641
146340886
137577515
137764850
137885992
138177779
138627528
139387864
139842723
139936130
140508356
150289464
140955108
141623107
141672351
141657257
142554016
142827169
143047621
143323397
143413979
154284271
144698982
144800938
155333964
156201641
156791324
158141236
148161563
149648934
150177663
150244689
162277384
152625934
154286233
155586860
156131477
156700736
156957492
157059274
157025624
157367464
157698156
168576458
158057525
157981423
170749201
159730987
162309937
162330686
173739759
162422107
165104201
166702398
166871405
167506678
179236956
168168457
168717585
181995686
182347242
170992429
183693980
172655093
174373220
186246298
175214364
187239342
187507486
189004310
177953312
189876509
179022822
179457790
191310830
180735590
192189543
193278650
194454896
183443522
195467073
184213411
196148798
185981114
198038324
198730863
200133781
200341454
190284860
201557969
202189767
203115581
204498873
205276080
206093686
207069873
196769327
207412387
208310074
209050827
199691566
210913688
211606076
201179566
202078496
213101906
213686693
203424671
215134488
215676288
205123504
217251747
206714429
207167282
217929345
207607753
207807587
208537929
208926908
221622313
210900407
211553950
212303961
212722221
213597866
214353840
214540351
215400699
216496255
217058082
217541047
219033058
231117460
220123433
220193215
221963226
222099623
222984271
223531171
224733898
236460226
238247489
226685892
226690354
239927969
240402714
240485767
229578277
241341231
243004079
243193773
232372936
232465264
244991629
245889135
234753074
247086878
236492572
237169429
237466563
237555316
249664498
237766083
238441359
238401547
250564097
251053329
239484105
252224633
240522994
254405153
254956920
242849386
255515527
243897909
257395706
258743354
247087962
260275903
261358093
262201882
262188895
250258722
262891014
263047942
263836153
264484145
252934008
253331704
265216434
253456729
253528218
265728897
266225491
266563975
266862873
255418354
255901698
268148653
257700211
257920866
269612147
258400480
270186915
259283078
260181069
260574011
260676232
260952492
260958937
272829623
261680963
273465431
274097421
262667103
274880591
263854958
275627864
264427743
277120061
266206876
266014302
266197106
278529299
266744972
279496500
268337706
280688199
268538231
268615430
281676386
269764401
282302970
282972918
284324773
284846464
273352393
285660958
286345777
274733051
287517435
287640112
288795905
277238849
289973956
279216161
292315791
292975724
281198270
294075272
295479515
296238363
284668690
296937790
298036262
286966693
298927602
287861712
300321360
301151466
291155875
291244743
304177469
293027343
306054541
294417282
296605299
308564168
297134158
297655136
310465382
299380311
311649114
312090519
313079715
313699193
314117404
303019019
314661563
315348549
316943045
306213263
317718950
306813354
307614532
308405870
308993387
308991643
310672841
311766664
323254348
312751298
313547319
315389603
315803167
316247979
329853924
318847361
321239411
321735860
322122448
333704390
322318255
322484159
322672949
322712741
334491540
334904930
323752410
323837277
336883061
325306327
325797356
326004275
326622705
327395954
327881924
340331893
329952623
341910638
342592094
331368415
332203238
333272927
333471762
333852936
335035492
335383365
335387916
335574275
337128763
338938529
351670424
340362472
353367462
341853739
344030760
356610098
344400894
358130069
345641717
359439023
347681032
347979134
360862306
349110812
349783037
362957300
350509299
350685462
363945322
364604027
351595752
351786267
352073472
365595537
352772147
353567634
354564485
354935800
368016644
355206733
355773926
355946878
369073354
356517335
357156866
370361167
357754730
371462056
358357655
358531562
372340269
360042677
374184895
362229673
375969858
377559587
364574046
364592831
378073052
365078779
365273969
379384583
366260487
380245605
366960112
367814299
382647484
369186801
369485700
369657439
371041394
385415137
373733133
374912987
389526760
376409468
377067153
377954510
379075075
394284185
380352446
381320854
381344718
381984972
383261340
383882351
398305262
385079527
386483176
400967580
402055485
387609232
388893118
404434179
404806724
391587920
391684925
391765713
394343791
394505462
395010871
410297371
395943412
396287421
396536460
396568639
396841690
411982088
397238715
397342154
397359530
397428291
397508335
397533837
397606529
414563093
400309336
417595231
403314892
403213768
403576499
403848009
404229596
406124764
407383386
423319208
408114143
425984207
411167609
427944513
413018588
428669281
413282715
429473159
414627333
430542436
414984011
415109843
432743391
417305635
433689805
434448384
419376558
435524275
436412711
437095883
421591153
438252794
423155456
439901199
440376319
425743607
441755070
443135480
428810104
444402678
445441191
430342656
446297701
432121513
447856582
448955632
435652884
451112631
437438219
452860720
440015809
455891941
456687008
458133281
443066441
459302493
444928712
460803128
461273706
447412497
463258019
448963547
465321763
465982489
466752822
453125423
468633139
455098860
456179127
471838472
457446910
458923519
459603519
459687566
460848564
461163187
461919330
477836680
463306302
479521125
464163558
464483138
466209123
482080457
466577526
483776916
468139850
469476974
469727603
470901040
488375566
472093559
472325720
472517040
472810216
490359470
491321762
475309407
476146652
476599929
493438859
479944782
480638074
481214862
481794101
481982235
482374424
483059370
500017617
484024633
500889818
485814053
503156175
486303900
503422904
487382752
504305947
488180871
488634402
506020390
489166938
506403752
507989694
491821003
509260824
492966748
510104290
493940874
496214245
513496704
498076164
516682138
499674693
501775787
502561086
519891389
504234607
504509586
505720316
506609906
525760575
508674132
510449801
511047098
511486388
512180189
530417315
532096954
514504048
515730522
534561679
519474873
519858297
521082742
521357708
521577050
540686633
522464516
523134128
543657738
525820464
526028738
526929193
528378861
530663509
530890510
550910768
532860685
534624747
535547532
537612653
559014927
540409984
559667276
560736481
542252796
562490344
563469546
544847665
546225676
566072528
566196531
566398704
568141042
568792571
549929218
550526856
550642495
570658794
551549620
551844043
552700989
553483080
573874171
555501512
576781831
557491420
558192496
558636400
578321404
561449994
581419697
582804600
584046538
585020726
565942765
567731356
587797673
569060890
589077055
570041185
590173255
570576550
591344716
572209550
592418907
592712807
573509699
594080645
594651399
595373130
596533796
577571894
597226477
598254617
599250891
580851364
600238519
581358771
601729645
584364083
603519580
604712169
605277722
606269716
607943571
590609493
609247051
591810201
610623793
611895133
612447084
613945021
615299812
596809992
616074163
617399175
599761735
617819103
619407434
602278470
620222964
621191572
604246109
622094949
623679158
606867046
607007721
607683679
607881372
626831709
608897018
627578563
628765839
629927347
612272202
631412262
631796961
614337997
633074335
634031639
616585604
634750424
635913112
636703605
619874648
637621599
621444157
638662047
639834543
623258929
623870043
641259294
642046682
626258261
626772942
627203837
645016634
629646115
630172222
631287036
631643769
649994218
632223966
650794888
632959291
652089304
634530378
634500037
634439967
634910777
655140933
656129313
657310191
658962377
641777479
660024334
661423995
662385720
663804714
646607945
665186283
647859000
666484715
649933412
649897043
650017016
650212028
650146332
668662454
650523436
650749650
650876253
650960694
651074112
651112429
650810025
651030626
651208194
651607052
651691698
652113107
652127523
652494114
652589914
653059176
653234449
653426012
653820524
654006428
674079777
654097239
654216619
674972142
654955126
657045475
678143225
658497431
679632599
680059140
659767388
683221868
664041351
685425535
687106198
666907795
688264610
668702392
689829685
670729414
691374826
692099226
672407271
692979427
694363800
674962135
695630966
696607936
677380162
697471905
677963531
678630869
699223515
680053844
700876101
682859826
703422088
704305761
705345350
686028204
707739672
689788558
709714952
691269166
711672020
692464814
713428112
694210966
715194368
696340811
716271357
697540471
717661543
718425597
719509087
700326754
720613776
721710282
702709178
722437349
723617196
704417268
724493923
725568402
726301583
708070224
727761344
729198116
730896049
712240974
712600310
712688061
732567081
713230983
713423020
713536266
713734804
713860877
733447692
715543021
735838401
717038633
736650680
717395847
737478772
718008772
718298274
718785208
718743070
739074630
739649109
720833858
741542916
722117036
722271044
722384294
742709415
724078255
743903367
724890154
744400576
744982035
726564223
746291731
728331386
747925941
749025157
730525233
750038318
750835616
751921659
733122535
733403376
752893018
734828177
754126369
754561933
736207822
755966807
758032308
740307048
759533328
760910738
762994620
744531540
764747907
765508625
747423256
749064551
768166851
749826619
768616733
750505190
769661649
751747181
752675118
772638675
753975461
773320407
754863621
774418874
756066152
756440343
775384687
775955597
758028932
777609959
759813536
778800905
780489273
761716151
762038570
781693598
762852012
763114374
783839800
764696165
766322339
785943394
767103478
787112368
787535011
788623072
770270655
770527626
790279721
791329263
791867310
773399557
774685872
794435100
775954173
776155093
795934910
776738107
797020630
778109289
797733044
778331721
778819310
780092473
780185549
800428418
