50445
67866
18307
16144
18639
15747
20438
19743
15197
15184
17730
28840
19335
14977
19420
12856
14828
18722
13222
13386
54988
15573
21251
16125
12317
21163
13732
16509
45105
16819
14771
13893
13381
21624
17914
19296
21516
12104
13024
17909
20401
13911
15193
15575
20770
15960
15849
11819
13140
16694
19993
13540
13550
16643
14291
13612
19192
16545
13492
35274
39003
23220
21162
13788
18041
11088
16165
16808
14492
190269
817090
974156
344067
127261
651297
62876
850284
1214696
46897
223712
808702
144587
122015
422199
177996
277449
2207126
73844
133104
492886
88770
72724
38346
130486
736776
1349168
202201
157366
607335
463746
200791
183836
25945
613743
143074
522815
228820
466129
889141
109592
219895
175888
304470
593768
490430
695544
368482
157691
173409
194845
438717
218025
141081
704384
45030
184220
266822
656515
68562
165579
550361
424308
230042
893576
509354
32408
464764
93623
685371
166386
121357
40331
52239
76205
667906
233614
74370
2266742
303352
94484
326773
295979
140027
214185
94470
147365
708833
615408
704956
426379
43296
53748
468483
86897
206127
178294
458735
557101
189351
420418
1065991
366249
180459
304210
68086
970416
292525
357230
643322
142814
197808
62140
472021
818241
75308
145184
361498
156295
315313
78097
2106026
494808
100219
967905
1204102
1193216
249793
300455
58680
321976
428707
211222
270836
227761
598737
337762
944638
612311
435795
100477
179425
115689
85684
485186
222641
170452
111005
153252
1347600
376932
475765
352682
397243
763635
550868
171886
1706142
195357
429237
2061790
211115
1380993
241264
492186
198567
693265
484690
2082407
292067
176568
757904
152603
388813
135319
45501
41774
465356
242336
233279
602423
221108
193866
223887
110063
320272
69309
547659
210574
367739
221728
787757
282897
96194
1384636
403320
335321
790164
577909
147750
97692
235573
39183
346082
1148372
1055811
199384
77294
31256
32735
63481
119804
640846
261915
36528
312136
321367
116126
63328
699773
555080
256530
313549
673788
710735
199913
194454
701895
235490
1251068
223866
496899
306008
1649907
192555
66671
314336
420572
759314
36270
75630
313479
205626
148571
50162
522223
694107
655654
45207
720944
746197
208465
1727778
358586
49635
1080666
244120
352358
31827
677574
276272
181345
157189
484780
121946
1362079
100986
173676
165114
487401
504911
228924
931138
1192781
74686
229508
54170
44058
321781
562507
250885
1171137
98002
48510
235104
280448
198933
250754
48182
443461
379300
185070
342484
1655982
127173
634950
474552
1666844
1058190
446084
2531668
1176727
347586
2697127
598281
87754
788408
1166948
1004699
849888
158458
141972
639445
947481
1106853
1293118
1872917
864603
1284349
496543
555355
782984
1259373
1228253
973440
1276783
288479
147192
647946
842294
967828
699202
803012
1588565
1742469
1267315
2578535
962482
886013
2477410
442450
292882
758277
767643
648303
495237
126733
108382
214936
1003571
413415
590504
359107
498743
376648
1025795
897091
879191
787958
603869
756840
790022
1214988
708916
954990
761022
449178
518588
419963
350821
245354
166620
896749
1012320
335960
175253
770531
1523609
1125956
1828380
1342308
1306913
1308066
441225
224980
473490
1993717
881755
715453
416330
1572542
364970
567833
544425
1303798
903033
270404
552960
886354
770049
1754996
709837
1419280
228818
195248
950090
392314
805646
925158
828983
398431
1073867
473997
677458
484500
516152
1117741
859634
791748
707851
525873
155187
83886
280179
1812426
1274085
229091
957432
259092
1482923
888970
1018385
1295082
566772
606697
644154
1439820
1691015
1760888
1795862
515079
530988
976304
446728
1010093
681719
76206
1301779
1150083
107748
957935
295731
789802
1589550
1063342
612167
571335
540618
221577
2007832
1350810
543088
421118
510680
883660
610378
636122
1219131
833407
207314
755973
742257
203593
226877
587637
611675
2130301
692005
2874617
920920
884973
609941
1561788
945604
456413
424747
331776
448602
582518
771034
641782
2020951
2416146
912993
1685285
1614150
397590
935339
525002
514593
307874
1391088
128424
433349
1150752
621475
223048
716983
1326518
838315
508264
1449515
219393
109996
285374
754634
344851
314018
323387
1070263
1079017
375152
1518688
1350816
353794
990179
1323063
2157162
2079978
1448937
770662
811674
285941
172182
1361761
523934
874098
782780
1247170
1139066
1267721
1019448
716608
484324
443924
2141151
363977
577191
1932648
568802
397779
235759
847034
335165
524738
596481
1114128
1399945
1616992
1790875
896532
485846
1910585
914703
267439
215865
173288
467503
408150
1707053
469698
477276
1620559
272408
676136
1346610
1310563
511270
100404
1335298
218292
1174984
390549
589078
238116
674722
474303
489296
480726
852262
750420
1404578
1368971
1984716
1424614
318323
383958
1239075
436701
312671
1154210
1639113
1375781
603594
348514
461597
2582318
440860
338437
2839309
1397818
1745089
1614812
809793
502705
522132
518269
423966
2918631
560239
320452
2102737
853248
517365
253206
72886
1021341
1427607
679715
869990
437148
1067832
256069
1153548
1427767
2043056
1920935
1525816
1483321
448597
1717247
511677
1829199
709316
507063
1469954
1197788
128677
1204880
1075909
448992
349095
1318444
1328174
261352
432061
981260
805660
561503
940866
654735
131856
1011328
575230
620209
267104
370823
615618
696998
306677
182143
758067
2196518
704096
802498
889052
2860869
1237973
675808
543584
79449
512536
585629
581398
784974
300992
844092
835753
303760
676639
775804
536917
436699
394871
389997
1417811
1347322
307111
416427
924862
1241831
1160561
1473899
661551
165512
84673
1889314
1344153
1675247
551232
2387284
1051847
138438
933799
1390340
1021345
1016297
1404891
787499
806447
93408
144824
163131
1126729
687525
397394
484741
755008
865658
198447
213755
1580194
1172918
405892
195938
314209
223626
157469
378277
393132
576737
259170
606755
544322
1021532
1226232
1031247
1646509
763964
634640
517499
67972
626502
615828
338463
774897
882618
202746
652671
383236
250021
227777
130042
142610
1010897
1527306
634056
1271080
1508513
579979
891722
1451199
1068674
1311503
2758250
1002191
1390860
62734
51803
240352
610238
839851
1406399
1402568
779947
1165761
458454
175117
110688
95753
606690
85801
543569
188570
144974
182954
265023
334723
275859
163043
1007388
1024089
310704
388277
842062
1056066
880161
2468033
2436775
1226199
904066
303926
829424
620951
1290230
1151242
737335
552478
383069
439577
1582460
1019426
591351
395692
295740
289200
484751
915474
413782
139524
1069185
710194
894385
1095271
695411
1714064
1331124
854815
1080035
2052644
487882
1709620
301103
205864
475465
399272
51609
166828
442505
733139
695615
294233
1804034
2047241
1163855
1395936
1847614
752969
285447
404703
232486
264430
1922132
978992
555231
409216
352825
596228
1338301
968185
1294818
584598
659730
796569
1840456
1239768
589232
125516
312012
1855609
440705
1144314
577980
780431
1597414
1421332
303134
2244027
383015
2526016
725228
869252
248586
674961
1252754
720925
259696
1764434
1123355
1060186
1101029
215994
771998
875799
999630
859468
809685
762428
599216
270570
549847
1291204
976860
951890
750614
561647
634187
856298
777882
136958
832444
1237430
1669345
1426166
304047
225244
1764512
659068
340922
1010009
1059546
401913
1213337
948460
1093868
1958479
1097201
471469
378142
368206
320768
1105471
995371
297421
267369
1682993
581733
2081693
1316019
946381
718267
1226592
372478
509509
457720
741507
905844
585910
1292692
968348
575218
578323
891543
131244
1007977
536594
792810
595243
135912
940215
1071791
808060
859844
793243
2416020
1812242
1233633
2151828
466074
170948
399750
334674
200247
398555
351189
436795
593922
1122442
461828
514200
390560
1868003
895643
189252
132935
207307
1017161
448307
552885
1256805
427615
1014224
714195
787989
1440085
934078
952165
202510
554527
1227394
614168
263756
1004846
756542
335675
393105
315095
482968
486087
50432
356950
551100
338242
278133
195411
391093
2660556
2594579
488321
342237
403286
710302
435709
251199
823559
296591
205690
423387
443034
285711
213678
392160
371538
536868
394267
505562
970600
1872981
966468
367209
256625
250016
2011510
545888
614682
518743
712701
753968
155087
245549
321933
1081141
1242909
328070
535081
1105349
705360
1606478
830338
861671
334952
293072
1371581
1067606
832182
980217
533817
268268
1070609
312113
929598
454587
490415
385304
1031973
526084
429556
1442729
593416
487626
49100
1152422
456235
810941
572385
516141
710792
829968
1926392
436988
404845
2435513
1115873
1304075
1124489
472867
704484
236789
458268
476458
447590
367180
110796
639567
267184
505699
1082177
1675401
1698441
1130346
409692
288202
2077307
854348
647263
433742
740477
602346
501750
350104
784777
735034
544415
670212
1033470
719570
95148
952763
278535
664848
1112487
441771
379398
1017139
546327
376136
329803
178164
1361679
1145111
1366503
1359956
1093221
1108626
666761
856966
1353580
1432666
113552
318372
1115178
761464
109981
559215
702745
1359518
1208105
209096
465129
175698
363050
387841
307571
233303
1218864
1162459
358929
1248612
1326355
1192725
1730650
1731807
1876288
910397
1458647
581804
602735
579300
1800105
1538526
392377
777968
315140
1239996
772871
356093
1309393
604417
638027
1687926
1489549
1374510
1344668
1893497
698436
673795
1447463
1048392
930475
336085
726327
798758
931550
1452906
1250499
742147
490585
2239083
1014564
629991
133821
45883
2872998
847565
341505
333327
531604
591347
521509
674432
726246
673730
671720
569140
642760
567457
1201206
425258
1165015
933918
1061313
501083
466741
1683640
1539070
1204648
953945
998631
1096016
275377
102467
601393
617809
964784
1513734
1136068
271217
1097773
476972
387039
818962
810913
794517
879253
130301
365911
1349438
1311759
939191
1836336
759016
745662
1965195
855799
831284
477782
1456307
1781142
650087
1064261
1402994
1331938
1132442
745977
1256952
240797
458880
900068
848816
878330
259331
1238475
945500
276034
1270399
685188
1624482
1001390
812073
386293
228893
215563
72355
274754
384491
494687
2240766
1211355
900063
210812
328445
3041916
849903
894060
273309
1569647
658620
332879
504633
955185
1054466
992128
543037
818359
933102
1162609
1652068
1057890
485382
117320
1630285
764690
681064
289133
330426
1433499
516476
838175
2201925
899127
407376
1098325
317774
1011366
1754829
1015902
2214864
483282
2354813
262027
264472
697308
655307
340013
769793
1134388
851943
1031708
1039216
630907
416983
582630
622169
681685
146142
1116962
761949
725410
1438286
1330083
647099
267215
1278902
817220
906482
2665385
1423217
43655
96511
1337002
1121337
545060
597135
297896
640950
311197
744208
418180
293598
467529
295066
614794
808944
554144
888228
617687
636427
587660
256009
471261
378934
247759
116232
234785
266961
533962
724525
357512
1008175
243660
315354
153210
1439406
697602
512837
407018
273928
126641
164099
1431779
991030
1236358
1216384
206633
648850
906972
358272
815522
901298
216312
642584
683874
237263
460092
599589
522981
161358
356935
852846
446488
399694
806267
1773140
1222885
988554
409533
220038
223004
466130
892937
574796
728008
170542
976066
432777
439275
766232
743451
493181
444429
1358461
1387259
356416
802576
765920
504279
307457
261722
603678
406565
1516917
1513970
370593
566771
427445
249230
139216
375470
609378
1439688
1091130
428284
1540719
1288871
191130
1250797
1206680
566801
607295
993764
815903
1667380
1712268
317725
1512334
1929989
1320345
1233398
1351156
345360
969970
225613
561894
757381
791174
422954
424569
456281
1434075
327762
189877
138651
96367
119029
1587371
746006
103338
62113
862853
894989
355521
772394
767610
482991
200692
445969
608957
777156
784360
504549
313427
130643
1991980
1725351
911763
1439196
1127146
1187043
409323
537051
1638484
979529
702312
1835996
741161
888829
461536
1746359
351612
1204174
630978
615170
196535
783147
261562
420307
1019421
501883
91112
59187
888148
861089
1136817
1303272
2078793
1501300
1345218
369674
2280850
569235
1078790
932319
1104450
1537481
1161426
1794950
1357205
1742740
457054
1600042
553453
532486
372440
269047
1144210
197500
166378
848670
324400
46489
426859
360162
720248
752166
460723
286656
1824363
1177606
1129827
591815
493099
2272282
1356506
784121
1228619
573570
258173
1437003
405154
1592487
2604807
1864425
2514927
904640
1221890
852970
416200
417289
702235
905859
669353
854829
538656
491449
1726043
1254385
429641
316414
1564930
1725637
736791
1000031
429929
1014965
242372
208112
470488
387704
398311
910838
1128986
1280767
1227130
415064
1006908
452430
151365
177823
1059719
512197
563968
481770
1072915
865898
189650
42762
1141712
1153910
1405135
1143836
1021540
386888
232373
638910
2470221
1146406
665010
948550
1185335
1243776
1340185
521451
1091777
848974
1020504
592934
1239182
769932
340405
468510
106836
393351
486925
474963
55297
690185
549657
590351
162586
1262208
1022534
203830
226268
152597
1351099
805054
1940035
1142633
655420
416261
1505597
871556
174009
137635
188961
157879
83377
1395931
1337629
809087
1391100
2203158
1666088
1960729
944273
1248799
1542127
1760827
1174257
461835
552091
692663
2229449
1431865
415095
1015687
397237
435696
433607
488215
1460120
1005857
632970
481843
429468
374711
706001
1010768
1100290
1722278
1167930
274765
2162526
1818549
256467
1343453
1463335
451545
479384
368915
67024
335416
521805
414155
271739
1013936
1045772
466172
427733
1077469
1051158
94106
581465
844727
592154
648890
634694
339737
275175
462272
686974
682270
920820
1419835
1027177
1445431
1362194
352361
235662
1051768
1237287
1530182
422732
1532393
166292
942565
1170339
374379
40399
81351
229571
274587
2285947
1891133
576553
1031304
883822
1000244
936055
480800
185798
610235
1244320
1781302
1855801
1372083
680124
980482
784484
628625
213039
895504
1069395
825663
413281
1115541
1153712
230475
187238
53111
472778
896138
647564
817789
889295
156614
449534
925215
1047010
972808
812891
1252841
2446153
1823649
629852
932026
2013341
1658355
1021793
589024
497169
854244
300778
430266
380912
639205
693539
1538820
1002211
180439
1516583
495933
651283
1646966
415490
405194
1253182
581549
343924
431102
401305
1417244
501543
461479
1473596
484456
787669
489066
654104
412296
127809
285382
165127
382914
160228
399821
447117
459974
436661
478511
552440
641287
477935
341346
98741
114602
1014449
284541
501391
410967
587369
925010
790300
401942
861853
950156
939095
608543
246081
651318
602752
602733
829012
377640
880400
1215321
1666772
1471091
1770258
924668
215976
192562
414329
546450
1173701
425622
452574
1215602
419434
513964
821151
956730
625837
490995
1587007
1476670
619626
516539
397647
425332
1383541
1234920
297836
596568
596292
624579
1053899
1144797
759183
1611019
407670
362495
1069310
261747
248471
401855
257276
721759
535912
122853
417461
602563
1058528
513052
299995
1472443
841975
1934408
939289
1032599
199144
1032385
754790
357252
305494
464822
1667943
1708332
721227
1439576
804287
1376040
337562
477763
417356
508213
449222
480998
641846
830596
1031211
2530461
846622
391073
2459158
252169
409807
302940
380856
454916
730892
1128253
871618
131718
323308
1811186
657891
1323276
593385
573920
870980
707373
1214278
1247316
710503
488591
159762
836609
473388
1373259
1185148
1124358
1298165
790620
959852
527717
894338
421373
395105
748979
413193
606558
543646
241830
366981
1149919
1833065
1851253
1436391
2064784
856094
252459
280823
671497
587349
1104028
997590
453553
331699
104932
301117
576682
414666
2225274
893328
1593717
855294
48274
3307132
188676
1595796
432910
859732
809477
1352469
1977175
1506410
369551
419307
331935
399554
2527088
2150520
638678
645340
877732
750931
1085377
1227575
2299244
2042939
1157235
880721
607511
854984
906385
664882
546065
580952
265416
1971788
139275
1813525
45030
115218
565730
1096572
1492722
1417030
803471
2460615
971184
2112942
997576
773822
798880
404607
568824
805081
388982
3429979
2826560
954002
1114548
610781
622837
270624
318385
379761
645640
655301
523813
372230
788043
682266
251478
661473
354376
1298651
1237733
357677
127961
71692
123259
2403301
2516298
771421
226846
1244197
1537455
743153
895629
521005
1382345
673880
626140
276082
1186670
590518
874727
225020
1012999
534181
687729
293284
386189
1244405
698892
55134
484715
807574
1163253
1079524
1007943
1893062
929039
989120
437280
861399
1183722
1158791
1355425
1457358
949954
812035
1225296
402833
656246
429073
764213
783569
1699837
1614460
410128
574242
279146
88241
1544831
1301953
399092
518947
592822
150253
676098
550833
204705
185320
599508
910909
1159998
1397120
1370918
150597
68794
1193936
431889
402469
201186
504433
289330
257646
919722
937726
195208
997338
292349
419463
387604
1945913
1074827
256053
230092
223668
222465
970906
1671826
1281137
1380991
1866923
1357937
922422
1486233
230039
284380
951947
107783
160453
400828
720861
688761
1119194
890977
134230
447742
1029505
1134673
757534
540258
216384
152457
198998
385630
993331
850096
626757
568330
443857
675381
281921
787873
347261
657713
697211
805029
924039
560101
922236
674060
702179
345444
1003831
1593700
971779
718651
1267220
586419
276095
962462
998893
549731
457535
312388
209256
572376
824897
708277
224299
353489
199305
1399272
329233
291413
331153
1447204
531925
155091
718285
348295
614539
498713
606508
508122
804298
949623
648926
763915
1030561
709808
336260
99868
114159
628362
1462901
1155385
548111
2037644
1290591
996853
299541
1995612
249421
552553
337319
501062
582005
1219116
1954733
1457634
664871
3098098
895475
958166
381735
388635
1771078
656457
86778
535022
699929
1093968
1481056
1816948
1574278
1184873
546267
592234
1297681
380907
326489
1455875
722070
1063416
395961
1502714
1113000
1177121
474365
643228
1508301
978525
1141587
638781
772871
313015
1426189
1556683
1526597
1595699
614248
1424332
1299121
1453199
310767
158802
990348
253785
954086
1197071
1017301
112680
1375534
584670
583499
800007
498513
344182
574991
332102
402291
183460
928880
506430
554329
229804
567128
1470020
1882687
1731601
2187677
1165363
2627720
507923
531721
291970
762930
850809
3019021
1428422
531664
494797
726702
543087
1146491
1580553
715748
198524
640270
638879
212716
177689
2964131
711694
3320287
927282
1036829
465267
530166
525053
486906
274980
623733
151131
181130
318381
274604
381830
503420
602628
838073
787626
751781
795896
732937
724738
345901
2777938
216084
305730
235757
155690
2749668
219997
1130427
1089950
459114
258792
718658
819611
2933677
1210503
3281773
688021
1542946
607587
206416
440837
307576
422044
494050
592287
525535
191776
155863
2034891
207603
2118637
583348
655960
836092
547505
767325
260430
1077022
866905
1021459
731061
1595241
827815
728682
563853
581937
1836269
487799
141200
1257327
520771
707715
804571
411742
245969
446305
317704
1337765
212439
1008776
246966
322399
84980
492993
559035
721316
1129392
1139922
103648
331137
2135373
2013346
406965
2142531
1885133
361301
409083
337254
645682
411088
785749
440524
516280
850895
1085894
605361
2696859
2058312
521752
1353957
1233362
939583
578338
152635
447901
397024
304165
295633
525853
284139
797706
541800
373826
750019
1331600
1114893
1239361
455488
548062
179912
576026
474668
476995
346767
361841
1035053
682217
1123573
1430134
1867600
1713495
1441592
624599
827722
872033
849084
482174
482286
1102757
540764
157470
618880
541556
458159
298627
1055548
738048
735359
961694
643260
517888
941090
720951
1218815
541038
216754
1069393
625938
951639
417442
113762
928243
606668
438031
521373
434649
239172
287877
269598
168044
432985
953470
794460
947443
216201
272180
1118429
611379
1000955
1016772
1452012
708859
306597
1464612
509590
1732796
1325669
637648
706920
495871
430031
2863631
517854
2497542
129273
135843
139273
291639
961091
987341
855980
728096
347874
1398483
1090138
1345489
1096949
733615
340888
659350
964064
587889
1060685
914722
307052
990091
928252
309528
1076826
1208088
2430467
1804587
2125112
574910
1440349
982177
309338
1183142
739387
1294984
1890673
808318
86050
376123
1077822
595353
359654
442184
1245309
998471
326385
1077056
546486
1067513
205839
997893
786724
694677
1036837
1998715
1953533
1982011
749742
1629040
1113267
1193628
1497603
1237731
961289
839358
421953
1616274
1167454
681096
585006
658605
1206865
641676
743396
720248
107955
118380
1402759
1526884
1375354
1359322
1422859
376175
1283875
875523
829704
1225344
747912
204368
431324
1944963
1898185
1248522
1069927
302523
271852
1224072
620238
1046832
669243
298641
1769870
284889
706219
1794242
922244
543296
212225
1192120
135961
219057
757830
492278
608292
1018011
931618
746993
537918
392290
210539
134668
690511
266218
180118
991476
586049
732396
562487
413349
1446278
489116
2193314
1484168
1707653
1495220
820035
935599
1398583
1144123
1564374
884300
1362293
1033687
399664
553567
1334897
1206647
132777
641249
284816
298064
103585
410921
408982
1130842
1432145
403613
2408052
997629
3100829
1793584
853888
1820433
745659
117733
65027
46400
187847
435105
383849
406005
356798
351596
1291798
921373
557531
382435
295963
394527
214016
635203
435967
748740
711599
975197
667507
644228
111873
410720
800826
1058755
422793
1421654
1190536
851431
728058
1204033
1336370
1314749
1704375
933973
1995243
868027
1648037
1335496
822050
185145
291235
174111
1019777
163898
1244241
1349668
1355388
1496850
340174
989484
647428
123531
1185228
1832221
950175
2277985
2358709
1256034
1461488
867150
1187522
1112401
1196075
532207
1213801
1102326
612613
917057
1015013
697778
241326
344269
490194
328916
110943
1172457
110528
57949
145756
263376
368580
1319044
915159
869476
923934
1009189
585474
922711
652770
657853
542146
355856
731805
574525
585790
722589
796143
577768
203163
98195
605181
575054
190247
301983
1821912
863959
1693629
723735
224952
306333
185895
322880
1310501
454923
324367
573851
1374112
1225812
789527
1496490
1076356
300063
585436
600300
408139
277878
434341
435201
353155
259357
382548
601311
653581
171565
1117636
663308
1584668
1230565
987410
1928634
1585925
1900995
1729856
483246
837982
1217428
898254
1598970
312902
439198
1322116
909108
1275130
1339071
797151
1438778
457627
577149
923498
636618
117061
563553
498096
561272
300303
448202
499123
320364
1294135
387969
555181
396435
288776
349702
2253010
1770214
605436
1552382
1467441
1621773
1427927
1670760
398983
1534543
776969
795278
349340
357252
1672594
760756
1890402
455379
959271
792093
1256800
1033872
1226807
1002521
767617
1201888
864503
814599
1905134
562350
1064246
606227
342771
803138
521332
834791
1093504
485697
111398
764267
453814
666710
981055
687059
687942
1152631
517819
636175
387758
280699
555918
840297
855098
186106
130609
1250514
750765
1334882
931751
284358
138023
713877
801644
751430
1242080
306690
1169461
726881
538383
536436
729701
2310927
1363918
1205171
212704
2569469
492702
448717
756017
943183
292288
1982024
942454
2135606
715991
1093057
435715
545761
436207
988471
739675
559987
204954
262996
286489
199472
1195339
299209
762085
481390
279802
351922
326808
447027
512301
1337812
997648
1173955
2285702
677445
760273
632668
270998
345445
2161694
1408724
775423
689118
338597
490799
1108172
385932
349624
1077961
305530
180325
860995
1328339
991655
126237
109611
1369848
684391
178811
863075
891787
871281
2138412
1010109
1134011
312907
143521
1893095
641142
58641
524349
910968
1012387
1007563
1432412
1020238
1119984
546849
1220293
2203787
992634
714236
2002746
1219674
1315450
845659
857815
466303
975206
1014124
1315984
1586129
759004
609217
311348
219977
724315
829187
1227233
1358767
782454
1147430
480501
549456
1042761
610621
335004
524101
383633
529678
624627
572249
921318
648282
1438175
939948
764079
173953
882824
581484
535148
136850
818419
544947
535274
564356
371335
523149
1397638
1002119
240237
339179
681931
568688
2367526
2534422
659267
917631
635439
325333
1475374
795822
1114457
700275
684296
478946
703398
465042
845673
976819
1095185
786037
1134552
563269
239569
549823
1134930
831583
1278743
395837
548024
396435
1163821
766489
253953
699268
1135328
1071052
1456930
1264322
733339
162528
1220033
545263
584675
1170859
326395
414660
357364
119521
801183
186317
605395
316085
361941
178122
501458
547670
559371
392544
832127
322295
401572
427806
776768
1140009
880687
182577
728925
949463
2944481
2834022
475594
651784
939996
728861
574422
1492239
800837
515706
1391317
906239
1230838
1289233
716064
296652
572551
554425
265371
2190121
288908
305958
157847
1910115
517418
468543
582980
1019445
1096225
1164250
614722
880642
2122697
1146957
1229341
2476438
891750
2007725
938272
334705
365621
456673
496841
362834
3401295
1351283
3519648
627034
158320
1897322
107314
441227
1141940
964606
1410139
1008956
138675
276236
536050
1955804
647481
475996
1861646
738204
812855
1031573
1212920
1120573
187929
1022214
1152042
868383
1129613
387389
151632
1465006
1052678
527767
636784
225974
188793
959634
1555372
1044242
1699388
528990
370455
262714
528939
265402
478832
579746
405324
1256110
1310098
304825
520355
1382216
1195554
813681
316999
836839
706410
1043313
1385947
779880
1057484
426853
357600
173662
467588
352531
761266
398969
152704
242939
756974
452809
101776
190843
390370
779424
689414
570526
239863
855868
467596
555872
444646
911393
1432690
1035613
428313
577279
544305
1839137
462134
582256
1767903
748792
1174474
249042
185397
871400
159869
816426
596589
613800
669595
142812
693996
626995
96236
932594
926308
178035
604042
384613
940296
830700
632680
1055271
911718
499640
181122
1153840
530980
1240497
648160
379457
241200
66813
173285
670796
580818
743338
367563
594782
753599
1648294
1763821
1102958
456905
2502383
829417
379258
1185049
442707
997982
553196
503401
553065
386451
782664
464008
105333
868283
660949
839677
767220
228890
756304
1076909
905859
288062
311416
189709
1907968
981260
941542
1701390
449861
576166
990463
822421
1427910
891469
652695
754496
208581
3149532
2766479
576866
573269
1565444
1564682
509011
920488
603998
1072387
421326
439344
856569
1212157
896520
225561
127816
1222804
467931
871368
712382
990762
983115
1837963
1167071
268334
215100
267393
358817
1356456
618587
1280560
446055
824374
858250
612050
131224
151166
1389999
1745570
402514
1126559
624777
1399650
491670
1143221
664916
765235
982728
1447947
1484684
1594490
623279
2437971
554792
1702873
1043998
786411
1170213
674449
1184826
557558
1058222
190640
649152
346329
532533
947305
1046535
1560318
1531985
1169334
1956781
945325
810139
2353616
734797
87693
865324
413277
412532
430972
114416
395316
698951
725086
308934
1148416
303976
216040
1131116
354759
165427
525698
421020
664393
885531
290260
1305106
1511044
480246
433508
878157
485212
1376462
579198
668418
219470
225569
55648
839601
450681
632608
184474
238512
243327
400182
1146744
801876
536131
407359
2334769
1425994
1288782
177581
2023288
50573
752629
723706
843110
161967
148866
982562
239236
795452
721536
921873
1751921
2188276
1700984
1310014
1238398
3083521
1836590
1336595
738974
1230484
461549
1140624
645150
650523
551134
283572
422727
881862
882945
734544
555088
237092
660240
827270
843481
816700
837027
1582832
1369108
921145
515501
500808
477165
829645
1132372
789201
632928
1538462
1037860
1216704
806697
647735
403610
1016761
714972
1532386
1666091
1018260
169375
1055172
397762
379521
348034
167679
904860
498511
687932
386183
1440991
1959090
1815895
2474738
166301
307885
2265719
569808
537808
945357
990764
720056
401550
265631
826125
1043784
659589
473212
258530
102169
427706
662218
697380
540953
843364
4000930
789593
3947211
544026
822834
932226
783154
1447150
903244
705498
62753
211989
1599199
959805
423025
158067
286618
505240
425870
99192
206279
1121058
229603
1262319
600048
768510
654266
1031555
623032
692868
630973
363293
545562
2052727
715236
1964333
750639
407501
481321
159382
347678
446163
711160
460687
239877
1092850
383644
1216467
458393
503623
663185
500349
244709
655125
575881
313779
1790873
1514845
910144
1084015
685534
1596821
1603102
1000732
235491
908140
455717
272230
752514
615270
358099
298388
116818
242197
326457
900837
1039736
810809
894970
393316
1125751
292082
176521
192520
314918
172707
501374
1771873
559954
148596
248152
1179243
342878
340956
1079239
1020533
340317
271417
1355369
638824
746826
539959
1947448
311372
851371
124401
283783
501605
375490
720646
876565
1647735
821670
1399557
414423
857914
508579
602608
1287254
1270310
1142998
542282
1165662
2041654
1259421
411938
1776758
474211
566940
221551
710641
1636410
1191889
105451
904405
76600
64324
281171
101650
256806
338122
202048
127494
1084538
1030229
907684
287599
1090187
326123
335582
1008363
719156
1057879
851546
1928627
1453301
305684
308932
1370160
1420788
323757
402236
392531
1705210
1436034
507328
330861
665624
582226
740605
784750
579549
832773
109588
597787
368506
60531
475667
464109
532478
222514
422113
1324882
771765
633554
1511855
614830
472758
1130553
360671
834771
364287
483431
218272
171126
165970
180599
321360
563078
740189
263769
422333
438894
1195798
209452
883648
1933209
1717338
2205899
1414693
2170151
1343899
952808
131566
105225
421019
1492586
741011
452696
834917
911240
1864934
452968
1532487
307526
454501
153381
363072
349387
538446
650217
1100530
1685922
938489
472856
2702618
2417749
933919
523600
317812
360514
656673
478150
283683
299528
553537
1965939
2323131
2392713
238996
1870793
652633
1228307
733953
277200
1844571
1829578
811493
929664
1122160
836363
1762852
193097
137075
88739
99214
59121
1548013
806183
1035860
894436
133930
1046583
395072
223276
693079
645023
300712
899884
1171567
1411720
1286864
1493432
1200115
440562
955479
479781
418222
976763
2806100
1793065
1486185
404785
3353975
976267
2004697
637808
46705
70607
1593364
360808
1407625
1618600
1045726
1854980
187450
89676
1936807
531928
751595
324958
364102
1331803
1130290
710600
632429
877898
658218
826753
1523488
2108154
2087300
1987762
847446
1325343
626150
359292
1007643
537223
616389
366766
425979
802285
575396
780881
216187
883809
690366
162095
922647
811697
696225
1410943
954094
448760
355395
411433
652825
398158
1297570
377783
1476913
763115
441043
1178690
424124
497323
1365033
572394
254735
126972
917370
510772
582485
535876
137218
107506
774067
429575
949223
294360
241781
362041
491185
373709
1336685
1043668
380538
404330
490689
308644
681507
1151102
1042204
1222893
1010878
562619
606962
699502
935060
1171550
1089078
619830
299539
191200
259451
2029298
889414
2246310
975169
1128948
567552
265493
525963
656566
1018448
798436
876384
572296
482479
688468
204300
490490
211151
556992
454425
542987
873142
538556
355070
658657
243066
298523
423116
300851
671602
397114
304486
109444
1011394
526784
268464
559703
611730
680681
1340174
1484344
962658
538938
141992
835547
381733
717347
285835
442594
431760
1025261
169518
258705
1194734
499022
494310
1104137
1025846
1683849
74204
252374
274633
1563817
182597
505242
232615
664643
1266542
2376089
2455006
1598138
322981
2470020
1296656
860583
410275
1310397
681697
1775870
761553
402060
883279
141709
508560
556639
1167084
630263
1105925
1170887
2533797
999380
728131
394373
2584203
1105837
1012675
1737532
1860042
1358735
628119
690948
1224515
315610
140195
106166
820942
233091
406334
768954
593940
897527
893928
140653
694132
1248828
1189459
557581
1737820
1449919
1324055
724232
1077474
178583
613670
255601
341007
206640
740255
677793
531882
885741
855492
505733
162365
273202
319720
337525
518969
489773
471437
836739
790732
365190
237864
276598
487527
509766
403793
207063
872293
773816
1379750
928872
2178586
1353813
2437043
1737776
1582346
1063498
824967
644772
2124520
406285
1726900
456093
482392
476392
456970
311547
511468
1241282
1632338
876997
1675042
2923986
2339157
2116740
2349473
579026
331981
389109
385080
1073211
1509352
1257982
460357
159208
140437
1669192
459276
419395
817856
1015488
761503
882472
915191
1185360
996673
603485
446633
562244
639020
626597
531305
485768
149958
341064
857526
706731
1249679
990584
1459814
933146
1259027
680864
338690
718291
642595
1144349
879104
1573627
918916
1470120
455580
1283206
697990
178859
193025
880027
851801
556635
992329
1127526
1072987
826074
388822
240849
1354701
916734
1447767
1231082
1215373
1482260
599674
1971891
1849604
939877
938958
320468
952150
671309
1036198
729338
999456
1420617
714885
583554
154006
746442
1121156
823651
602717
358344
1272583
567100
617731
916813
885404
1000856
192216
661721
411409
390303
664344
339718
645461
505972
954248
654873
275895
241709
348916
628670
570501
280650
692750
366861
850255
479717
586582
535683
385352
335399
514348
325069
220958
624932
856117
960628
1450917
1438968
640981
1760106
867997
1291566
633726
241813
404543
441883
62461
521158
881383
937691
828060
874190
463497
204487
1790797
612991
1298385
607954
358582
563392
1267137
974187
501782
722938
827335
915267
621192
2667657
428756
2379384
114765
372497
377059
1021027
805929
168542
1445712
1358318
1987783
2569050
1020070
1167013
418306
1433341
989305
1028690
776876
1549045
658495
1093632
536843
608776
1214478
433520
404995
408616
541872
369546
216975
587948
808324
718930
664204
451582
970821
541081
1053420
1080681
