937699
700554
1187561
739041
571718
572160
1105245
1324297
577617
177452
661551
609080
822618
1592625
1997749
2119453
2537280
2572786
3133866
2866203
2868023
2201273
1398496
2702630
2789586
1871939
2004599
2276195
3715241
2946156
3803561
3862766
3897694
3216389
4050765
3858468
3628811
3412453
3895186
3560096
3587343
3444377
3626470
3615128
4719809
3754530
3922320
4967480
4040784
4203073
5138083
4111830
3974562
3667718
5049281
3552410
3613505
2906206
2521442
1891114
5819628
1397017
5999883
1429136
6566513
6202101
5806800
5397195
2727465
5813350
2393229
2360888
1815408
422800
7098186
6636003
6718285
5692565
5684320
5764651
6251330
2072852
2153926
833963
6771712
875608
5952980
630279
6073297
132045
6050763
300143
6850116
129041
158273
6714893
7114433
374369
6048079
294893
6273435
249222
169271
6535425
6516790
193545
5794365
5957223
461913
390565
5874364
333802
199220
6301264
93041
183818
6548209
188331
481864
227356
121069
9184180
136605
138534
126257
297238
461073
558999
502620
162474
188294
282844
419480
189771
267999
297411
539856
767561
2792450
2764213
2954908
3203029
3105340
3347409
2492822
1723511
1573443
1724486
1829427
1833392
1825992
1102074
879502
821232
826617
850605
579486
483700
425344
527446
595704
433824
309646
450422
212342
1568236
222139
231866
198187
126702
160507
176300
413492
71582
141947
209948
381879
449571
620612
725110
620666
637379
652723
447131
793045
539490
275366
210213
425012
241519
466865
434185
316609
416292
182215
176212
180362
205846
471100
35533388
35559660
35633044
676311
152361
33551549
178589
33558697
221028
33345889
32795095
32602853
32648584
32651805
32039361
889550
32605788
32477525
1161502
32384417
32327351
32215481
1140616
1253218
32245549
32441696
1961243
1416809
1594336
32535542
1737401
1647597
1717479
1310613
872482
1050720
33101785
33196301
32634322
239342
107262
32840906
371429
242674
507508
606699
33986028
33137026
33133329
32644154
173550
32567855
32420994
629403
33010543
465238
655019
33185061
840289
644192
33962278
33774205
32703371
1597264
1394209
950880
32912393
936711
1055230
33005738
898933
850576
32657790
1021943
799374
632870
32337659
679368
453315
32160666
338258
32296776
31655200
285043
32133629
31905404
31614479
139383
32220199
31647289
31701975
144629
31761925
31404540
224783
32188463
32450774
888899
32520446
32174179
1192011
641294
811224
32918285
912605
32622636
32004018
896758
32363869
725548
123818
177354
43048
32629188
139548
32483470
32587637
135430
80269
33028983
357895
349682
209256
34165898
178764
34945720
34829854
188493
130255
36004809
139689
35547289
35608543
160390
35637385
114223
35202224
180597
35059999
35276094
35336799
177372
35303998
35380125
35455349
297878
210162
35481886
151028
155081
36209451
36115030
36581865
36859816
36882799
37098825
37045927
36934790
35883682
34340772
34301903
35395325
35184971
35984045
37043420
37069541
37690927
37370165
37500618
37782042
37633273
38056361
37903140
37832705
38259656
38364509
40314433
40823959
40489960
40808312
40513073
40530900
41156616
40648478
39946258
40322370
39826985
40139473
40174356
39898837
39610498
39641020
39224780
39456930
39841405
40310778
39682141
39441627
38319240
38237582
38419892
38363477
38769991
38440583
37966702
38124812
37986099
38084219
37587261
37825935
37648297
36997046
37234541
37482125
37242257
37393059
36407280
36305237
36149920
36166163
35360449
35377750
35947854
36019583
35412966
35403178
36009879
29477953
35743446
34561490
34028157
29934604
33991286
29510578
32956542
29746919
33258093
29435005
29372576
33438177
33532636
28863987
33326823
33297068
33101096
28923171
28867399
33099476
29065862
28580673
28274092
27614592
27339041
33946248
34347998
27801462
27394765
34377621
34361824
33610708
33770846
28000346
33590762
27833936
27353824
27363602
27363626
27360913
26616517
26738909
34445512
27256700
26989175
26980587
26261788
25965897
35243373
25531901
35102150
25149153
25677965
26074359
26207940
26433304
38863797
38900395
27261596
26906103
26808014
39744281
25775622
25680884
39893487
25575223
25415665
40134914
25806013
26129414
39454722
26119149
26499041
39829635
27492500
40007335
39477682
39229840
27976608
28065843
38797303
38775032
28428252
39688893
39012227
39429035
29483122
29705613
40122783
40177255
30149784
40043990
30377902
39885696
39598406
37856948
37500282
37198901
30776477
30550783
37115239
30633859
30575956
37234365
29039824
29035896
38886517
38247557
38332130
29669401
29677033
29273835
29435608
29420365
29097805
39635905
29230818
28860714
38841059
38836465
38476786
28222211
27541482
27507379
38666117
26777333
26385146
38707838
26054029
26254046
38352312
38366021
38415445
38472165
26500412
38217518
26433915
37995287
37977377
26829822
37739557
26760599
26509785
37837867
26739557
37893791
27325216
38457632
38212107
37924276
37973105
38337927
37731800
37814055
28653344
38104796
38339924
38285741
38222917
29768171
29733757
38188186
30062927
29388610
38124338
29527754
38478674
29554325
29019050
29043252
38973004
38872136
29121057
29420986
29360488
39110241
29747407
29736841
29264373
29757158
29723355
29710588
29779786
40581987
30088879
30116723
29436253
28489933
41715384
41600592
28524226
41929289
41942636
28406183
41970158
27568114
41495046
41330412
28186733
42174225
41512718
29099020
41200609
41701273
41928376
42026060
41878187
41412728
30242457
30427411
30331857
30736610
30526715
30124532
42379950
30184507
29832139
28607855
42590004
42736345
28091611
28058992
27824544
43404457
26389459
43841797
44490482
43908137
43654436
43404868
28274447
27778753
43994084
44120760
43913351
27945452
27221730
43592683
27260260
42435253
41568386
41475506
37994880
37883213
28251125
37780444
28967232
28764344
38274096
37973989
29056851
27697826
27464386
37819156
37058628
36294265
27872106
27759033
27806434
36073529
35889299
35693365
35640510
34660900
34668332
28683374
28717547
28729602
35416120
34343196
34549706
34863034
29154174
35057138
35845496
30384671
30350696
30277918
35715975
30122673
35610042
30427317
36274731
31030266
36629245
36454217
30546461
30444148
30010464
29877498
29895926
29642972
35183962
28895623
27431743
26266262
26168997
25865496
25942689
25781383
25015034
36020769
36002524
25101704
25043026
25477992
25526093
25983399
37050895
36915864
26176932
26244475
26071691
37350069
26017596
37519947
26640350
37253281
37287983
36650459
36923092
27534128
27536090
37070276
36915653
36782811
36605631
36908032
27819864
36723983
36631395
27988850
28251910
37223333
36572900
36718819
29100434
28669806
28552247
28731621
37937391
28230466
37850318
27374234
25808575
37791765
37724161
37632194
37320656
37308230
37300353
37542450
36985711
27213601
27454208
37847374
28025618
37660375
37146926
37308737
36920031
35350065
34323174
28659576
28722309
34670806
28828125
28807969
29301131
35155017
35059602
29634747
34894709
34883864
35403246
30665091
34706075
34640914
34417225
34025721
31237355
33699581
31045194
33941322
29116363
30274381
29922896
29947794
35781504
30185947
36381521
35167833
29517626
34948046
35288933
29315536
34740828
34136448
30257171
29810789
34392619
34104554
33922425
30507641
30624559
34699620
34035281
30539654
30507730
34438183
30609180
30037703
35119148
35202811
30043117
30151971
35261624
35522448
29443832
28176860
28193957
35926606
29370441
36613552
36749508
35891253
35326030
29906809
29437595
28840283
36133858
35759668
35937759
29478688
35767144
35464493
35634436
30343245
36244175
30397907
36508235
30602567
36523704
36693451
35553140
31405802
31516959
31546881
36078135
31594985
35938035
31976850
35692661
35416108
34812367
34883587
35034284
32724125
32936668
32754772
33115762
35463276
34880519
34768444
34603646
33882534
33755560
34099195
34046596
31814458
34068792
31892013
31155501
33502324
33158198
30778252
33146717
31036972
30987728
30969241
32860181
33321558
31354149
31237545
31753294
34968229
32759872
32709686
34852736
34279076
33450160
32665023
32624867
33471546
32945412
32754916
32664219
31622966
33650049
31797352
31284855
31144244
33600026
33451640
33092693
31532161
31583011
31815046
31510702
32100190
31942301
31940003
32620781
32279302
32241771
31742919
31509431
30537474
32495458
32739706
30161860
30174760
30017525
33213724
32344198
31696420
31975395
31727261
32057335
31982831
31839930
31775515
31014368
31144235
30708922
32487641
31015302
32026589
30443881
30035408
30255282
31899602
31006981
30636390
30340874
30471825
30073158
29840857
28688407
28786154
28917377
28795169
28555805
31636970
28517743
27552266
27557512
26833293
31977669
30122171
26837523
29760499
26634269
26593446
30611033
27438430
27285711
26809269
31316519
30934310
30750377
27082339
30964867
26653666
30168128
27136993
27891670
31499062
26970414
31566247
30775407
31060259
27196353
27242169
27318649
26504913
31722126
25737626
31259852
25938789
25805764
31410635
31198590
30927715
25438313
25295078
25186446
30795244
25478999
30011052
29947432
30904456
30790650
26524364
30120413
30490775
30541594
26602857
26604605
26945610
26559310
26074640
26018728
25975852
27045281
27046797
33513114
27367487
34017736
34533256
27782657
34027775
33816448
33846985
27721048
26080636
34031706
25967433
26137121
34588373
33866902
33714549
26529365
33635739
33824174
33633316
27006906
33735779
27076838
33721919
32695683
32793533
32776457
27473902
27419123
27664523
27442368
27225348
27221826
33831397
33622762
26738934
26396848
25801317
25053796
25413963
25389173
25008674
34906587
25523644
34667209
34569401
34813958
25714356
23557670
23947300
23534741
35724299
23356707
23368128
35396901
35177343
35259414
23548733
23559283
34757665
34708432
23636345
34201932
34127160
24493272
34293866
24681995
24551538
34925463
25176220
24801442
25125087
35835106
25162182
25165606
35277243
34546891
25877023
34973890
34941939
25766215
35620350
26444945
25591953
35978849
25647830
25639436
35947634
35782637
25596056
25402707
36125179
35708449
25384698
24714692
24495878
24482532
24437416
36709321
24592019
24524810
36651515
36220314
24696476
24518176
24541478
36315693
24247611
24244040
36377868
36298226
24686998
36921784
25016916
23633175
22741171
22635547
37432515
37684979
37692044
23261271
23267818
23168337
38150130
38322096
38241829
38121213
38011425
23858006
37924399
38001984
38191332
38336064
24642354
23571145
38141279
23701845
23472400
22801708
22272263
38999923
22238217
37874127
22324043
22797594
22323566
21938160
38596903
38876342
22611249
22205091
39283784
38559497
22427560
37753263
37882009
22456520
38228681
22635390
38379080
23441797
23362853
38850214
37550781
23225526
23267484
23619694
38043354
38074899
37843953
36892781
24973688
38182027
25466986
38188986
25945501
38539423
26142139
25580552
25242601
38896256
38591763
25594568
25397797
39171430
25667094
39416957
26058901
39115525
39094560
26743191
39341991
39231605
27388893
27257502
27199636
39756412
26409195
36805172
36387091
26497102
36231895
26776342
36350713
26277804
26413606
27036430
27289560
38131728
27589353
26930607
26617716
39167130
26668598
39145113
26817434
38796296
38745066
27061543
26993117
39205274
26872009
26848112
26657461
39451328
26825609
39365148
27747104
40663848
40606891
27795525
27913066
40889197
27616855
40922780
40865246
41080175
40009897
40562260
39560911
39539320
29765942
29401850
41655029
30845304
41578541
40548116
30951931
30959573
40626581
31157663
41104566
41586820
31628469
30978545
41565645
31216038
41907710
41757340
31449451
31494682
41302303
41114739
40256169
30917009
31442137
40009262
39527742
31496457
30882429
30449724
40703495
31345199
41574917
41540756
40840369
40388912
32070797
40589313
40628125
40279490
40299712
39296384
32314144
38705608
38883278
38654594
38519065
33292986
38970505
38181741
37776110
37177039
33746191
37284069
36945933
33977864
36817298
37037307
37044365
34354456
37242534
37015133
36858365
37006632
37566471
37323197
37023000
37064259
35696687
36517328
36517019
36561372
36156210
35382121
35653292
35625316
36342511
35720588
36505102
35371371
35200680
36216081
34666206
35193964
34835576
34803308
37248566
34921871
34661832
37036092
33809688
33676232
33400104
37362886
37599271
37708739
37980927
34193914
34315088
37825984
33499877
36771706
34426772
36959733
33890948
36646948
34043758
33849482
33402445
32743764
32814873
37346211
33075961
37321243
38113958
33675609
33364164
31625863
37986574
30895170
38252403
30660341
38111184
31902933
32043452
31705602
39475818
39255202
38526576
38571569
38524777
32374198
32232875
31063659
30828872
38609992
30858858
39279842
39178130
31572695
32157929
31993894
31750667
39488281
31220457
31623666
31581205
29618981
29663238
30144778
30183498
41131506
40203278
29877978
29364545
29162578
40377852
40079361
39869942
39851579
39163610
39094213
29648732
39047142
30190227
40198774
40068289
30656035
40159312
40358200
40100451
31320765
39505151
38525982
38726033
32255235
31766627
32318372
31506423
30168739
30185625
30197852
40335173
38363938
38376436
36915283
36907449
31234841
30944454
38559335
32137579
31996989
32212039
38793776
37973975
32678838
38682180
38619940
33421303
33568952
39828973
34157339
39787344
39600397
34582085
39346866
39231286
39272273
38592072
34667979
37692567
36863217
34841249
34736282
34644487
36382141
34844447
35596880
35122755
34766737
35471356
35222181
34689469
34786198
32304848
35591731
32626421
32515705
35572732
31950166
35870781
35922406
32086976
31991688
36145685
35715654
35720529
35324034
32075945
35219282
32854806
31948437
31668776
36559733
31523417
36441131
31722580
32053059
37097339
36693313
36993947
32409530
31261553
37161053
31426824
37494183
38232128
31678032
38347624
37851990
37694627
32517840
31811765
31435059
31000564
38441811
38482010
31058757
38677200
38140495
29787476
29945525
38989986
38921004
30162659
38052792
37982409
37847494
30408982
30387278
36648256
30384507
36856895
29410718
29512241
37350221
29178919
37290085
37296472
37186915
27560775
28201697
38322621
28001134
39031392
37924771
29101833
29108254
38694933
29997640
30084255
38977169
29923315
39218691
39218276
30254707
29130567
38151374
38282887
38176484
29739756
29667516
29211810
29419235
37447290
37306213
37155068
29620190
37637637
37176234
36367507
30335602
30012909
28521504
28419803
28387878
28330464
28198581
26403929
36920140
26085673
25996948
25413855
25154630
23830736
37557999
24153215
24311680
38315990
38364162
37710548
37742547
37696355
37451422
37002632
24626626
24453848
24415475
24355389
37464669
25254766
25351992
25515701
38706263
25496268
38815738
25227874
39513819
26748401
26478267
39659952
39244762
26313142
26008945
38492966
37973295
26545618
37433796
37784314
27416508
27475644
27414909
38115129
26232079
37772851
38045451
26025178
38692157
26173087
26321378
39712507
38705947
38681104
27075153
27181561
26537539
26065970
26347526
38545596
38806055
38545857
26467728
25981696
38718761
25212861
25369527
38277046
38039345
25420660
37152930
25623919
25306019
37021022
25126027
24552903
36838610
36810546
36871819
24499897
37211891
24695694
24847693
37423348
38062709
38038236
25682826
25552831
37927083
37049425
37849602
26392373
26518464
25945025
37987146
25292243
25829974
25073161
25062069
24184026
24017490
24120968
23399601
39637431
39116066
23817335
23636728
39287921
39530761
23954697
23951307
23769320
23957841
23872297
40812794
40975692
24469163
39890865
24477074
39905473
39299140
39257151
24887463
25368284
25634835
25609746
40012828
39995548
25948357
39755194
38845506
26357842
26450141
38950788
26509926
39569876
39484999
27228360
39581072
28745835
40384814
28302583
28438277
41017235
28208936
41265798
40350865
40332028
28783206
28913573
28906098
40424143
28509353
41601977
41643050
41526211
29288111
28824955
28597957
41650569
28868429
41255958
27548932
41312338
27675843
41315600
41379128
27680538
40179745
39325339
40126124
28801753
39353438
39174915
38493412
28432506
27805752
27399481
39004338
27568799
27478584
26775656
38988413
38939345
26751135
26593173
39420033
26245609
39414978
26171287
26168992
26206288
40145387
26199603
40477029
26273373
26121726
40654430
26063590
40835309
26116836
41143405
26433428
26751711
27530601
27297486
27246578
26943840
42217237
26750997
26789392
25736318
25879979
24916843
25193324
43285574
42614090
25450035
42847481
25631627
25013698
43253148
43670080
43657873
25832590
25874374
44152863
26104196
44260254
44036031
42730713
26866321
43033618
42413307
41514741
27486765
41702650
41423105
27664092
41488791
41044453
40646620
39777707
27629700
27166693
26813879
40051574
27281565
27697661
27194453
26743416
40819286
26653143
40981498
26704997
40106829
40005837
26750690
26390481
26158811
26782474
41505943
40362362
26857097
26362822
40763682
40801559
40114446
40171470
27293895
28690028
28028879
42155503
26855043
42237060
41960998
27041979
41665282
27033426
42058277
26950440
27121801
26959443
43133303
42936554
42794259
27839033
42408900
42475409
42803319
42774022
41873893
28682149
41676407
28397231
40749839
40908529
28893941
29131780
40652396
40868456
29507495
39619938
29352620
39354456
29294161
29355738
40099507
40411673
40915666
41055891
30530877
40050493
40187300
40021272
31832907
31586223
31796890
31894543
41843175
32066272
32202886
32206803
32532668
31941329
42880265
42281033
32236789
42893712
32931624
42613170
33196005
33095891
32686124
33083511
32966418
32832256
43504333
42874413
32943524
42884997
32926397
32250212
32712450
33100039
33234632
44555608
44627864
44653870
33818251
33645521
43769108
33597884
44207062
33825326
44347823
44221981
44110935
43957678
34395572
44006406
43975150
33940370
33834409
33659226
33492323
44832527
46021983
34750039
34753750
34533890
45851559
33907042
46039933
33497195
46322064
33655041
33238704
33166761
46517973
45932413
45516542
33738332
45746174
33600814
45579992
33182009
33195437
45303786
33213898
32959099
45137691
44909753
44419737
33498806
45035256
33269322
33166189
45086198
33808106
33172994
32766740
43833850
33620059
42425731
42785535
33419055
32037660
32250647
31762601
43440177
31654594
31395259
43565607
43317945
31722573
43561666
43165707
31463637
43378537
43087666
32046314
43328365
42898521
31327982
29904729
29765036
29386477
29148981
28662001
43931348
28755404
44187376
29268461
44365228
44663121
44625908
29416529
44820566
44683000
44710907
27615732
44537246
26396995
26623597
44263202
43694059
43584518
43818844
27141422
42601304
27485700
27707149
43489706
27672148
43169856
44048167
28806333
28520408
44254776
28829885
44441138
28378432
27617077
27101882
27383630
27348077
26588206
42896984
43036259
42833484
42915667
27004803
27154023
27308712
43492973
42463947
42320473
41953446
27033935
26956051
41849341
26527307
41748990
26173975
26074181
42063783
42194379
42118314
26032369
42016382
41356054
41272429
26846354
26711020
26289940
25564637
25460320
25323247
41545127
42057159
26412512
42169132
27040495
43001450
41943055
25409809
41389444
40748517
25482125
40644608
40655478
25737066
41084319
40753843
26397535
26130182
26050660
39900734
38586696
26444310
26511484
26013163
25631279
25717130
25922706
39279566
25999510
25875485
38972712
38861330
25570697
25212340
37131239
37019254
36695306
35149381
25962120
25356164
35375941
35066971
25810001
35131586
25943841
34769442
34638405
25246665
34655113
25172966
35267767
35231166
25327570
25135407
25246893
25442764
25484115
24748647
36467901
36488300
24920345
24264942
35780835
24283571
24386446
23933493
24026718
23933310
23978206
35315080
24156872
23763623
35217752
23882442
23697562
23722393
36270689
35896891
23553547
22876392
22196103
21763555
36177581
36190317
36250811
22175952
35960953
35903077
36838967
22098132
36727364
22557167
22260167
36738507
36644104
22318407
22506322
36291591
22812650
36082208
35177726
35160440
34936925
33977773
23174766
33939025
23681987
23703398
33952991
34240789
23973868
23744089
34528485
34154109
23191415
22940893
34315442
33979610
23308256
34103899
23434482
33711036
33360932
33043244
32951837
24842594
24765530
24384895
23621835
34107953
23875268
23873015
34661911
24546089
34710667
35323259
25251536
25489321
35599263
24453892
24263430
23960737
35894915
24100110
23869748
36557273
36605082
24500896
24471724
24675337
38186775
25024969
25128511
38509485
37946634
37629057
25999721
25986695
36918315
25920916
26180411
25873452
37195482
26174582
37310362
36712501
26021397
36702121
36832758
37381615
27007581
36842643
27090032
37234225
37541879
37977135
37662553
37714690
37183628
28712105
37277593
37505687
37294491
37870532
37725969
29442273
29446621
37427173
29590381
36782196
29015349
29460235
30014421
29902520
29658721
30081990
30095526
29476607
29572162
39003467
29950203
38769344
30048975
30088808
39006132
39059062
30248189
39239206
39220740
30430663
39226254
38676768
30241255
38803997
30098404
30133703
38251606
30132160
29985232
30121224
30065301
30504205
30697683
30735002
40446152
30287101
29018819
28525863
28599693
40018162
28411703
40332171
40170376
40116235
40121019
40618506
40507328
31040550
41086767
31113802
30508846
41531208
41090681
41138102
41368862
41011907
40558326
31693546
41660969
31954010
40494571
31648889
31763510
41133309
31510550
41204395
40307133
39784421
32254912
39443116
39399903
32561392
39400614
33408338
31994689
40238026
32528912
40867892
40871355
40759351
32796608
39828785
32940263
32667216
32704856
39978830
40273644
40314198
33056889
32348055
32051229
40071683
32206505
40291437
40345748
40679693
40513927
40599067
40457050
33551629
33114616
40446027
33113300
33454000
31985488
40388503
40137217
40133558
39842065
32304470
40007366
31879949
40104072
31851150
31959782
31262367
40734623
40746355
41038446
32313766
32399470
32184061
32186417
41699090
31914990
40593788
39738581
31760808
30762651
30218055
28488585
40441373
39888000
39458858
38390946
37631297
27947659
28296389
28006943
27933250
38312137
27339461
36881470
27379781
36819710
36760556
27745053
37042139
28616374
28535612
37894446
37280252
36810786
28605860
29197758
29466207
29010374
37927630
28808329
37710368
29124026
37940123
37365429
36685823
36227940
29311868
29453731
29625366
29586074
29842467
29812755
38250182
37928591
30001529
29482957
29323927
29193151
29123921
38725179
29134212
38651357
29167171
28999011
38780952
29724973
29791150
29732544
27121197
39584714
39612649
39673355
27437253
27681030
26106922
25869211
40326366
25782885
40367710
39940418
40713293
38217657
37670565
37473543
37244315
27963944
28024602
27227052
38085254
26566797
25528377
38149131
38182244
38119068
37977675
25610871
37597585
35363569
35010868
25676463
35265350
35026826
34965111
25667993
26013096
35612325
26150580
26265469
35758241
26100065
26039066
26297905
26775791
38479300
37637589
26590307
37366050
37421536
27015262
26813029
37848550
27549051
38305341
38579491
38301850
28335218
27927643
27915772
37883389
27444441
38320582
37714218
37515192
28055572
27842361
27030894
27153862
38194263
38138502
37191488
27561923
27548639
38003858
37582569
36945075
36338022
36256562
36108336
28299041
36436002
36064271
29212191
36253345
36190499
29638566
36338009
29863389
30496264
37329816
30736770
37951018
30423300
37629795
30768943
37696724
37713553
37316006
37109492
30900587
36773430
37331645
37426784
31673704
37500143
37610329
31399002
37418155
36197484
36258420
36100867
35436256
32011258
35672084
31242854
35787402
31387365
35539144
35517242
35680780
35812808
35929097
32568995
32424025
36098189
35796183
35288824
35040926
32731290
35273255
34628766
34708715
34804556
33653999
33688378
34152114
34376957
34132561
34185214
34211496
34399691
34241478
32017617
34088766
33943710
34049094
32754576
31931045
34168332
33881774
33495113
33141293
33210163
32468939
33281925
32954741
32417119
33344210
33396506
33641090
33634211
32484636
33339276
33232454
34177890
33823431
34619691
32563657
33218675
35311786
33570820
35187974
34951549
33505135
33350346
33630815
33731909
35811363
35854259
35429824
34166205
33272356
33212999
33228249
33479247
33498493
34324691
34072373
33319454
35039359
33722006
36075462
34384268
34246532
36602105
36653398
36658968
36668340
36544637
36675148
33752103
35888682
35977001
36067026
35484165
34603342
34367506
35120784
32221132
33844910
32327293
31907395
32667875
32200546
32510496
33188066
31913281
32603199
31145095
31147507
32079119
31686521
31692253
30856274
32846011
32848568
31551155
32765511
31738494
32899885
33397109
32703362
33565094
32752567
32788541
34107447
34100555
32527507
34210488
33470047
33433492
31855721
33255461
32144355
34391707
32014589
34539487
34590930
31893443
31042131
30851158
35194829
35674304
35257995
32734941
32550106
36190403
36192516
32207114
32217695
35433850
35100284
34771852
31993773
32029026
35195203
32083119
35528704
30777572
30425413
29916348
29149300
28444743
36241679
28062779
27797206
27621159
27324951
27128887
27165154
36818727
36853547
27593929
36761114
27962874
28046938
36953793
37125642
28359071
28410232
28134845
37192121
37252435
28263059
28271326
37717965
28433185
27979937
27051780
27289072
26408703
25770734
25643007
38804927
25247911
38975380
25159364
25352838
25185401
25258261
25403874
39543937
25296328
25325294
39776895
24742631
25127580
25117244
40542254
40059029
40135250
24712545
40139833
40172181
40068671
39177124
24529639
24724251
24470528
39602578
23710575
23717389
39536764
39495552
23721544
23985800
39590347
24247369
24176166
39689855
24385391
40853768
40973036
25250374
25468025
41408468
25195340
24907616
24991976
24731251
41855734
24516266
41799356
42217668
24530092
42923942
42877601
23995576
23936655
43163078
42439741
42819246
42245322
24273654
23968437
42130640
41246308
40433352
39859983
23992969
40015188
23833372
39479868
39276878
23507217
38406062
38594929
24087765
24146871
22601489
39560991
39502060
22864690
22929815
40327416
23110533
38636734
22763206
38007161
37607405
22855511
37618982
37850984
38318481
23178350
23110164
23147676
38760715
23281212
39385671
23598193
23676631
39409705
24080028
24226825
24280893
40193945
25167081
40955541
40903955
25476412
25267745
25076225
41193126
24908461
41601229
41062166
40956561
41010294
41293110
26280186
41287201
40517689
40470198
26989731
27000632
40605254
26835238
39993421
39477706
26692308
39195096
26523457
26452122
26729374
38582379
38797634
38683313
38651442
27481829
39313869
39233925
27422575
38470411
27897919
38450909
38451817
28001742
37802597
28311882
37343777
28014146
28464742
28508222
28548521
28488558
38216999
37299925
36963357
28723332
36675800
36216243
28825057
28972174
36903023
29000163
36548316
36189543
28482671
28925917
36316817
28700370
28165800
35947592
35829970
28444032
35455585
28316819
35655158
28953120
28936889
28825786
36000525
35674338
28929972
35713059
35225440
34223213
28992070
33974213
28992887
28263866
33418900
27445446
27552049
33602062
33112960
33219010
28099342
28301748
28221084
33564091
33438034
33396924
28167461
33432329
28145105
27071320
27076006
33921813
33516440
33610615
33838629
33334575
32956677
31708581
31567047
28573502
27732925
31738115
28313020
31325258
31101662
30596630
28057769
27804322
27852128
30653686
27426858
30668814
31201875
28406024
31225738
30949302
30862389
28120015
27788365
31177389
31416353
28272410
32112602
32123117
32261813
28928899
32783183
32857364
33215951
30036450
29780567
33821658
32503929
29865387
29872493
33332940
30279195
32663135
32556014
32610029
31174465
30860793
32985414
30968181
33395639
33675399
33248043
31463114
33065998
32378840
31762209
32246158
31285517
32953390
32603407
31816968
31710018
31813405
32022692
31552567
31438775
31603094
31702753
33002920
33190178
31865423
30905343
30886061
31115497
33303824
33266452
31662702
31601648
33545820
33265963
33481973
33221648
32769749
33320871
33015083
33740214
34046496
32856021
32482031
34084590
33885807
32724643
34940455
35022003
34515949
34825899
34610941
34364863
34323434
34773516
34897814
34839144
34941342
35309155
34264001
34259870
34898323
34609644
35010569
34353915
34480978
35303552
34017382
33897463
33847804
33150637
33105157
35839855
33202126
33230203
32863049
32368159
37595678
37297243
37378222
37049871
37005980
35043086
34923592
37490841
35333032
37547114
37975845
37772465
36071669
37933376
37372196
36281021
36788910
38823104
39030774
38680778
38402558
37476820
38669297
37526880
37310757
39452900
39441054
37788614
37846487
39581292
38626620
38459103
38132193
38793530
38376798
38378421
38403757
38778458
38638351
38509770
37244780
38922640
39058403
38154278
38087027
37735477
37785346
37552145
37981679
37325427
37425977
37514154
41837981
36409878
42195283
42117000
42046580
42036211
35787845
41620431
34516416
34506532
41636967
34041614
34584071
34007312
32811214
42895708
33191525
33054083
32379642
32012108
43317407
31627178
42767492
32491935
43657810
42851949
42707622
32124322
32184392
43413554
43707996
31337255
43267880
42847103
31487779
42367026
42464667
42050752
41431298
42021221
41756846
32770135
41241970
32724033
32708226
41451979
40516760
40344583
40331526
33366602
40023754
33076217
33099525
31939570
40490405
40081003
32024098
39762913
31628445
40172932
32273506
40471965
40571985
39979152
39493450
39383214
32286845
30621412
39673863
30032230
39584612
39296818
29656404
39159762
29311089
39116570
29308854
29010607
37482664
37346498
28878968
27052309
37126398
27781773
27625530
38147176
27947508
38642425
28139963
27596507
27231364
39119407
39118876
38664897
38456200
37727582
27988843
38281737
37261966
28044567
27875199
37694816
37507235
37247670
28552579
37500576
27421661
27218254
37935085
27540880
27484600
37850541
27262985
26461489
37773517
37088436
37227241
37462106
27076339
37312301
26853190
37554004
27411316
37731336
37501113
27525051
27552156
27936808
27967048
27724972
27796827
39141032
27911172
39884817
39794705
27628499
39901133
27168283
39736227
27018415
39889346
39905305
39952082
37829172
37951586
28544036
38257930
37367340
37159337
36452702
35154029
29823334
29403402
29286249
28829900
35526719
35576183
29308639
34951168
29267390
34986818
29206811
35149226
29165899
29359701
28870223
28551836
35539062
34898241
28838853
29043890
34966467
34751185
31765156
28773429
28917452
29343317
29434902
29476178
28624620
28049880
32771777
27841062
32701837
33134052
27867103
33204130
33111302
27641722
26121699
26409001
26421189
25477483
33451313
32358935
25701992
32055814
25772685
25988984
32338793
25636704
25466401
31834237
25102126
32204926
24738900
24643871
24540477
33014790
32619243
32332014
25319212
25411696
25345612
25896534
33620255
33911754
33498588
26343596
33897740
26843031
25982348
34413605
25948610
34462780
25829811
25786742
25545707
25757405
34916053
24926138
24664366
24983536
24197988
35857004
24821358
36079359
24948232
36116150
24750488
24780091
24503196
24697504
24012471
23747890
37001999
36690034
23467565
23338204
36614178
23134059
22828406
36807738
23231020
22900951
36793087
23635126
37149688
24173269
37644494
23478339
37378163
37620532
37455027
37395724
37514099
25597690
25452219
38380013
23928406
22762778
38289829
37976699
37976407
22866580
22598816
23188482
22843308
22712702
39166815
39289260
38963880
38968205
22957140
38889522
22997117
22725001
38207325
23172695
22996136
22712694
37879514
37038651
36859764
22868359
37014795
36919911
22956702
37257886
22829329
37115698
37124880
36810750
22874790
22707044
23098936
23261402
37917302
38004369
37703707
37119009
23743332
23691309
23239495
37347932
37008718
37013473
36983849
23629125
23641437
36719691
23351334
23540347
23568095
23145526
37253068
23323594
23820447
23615660
23542129
38227277
24190459
23996665
24055607
23993951
23369905
39591844
39703608
23526758
23441418
38565591
23278534
22496594
21913868
38336275
38381895
22074037
22010603
21879572
21745508
38846772
38824094
22113004
21900850
21631744
38955254
39100132
22366852
22055241
22598528
40159181
21862132
39600449
21854356
39813315
21809027
22316745
39657643
39691933
40003501
23170292
40408334
23186666
40604532
23525857
23522800
40440032
23862749
24673648
41330169
41023802
40923320
24628678
24679597
24420542
24343799
23528407
41116392
23148752
23233730
21228342
40952674
22966306
22920295
42685738
22905888
22700451
42559362
42503514
42878219
23432147
23015269
41677993
41714839
41431657
41933521
42066600
41393588
41307132
41172643
40688610
40604222
40373953
39954996
39619234
40353673
26560979
39015647
26676032
26221660
39427893
26495337
26664003
40055822
26882549
26797138
26810574
26587265
40412919
39882925
26372424
39801801
38687968
37885537
37404236
37186390
36421100
27109071
36375454
26730467
26897085
36998135
26768636
36876000
26694510
26719378
26763693
26914511
26483583
37492276
26849456
37302711
36803920
36697635
36434186
36449009
36339938
36176368
28164534
35552322
28010931
35500430
28212431
35865360
35875724
28513028
34803711
28329236
27539972
35010637
34907330
34894669
28288595
28668662
35329665
27988463
35307156
27801079
27718967
35178317
27793426
27807090
35705766
35929388
28074201
35934888
35962604
28127957
27670564
28059885
36438335
36200367
28591824
28875375
37035742
37589651
30156756
36784701
30544006
30426351
29977035
37385928
37653849
37706360
37204315
30527499
30643936
37498280
30280880
30151820
37805421
37888214
37864695
37130416
30101052
35979555
34419505
30233344
30107256
34841405
30177620
29837074
34562279
34534669
29565724
34763921
30250457
34917467
35144766
30480484
30488373
34806313
29904027
29645272
35481919
34487616
34524008
34470607
33962988
33903642
30828661
30748623
31064858
34052894
30952682
33772989
33524620
31204449
33012426
32199675
32199882
32162082
31742706
32205259
31808221
30055015
29869176
32467096
30204447
30396073
33374018
30337161
32143771
32112267
32199231
32250052
31354133
31968549
31493693
30854769
31944581
30837060
30586571
30877302
28923053
30993622
28921106
28681480
28423950
28318934
31522738
27660374
31401991
28158978
31456391
28208337
31069162
30993736
28188759
28004821
30691934
30737684
30077586
27663195
29709246
27789571
27671556
27315163
29243471
27306330
29499547
29563216
27231167
27152377
29698849
29432123
27225978
27076557
26745518
25387165
29986742
25484115
30406410
30742462
26182906
30926902
30446748
30277301
28728976
28682742
26622082
29285519
29389380
27607763
29414212
29293293
29429942
29398556
29157037
29037435
28756078
28883943
28499918
27719822
27380592
27062825
27419035
27686556
27498435
29763773
27905292
27523392
30286532
30208815
27512937
30234762
27638179
27350252
29971226
29666601
27165400
29563939
29314126
29198951
29597727
29585387
28784588
28857884
28219245
28910878
27859872
27544290
26865395
26623583
27679632
26893775
26774313
27515910
27468797
26488801
26652800
26868852
27414635
27791075
27609630
29671507
29179164
27801405
27353791
28983087
27249212
29454514
27293697
29884644
29322431
27473506
29161157
29607344
29671984
27808598
27598726
27608239
26802981
30165458
29582464
28724625
28156599
28203543
28105423
27568758
26954937
27141927
26994986
26952765
27180114
27116965
26730161
26801264
27601997
26925973
27162688
27109628
27137786
27325443
26669765
27964665
26848358
25845931
25666123
25764554
25855072
29937636
26306060
30116195
26936431
30264178
30183821
27121924
26391384
30789019
30541975
27156429
30486828
30067957
27682599
30371716
29270753
29133333
28122469
28898399
30553262
30220091
29024117
28542731
30277321
28492689
30236569
28826006
30209353
29682246
29025669
28562980
29709582
28350202
28660099
29044166
29054070
30842557
30943587
31242137
31082569
31089095
30989923
29963526
31070479
31142144
30919179
30674009
30841872
30671495
30960074
30929861
30819774
30752407
31065514
30472389
31246449
31109966
30480980
29743118
30797836
29160322
28274086
28362128
31473965
31532258
31598685
28946814
28962843
28987361
32177754
32193399
31537397
29509272
29993395
29453888
32286005
32120821
29525424
32049290
31989867
29403645
29564651
29619640
29166909
27045866
32644123
32772073
27335682
26925997
33067325
26992842
24705608
25037348
34115615
25824429
25422568
34418806
25088397
25376119
34099125
33311760
25860654
33549885
25575334
33793960
25536249
33517274
33564312
33523514
33366952
25402890
33545109
34151283
26721210
34792648
27451691
27557777
27890245
28480763
36160956
28727432
36056120
35868770
35495847
28360077
28176121
28182585
28392054
27839736
36468225
27762134
36720207
26889591
27233609
37396217
27259013
27306421
37689681
37707249
27408191
26927064
26299465
38694926
26410103
38237764
26424988
25580313
38076559
25214637
25202320
38420775
24810003
38377392
38413717
38146133
38511460
38612441
38203172
37702478
25840042
26163888
36997984
26254872
36950143
36926243
36953007
26305124
37019242
36942975
37518673
37376568
27891542
37505111
28439910
38373191
37977178
28811507
28599221
38232627
38029479
28332171
37394846
35613561
28621625
35447633
27567463
26937112
26390182
34915008
34787477
34304847
26810211
34528656
26588961
34150890
33986009
33651596
33768266
26827237
33877530
32599451
27340205
27576204
33556970
33597875
27758562
27421110
27471714
33975808
34251911
34375966
34410832
33266801
28997862
33488318
28522266
28942034
28774790
27955593
27446926
27303542
27420884
27649704
34947126
27513242
35228702
35333762
28316330
28449101
35910164
28744882
36042683
29193366
29283633
29228478
29465218
29134813
28299820
28982586
28667561
28404533
27965293
38084638
27918811
38310865
27845698
38282200
27446465
38445021
26190217
25432601
25501299
25331658
25352826
39369394
39033807
40161719
26627882
39968673
27106136
39531304
39479656
39271628
27723609
27949888
39182008
39168959
28086010
28065992
39544801
27952005
28172177
38935580
38774969
38774159
38782033
27751992
38144680
27608785
27532955
38487508
27558283
38327992
37260862
28598805
37892955
37347166
37368149
38010993
37693204
29798111
37658199
37846303
29745432
29838115
29997126
38408564
38309609
38143996
37498964
30972262
30643425
30227313
37745717
36387335
29383479
36484676
29441202
36541975
29764924
37028743
29674392
27992190
36571287
27843822
36744575
27331100
36227427
35764541
35984051
27850780
35434682
28174636
28154533
36463790
28343225
36185410
28438235
28535310
35745048
28572880
35962331
36157342
29550580
36718813
29414583
28902668
36894373
36644344
36624998
36657859
29121267
37008213
29602661
37164253
29849896
30051832
28588740
38094848
38226564
29106164
29321309
38813754
29392190
29576985
38960459
38191300
29647776
29667331
38864647
38328472
37732261
30732060
30606185
38416508
30887936
30141468
38830739
38848148
30122460
38810236
30000898
38954895
29488653
39097027
38985924
38970129
29900854
30035530
39661080
30578207
30483701
39548449
39587782
39921668
39749081
39905925
31233059
39986323
39972016
39134879
31099545
39485874
38733750
38529475
38523732
38623779
38405150
38283005
36895124
36806450
33881089
37098100
37763275
37272489
35398464
35074514
34817498
34776073
35595224
35640558
35429068
34972022
35342939
37182384
37105171
34890511
34375012
34262604
38011946
34367164
34812954
38811215
34600253
34584479
39197220
39120612
34265957
34680664
34697878
39355480
34748985
38117127
37351826
37228939
37202497
35961153
35883936
37796299
36539532
37924909
36623433
38047700
38248353
37127766
36135470
39066805
36913086
39088698
36937150
36198527
36268889
39670127
36494490
39755568
36668585
38818549
36127629
37199330
36182351
37490637
37613877
36872571
36629539
35693619
