67568
80322
25953
14935
15840
19478
17385
16354
15757
21541
13956
15431
17571
14759
15715
16462
14592
16837
15440
14058
13698
16811
13000
23608
21162
14837
15207
38287
15319
17806
13839
21847
23672
33013
12068
13576
14446
13733
13263
20174
15197
25648
15335
13023
13333
13591
13744
14786
15151
15130
15247
22909
18359
21243
5363
15641
27364
13423
13598
16979
13796
13997
16602
16062
14841
20313
12175
13415
17494
15754
36428
17928
11152
15743
13154
14005
14980
14759
13726
15962
12809
10558
24956
15884
11884
18203
22999
36869
11941
1190483
1589981
628682
470368
2218245
67208
134152
1185894
986562
344092
472117
1355156
746202
156026
1036520
461272
614469
150185
1514591
1078518
357553
889161
85874
594363
698900
161814
198040
2633435
2521082
696974
46361
187100
661702
271068
562330
1433131
424865
1237857
233607
442417
281129
512315
32083
786545
1012257
487326
539720
495605
350013
741523
2268202
1022518
335346
1032448
698514
792176
576203
656548
427550
42838
49775
1144511
212537
1149036
186298
489610
558357
195543
1108282
419128
1351506
989016
974882
741351
445955
315701
678474
111838
193586
58606
649980
936532
826507
70737
861680
146892
335357
635293
1711920
1605389
567046
939174
328696
115239
160989
992115
336680
227221
224602
1673725
490529
222640
87440
1585607
760402
758402
811949
1076044
65704
592641
439267
203853
1060301
620273
1212131
898044
1302652
907166
500260
602603
641233
402617
136099
188562
876726
518755
253825
101818
201458
342054
441560
480733
333573
207942
350027
408822
239666
390355
259864
767095
168762
1277916
1260130
684997
555271
83575
447347
174523
70364
188527
62557
688155
93700
54801
2875359
2789029
315934
283985
675317
324339
259561
382359
119904
55309
185478
68077
129120
114596
496929
215231
107639
69728
183973
233579
1182578
274275
951956
153599
91632
497275
298876
300169
1150354
1068023
549518
1226783
729896
602559
535238
493805
401300
827992
1640545
653905
135243
357165
347954
785740
509229
87918
680367
174857
417238
82584
495646
494958
460407
202056
625496
422115
218877
422934
258179
70393
410324
226739
220522
1098922
243228
1465161
447938
43868
220084
132648
76167
720730
32011
511552
58884
126504
2465612
540315
2735602
1045387
726028
617826
1031808
1165932
496563
227299
861553
389104
294185
966864
510795
1498495
659084
212067
540006
1359262
1071321
63301
832154
447552
59196
130093
99318
689213
1388086
1776925
766064
1381706
1027976
1151459
312082
138283
944608
1265169
611349
275741
1200643
510253
842140
383197
546758
597408
607118
234500
144949
559208
281911
179155
80451
475250
566625
817159
605861
284998
260183
289067
109979
159199
264485
544074
715804
794408
1267108
646441
98226
431952
321896
321113
57570
952432
1782935
1234332
1567167
596711
357336
1073721
1032942
227807
2216455
2133023
657674
2143816
177784
208247
521373
687605
1466280
1328549
575187
1433064
1052152
1101755
1062175
905997
1121644
1521060
2184720
1235114
1493613
498376
421518
208227
263213
1800691
203661
1232211
1160206
1149346
2119754
1500569
1582241
448916
453167
406320
926315
717787
611763
590785
388538
1868539
547503
585517
1194371
1001338
1056579
2355172
1472153
1173064
975731
952544
1586675
1439056
636378
668964
1030685
717524
802894
500870
650336
422776
1100798
1338946
1205554
876088
1468750
1434526
600798
378491
632705
421063
828756
620185
736690
668645
901339
599143
844539
884364
1069182
920297
910921
1555693
971981
1738622
1669022
853523
284470
1005512
1003743
1142297
345417
3019106
702208
2518553
905470
595232
615592
1147954
439931
413994
500253
506854
794497
2834672
2888990
1815573
1271350
230688
2985630
261718
1278745
789693
1016658
1256101
1297812
640895
1231855
1253487
422902
1441376
1398133
1447937
1802401
981958
2446316
1010251
680505
77260
1544700
1480699
490112
772408
964736
1593873
2000879
1348360
2872906
2849679
420940
507186
594117
3113779
637432
1357070
1380247
2128352
2226776
2159179
2177559
639826
335405
2878569
975049
1559779
918267
946944
429085
1294829
334016
737115
445408
586806
1119875
778034
1169750
643416
1703654
1753278
1675412
1612968
384692
526326
520195
310773
123523
435693
3045347
2686802
1322396
2676848
1150290
857905
416274
1450937
755626
333835
578978
784185
322986
826238
548892
596475
472910
1520974
1351050
1167179
996774
352067
991669
1729483
1293620
1592009
1691691
1024193
391520
290948
266587
1450073
368080
1362916
1032795
953223
872242
884399
160012
118207
284185
302501
775078
1139482
1156803
2141930
2262443
2680738
1924004
844211
329259
589883
2827046
1399891
2405007
2043790
1049081
1621078
677676
901824
653991
852224
356843
475719
734516
951663
1048813
1709908
969279
1627348
1123078
1840116
1305544
516685
98766
224551
591934
2586306
2317427
659529
486639
1427072
850024
741622
1367150
2547429
1424442
322010
2833912
383326
433946
322168
2996462
1350147
1747976
1206470
1073324
399418
756545
679712
2581311
2862297
1944817
1744548
2918833
2913431
1856107
2912409
859729
2108954
1178874
849585
1109743
518122
251541
57494
1475189
1077467
678293
868693
864832
495457
435660
255367
643895
919437
609627
624337
425119
1152240
660175
1424869
1286620
1459592
1524237
1574983
1472826
872659
449448
506676
1009712
715605
644166
662685
866142
1469097
1195568
130077
1201066
770534
1053692
861655
1316325
1329045
260249
432247
1760636
936661
662592
1706850
126452
1610362
791015
622153
701753
635314
718909
657043
896501
1319762
2189908
1220599
2856279
1235281
2127319
1638258
508595
1495056
578717
488746
845908
833714
286942
2137344
2021720
1413922
2131934
1348288
415535
1187795
927410
1155302
663375
164375
81168
2478892
2695335
1344070
2187855
1029018
1685575
701018
555680
1014528
926648
1385241
1400503
2045405
1562482
1399278
1207152
374837
1121011
687562
398580
880632
1237531
753039
864008
211099
1576643
211912
1179570
407494
308819
155383
1313026
577710
611227
1721742
1483612
1010385
1362096
681852
1640345
760888
1557819
621052
604923
338167
652185
382504
1732287
251145
222726
1922720
132667
144524
1418420
1235034
1263645
1300611
1507483
579420
1490484
1287842
1025816
888301
632187
484921
1067189
725280
546605
1310538
999676
241560
1306124
1145247
842776
1401508
2322993
1505286
779621
602826
540743
187671
145353
189181
2219574
260967
1141819
1030879
236613
336814
276814
263385
156898
313050
386906
1126546
836967
1053135
1899428
879428
2000571
1224123
901625
2061383
307170
1379504
617932
1597413
1149329
1232442
1253994
1576531
1013860
1586884
1075158
1096069
913751
958955
1073093
711677
1576130
1759210
1373381
853899
1717270
1329925
1068359
842753
828215
339468
857088
639560
1045084
489545
297523
917064
207971
1017861
726482
364786
1804757
2048361
2377805
2411336
2651617
1396282
546797
743622
585126
1922780
976252
415559
352479
1704750
588853
1622141
1856026
1308105
1396630
1840527
1874027
1686731
1853633
1144425
2064354
1369434
780671
1909281
1598682
1425981
305299
1795029
380505
1937532
876177
1248989
2448743
1661036
1767620
1124807
2383588
1309783
1042968
514964
774924
878525
992340
804734
1298306
761887
979483
409724
271862
545567
661454
956769
1174336
753054
860936
773412
135758
2135525
1607730
1266839
382438
1238494
1418867
1766785
661267
332884
2057158
1217640
3164836
1957691
1098598
367708
3456343
2717369
1107512
1677050
996648
296139
265593
578931
1195307
1098447
659081
448964
469809
1557441
446130
1419736
1246171
70377
335431
512874
286107
2717260
2875314
393149
461710
170578
175622
2675875
628717
754919
315077
1553660
1644873
810384
1428390
851802
789968
1347259
1819145
1230596
2497582
395878
338311
3043605
2438432
1118318
1145453
595756
908103
1873713
895136
915250
185164
134332
199913
447930
1347485
551616
424304
1310225
713503
792043
1913650
956436
1960942
1702010
1200569
1004375
747854
338208
392876
311738
484839
492176
45983
2645387
359150
541835
340440
280027
2677085
192411
387087
2842168
1294089
489257
649860
340844
517299
402329
440841
250922
842381
793410
423663
443740
394400
1894091
1882501
2153340
2108258
1020435
2015668
545244
717639
1224183
753730
153265
242019
311897
2093729
1909513
1022680
364687
1086752
500976
1603995
858269
337479
293915
1854365
1864087
827459
1647687
568933
982723
548998
261443
309346
1586717
1034086
1801244
1912101
1449246
735702
558892
488543
1156367
811256
816413
926592
575978
523159
715993
1587603
1244003
831883
434593
1234813
408298
802275
990412
1117067
1124646
473895
246698
471424
642649
1080750
1674639
3952479
1132704
415482
286434
3883451
644418
746810
4387262
1558989
1092463
778333
579878
733289
676317
666971
1038446
982773
956189
887993
634836
505072
1107239
1029412
915079
1249349
1358472
1141374
1778497
1084553
622423
176385
556234
722917
1092992
1117429
1251032
648528
1037131
851931
1244390
959011
1116441
767893
111265
553887
702230
465181
362018
2305122
2436279
1217770
1160508
353994
3237490
1800840
1579896
553398
717601
503469
1724413
567701
1730820
650462
1000134
838136
525187
896793
173709
185538
226298
139429
438396
372922
357382
1789252
1536346
395515
1074755
1149118
316931
1560389
912874
1016811
1309915
941302
668006
1690390
673691
834620
887023
1795456
559324
1917894
587630
2054885
798797
479777
515939
280332
814699
332785
200580
945272
917575
479318
1222026
873726
166429
309508
1805759
1547034
2202086
1227710
1042168
1043585
319547
1251708
647434
596234
442001
994207
684330
1172065
1946952
1319637
278644
778502
771111
221581
2402620
145474
2461619
443119
2206790
1078720
1069594
741557
229466
1579900
1385910
1238802
1077968
1515579
665479
731427
593709
821035
665386
1051411
1168257
1092802
557074
680432
1263260
939994
335357
332114
459250
2350269
2153654
1937785
1805387
427484
831425
2390543
1697588
1499604
852686
380790
67178
2465444
704315
2184834
988572
1701452
686391
647015
764805
887836
1365699
1203498
1714535
1898432
846852
1714189
987953
127609
450278
1503750
889809
1431846
1391617
821906
738558
781847
819141
873938
859697
1450934
1376144
1935303
622545
544911
265984
2154624
2662217
829651
1158808
1840963
1362795
799509
835221
551171
296527
304501
642315
396612
1002301
672815
1539103
1041219
1545240
1602304
1093842
561728
1806164
1257747
380952
1463999
2284093
2448249
1155246
2443585
2272715
1281373
1802933
1957181
1612684
1273314
1827845
438479
902327
399428
922523
765469
1149394
1031911
1252593
1149074
453702
641954
1502344
585846
686108
1210709
989874
1901808
899484
434148
1962133
1445445
795196
903057
930189
1047432
1778339
1995467
1350077
1903152
1725710
759858
1740946
1074128
927542
1219671
1982794
1084862
887654
560154
1645526
404403
825576
1094187
1065950
1455417
1675379
856675
509935
289516
245269
1237560
1338876
1300059
3624307
2900293
915397
266615
999656
921947
417750
457840
1053934
1030985
1069474
485088
1554256
1482533
2561055
3043482
1375844
2879040
1201855
565028
1500299
670317
716062
578498
601895
1613337
1732947
2242485
810843
1535744
1088536
1376893
649159
836983
1231682
1046153
835813
2126695
2204111
2067127
1385010
460629
423055
370988
1129263
726852
875554
623613
763046
512956
588936
607277
2079542
2357932
799724
299243
120042
485089
3246417
3174633
3159355
506011
1638902
1397348
1029587
789822
1387942
1390562
989634
499341
1280430
2822164
2367269
1980943
2030981
623027
1145751
506983
56552
252819
60491
164496
108917
117429
109391
352007
369083
394242
534709
717285
505840
547822
476807
268194
623137
731331
1655350
949868
1312008
264124
966627
923658
696413
610024
854488
190573
236676
546242
677749
469572
783964
962667
1468591
1201299
1022646
2178431
2076520
320452
156424
368114
1362728
2481954
2515563
1458573
2082542
2283525
564607
1024283
1058416
934235
1514271
1102898
1737562
1495024
994345
101906
316585
566482
1793410
824193
1755336
861233
1097107
1106006
1228188
1486764
1456625
1215366
1806133
1449098
298459
2340655
2529529
2798705
2211416
2815652
3949422
3118164
1635629
3377300
2625100
1112564
1485116
1486455
742601
392242
1484734
1452427
2302998
2038457
1360742
627305
2129692
1169143
299455
312966
1110437
1208219
495482
1257011
599472
865685
1242978
1524089
1358220
1176057
1552143
532358
480925
772702
363524
282358
442286
538056
655337
533353
1206744
565937
1234963
884337
210563
871017
1394273
1408955
1057655
2464509
2532014
1393487
1148677
2017900
939291
1095731
1308653
270925
1963359
1202414
894216
869716
1315703
882960
816133
805533
811168
175673
366545
775348
514229
489510
601930
574636
596890
694139
1150727
860302
368632
484127
188979
70628
175965
159529
1377856
160861
147989
276131
282092
212728
2043930
750953
931350
2723296
1579861
945523
215346
263366
211957
199870
1023587
664429
150087
180936
817436
1036665
1162661
686778
2269563
879341
2408147
450697
2403459
1704016
1619885
1955084
1909679
270237
274924
1471711
706269
713061
1000902
1254387
1784729
1527580
521027
1902995
298675
1567059
1318697
966499
1110871
1190577
623026
2028992
1843942
1298241
1156974
1427294
590755
373660
556377
1454742
1608479
1557089
790919
1023062
1256805
873795
1141328
611475
1374426
503902
577312
572454
388988
896188
371535
489288
946533
1105275
704440
545479
707497
906521
702806
982252
1765208
1563417
1450713
1356740
1200178
398736
1235470
1234202
1531046
422274
1580134
167083
936964
1174794
388766
53482
67399
234675
272303
3287837
2427939
575591
1033989
2622712
1135535
939589
481314
185441
620821
1257085
2507829
2109902
1375523
2187298
991722
1112738
959310
648895
902437
1072436
825999
1300014
422392
1171797
465732
1706345
645481
894339
651455
992594
443672
1170340
1279341
1045024
1741121
2444349
2026287
1825904
628406
2789679
930517
2281614
1493253
682215
1008025
853693
295186
720037
635966
1778547
1779552
1381380
1535619
997691
180601
589647
497031
815734
653843
1032654
422729
541306
323301
412040
285058
488391
1264696
1420824
1193969
1160423
332450
1471607
790899
488630
853125
286965
382612
154475
1126113
1332079
457717
433247
1219983
640523
1205914
1016417
501530
411932
1727041
591447
1540655
858101
952761
1818940
653145
1307151
591000
1367010
883485
1229114
1463133
923775
220340
193300
2939921
417948
545391
426069
449016
415986
828879
4495403
4190961
957104
2213094
623403
494247
962398
1280470
1067623
1380428
1245488
1090062
295408
793631
1191593
848849
1061133
1177102
790920
757528
1613399
574685
483115
1071755
545726
725853
564783
539053
601072
123217
741797
510923
610290
1061789
1056059
510174
298605
1357111
1290419
824478
841064
343226
938818
718982
936251
1005512
755837
234657
1182368
806011
1704132
1167289
490340
1574448
1712954
1117937
1094975
1118342
935972
1378927
2784193
1783217
2118563
612679
1935750
1292480
836799
575769
555314
444609
810180
828706
1379780
1093496
857791
1012527
3081001
3073516
2358210
2693141
2095124
1213442
915217
2264029
2235920
1715250
1107645
868985
207918
943142
409756
2141387
1918969
2039803
2649513
1568211
1617922
1067267
385571
730786
664125
709074
602729
3942646
546602
1840017
717919
441167
566286
550080
585099
496290
333178
657103
524656
393312
427172
470805
261563
273017
597572
630494
656461
772882
379128
713184
1360060
1039376
1089799
322473
422877
1498952
1366671
1047168
1038712
959459
755518
347813
403158
860241
944917
1003803
943131
896594
345026
754711
718919
855076
1121352
1309105
772499
1331303
1228767
894078
706651
1069766
700107
1677401
1132129
967355
2032538
1940805
210901
630955
240608
628393
824138
894827
1042939
1212058
941009
764304
400413
327819
155497
1037166
869391
848375
640161
1388700
1282762
1269886
2477978
2496738
912628
77674
738367
208808
968863
584411
949228
803777
436610
55896
1047369
674170
313325
652521
551743
851115
1038971
498201
98862
987616
336645
599633
1107830
888486
940942
1220178
1212656
1305559
405662
1552867
781461
826980
120004
2351958
907022
1874546
1867681
1741288
1199189
617211
348095
1822271
2046326
835953
816411
1817606
216139
1185298
689171
576465
552891
211357
856750
206097
720111
672528
1006026
694463
1265210
1635561
1620525
1738732
1087782
292567
229605
162320
2043289
1210145
895145
721156
891725
502712
501121
395580
1215478
653094
656415
1061540
523779
1305820
1133212
574683
940542
924301
728350
838048
1615385
1720302
1573869
1142492
569002
290130
2302261
621227
1771301
1820346
1048437
990367
1561017
1446868
1068949
480698
1425627
1131449
748843
1416962
1512243
1377296
173183
442530
545851
1481970
1222581
371196
149238
260941
206474
1275866
1079369
960603
377499
518149
446736
453562
633814
623747
736723
1154997
745862
665021
383790
1886521
685479
979685
2119421
839778
2273805
1373962
1116667
263459
317364
196541
1620819
1225129
183733
788018
781693
1020892
1150792
1660802
398794
1185616
257280
225452
765490
1953394
1007907
1116594
1257774
689489
710055
932738
581243
681051
309967
216549
728744
424892
1215586
947683
723436
518152
1077027
602087
725307
619084
175678
865258
426666
1135686
1222747
841959
1429562
1375271
744643
660784
625319
590941
1341748
1378895
882788
842144
401155
917208
353757
410137
459297
348229
592510
1289131
725963
912157
1557170
1200176
1134213
1353472
1949716
1445152
1041531
764858
368931
158785
604034
586018
174489
661022
263451
477242
1401733
2098208
1584650
2548343
2022587
626194
276976
854019
529393
629430
873038
757687
392833
491161
605315
266933
1412928
593066
1835924
1495193
816487
885791
1504836
993828
1027888
423408
1222750
483392
406733
440239
806799
265238
798040
968994
783524
221785
444790
2242803
1837409
2090557
615560
1455409
888350
395554
1812502
725068
1018237
458166
582756
1504831
1814317
1176039
1260603
954827
1524860
1121609
1124994
637378
1251501
801247
1422624
1549839
1803783
1623702
2113146
1424640
1392061
1450657
309936
156182
1501015
244573
953395
1966267
1216403
1084801
1375989
592872
673405
789497
497692
337583
1059910
330859
399256
178083
1016626
503806
558928
226481
567733
1943266
2322642
1734724
2193317
3638781
1604109
772041
843307
840833
3879205
3190301
534770
1749742
724453
717079
1449125
1816481
1623365
866046
677013
778121
692070
326124
2958212
765485
3320282
933896
911932
936775
531139
757463
491739
277538
152443
715585
183273
744550
267589
575706
604570
964822
1191641
1111627
790393
555662
842774
724694
653766
214590
2771594
2739156
1428168
1133681
1091924
2137224
471187
2231018
253410
1219343
681246
717220
666524
816781
994708
1201099
1356943
1670859
1543314
607649
209293
437576
303453
1795373
423054
1707215
1900081
1499094
1258031
822887
1279387
513527
596371
712177
451071
859188
290671
444710
1077723
459557
165790
1076944
1050145
1887710
1952326
571964
1822035
1051380
1426880
1046837
1279716
802937
1639210
900639
883932
366168
366444
1141169
1131766
804252
1214846
1069667
609573
1015603
774136
423365
769037
535454
526080
734362
675645
987982
889349
878324
775191
1098366
195149
566839
659258
521386
655344
1158941
826028
739269
170589
112953
1465030
1310211
303029
710852
534399
378751
380005
276467
136409
377324
829330
862381
792772
512317
1697831
1415900
531298
1200954
1097022
1388994
1446662
660351
1008657
146584
1294357
897870
908999
959140
174664
113139
219359
960881
1176054
2625657
1099316
1035089
2789717
351812
65354
2948069
415296
462584
460357
419969
261215
308920
298339
2331484
1537205
1271843
820043
719917
483557
417729
140643
1391322
412425
1386214
636186
1728976
593397
523275
207797
936162
1210288
1974255
2426744
2572233
1675109
3339006
1119493
1326764
1887679
1740700
229952
193317
361892
235569
1554524
1733643
1437760
1274162
1287938
52616
518155
1773387
703469
1594987
1551918
352013
540263
969409
1189070
589269
94260
1246497
1328719
313560
345694
195512
462425
234107
401906
647898
425923
1165024
1210667
1309260
270335
183620
70093
192625
401888
1174856
1131007
1152368
2163381
2061194
331303
291684
944457
399423
1557104
3073193
2771915
340274
384406
332167
236293
4461381
246791
3808933
3389053
504793
902016
1001941
1082048
784289
430803
1391896
1641028
1112046
998443
1050569
102488
156508
185136
1124270
506548
1376275
1390553
837966
991317
717974
443031
1034401
946658
846807
933673
1568154
1006231
1390027
240305
1238305
493227
476800
255331
620216
990017
789151
1359196
1003058
1944400
1128582
1949151
902264
558806
1979013
1464371
1130094
2689275
2656776
627202
1328647
559393
628394
278517
151160
273399
291081
152385
60882
315331
340065
386340
200803
997264
401352
1102684
980271
603411
607082
599753
1179847
371900
583063
1448531
662558
815764
901489
731100
728441
807175
367162
65108
67899
1106012
122859
856112
112537
47888
229401
932775
479462
568120
431182
657694
308978
333658
89710
230732
513886
1406763
528079
1329928
1268648
350913
677759
732151
369183
816565
296896
1106605
537428
1211139
787174
441034
1072859
829776
1067188
1369895
1088153
566130
309637
243652
1107539
1111236
1032080
1400094
1439022
1584289
567097
985534
1417023
2127459
1659738
458066
790142
2493896
903358
485473
256002
2842859
1849524
634758
1581242
1387525
1284774
1348281
2133843
1373560
1402560
1633480
568726
1381891
1012977
1382833
1617082
602239
2576195
1660492
3559969
1825846
281136
3748784
1891608
777287
136131
81497
205419
750803
387129
580648
1231359
569768
591721
540904
315989
407228
181778
709591
573300
975099
767574
1383116
1401635
1309889
765508
677821
229248
858942
1112421
1152705
1164705
1294586
2649139
2471342
140828
668341
2456259
954409
426325
525027
579191
159656
2436099
2122505
1558232
1144937
1440532
1750435
1927581
1674617
1423314
1896011
1084651
666663
1577891
789414
252186
138791
239459
396625
554734
2369274
2369412
1702476
1730256
3109912
1292819
1234930
1085933
1961032
1520134
1454426
1701031
1006268
827927
1551471
319211
109302
130165
434702
620854
522232
389577
137464
129413
179791
266007
494294
1139518
1465628
995997
1241073
1202650
1032928
738433
1713009
803254
1438565
428151
662551
984524
885148
590991
273933
1350165
1182094
611952
156876
648200
710270
349347
713447
844583
999816
876962
508786
598127
1520713
985932
786007
1383794
751077
2298207
1621126
1431617
529604
586802
590552
437472
2211021
766013
737209
668784
2506681
800901
1312926
818243
1250292
1292393
2567699
1475961
716988
2167744
182607
494476
2158167
639465
630890
1834450
1084196
691441
75362
1898957
702897
1909100
1644081
1383328
857444
1800743
1532963
717475
1144097
1116563
1250169
1990156
1234567
1240643
1451892
844722
1178155
989815
1477987
1453110
1231727
1148075
828254
933242
1890551
1795321
1870099
2053329
1452011
1850557
617085
1754369
1330819
1125625
1267084
548598
992827
208607
188039
1121022
545651
1047833
540928
1183810
532629
771495
716486
730972
341529
46058
353588
397173
267996
1260283
1522498
1479483
911840
1410010
1341450
675431
205646
623807
1012294
920405
2214064
831198
442660
470867
2938272
2827189
1353802
1041403
373856
489633
490010
623532
1427725
1106248
1235074
1598809
1536628
1817637
1556980
1229429
613544
603894
1221291
1121199
1111649
1335280
1128508
853305
409207
1547293
629799
1003867
284541
811417
1052043
1054355
981182
1187775
1799235
1850539
270487
1033969
901214
941704
644194
951264
1314746
1266791
829528
912696
1182036
682024
1015997
1209721
778162
528621
563953
2084325
1593972
770529
1511339
1590878
996958
1347104
754089
1025244
763617
847440
1126704
599442
917242
1962443
1956419
2356315
2579605
2253165
1471099
1307166
562408
600011
987587
548933
673523
581391
266774
292626
1583204
630569
1725437
1490774
1754207
1277482
100865
1755683
800482
1064056
442884
541802
2599144
639450
285153
126999
670327
984565
652680
4141467
2960974
1444094
2691443
1173787
1618449
1919573
952873
274806
217297
1864270
2092932
1734049
1741080
1662769
450469
1472300
772802
1681960
2005468
1074935
1390261
1238691
1571150
1257817
1161545
1535600
984803
590151
370603
2624421
275913
2038719
2065077
846479
531364
603165
1821119
1120321
1890775
1214183
560120
423541
293679
2138545
1222421
1140629
1983473
663017
723855
2484214
1314955
481215
450630
307469
182618
76367
1525304
756414
893519
199091
541046
828324
710944
405203
2697089
252913
1051471
3587441
3327098
1517535
729700
159586
1911216
547449
1292175
584850
324485
1224373
417014
357501
120721
192217
366959
1336864
496526
565256
388264
319902
3015154
2734757
2607162
712248
767961
2942146
2830956
1295256
645193
1525456
1874672
1219122
1489599
1026934
656807
1392127
1229945
1866861
2016487
1989087
590687
2189048
841265
1911409
515606
1546853
1556511
1024128
1163842
1478322
685748
630866
612941
563620
513216
492612
879802
831611
855741
1148340
1026682
1224887
895899
1322904
1812960
1955829
948743
442617
796042
1122093
1604019
1011580
3409881
836783
3516606
626540
157007
102827
957095
439154
1144726
1060034
961769
946172
1234492
1118110
619639
1957071
704928
778332
1048275
505959
1860858
567273
742729
1188646
1222854
1116920
186714
1691055
1815897
873016
1119884
1470268
382802
150286
1409651
530210
636218
226166
185228
953974
1045009
2650940
529056
2224056
1755604
512249
254910
481947
581515
1197910
409003
1485672
1598317
705311
1377338
1188645
928491
316157
1018218
701870
1639003
1042717
780274
427029
344454
172561
1794544
1685993
348364
1352263
746037
447008
698340
110511
590724
188661
563426
586264
692911
910061
860796
767499
501329
441379
1506437
913170
1348551
1030955
422711
1602787
582618
546274
1121070
452968
1263471
805889
585747
749797
871097
1721439
808103
612286
148660
1678100
1680989
926406
927768
1220439
177266
388392
1246651
1364491
832458
633457
974776
662357
884137
476827
1152343
1142737
1240237
387838
236615
1072456
66921
172101
596998
1625705
591612
1075282
1258042
751342
1029106
941793
1005334
712836
1652328
1102988
965192
432526
1231568
1200219
1188445
1057711
973782
495858
782986
461326
102993
660054
1859946
763991
231735
871406
887183
3095523
418260
3190685
703854
1863015
596293
628070
297738
927124
676192
818800
910330
450637
1332180
999134
720259
740367
1150739
595740
630574
605916
816148
1376753
916644
861983
2166348
1021925
1363752
1175877
1126948
470533
289819
193524
768284
777434
172646
184198
685527
999483
931963
793284
538505
547585
1348274
770917
958013
1221669
856640
714408
3052866
758712
2058891
893564
860565
783856
793236
530531
426662
680997
411842
1282504
1372617
1366882
882301
1225058
1152078
816898
672642
1836009
1018579
2261892
1593193
961518
1440486
589963
1025425
930218
851092
735692
1174700
852461
790645
1235900
610121
896536
220015
492944
827290
1407343
1328614
1532652
617224
440116
421526
367676
311389
2024566
1411652
402363
395527
452411
628068
396261
595921
851795
901412
790598
1448593
1508107
1062332
509047
498766
1902431
1808109
1407826
1272099
375762
829651
884977
3159938
2343607
2311426
252213
702223
603837
542999
1049427
894717
930127
1617346
1339230
116545
265482
483308
478522
1103915
1418843
1378199
765227
235322
245271
438652
1859425
1741412
276679
1140998
583653
733416
403523
88567
103014
312041
489344
305347
107759
226982
2759644
446955
2726618
2376270
828366
598946
272405
1360031
1146149
814245
745339
1324048
528498
428244
398804
691950
1922347
2216908
1732097
2514403
1717265
2166142
1626906
1378879
930327
699676
4006766
677474
545935
3301663
823801
1552225
1225775
1031405
2228358
1592017
93796
746911
835098
323135
893035
419105
679769
583862
1019622
561845
781244
601785
1070187
1184067
1168247
885985
1839730
952946
1692988
564059
262515
2528460
2085915
2084602
1757395
1788888
828020
743076
810372
1596253
1086434
2131896
1537708
1141114
498896
65107
100759
140137
271413
210721
492321
1931925
5123709
4260624
1974882
581818
3938688
363630
760111
825961
1102341
1343789
1614601
2066847
2661398
2166168
476928
2133119
1927000
1061588
752482
524096
2354560
1616560
1807554
2848576
838355
2681898
317650
127785
124407
599467
706040
2268304
1372364
656078
1463327
708603
641837
509541
471285
1306499
1159514
1784174
1291986
1507402
2246619
1599333
588946
1989082
1805621
839165
1426182
3059059
1586056
1786317
756816
1813603
832074
887306
389417
377021
1496514
269917
404524
1221526
971025
907961
1061303
1027903
548178
320736
886319
337087
337590
334207
931008
641917
587400
610729
330748
400337
523327
1730128
1498948
2123450
2986927
1995372
904464
319760
447236
2018367
914368
989410
1038788
906154
501422
198184
1356493
1177685
717985
862812
696256
1782396
1615729
996606
1455719
1583289
1117686
1500083
210830
1462943
1371059
766371
766840
850731
669275
580667
351186
386407
902436
655996
913498
980856
463789
407826
374729
1003151
282162
1316956
941678
1184566
1137560
1471191
590806
898881
362536
771187
1317872
1289450
1501129
1963174
2186266
945758
1655167
1443397
376074
675646
412194
858652
690236
1213843
1142521
309890
1212877
330097
311185
1006855
1149002
636534
494217
252716
844384
1139643
721209
1113218
1119494
705175
336921
1471733
1186937
711175
303065
634671
552357
804573
488519
556838
312129
728739
385400
538644
1290661
2154609
2150530
2079375
480670
774521
3174661
1212320
921769
3103773
2201737
1039520
157464
494000
1017059
1147486
761851
868505
1152084
1021618
1394220
1158097
645885
621802
1866173
848615
982561
651963
398692
407604
434958
563206
755973
460602
402814
2868640
2897751
727183
552977
133655
2868303
672351
396244
761767
569016
236978
283427
1000273
1173496
623653
2774412
345458
2400848
203661
2522043
724875
802249
879267
1349303
1241678
965430
908073
1201139
831576
541495
1167627
771997
908275
191685
1680898
1186259
932725
209369
191011
115700
119597
1183507
825467
1049379
1179022
1663245
473497
1195430
1011073
1251986
1876923
1284868
2278977
1572643
1551194
954130
548865
759858
1087196
2806189
2080467
2161275
1510913
3352108
1337988
2005710
640187
46808
70600
1626295
359297
2351313
2279444
1842521
1767881
1067686
236650
1939800
557626
801172
785062
635685
1338203
1126956
751978
640139
1201389
1039399
826985
2010429
2096950
2246248
1986260
844054
2673168
1350906
955181
1005939
537506
643807
671778
800215
923097
657719
778417
217626
1238237
902171
811393
925832
821440
823315
1418209
944792
1107190
341326
427227
650490
398524
1308481
375175
1890385
1629324
1031586
1173272
580297
763722
1363168
711602
597499
354268
921657
508422
608046
628277
614794
155632
773488
508131
949710
294963
239067
359202
491103
373724
1346420
1472961
398923
392999
1399682
307558
797865
1153949
1398774
1225579
1320292
561690
1328292
696194
1214542
1169298
1098631
623753
311471
187693
257286
2342223
888172
2853819
2370504
1122452
559740
251868
1350351
654830
1132735
792850
1259885
575833
480653
1307155
197994
739495
656565
553512
519659
681760
867453
842442
574234
656308
228020
293554
428540
306992
982040
415275
302530
105564
1047453
1151925
262266
932695
758862
1089106
1341274
1483622
1160760
1011775
620119
829852
426386
717489
286722
431871
428142
1105647
177461
259523
1483799
497800
493922
1141997
2456807
1109145
132693
244686
280373
2029305
184175
1701462
232597
1020659
1269090
2523119
2465867
1604382
323854
2985974
3150557
1467332
1290864
1077636
855322
1767659
999198
844292
881468
448960
587686
604712
573815
152452
248305
1165944
359547
616799
574604
1413205
1271322
2534543
1924984
2578797
1107900
1380372
1389903
908631
1011322
807091
1004816
1357142
1223408
816665
231899
2448380
903030
889861
139426
2686035
2526125
694773
1347821
1305890
1739036
1449142
721176
614554
730306
668339
533878
495123
138513
335005
3693269
516504
3386340
491002
2943762
473386
611877
362249
227991
278665
414634
864584
1658352
1627896
2687023
2187573
1978035
2441502
2440499
1340458
742956
1574298
1058296
897858
889890
833949
646331
1412956
403683
458647
1114369
925557
454480
475020
190336
300168
455434
307696
664486
501478
805321
860164
1673774
1489945
1468149
1489508
1352852
1265123
2921638
1246057
544796
2115342
584043
388211
1188152
1165852
1069674
761489
1504965
1666291
457659
1589159
1451415
420558
1324709
762577
531179
882321
1102962
910311
601875
1295912
638674
1609798
624197
1209234
841127
539850
374180
267571
858536
451938
1247105
986379
927356
678350
339828
645080
2799604
2929501
2678618
1563765
1471492
455590
1720647
1671782
867948
1732016
366356
732806
1708820
1111687
1333129
1449268
937582
518993
835368
482003
1027789
927160
1351941
1361968
979362
574926
396049
184888
2752976
2275596
2478362
973998
1483032
1696690
1358389
758811
1025415
782718
1277539
423612
416917
686550
1354938
977007
1552613
1334072
728898
1106207
922022
807098
946657
1210920
994548
863724
1274486
984120
1499909
854401
383815
884672
985306
1021375
688548
692006
533471
521667
3492515
1454128
1631901
1872176
1055944
1071585
648577
4413697
734437
2051979
768811
878662
1319907
1225472
917626
592565
656547
735889
2078773
824963
1945552
696355
1200531
1934611
1455197
689784
2870757
2717588
2429855
435048
427601
1035155
1212728
428292
689112
904481
2306539
2630822
1382370
2931370
1061248
1372465
659904
787822
1401882
1589631
1637718
1495398
1093942
1292000
698363
851186
687640
611595
909109
513771
1177952
792153
824565
364018
1107495
1108225
788942
1001354
