89459
100161
110593
118247
95872
44447
102684
32279
129823
35723
34634
35122
18340
32130
27961
26600
57091
23061
16929
29102
31484
31465
49040
68897
30957
29244
7983
27132
23934
26826
28361
18062
27162
27507
19334
38799
44574
30080
6313
14133
29931
18519
30010
50438
31556
32333
33572
38937
62981
57302
15570
38206
27446
30195
29205
29583
34616
28435
34838
26214
54806
31246
27529
26983
23193
32907
19320
28898
14870
31184
29463
39861
19177
29137
32969
19386
43187
31035
10907
30303
31633
33399
47326
28583
27209
47522
42073
20545
28269
4653
34703
29611
23229
47547
39579
64013
30164
32800
23947
17989
41370
19076
60692
86180
58925
26613
60719
70771
19026
29355
31152
17912
9834
29789
11561
18520
42782
25629
29666
26955
36787
30346
29098
23635
26004
26561
7127
25490
33900
5662
28464
17086
26051
26377
24573
17684
57202
19988
13490
28607
24354
17267
18296
18520
27801
20160
39271
27768
18065
41426
52605
32798
59754
30659
30123
18294
10693
30118
29544
16489
26689
24600
30002
26859
23513
32217
27415
25338
32162
38391
22587
31806
12996
31111
29324
16492
19551
19961
32042
21104
32420
20326
12903
27464
29715
28842
16447
26855
31345
20940
11974
27954
28119
14734
24904
25144
6954
31613
24055
23697
32491
31536
25854
27121
24418
26375
27987
30817
19628
25972
29713
30395
25896
26375
24210
5154
19076
36318
26268
17703
16315
11972
27508
18122
29395
30364
32109
15572
29627
23938
17301
17567
5517
21099
31691
25821
21500
23122
25528
17344
27203
23668
29966
62848
35404
52706
227342
76466
171942
89583
37304
84877
61358
241779
56111
61599
13618
23237
21926
41847
248902
15796
119058
36726
47655
119518
151463
125655
73185
177269
165251
232829
199265
37803
59865
306955
320011
23455
324242
286217
225842
216569
200477
139939
18707
21304
17535
431416
33360
28054
25187
23593
29250
558112
34651
36814
79168
13159
141253
21663
21285
42444
233578
30892
66453
59330
93776
18217
188853
91462
14382
31277
34692
163339
32549
24155
156000
94086
19567
107485
100703
26757
171194
34048
98944
61573
49938
265924
52378
189991
51265
53799
4135
197948
29696
17326
254217
225268
26592
18375
35377
28806
309691
149189
118596
15244
190510
16091
29221
18326
23678
455314
15848
40531
34525
165722
48661
80167
49016
23496
257355
28703
287626
5527
28371
408607
125177
27194
75333
31142
236227
116942
15085
18968
188506
29376
183302
31625
16583
30725
62691
15901
209879
69239
77538
42762
212173
21097
26733
11408
116761
29258
42462
6796
108549
16989
14051
30652
444890
20114
56582
22762
127964
124420
54028
31154
24067
454464
48434
48883
133391
104692
119225
340066
44951
69548
29442
34737
202203
27867
38310
31509
14429
13804
330328
149479
79347
25789
21915
33841
314138
13717
5085
29215
17378
463785
83695
129773
62002
38289
18580
83423
23727
59528
397253
55298
22288
15375
15983
21670
16282
20054
322772
33179
16672
65146
31690
351311
27987
29757
34830
14154
30825
499594
60251
28677
335247
55347
27225
35844
209575
47858
6199
18309
21706
25422
228175
17879
191894
19826
262433
85210
21553
27459
15175
18668
175458
21367
153629
17404
24263
38834
38380
201494
25847
123590
28934
15391
219878
16364
124974
31665
23749
17779
253000
42148
199665
449460
76309
51167
6748
143773
29719
178893
19863
13606
142126
9699
17159
20422
15724
30256
715201
193593
17315
5914
18269
143671
16636
144873
83076
45348
24835
6995
268760
46528
59374
18271
348744
133823
16091
24971
243115
118905
13922
61153
61738
76784
53788
16650
132793
33126
49959
179091
60332
73328
25031
339185
76287
17950
64916
78085
164629
111485
80737
86482
24395
35818
30395
14357
29483
15923
671603
81604
278850
109258
23781
278534
55219
53839
35695
154003
163395
20082
24062
14478
175078
16412
18137
25084
27230
28248
560200
291264
52217
17558
22481
20093
307023
17147
11825
19299
18765
209812
31373
217213
51484
71587
13455
198385
125335
19638
92140
67918
94476
19645
87803
25025
60629
17590
339676
71791
95187
18331
22281
20668
26269
26593
661575
69723
17947
230627
91757
55115
48736
23750
166019
16598
41126
285475
18864
188409
197561
67166
113921
78588
17941
98272
132344
34890
114427
87442
18870
52353
82542
174787
17629
254248
21418
20510
409814
16135
29228
288851
65590
72234
61002
52857
145734
46113
18596
169835
30623
54682
98143
173797
15130
18852
26716
30589
307899
22125
139763
16283
64963
108170
24833
161070
78875
59542
18205
31951
444253
18962
268633
19333
20885
24023
185536
16563
31788
232132
352078
155738
90002
58123
136140
35178
15960
106695
25378
414627
29595
179266
147271
64946
143919
75265
118520
15654
120643
55938
25913
14819
29260
34251
352976
56178
172491
16617
32581
34659
245131
69413
17936
482265
19036
198350
30565
27232
6386
425231
17258
232931
57672
165262
24106
53847
29948
285517
125474
67732
86846
30412
14912
14009
17467
285430
43139
204934
17531
25794
4424
180911
69186
27690
84531
97607
167438
108027
41278
85699
21143
219777
81823
262615
85751
22886
26013
191108
59325
76986
36489
5262
207281
96873
35694
24379
16120
19306
215736
81644
141501
52383
131132
55966
17986
14285
92966
25458
5712
362174
8292
183286
23235
31469
57667
20003
504017
25255
18697
347370
53811
59306
16145
14678
344642
39020
29858
269728
48588
53796
30875
81045
60062
24236
23822
170328
31565
16165
41668
53323
422008
83514
136697
86082
142619
152090
132473
150795
57351
114249
72057
156223
139127
52303
307119
67168
15384
32482
179127
38182
48990
25701
33972
25322
277915
53871
46258
17591
13564
24128
49070
27705
56734
350059
207243
35385
21188
14086
27902
26735
492406
15273
28013
474924
20874
55651
83105
96654
123399
192236
16743
314814
29221
21746
126984
76790
48160
26084
69345
35388
13447
94412
27986
118242
16917
53122
81974
86635
398098
130663
97059
89522
104713
22595
5474
26348
822246
22548
47092
15343
16931
13262
284889
196456
14915
98248
127639
36552
155210
17507
4408
110305
86269
58427
62781
143683
20270
62930
58341
16580
20568
311575
99093
175165
15016
25598
16959
16973
550603
17334
63526
67525
43183
140370
57913
75064
83737
114494
161715
108687
44805
14678
17258
397197
17530
261872
25094
114399
54235
49355
79066
20667
22237
156331
17843
41463
21389
340454
48970
17717
213789
35095
263275
18345
201694
79710
84894
101497
35884
94736
21184
135947
16060
15058
25930
14008
647248
22080
242038
50896
26270
78096
187280
16192
93247
45200
19059
27400
374370
51406
80242
28339
12565
298575
39149
17978
19812
235726
23695
28880
257541
111207
26624
11942
116412
141384
21169
29021
29077
188627
16379
424002
108018
36548
70403
9235
22979
25611
304383
78057
95092
17113
281240
132707
16446
21452
63333
96730
24299
58782
26429
21187
32983
5236
553801
17990
4734
18029
192807
29271
16867
215577
115028
107632
191541
30956
41782
77660
188493
15080
55661
27181
31697
23273
265965
49222
124633
94432
140977
29415
191447
54687
26699
48466
17294
4462
278633
56126
32657
22861
267887
25349
402234
25743
11421
65343
114782
40056
52235
17553
36901
384325
289497
32474
55243
53985
50559
76018
124276
26669
114304
82422
8874
204988
23417
4811
111196
251618
7660
29015
186426
15178
196297
106164
57117
15307
126813
57296
22987
182683
61284
89958
18623
144323
91973
24894
72947
69220
5426
156647
76418
79612
115083
13686
176468
86470
89201
60885
125053
89310
10649
77566
33149
142941
228778
66780
22241
60302
60079
79177
177310
34026
53170
13824
21689
465957
168625
31413
102942
296119
99863
452774
477024
278591
438775
298326
216306
85501
77078
78785
304617
141072
105282
187483
200733
296308
263965
287915
44136
333967
135329
69873
105379
339839
376863
113507
70630
374259
211535
193922
172377
43339
60338
188329
166242
273034
331496
555328
434629
511578
423184
276748
352917
336512
131655
142291
57354
117587
56768
74023
135361
1321179
481718
189082
1366914
1342707
390839
260934
255071
125790
271846
45311
228681
88558
253569
148094
162676
396373
82164
386720
289295
117571
134934
70976
41433
240202
249151
270705
268501
208243
249529
188865
151310
188778
197250
28885
49717
63638
162611
524444
95984
29765
505792
42278
171888
30938
63943
907090
483784
229830
503983
146279
138985
137433
187705
89809
464993
517367
431589
98222
120592
64803
152544
144837
181591
388026
36766
123317
441122
574447
527132
493421
484130
425412
110847
566491
258297
194614
222322
337408
435028
420695
138570
48363
118257
682831
421657
398563
188775
270679
200286
361273
355844
221451
270442
261227
277821
352491
42311
479367
189223
48210
154318
58879
73279
70622
775121
70452
553594
154382
575931
314224
279563
51304
56262
99321
355296
49070
119111
965876
259063
1020724
989221
399043
213003
351353
434699
57580
341146
83853
321254
328269
220821
61493
301581
40149
54556
281299
136883
385186
264725
444644
55175
399424
73407
285727
367921
47075
455637
436125
192085
504361
98899
157659
536691
561385
424891
312601
46928
221627
176148
111338
46117
156861
424099
475959
493057
728978
491456
349679
549252
289983
204012
131809
40925
47603
706593
247377
634585
137112
679520
167415
180485
596033
499952
469480
281832
337742
336851
358044
344579
55144
70737
145079
194082
479982
127689
597925
188485
666095
310173
186475
106585
147550
107947
114704
152554
268282
380442
125482
459292
435124
131186
361744
95843
139852
51411
256349
387762
91076
46107
432373
554314
310288
323035
288318
67845
145121
237490
150889
250323
205806
470450
230153
170258
45645
52477
713904
674151
499418
456375
301653
96022
40526
884904
837484
331854
286351
75785
1282017
106331
643382
673129
163205
230254
99233
55881
454841
435891
333660
53179
480208
262893
181402
326126
346843
229472
432548
291962
451687
356606
203376
55392
69873
413681
240964
99011
644393
901460
395119
40086
229174
55217
935777
135783
174015
153812
969305
92820
109373
834898
54426
69371
74375
670684
162165
116005
39083
532616
98707
48027
41958
180481
347298
52651
231378
111199
50200
1328924
1240645
1069933
222291
69454
178980
60030
376451
76184
446507
109765
429767
89488
83981
228522
146396
39732
601049
75226
41349
595015
253295
114115
74182
899488
571661
637361
312625
426911
86904
81587
396712
339060
357089
198386
211000
239584
253654
477945
73560
93202
323475
99886
51808
72815
102765
510380
160614
546746
473163
417312
57963
33047
483094
494352
168755
50776
665603
358789
517460
86798
65215
768033
673190
416199
72013
917806
482572
83676
357829
242972
210104
93776
96601
94204
84003
504759
59788
60839
57715
68365
76872
710340
575522
286566
83419
289836
70187
105595
273636
292568
106384
324767
178990
137086
323725
362708
343799
200659
137342
560856
54417
350900
502672
351490
83059
96618
129694
850675
249814
53845
805120
261125
81711
112349
957879
42353
661201
200223
43850
58963
608531
66125
108297
413067
360635
184099
58640
226732
84440
87376
397611
457217
508259
896842
546112
574084
397039
388430
632684
460797
639856
337986
729315
106543
666238
354388
725848
495792
310091
139186
194052
132659
270464
295242
256652
467202
69054
82969
437612
476389
516123
240028
397228
463166
458855
278136
146451
914830
448486
627723
76959
73276
672720
156451
117896
56253
901326
443696
415837
179022
360745
103483
410874
139992
628655
297688
691299
118121
454682
229093
252244
391496
413380
259073
429627
216208
292946
75066
79381
57457
523094
63183
477134
125642
535538
188586
89883
195045
105080
190742
202007
224635
127911
299494
127891
396348
159579
432556
179690
439248
256233
288183
153941
165051
257619
129701
194720
185320
46612
165404
96366
75097
86660
147508
158681
235808
252482
81880
478222
351940
451781
127644
496885
164416
61910
152330
190388
200445
261470
304028
153916
43095
327187
56119
152583
135013
748249
340842
719658
566156
154237
113308
102663
160796
44231
137158
73863
323122
144139
71946
408129
99414
484109
280591
101651
352885
46022
571851
491609
119274
59547
201319
157584
899924
304977
32103
684878
863428
221316
83178
146710
746898
380635
50243
962862
233057
804344
59209
47143
48587
570434
59156
193629
106955
243444
92369
209126
283857
234637
260027
99078
293522
225089
123963
41324
104787
319079
441027
317021
82739
106843
911045
407060
805390
637084
238755
179211
186241
290716
137030
182725
253283
167386
166022
72199
46150
77937
149375
434745
397238
160240
415942
56788
229463
239535
272641
377264
37923
272652
156144
69067
456637
138584
49469
44140
546154
89275
426710
295893
242917
245472
126898
49310
334801
435698
396009
304007
344377
192876
160554
206933
166017
152895
221712
219426
618146
62269
654207
787388
306343
48821
364488
267477
410832
532584
236810
128472
132055
886272
885018
457717
342126
210725
42454
54168
77437
519967
47918
71367
284434
72276
47887
831829
1003746
314323
49333
265095
933644
655259
494221
210113
329256
389306
502850
96782
683178
154196
53427
597424
515069
206789
120984
42292
231022
607917
342132
802570
278366
197683
53731
1018611
115459
79054
622332
105913
102218
546835
87744
415465
316005
204027
237173
170451
347008
316171
312450
103755
165091
192047
190940
196944
169182
320048
310063
301356
271305
216842
189905
196146
74236
70966
138313
299031
260527
107910
175738
639644
838005
649546
380234
339062
368123
789386
512765
442194
600070
670390
41750
128704
627983
556899
188363
445271
167434
285849
59778
432889
190136
82732
359260
434617
185887
72370
198568
65946
61593
125527
44309
71381
142218
49548
129574
63124
1049956
1065994
221723
987465
262494
229406
34825
73750
306598
61045
418571
167654
147175
536655
391327
148613
332485
162154
224521
324231
79803
505627
204404
603981
132313
535157
95297
145958
300310
948552
342736
64587
908692
81537
909683
161769
103158
77189
51346
324276
404664
631967
655860
586556
349584
380050
641519
40252
396619
257408
210086
170506
284431
434917
509524
493847
550978
40100
112809
403173
428482
273553
225849
515768
427273
70098
645872
285795
858796
543288
320427
272885
155672
58257
99317
46021
231369
170506
71444
58978
134786
56447
102010
88654
47694
804594
760561
101909
717549
140071
157198
94007
112155
215558
236033
502237
52688
464630
361759
368410
125590
278477
153474
225344
363086
368906
338001
142488
308165
351366
312193
658517
275367
98574
254164
159690
393277
462239
414310
305169
653333
74710
585346
172667
152117
699810
666990
232190
97607
195102
74061
297267
319565
154690
72205
353652
148369
124843
78734
164957
157494
41478
404321
149986
86161
264881
123606
844636
91571
149844
63876
1073919
821161
174252
152885
506702
101605
50059
377539
298499
66356
173658
293495
141065
294405
298701
71132
208330
71168
435275
99223
389120
398042
205893
242134
304610
377246
180720
357207
271724
213009
370607
139783
442215
540244
454523
168979
147265
61173
75300
338697
439314
554818
235375
86206
630863
307370
142748
63421
355803
155875
284422
264651
105881
161626
243516
57161
390779
409865
563843
445511
262129
148388
191834
123655
36136
420325
140456
58629
60788
90360
652009
715718
398670
276134
117482
46469
106753
478293
157962
534880
648128
406758
318477
317582
241039
131965
303994
384045
353830
165457
155449
675769
546345
549934
270272
275056
293420
129992
215073
69037
137715
41037
412295
426981
431695
462451
73112
47321
63498
216718
137763
54846
402876
282522
77033
49696
111161
165973
767856
125674
157060
99480
62416
213653
159910
168955
1712677
422344
38069
67623
1783128
1379364
406020
155397
290939
206262
121298
56112
298415
68421
40240
300453
222072
97611
119202
141099
240184
36479
276117
277264
159484
89684
31091
114702
409451
299556
155047
481689
193478
327736
50858
491746
295466
314924
344410
224486
393737
62646
490431
471785
249953
309543
69874
227278
208602
82133
204059
146242
305349
298671
322214
133150
145770
353187
180770
164656
204517
171075
48111
41343
254294
108461
314090
106153
145296
61405
416673
386374
181714
472353
364522
196512
267580
150676
67490
230399
344618
68833
137992
726997
334057
46253
868825
101660
695373
43595
297480
197421
302725
485074
661560
629186
529001
408712
519512
337319
428214
161350
228102
48991
64760
296467
287582
376065
168619
759536
615980
276753
704224
222289
205370
305272
143828
235568
59308
346615
138003
105036
520215
602141
429929
341674
334700
206781
381078
208512
39114
416934
282130
472181
90948
615039
553835
726254
428155
95143
476080
49691
43147
521412
75134
286922
663395
429315
372691
216473
207479
82445
246788
114174
37734
360401
112215
59620
50726
346311
179423
59571
41984
158921
658943
798461
446390
314959
103050
1238613
110983
109720
26881
313255
1297383
56985
1076898
86122
62436
598759
148690
250082
213481
497277
609882
562348
299464
244567
267000
247173
123129
684444
100366
78808
263571
323917
321039
223044
258604
153830
254384
84570
260833
37329
205554
278096
340443
50853
92523
403413
385261
270738
191578
201005
296369
223629
253393
229631
96684
278865
130788
473269
166875
722256
763966
301903
421766
247041
239099
345240
565379
460852
562353
622074
523760
584904
650112
391828
424566
286381
70572
185346
219419
260851
175324
259298
100638
162309
140520
54672
43224
352619
39968
640614
651301
193496
625246
358946
322092
361248
440118
286546
267997
81669
303623
80566
71220
383194
389087
233190
417377
155250
83742
357373
292444
101788
264177
189906
194786
178116
87806
343690
318629
246098
38200
383839
53913
199512
239216
159220
107180
389679
215719
74464
40864
47218
490810
90457
458779
254536
129954
141790
138196
115962
59707
133792
281766
298527
264585
192937
484899
42302
192084
407081
374725
314976
501904
244789
61654
44742
452137
316752
293328
51323
40671
34835
83488
277487
139846
882189
260036
945301
135218
47467
68035
993596
152940
53969
122277
28193
83641
48549
78402
804064
521973
444932
218275
53783
157391
49798
64457
474858
108692
471150
150241
591656
200790
200065
96216
204486
226685
464978
817310
866498
118136
1121215
393085
448141
532215
78785
36500
75752
83114
22222
526508
588599
499439
436104
34809
55368
176494
612456
89182
550450
541665
58175
154218
204145
412630
46287
59388
423971
462485
104534
127623
85299
93942
50795
133773
109303
74041
398025
410918
453617
105734
79023
56771
69917
83456
411695
380477
393000
693004
53744
106436
43070
328997
155349
529751
917078
47769
98906
55234
101737
59092
1499045
89289
1273306
1152238
194544
264867
342201
140089
146437
44997
486043
555727
392968
374289
61668
53509
74655
48331
382107
171146
457579
480249
297738
196419
83144
83553
356154
331172
309042
327347
441307
352869
50528
70058
413920
180822
186814
107303
294788
232942
280843
457645
343597
392020
391159
314486
53989
193882
680807
338329
896888
80887
892142
154512
462102
57203
225531
129545
87124
97478
56071
37439
108080
59873
117564
40368
60442
340044
123086
382544
344397
207348
207173
209506
319556
157884
213995
194775
230573
99303
309068
175848
144322
53556
58224
482480
63654
422301
79847
332712
286278
77681
112010
104511
72277
210592
231661
112269
240321
131279
146011
115845
189475
351281
248357
47277
84291
49104
352279
324680
292485
208467
200954
220242
197417
72018
64378
72331
437618
204356
129864
584896
95772
62015
84532
80423
623112
325836
43468
690155
636716
503913
243922
115016
662235
398257
589213
626316
372529
377006
364792
239983
478988
76804
563025
299151
141443
692822
617879
360010
51970
153308
74231
672559
488965
427838
150249
182913
134788
143215
147138
182452
493719
521766
514424
672783
470338
406477
633944
250539
644087
55823
45322
53901
66473
77936
438826
98426
92241
78581
90671
447731
470097
131910
35570
408677
162524
153662
223524
188602
70357
360691
213779
356825
52118
59588
347465
264305
137425
36150
509992
517265
278237
616843
172515
485910
664222
433252
545285
255923
65240
764270
233117
588837
501798
118844
139416
92614
131342
315623
479557
163208
546858
554695
207177
38082
28935
477519
655800
682306
775191
59008
681743
557485
263037
158347
738883
541917
268197
431984
124583
372736
222998
367087
48914
68208
93165
591588
416197
285505
61644
107609
174538
346961
154085
348374
425548
414020
360827
255573
452647
286503
85507
104113
254371
339905
316732
227740
111015
380414
39826
23420
216486
234615
243884
129875
238140
91603
349820
312617
126366
324833
119850
134818
110915
149783
181305
204503
254170
47955
265016
223738
448738
435967
458502
421047
552416
482116
340403
175074
121740
140758
308716
250535
147278
337061
139887
352812
482547
309272
224264
67424
50937
691771
671654
173922
75961
563518
261546
238547
165741
247980
244182
311614
53150
69243
242200
678211
588752
393002
645593
265799
153730
338513
113780
237130
234019
211899
250657
200508
332272
216202
112920
211263
240014
191672
172089
205504
329654
121219
584438
579622
196010
156663
925548
570687
712016
353317
581049
299139
79985
223106
158460
293882
419630
299617
68786
42229
61004
583070
160336
506783
64442
149972
122243
45366
61319
688528
125721
22549
94968
718901
688336
411147
75085
598691
47835
411035
395030
202994
216100
154240
258680
344686
180100
440912
138008
47131
337944
243963
152150
386057
247557
322252
319617
73553
289107
289083
332324
136087
339828
145091
291576
284795
362661
426898
255070
133914
282326
111501
336206
128124
286265
276262
594572
503248
433593
279932
94023
37035
235043
202755
401432
333928
344778
594693
57494
395405
79516
392662
443671
243204
290822
322698
196306
482497
431817
228335
336550
146923
188580
202946
239184
507290
69996
434997
512984
222632
485353
144485
60760
163168
78347
570815
90141
83423
572947
714751
497103
548933
89064
685550
475070
376984
73181
229170
237446
334125
36471
104451
100589
723545
390518
910542
646904
244801
163761
42314
314983
351577
465315
668678
450460
785720
1012073
542045
828428
73918
564381
327127
346233
28778
488315
229930
467832
527770
220896
184982
284716
425410
115988
99719
538072
484704
420181
201568
337522
329997
231311
197475
363681
242311
210728
48555
392563
338595
351900
104610
493744
331823
237461
207028
227501
341625
503771
156289
109458
514247
499162
86749
42948
416107
145541
131400
299860
254803
259690
77987
401627
510616
593655
432743
499575
268466
206906
291804
237292
54142
374521
502374
383665
272693
277781
207557
361063
504190
427624
643450
617706
353825
526004
182008
161500
753027
147514
544693
172252
548736
338967
268407
194742
152737
236019
304123
315085
255344
300641
708011
76875
507339
431403
319291
154259
67933
89835
305940
329544
397324
342948
150560
400726
336456
435079
293721
353339
374240
122042
399875
255277
52239
52312
521514
463256
321953
246417
224732
142487
274154
182929
36638
395605
131309
557048
523656
297033
500845
169383
240760
31464
228463
190592
187890
190804
202287
198587
54593
299603
309944
119378
347783
168439
215746
449692
153781
57224
623858
98165
49840
664430
336093
163400
190304
39241
272867
166072
82600
390877
116715
546945
350188
221070
51207
291230
123668
332278
397391
262255
374227
330578
391506
424719
391422
231313
89335
248666
281639
230722
91776
358561
179712
77766
45787
205002
232251
54487
111314
404241
580213
620566
351437
69729
98541
507340
475037
317325
238632
51770
184976
890733
762308
608662
428903
413229
54896
48063
75170
50051
70669
511145
540182
97759
240722
58367
317740
348191
349666
557776
267013
606527
572227
343134
463829
244405
208631
190741
318834
199750
135608
39034
317082
265039
224929
115747
123342
512661
90545
471510
163635
53679
81708
552817
391908
437668
297986
402506
40636
188028
579202
564822
572839
386096
139810
423232
176892
416128
467085
162456
108955
344417
250267
129719
305209
165143
265358
385459
376497
335889
561510
369146
208410
43825
422798
78861
69024
75325
343256
40660
309416
38297
45107
235924
124234
207660
58837
259037
222500
130341
365079
209810
321258
285328
45832
88707
332568
410985
408725
490094
561161
413419
558703
346481
427051
463340
114379
259331
111784
329763
48853
234238
205111
327617
89531
324077
371170
216210
94855
341892
315134
132274
43917
117169
123826
77195
648622
150374
109214
803366
261058
763106
93257
84315
40044
36455
57139
591131
283173
323556
86117
208007
136583
48902
167570
41660
44309
519034
258191
104664
132514
107981
58565
1034302
141645
1133804
157226
49323
846321
295502
124179
297376
262011
263125
313694
80519
120204
413462
444051
258672
543445
380124
296334
468664
257934
28760
98705
587994
136215
595465
145291
69096
97655
632223
176526
54572
532044
472551
220052
139761
33841
352173
350777
114274
109171
49825
50219
94394
35830
704345
45950
746246
126762
36141
556375
112149
59715
278346
178539
400251
90445
603395
303014
552032
479401
226988
317425
56649
582709
502131
548397
298412
735686
425550
34882
52027
411236
71501
154530
50145
239884
101438
42186
689019
568970
488437
109261
213457
211602
291307
117630
44976
177267
56324
38226
151209
728664
641763
185040
53228
669068
221969
320920
275314
160572
287370
63746
49993
136778
187104
187847
211542
123616
107054
106378
169310
186466
45917
53275
347029
306111
291343
251915
32854
56530
308232
338335
111515
51548
97959
387104
201275
164826
279100
265387
287115
55123
56545
697990
359170
98459
80212
101246
115372
133906
76727
195352
44843
65761
82542
74158
1468390
97821
87363
1565319
190842
37634
92900
229075
72879
1631184
773429
564476
133278
237919
115957
98567
361723
98023
358686
454965
222584
332643
107949
634861
134540
36266
760253
632691
231816
257403
303165
86289
67401
653900
86080
644798
60311
36411
186229
816178
85236
326497
76674
567155
602575
605068
36819
686894
56439
424427
220565
84728
79034
100194
112358
110660
244530
275222
101187
669617
823701
687096
306384
322674
523234
587600
1265403
62576
139122
710962
210360
95353
725984
650957
243914
37997
51104
64683
110331
791121
578536
295579
525133
154128
76872
313142
176781
394934
70998
208530
69871
100729
122496
154867
939199
784079
116679
40117
730042
48969
212380
229563
250720
236553
139247
358260
141204
83958
198850
116676
331017
258954
254980
231868
282415
259993
524401
42895
356361
434084
492435
528169
29719
446274
96459
422939
389224
190113
192478
43720
109391
37284
48520
75927
65434
379110
379428
227842
101935
54210
667162
74687
42217
75968
60424
38232
169640
664759
42541
46389
709315
85315
67789
87141
660367
462202
372194
187574
407235
251544
330100
329315
282121
216417
137072
55165
135378
157183
170412
324157
364554
419078
79700
530112
101794
101023
136788
675362
279655
759368
551647
258464
240229
438598
184254
711997
691389
688405
232874
400623
51758
287742
57617
70528
84663
108288
448439
341577
38449
101422
764934
273785
1034759
397902
108739
36129
867140
565299
254878
112819
169410
308997
310227
484217
40228
481991
130306
397294
355553
109491
208030
187153
174572
193303
47508
49459
227853
221492
157232
261737
120218
256229
316673
391341
390456
238513
224922
160657
201350
196704
264312
203229
126722
37564
67063
42461
325424
198923
396916
70222
40525
136691
530325
59364
55459
416241
327774
232366
189308
269533
200405
409672
328039
432306
169270
474269
251473
227116
150604
112871
83703
107029
165116
303835
227461
498957
424830
739480
724810
115025
49135
419113
64744
78798
266464
265891
124826
264402
243294
272712
283878
360700
249395
224234
307865
15465
168324
230878
169532
392577
293534
208448
74248
174059
31078
161212
172951
126022
43685
203344
97212
42104
247128
177602
360287
534271
523019
402674
514261
286990
162665
140465
233123
280201
444054
506257
154647
785789
664480
535708
169164
208184
479509
78448
304450
334037
378722
306160
52779
75230
364452
314023
219022
41192
303295
179967
99139
234701
359553
404273
59062
309029
1080292
1104279
666330
1153810
485849
620544
314097
491265
367656
207949
229219
42837
52153
77483
393479
280336
114764
247337
560533
573060
536917
532741
142370
191660
244706
235797
172743
328141
90478
177174
155703
606740
651245
651372
262480
249816
157777
185599
588542
322671
350111
246860
116232
88231
220010
200709
302958
173719
339915
45949
250454
469168
51171
76307
271815
671226
690782
490532
238134
117109
45155
430545
146338
407710
121359
399298
59541
99303
454309
446288
431038
330432
125924
171670
312654
175501
339244
329447
59934
184091
39835
314672
348340
357893
160575
247979
166173
228541
126946
201776
247807
178086
175266
209099
164023
113206
118836
425286
155446
36352
485746
510905
115895
336245
298146
54643
51731
62676
486585
516241
209327
462897
221145
159649
174948
114257
81056
84402
105179
41853
370382
427471
454469
206978
287264
107637
302298
154102
289727
407119
223383
191791
208869
101608
219704
360398
372196
245453
413011
182731
150258
214622
196556
171389
233314
130896
117581
231917
69020
120895
68445
43633
476234
79225
587388
651575
319034
378425
269527
78254
113872
236069
188067
63190
200365
97477
106176
141365
230507
51505
205187
79726
381548
275109
322800
337246
32222
49681
73690
34951
246901
49565
64017
195568
512962
471874
373280
194166
236135
340778
341325
646536
451824
224369
599369
523594
247210
81588
410624
131105
155840
89201
157545
255902
67725
358333
179151
53753
47806
565745
545685
171772
979391
114018
1152753
967137
487683
52906
119593
626444
164901
550531
228784
676800
94884
483119
306099
226661
381752
334229
335662
253081
396446
626260
497974
696768
641656
313254
306255
398553
304245
211293
365250
107708
198893
42350
182639
82774
57141
319317
261372
34015
456628
500617
167203
49257
53097
352609
362613
233906
269022
82254
644339
628076
548572
226162
149151
74309
140830
410658
264872
190341
403706
395132
537873
635601
68703
120814
636072
319885
962530
610928
260066
61950
606911
327552
314913
389867
426733
466113
741147
361265
78903
68946
97493
392722
387769
446312
295268
307527
156544
29810
374325
57426
230229
43556
170704
33039
437308
343831
216683
76324
158705
667047
423440
481233
201277
314586
422632
218491
188264
157331
240361
441100
190166
596427
555506
617795
450876
478852
524966
954711
529156
464154
281437
92360
218513
231640
371151
126269
416106
226742
50565
770382
203077
49002
567869
151912
84547
44970
168720
797767
109702
132615
617785
539948
106257
170714
52442
46445
528852
75490
349322
427787
231665
350529
189071
585731
495514
284409
261395
44207
119160
236712
51184
64204
325270
111301
46935
383767
216722
104736
183315
89098
415757
345804
88794
373227
46901
94408
197821
184672
237092
290233
247109
270823
219100
119611
41447
59388
261940
242917
282657
157427
270559
242507
269711
558847
55662
44476
256779
376021
322601
472336
111250
134893
190294
750087
617214
174041
52999
559063
156103
175071
165262
111119
123037
341540
144223
65513
138533
610975
133495
48376
748440
89729
731953
463824
338321
53036
72920
466782
120945
52797
69426
285984
410251
304816
77484
414845
388815
303466
419504
413684
365645
328280
415801
78148
48582
68000
498284
501432
301975
829705
231505
501116
206625
713541
369627
154189
48795
227605
599199
447543
201607
479746
226820
171172
53403
275586
87825
337780
366286
292902
420086
443169
158274
439059
381151
281037
297784
416201
47048
580258
447697
384237
55974
658957
206943
415147
508863
197868
223909
287018
180798
139798
94864
466447
355563
98651
145069
54996
86829
52261
193057
56787
180118
85517
1112836
1192578
306505
41302
54007
1016172
74291
85431
361554
360813
181979
109906
170892
541222
93543
36089
480582
66139
417613
33526
58199
214473
157607
335836
420704
329051
303447
71758
287405
218948
199411
135395
579260
560165
900580
259272
164195
1122550
782506
765682
228157
194054
323474
137645
179012
317370
245697
25736
102748
546391
36377
71745
94357
733541
491955
416826
324188
76516
365252
346024
266688
361888
38269
55513
328695
398181
266945
336943
264531
265437
662894
67888
122103
541774
544480
285445
177401
721902
48865
42118
67324
97720
46321
38539
65205
533689
580728
198693
424291
142151
43176
135350
214135
229865
214921
256798
771072
685186
678822
520302
95890
82578
286079
461981
580496
645625
211529
79636
979407
692952
572437
269450
44673
56240
72751
702638
653836
550686
588222
279394
237559
43438
356930
136445
36072
138131
138629
47909
49028
49607
723868
539952
445406
76202
95965
193976
207460
181312
217309
543193
342424
353234
116686
230824
116108
120009
175873
265763
272303
125940
38574
341406
124657
250334
111690
73404
448710
167020
154850
580663
606712
321561
85223
66316
255645
32069
58957
126128
47026
55753
67255
355581
196674
35218
34963
503142
442944
233292
252915
154765
297883
297570
288026
138839
123715
171160
316784
412538
53381
63653
815731
108194
46601
81951
949713
103888
973867
307259
350999
653078
720700
691941
120240
562949
183475
327957
333521
275509
266568
204041
548504
185882
583261
169422
834386
448184
761693
126431
660833
58910
412741
50586
112399
310039
504510
221552
553040
103081
158449
122982
928828
647617
641509
382964
279158
206291
124388
86930
221538
196713
204051
328456
249124
311606
230690
50971
43850
44939
56672
61834
350062
175533
43791
62933
519051
544551
214194
45297
61325
58810
568102
454461
276039
96152
86578
40707
617077
402089
583109
440568
51388
104627
552970
204695
131403
726773
489461
171371
81550
459430
356576
194587
470534
320814
409324
227666
655644
167144
704177
118619
102427
745367
440429
284154
168082
171092
100732
192906
166308
269648
297566
103850
101312
105896
417141
133196
102963
647699
769711
556126
493117
375452
106769
146031
41492
118100
35566
49580
594750
116871
546888
87469
849958
390296
90967
179464
117510
38689
260328
1067947
58532
73934
1148841
857464
287458
397490
108356
438411
46690
80045
433269
122162
551115
420716
382132
452908
332488
253767
147194
297466
79369
103051
336015
46019
545958
506825
277419
93549
86108
426615
34733
252799
282819
300886
150311
111005
289511
144151
119088
148500
294851
260767
397498
541762
363013
233466
206558
562471
418379
278198
535178
118388
44579
81008
47341
553730
113504
141692
523622
396488
180225
430527
175132
335389
133277
451118
288953
98145
201948
438354
352457
280506
39079
59033
553814
46026
50002
64755
425612
159316
37756
82452
144282
104210
116142
1003817
168819
760115
45324
240298
931744
146165
40118
471877
493488
246347
116389
151358
163597
265771
252556
561633
362112
560655
522375
479716
710515
109441
48073
29834
76039
496322
165788
36264
91909
696452
656113
211016
36041
546395
166779
361583
77446
59373
684785
320484
643626
406013
66524
73651
34331
99522
99349
1073843
157085
54953
99219
940054
73129
90261
292865
1241554
786679
612350
260890
137868
56870
213001
163301
678048
739368
271843
805111
92580
299160
310042
357613
385409
347305
70422
361672
122145
252919
262115
130279
212061
88541
81752
31717
416300
187544
467775
444222
217400
230752
139014
231001
117832
160109
54621
64412
577887
615409
128256
91610
41006
48761
706077
156036
475701
588200
406470
516284
160138
335102
964146
361343
41520
897597
137890
147109
126049
104640
92282
1361890
360357
1034813
243302
1260160
817786
423368
49681
580437
304592
356005
338969
367275
303875
162983
326180
162134
328463
102641
47049
395110
223138
80297
612711
187344
568220
338657
45467
872917
278640
90587
341498
136480
40252
1163601
104847
1180824
806510
218475
180075
185027
176717
176259
315560
223792
346987
162583
53392
505181
36253
268503
233586
292862
669319
523676
123729
33514
635490
156283
51006
323721
120873
58334
503602
377055
473790
395195
82010
63242
454128
109863
481645
52469
49817
424930
266881
390526
410819
149143
251156
104809
231797
214168
141361
46043
434214
207047
335028
411638
213897
342672
276208
26150
162685
576207
50415
49325
118729
685569
630127
231410
76619
444710
134486
124965
60271
470641
81621
444117
631426
377345
424614
38250
195838
52494
608864
416638
122746
51228
122486
278224
1002371
259335
770850
741835
167155
107115
376472
205357
489424
154455
28317
123414
58950
650756
158309
506130
74711
205404
530073
345299
265687
120232
121499
132889
227205
63877
41807
266537
150646
127581
419273
355567
166309
66374
48635
450532
351706
219398
35362
287310
72294
829020
312663
55448
802304
129987
100403
900559
417637
197924
57870
568474
175262
52644
39800
115726
545623
546737
112320
24849
164170
64602
443036
156723
418527
48230
387748
239199
86315
476785
349868
96388
355035
79651
272419
389987
43994
410605
464549
174260
162900
95326
227594
45816
189062
235145
247967
207158
314827
196815
243256
166437
103937
297946
346132
311900
268942
259066
154054
214619
59198
403239
136439
118954
435038
50549
489674
100423
165011
135336
38732
44327
144547
720740
637960
214952
48432
64404
112050
832489
381529
376987
143547
257539
29773
208408
137616
276946
60739
493004
47022
498356
58810
42840
525672
348486
461075
623960
791037
741496
39907
55222
903442
238552
748283
484493
152945
271512
249160
219571
362003
121812
153617
131336
96014
153895
59139
55757
91059
281040
367474
214860
112221
290953
714813
571541
176221
627260
289503
217852
213801
132557
52190
121066
264114
126789
45411
427347
203164
522157
182149
80047
503616
47257
347164
147865
180573
43028
93973
533097
65199
446933
415045
173089
184710
158733
93249
47642
180903
113467
177377
45191
52831
110165
349388
111791
95831
60147
168222
30819
209698
89460
915422
218518
108822
1109252
1020569
203835
445679
185017
91328
116762
104966
220685
278747
370543
279360
232169
76254
97062
133796
47865
82930
470913
239077
89362
720286
703535
562618
323310
255176
289026
203379
308505
336367
29107
673621
414272
42160
598244
81601
121918
132854
43506
863648
455332
179450
714013
388171
435940
466424
85702
224744
170740
46467
52011
385640
447818
340766
354461
44521
77872
34788
61692
38363
67073
37236
494342
227144
255870
177579
135838
116493
63164
53116
93618
66136
1297889
94919
1389063
154454
1184869
167108
89919
199446
620788
683155
356350
726271
227438
562117
210560
105038
801669
619250
572672
178508
384101
38232
146960
293004
52277
302816
98824
306777
38941
138280
115549
183891
246649
223804
276986
260801
109906
86937
299844
322632
62614
47778
93470
52611
117650
122715
30620
512080
492076
189913
44297
50851
269729
49158
116600
974681
117087
961191
389002
157529
1043985
97272
615302
120536
141689
185530
698484
524449
104398
173714
749027
378782
480283
349029
325125
320144
401574
129992
861729
516578
1035595
173159
52830
135954
68887
1159388
70160
174689
80135
36291
37997
67487
58289
879024
70201
770238
271276
720894
161875
87301
571312
172886
483685
94536
174917
572660
408942
444601
293606
41993
134407
53364
70440
114038
481827
444045
132045
458341
182921
155234
274883
76377
49795
75934
242569
322956
235054
218636
77104
353139
311446
293723
96293
95101
176756
353006
199037
190368
223747
453201
450728
558309
40381
65417
42588
33543
490464
292300
329847
496401
568829
148801
202933
841144
135997
90411
837752
198704
635176
402147
414217
289794
109032
775561
670780
522300
211561
168154
76677
1097027
730119
805576
492677
385904
51416
41384
295433
282294
202268
215881
280646
138720
227134
218366
133086
149514
197895
50536
223472
127424
54797
129491
454252
169977
481052
418232
182943
117692
116854
514104
105020
55502
707478
422657
110649
1135200
800262
252230
173908
783247
353233
401014
272554
171067
158821
40736
59114
68068
56396
144196
124575
197585
294470
165289
207721
101375
657882
661032
494121
86634
224130
217623
71408
392906
166218
49395
62166
78668
743580
705292
288653
65439
51737
47404
64671
672362
141768
398812
468094
250469
105979
281372
727871
650335
127753
64475
68725
93154
779485
84473
99080
109153
113448
68034
77575
139919
795338
882847
690752
233668
48444
262194
137027
232562
298938
252328
222376
296995
38415
64520
319961
284189
152810
268453
99614
67012
256524
383789
417644
321550
280115
143315
142074
199232
327605
559184
538920
532576
162580
159957
169642
63868
265213
308253
185303
522393
461431
364325
298475
179667
113003
40179
164026
54762
247498
97668
324329
392157
359576
472894
150464
264442
570215
570525
439730
704249
49953
448771
60454
72233
47500
49685
95504
45291
98194
752555
483487
554449
171067
337051
101045
361465
319423
237670
134120
454838
295803
259485
173255
82225
324585
496328
78047
54468
653345
736358
622659
403574
589381
94962
48075
106649
544981
339686
107387
422757
166064
230403
229704
153367
41212
247392
238848
448909
641740
569218
402633
331712
37868
246806
250709
286320
83437
173395
59176
477475
35303
174600
43910
85550
41818
44574
37456
36355
56687
683485
715141
510916
259020
148776
353257
106933
323169
297378
167863
51043
427931
241324
189555
464898
400419
530048
78872
562840
503944
337829
300425
197770
179986
498195
205127
273858
135954
116805
513598
662584
206038
644211
139334
35892
78686
426979
193924
438249
90983
523710
506801
425577
439562
98556
449054
288716
334406
53501
181689
108297
728995
306789
85080
1132574
1130791
323549
856737
387363
510038
167890
640645
463264
263291
53461
280039
282987
1070244
825336
225020
878153
134303
397995
109412
401081
306130
184484
214256
147947
62183
54882
69115
209516
164635
105637
191248
48083
183985
60607
731182
454886
204222
975462
112059
955852
333236
64242
108454
105709
297836
181892
318070
194997
564862
403177
459443
367801
203068
63637
124701
381512
147911
372340
92888
362913
43049
259983
205806
62039
311598
83487
329954
402302
268670
554631
502175
465872
475354
239697
359250
195771
263937
172853
46468
134152
497743
405129
213719
588253
310185
211541
374934
75726
154706
78633
183209
46251
223221
543985
226817
33685
703365
719158
121116
480867
267563
242199
526940
498299
197172
47753
569503
565606
166276
254501
260655
127164
55376
325845
190886
293637
304332
187299
282038
156061
59624
80384
419049
206473
134621
560521
74279
60254
54286
596354
129727
111395
700289
213036
111286
740520
211459
184017
52455
966124
350656
879322
172476
81322
779836
55382
162675
142980
747344
622164
470829
96703
939717
619212
581030
132074
274901
247570
296382
273080
225862
167260
429071
44008
294931
530878
71524
56208
98360
49118
42649
618451
70923
609911
298146
223724
260567
249186
207832
148965
170779
207361
312530
394225
458562
451024
479113
58084
105179
374321
288016
257734
193142
183638
126531
269246
239583
380440
151826
448152
77925
122061
549190
398372
306385
146581
259959
59437
96648
170715
54146
38571
83453
577028
544938
610338
291045
186977
386133
403913
96779
376583
94457
216986
309729
219843
591781
531388
468677
538763
200318
423565
433367
455113
197453
360281
521475
395351
124793
55299
473868
156798
444652
90284
57970
541817
525198
439552
51465
205741
718697
45443
532513
188019
815151
299994
47902
500190
466178
166511
44038
59175
310699
300230
91787
71679
595366
627384
135834
487104
64071
164794
56972
102054
178019
410243
48462
462018
448411
247138
126113
460878
173615
511901
515835
183172
169919
43440
56285
424849
75099
80994
354646
462491
284680
260979
353396
391882
237156
486409
465623
193613
62675
363005
189926
172907
47838
272113
226153
417804
348404
427669
369968
77433
45128
306929
342775
277652
75205
68183
418656
66496
78413
385598
374296
234969
271399
382850
400326
215787
72307
444676
65406
193307
183951
413016
294009
204172
372086
147051
66018
45699
197053
129253
181048
127180
647507
415884
65532
713505
705104
279043
321496
428588
384580
205875
128892
584237
464419
375060
307947
325764
414305
344682
141019
65193
258240
246969
150250
120248
434960
212778
434359
62359
523803
336557
48570
40990
615314
555763
237955
822680
449956
489515
727789
450713
93029
29548
74320
541151
459983
112296
47031
225618
414238
22779
340905
376771
110446
58307
92028
63011
288647
107058
105356
396476
50048
151638
609768
254713
537680
40982
409531
128309
213032
92092
235615
225867
348121
310492
170315
443695
81390
38948
450294
317947
123054
46825
190229
65688
215672
135455
46423
101962
394777
229783
482565
441764
265154
387188
315772
305373
53725
63908
159683
50478
683178
516584
623628
272085
280684
112268
120885
121967
429260
43871
48517
215509
199999
317526
364513
408079
428427
298544
243870
173119
402380
117448
410987
199265
64304
125997
570088
571553
334714
149422
242026
367636
81035
62461
51542
539875
168365
582900
56109
50678
69155
443244
143150
201888
36730
582765
118763
68448
49159
81502
46785
709660
138336
586478
53783
55324
92776
369116
46431
58317
395776
362359
38293
85830
49621
616071
534034
103398
185973
680540
208644
415353
439886
96938
123825
290140
337414
371679
212436
129407
149619
378577
258148
156625
145280
444874
176343
458687
512221
330919
332269
377392
198858
356577
483364
232510
60151
455417
266098
69904
288678
162675
82646
364421
411069
296190
394200
486618
61016
443660
387191
162717
80329
91878
96140
212539
346374
301962
418036
407196
295678
472465
554843
398303
687535
33673
188401
227868
250946
271837
332874
210125
168322
351000
106525
150932
64062
166271
41457
47466
37056
45954
786223
249485
898207
775104
179644
327444
49393
178505
56087
43599
47422
43244
185593
115841
595616
489902
144964
550110
369446
388630
422419
337234
214976
243477
349847
835613
716933
71329
635286
86576
579669
134836
225419
56610
224875
210855
300316
367236
366362
111225
93124
437759
302444
238030
158083
85574
44018
310634
369560
507170
417441
42097
661282
402702
672221
153065
90286
669164
319388
428509
285996
343457
317457
176304
375703
737519
582106
726649
215428
162105
37457
774735
66173
466782
98888
451629
76693
199012
246480
206645
242476
97523
341812
252833
176874
287825
162681
183660
182439
234020
348844
544858
433840
382008
903030
699314
114824
526424
154896
175074
42206
249020
102398
96628
314218
100532
276230
272619
225713
255761
259843
261086
281032
232891
306980
537084
439047
125381
50222
165270
773011
865061
638234
393469
537672
247052
689984
293518
36992
50591
60934
188684
83754
1020939
74666
946288
506752
223156
190085
251337
223315
61897
45908
560713
309335
592193
180143
753352
357783
239674
221695
229448
265200
279685
146916
136589
98033
268939
127841
139775
129484
156348
175496
307372
164191
66788
51080
108634
105610
605446
33555
554649
97823
124967
37722
46279
673727
93169
311023
255687
142329
133699
303353
385865
334548
568179
259132
89797
60472
32724
605364
539779
266440
308789
758029
476662
483666
307972
59072
221812
168913
248903
39952
316930
260054
276791
359060
200440
192858
766171
713412
646633
177813
477462
244223
92620
66596
185155
141940
63325
79724
44145
612698
623657
121643
111588
725470
382343
382603
193391
278318
99210
96326
204419
306983
301806
441218
141478
59125
94124
447646
46304
162572
128750
570665
455878
157144
558093
349389
467381
329896
599803
105923
72309
568751
116941
492288
462943
187124
226229
309915
246497
304693
379908
440569
63794
78065
86324
563299
622633
178050
474347
129341
132712
57403
437414
99782
45039
347116
637384
410281
456978
527582
244279
292379
200915
466932
153331
56177
45951
540544
406913
413230
130153
42227
348313
363263
466379
533830
261328
252155
110143
77365
94472
62340
94966
101427
122091
151425
145357
178281
119987
457273
122421
61021
47760
234015
268876
296379
129963
272197
105963
116113
97543
141910
110169
198232
167296
148271
168822
59955
43058
59430
141754
389082
383910
394425
147592
181847
121768
375848
393030
553327
98870
57942
102162
36114
655102
86263
537855
371389
292505
487447
445604
329185
648643
133748
225738
80442
258806
55645
45671
61708
56332
725415
161997
57185
160199
38170
89104
119082
146788
48216
114863
1480338
1383410
429626
54106
45010
63528
231650
184576
101175
38780
1856360
344681
47038
48842
150482
39330
1290374
1270930
145550
42855
132650
48296
474084
98484
108844
427146
143656
527498
454811
442695
413146
409881
316424
145360
108349
297060
93622
265934
249930
188203
408478
73509
49355
460752
547497
748299
405412
502036
241520
675156
266447
51587
264554
321773
377069
433098
336016
299143
51665
85876
61029
87163
438779
382973
383537
185070
248097
192807
46276
181203
196117
140497
206070
412574
730251
294208
192311
81459
969189
1129663
686378
587158
508500
790808
40939
54201
413587
272124
68950
212165
203795
199171
107399
101002
96305
316121
202672
157622
167723
226223
102346
34518
262253
289622
308981
138943
176284
145554
287351
316866
378694
326877
38623
58264
390089
121476
124973
428023
369233
359960
271762
76017
376338
344523
214058
180945
175156
304605
378222
659196
657142
208627
41610
563701
302165
390288
258676
199855
389018
96034
233728
101390
60542
54041
39731
416673
463675
297122
214987
134921
71422
56048
125514
191491
315142
177576
27256
48822
486621
547077
236318
41422
63918
44148
552715
122578
157314
55716
79190
44182
719227
179266
48466
662092
68419
56115
82426
132781
55387
33018
65981
818185
481673
398173
222360
254582
214037
58001
257651
51269
70235
206731
214107
172644
114383
67045
167883
122676
42195
273079
108605
70617
433760
277690
232516
755496
167639
808970
635083
231935
240999
379286
599699
519746
389797
480032
323699
412841
241711
587349
29766
388341
268683
370658
304490
182682
102732
231550
280484
425146
47039
447303
97646
490146
171188
45132
62236
517296
89500
176932
553538
66174
305442
122992
802353
128567
74838
73879
122068
1043396
815284
143643
35062
439222
136019
203749
81896
78144
164348
43783
514633
287026
698034
745991
171751
412951
96444
221949
127229
107327
124761
431306
60696
477433
440233
244227
226745
68446
49565
86378
99961
349140
443137
419092
98202
779659
237237
37406
788563
772671
449842
324284
63540
294714
61578
126090
424524
195330
454961
368425
170189
37158
189832
602728
502039
548641
146421
323079
401390
735861
508366
184048
369059
50783
113696
166187
526198
428416
179923
535343
367482
258596
414785
333027
305290
301219
102929
41983
351617
63048
90478
316426
243877
267337
276972
242309
409610
218064
309754
272545
123325
218342
307434
322302
346526
282151
247040
144212
684581
38601
260670
311018
463127
376756
481571
486910
414004
490094
91554
377351
381181
246975
189600
128609
315401
196386
104102
63712
206796
421679
157326
32303
586493
95057
45210
103117
668866
107454
533494
356591
180149
268933
126531
41680
36687
303978
323601
250021
97520
343929
179190
178557
190070
167709
183422
69614
64998
48684
291472
408161
360244
309040
69835
353460
270849
119066
45846
112622
336152
144683
556601
526092
624421
286592
338001
117543
718110
106381
309822
53134
294015
313852
143824
131766
353368
518653
502000
137099
62145
600108
208572
460976
468730
387144
69181
640795
565196
234646
73595
537411
42645
190486
149239
101342
63014
118491
582821
157873
575385
139283
683249
112016
299724
116293
51614
328582
279432
254276
151948
100678
271754
178084
142643
289689
264384
203308
334781
83022
58564
393120
435934
487589
285154
226026
47258
152657
52062
348480
271756
236975
149259
85597
68583
51475
480976
579425
572669
383320
275485
133966
49964
242806
233814
200460
181448
337885
301061
513126
295069
121242
297378
324145
321538
272972
384398
61591
287949
82356
384419
289428
66871
136819
557786
508652
507028
265630
235606
109871
448840
158886
175723
172818
58632
163981
135994
208112
84237
236609
56058
135001
91256
248611
428186
434049
176599
592998
410907
417869
132453
30404
52969
93996
113460
918779
823286
657853
163071
350727
32265
112378
223275
103853
299032
87083
327203
114298
293648
276865
177238
222022
144205
91733
139383
128916
94210
197238
198665
142812
82122
79874
188321
178974
262314
349125
99835
91195
46949
66894
680740
80907
104277
33549
71791
110438
785274
150841
48707
892607
497840
169197
527103
401174
371393
129235
410680
170471
155995
363140
147056
358263
169276
62019
81793
123160
598652
39794
97672
499822
61476
111585
561656
241905
213471
273649
340412
164488
42987
204483
629169
227139
713148
528937
310545
207152
278054
42632
171180
427839
399456
218665
87367
524661
68118
88900
77040
374670
85913
52580
70720
464065
144423
46238
91110
39788
492338
53073
97574
180953
127317
726464
620947
519736
167302
197849
350685
361468
404447
227514
494602
180903
158828
188080
293424
295016
52371
70050
380994
130835
49243
435174
254685
127586
241324
162263
208986
111398
159634
558113
538656
530052
197117
254165
189767
231380
252389
35677
228886
236353
266184
48982
311180
153781
445447
621174
528225
377941
280635
867379
504066
414320
70891
52993
43881
470990
273989
118396
469959
527806
124586
490582
212240
140460
171102
127005
97443
48589
135500
320740
127648
378092
164336
602387
231680
478464
88174
223109
53657
680480
458962
158269
396660
91864
117940
237762
38059
268290
556886
542123
437967
297578
312150
664424
295114
128770
166397
141683
319388
452820
244923
48134
534680
321699
161564
167072
105560
285795
137609
129183
398805
318314
704933
505350
511907
207149
312522
578288
192206
157855
739882
154276
769608
699451
120094
46326
49537
251853
250862
139639
75163
422757
313577
365855
528474
360152
363267
130920
267887
605130
34070
466750
128852
115168
143113
714058
600841
540701
317388
347928
94172
44304
44369
395117
225470
123967
367820
331763
525803
623704
268054
374852
52918
134643
279557
52007
126237
366749
137376
48420
709994
887392
803667
133462
53019
1047646
687956
136069
37754
100673
205628
62144
153385
978175
691394
226517
830036
395573
393629
509087
35912
120043
190667
45087
689824
183056
818573
760511
702167
473935
595869
860268
51169
112161
582913
591841
482262
112307
351116
347184
426158
165230
854353
390639
423721
311474
598112
177863
393445
316784
116932
400788
363364
340024
232589
505112
59400
153726
433402
86548
181842
636712
108496
34132
593280
718033
593116
622153
556416
48478
520767
618381
485939
683576
46905
443362
350831
155123
101544
606662
410238
509943
431112
42564
40093
69122
349218
53118
49251
50674
278221
634604
71803
621820
594231
303319
438155
37899
349827
453062
257039
468472
330033
201661
237211
39965
166538
77087
186492
114758
209720
235407
314259
578604
462230
371517
398356
175198
247329
361977
56116
253171
312109
495006
54693
471990
144484
422238
96112
38087
321790
350172
356949
463722
61872
44708
375122
100997
298666
188287
154191
100945
214955
581645
167073
75009
673555
681997
318080
329871
27681
81843
132259
469041
58277
427606
419204
266898
326930
342738
252426
915959
54937
220791
38866
43850
1056493
977395
316281
139885
236748
330462
118061
75586
86854
549578
190543
46683
71067
267034
896596
872339
673699
294668
343556
208512
43949
185021
218971
142144
417526
150766
557827
275444
624167
396200
364816
380556
412450
403306
219914
77978
135661
533271
176420
68793
92117
557717
542314
298051
69381
251914
55071
44971
544025
755466
563168
77557
31306
947046
632746
342086
40714
101065
41279
739670
165604
604442
43898
435304
103403
74235
179560
188391
298495
437253
216556
218720
32599
787796
356897
42374
48359
48779
179927
59252
43489
1254144
984665
268640
634458
136907
217643
52388
57089
278660
76620
164146
133111
63254
31830
129960
120613
81005
91227
65771
97689
46564
131828
293722
245508
576599
543648
296093
435683
49276
196588
102533
307258
113332
308528
197256
376033
43252
106341
234542
44078
1114080
1091451
1043785
400648
338510
277159
220064
181504
628332
223827
546783
683701
426706
403873
317378
143701
184248
600134
70836
177531
190545
320421
339930
54017
48829
57710
404863
680774
492319
407932
125118
170376
137755
757428
34567
276314
69888
562473
162637
884552
880360
317059
462772
65930
37314
101282
334485
217121
46914
418505
418283
123634
248168
38563
141920
259855
801369
708412
66638
720125
94770
89113
63958
114748
450472
434930
414867
85477
245982
39741
250933
143742
268669
282704
353530
387185
376921
125844
381838
113495
119041
122865
327940
348192
352457
246568
608226
55562
251356
216725
154032
241886
258762
253127
134222
545531
513344
416683
132870
108554
247772
47819
276449
203923
117789
49522
67935
89950
52303
198711
63714
37421
852785
103087
998331
812891
209566
45070
159647
92673
49689
471733
335045
325056
121775
120554
170546
39974
372765
499792
453190
261164
441113
171066
109103
430921
462228
583405
527080
315894
240666
158536
261324
300765
293413
56536
106149
52418
657874
251639
114676
90424
718215
675736
307307
155781
747204
562475
164303
109894
116297
962942
549464
347347
573979
188897
242365
177999
623165
761593
275091
769599
63296
399113
236646
204231
257262
250097
47530
437087
67368
415364
107459
28202
421497
55396
148099
260732
249663
55279
335084
402875
300682
197058
385755
67886
372182
367131
182920
449631
255957
306089
120327
474588
153100
106024
57082
134369
67525
795997
194248
48279
785681
657326
317863
215884
170742
339667
255826
128389
149579
41138
578583
102351
40880
124765
728911
121693
849230
366835
216661
334002
332816
99487
124866
425232
424465
130463
261517
65828
233544
139379
77968
415197
335490
400821
308669
426976
258239
43923
442255
91797
106486
136905
165538
61382
731332
525246
86269
507215
170557
301860
389098
420745
332756
160205
257856
293358
357642
210800
130786
78675
115578
149031
516040
32491
249646
253812
260659
150603
264478
128084
75842
161631
48401
221948
70484
64255
201164
35255
529447
552193
438740
316723
155752
37071
405810
57361
54287
168799
33412
770090
834078
366519
101160
739412
153064
421733
35819
304042
208139
165962
384815
457425
53509
131039
51809
505433
96429
39732
666089
209862
463275
145100
451155
165896
53134
88539
53916
438317
31587
431787
60878
164940
402377
91298
285473
292504
38867
111233
140851
222512
37754
238677
183821
480098
146184
56652
475263
150088
513862
134548
185456
78846
39352
577185
69563
86341
95558
42606
88799
41106
763416
191467
1116840
544463
969923
733476
103225
260331
534618
465595
422976
304113
271920
245629
197315
392883
353793
400136
392889
52995
430456
347134
595005
523823
427190
388345
209016
199974
291141
313523
110904
218265
224688
100793
84990
57689
250250
100227
227112
91607
38752
65772
417391
187113
245298
667876
189326
78116
53283
174808
29909
44299
189296
1339714
1197156
813214
513559
544795
341145
644639
715356
190964
378813
398624
368842
266898
648545
116311
121116
43954
779560
220992
138310
48537
886991
603483
150150
436808
62045
229580
207905
229247
388373
151752
309328
309695
124032
145141
303143
310887
427574
47539
34001
152456
581430
424913
237531
87303
516806
113329
265345
116585
188766
825799
864811
282873
30115
877980
156416
57770
398301
141706
474947
385263
367348
190906
295462
62852
130893
411513
454081
506225
365858
61491
350555
345752
496304
513469
124156
117885
689846
475535
445343
384610
44280
228461
68165
145667
209463
32899
329988
150122
67334
212786
633878
155884
766989
132248
613174
393906
253841
226663
133711
389031
300247
309673
111938
316276
245994
72691
405653
526717
430514
443510
281143
188472
110126
93561
184546
217338
169567
60312
361076
102690
377191
253904
95151
69723
78475
88627
73693
106372
56384
245468
200956
303873
275851
236271
455999
218915
122418
607702
220006
46688
40306
761670
443064
238105
143908
119581
231615
131814
152790
179586
220726
245388
335952
283461
213191
182235
228934
214737
311707
415693
443463
724322
44527
43705
323226
160539
291369
300628
275324
195735
359305
277883
92442
289187
150382
99946
437834
394250
397886
221827
195511
64932
501153
419717
201885
416335
72671
233128
142029
258429
57334
45115
58449
143874
35198
415080
55607
156985
68009
589303
140999
45732
70639
638047
181273
563688
54202
271681
367820
241096
328607
383133
51521
257326
473573
95239
549264
88297
52241
75212
566396
298187
140397
60491
61036
77763
67312
37393
125027
144420
39603
43445
66747
759936
742426
684503
170751
322973
320764
300175
62347
372996
306042
161742
228773
216223
60075
519378
280811
530743
519568
295398
194827
266911
386090
127932
429879
432381
143458
364560
167506
154705
145592
106567
219845
195388
211694
89390
47320
651758
661307
179841
58746
671632
142360
497531
515500
294267
100106
517896
79021
281268
160007
330002
443610
355890
395265
85721
438818
234388
85450
220088
96914
219527
218870
224484
220719
41822
55011
50262
216176
253798
115898
127232
369646
67429
262631
264881
136014
233387
231613
196313
118218
378013
261518
307132
238210
463787
54428
118702
40303
85638
89564
808596
885008
449526
49780
76227
890759
368756
266222
352670
241740
160454
273088
87906
175103
325890
328589
162596
567619
410914
531307
104136
34481
643672
148703
454149
367052
373294
471739
200363
561554
673524
353451
447806
49823
298708
156322
87475
70900
221308
43292
200675
212712
352936
334210
113125
50950
302081
644349
266685
64673
793299
768213
341955
534177
321364
174585
449467
112340
75396
30945
302637
286562
128135
101454
322560
92645
358622
330998
196419
55189
44960
52752
121790
370564
285001
90212
337662
252203
334593
166704
496978
524573
498409
243977
404812
448017
338155
175163
200946
604325
392818
191447
454537
77494
385271
245946
351809
334289
488993
328567
897435
44229
818934
621535
306140
131086
87600
762244
35929
354392
413983
235138
240980
233271
189275
287757
276509
108192
47642
312776
139564
74697
32163
51232
68525
465451
417168
137657
341222
208239
178531
184500
307519
213037
185191
197578
194062
264381
241362
334558
208134
160525
122136
37051
155183
78474
93022
203496
427711
439038
384337
113552
56247
58368
39847
99793
154736
111724
178986
438619
586118
276308
116963
597437
375781
238521
150669
48563
278067
223447
45439
325938
334671
201567
286112
223020
370854
486954
196137
401652
227280
118894
418223
490994
603075
843266
606748
636723
305899
665253
112068
445735
259496
32529
36408
518407
435626
238219
423791
348843
246577
321241
254352
125039
149319
52392
307198
350326
333970
411185
194803
422483
446121
332609
260126
57492
56048
53146
300944
228263
419011
280752
462806
456265
227537
39761
67939
37676
79494
566619
140828
52459
634461
645843
388428
374554
425825
107748
86345
306583
78941
305042
158942
322740
350799
572474
555816
545820
248761
42334
137657
446406
423196
147645
334766
263709
53888
39477
453755
246039
280869
859861
87419
40245
63847
66755
36443
973129
78292
46260
42095
757555
328350
188032
223705
60309
48099
301712
403164
341005
181918
99071
164473
193263
481828
193448
60219
61488
195229
97489
65065
305288
91561
348790
213086
382735
179849
39540
135483
47604
49235
561440
200374
674487
128356
611087
386450
273975
242173
259869
507705
445153
512823
58757
401989
118748
177993
147438
158697
134414
347343
90257
173429
495301
541350
371598
183702
158497
243327
314186
389168
490472
653369
647397
719549
561550
470451
312987
345260
93422
114566
90859
563941
64462
51913
80829
39094
719909
666757
220264
741533
561535
400435
77699
45668
709467
235113
206928
170663
80383
147332
667476
644654
227765
55711
46904
49556
62986
63997
790294
345763
223445
144062
295397
49863
339601
446677
382627
195035
130483
300173
170033
175042
340674
557935
534920
443297
251702
237151
68282
142238
417274
119573
79803
517553
205673
565218
421593
153813
193715
49613
535271
338343
648514
106386
634258
66699
468566
157814
201050
136121
277145
154216
326069
313862
531429
51541
556837
230433
49411
577421
83084
67748
514795
494561
310598
236280
38131
155465
165944
155842
90819
124039
248923
265514
434253
59014
236813
502748
368271
416047
167302
117548
36273
159211
53577
508950
623701
627374
368339
348293
393486
414751
386195
45455
93654
428828
119309
199790
39816
57113
57474
577708
46484
529954
103050
422163
121069
62571
127672
274263
51715
285400
596667
161869
61771
91442
52237
54167
889503
97486
882895
117025
50031
691794
445423
367929
541224
228838
36480
408893
364460
85161
166307
243172
98686
765179
394072
80546
969734
151880
46550
1064663
112402
739503
228008
410612
313158
88785
95502
114970
149686
165560
190442
488104
498674
493924
233013
695760
325457
37300
82040
182339
88785
39016
50707
45597
50785
668005
123593
726579
579048
292502
335551
222567
132862
67100
593893
50697
53745
72826
79351
119736
891585
128908
829520
476849
200974
454808
267994
452029
359232
155125
172597
160683
83832
260585
45961
76546
49893
220659
121650
74793
127800
697382
80059
36625
49443
63931
863717
881466
243536
143014
269386
285228
403886
370370
43043
418411
364004
232988
335276
429482
306457
385762
142923
370880
391896
254240
336301
256541
90602
138258
272512
261978
325106
60388
347960
266213
198142
198473
750073
213352
178401
1099079
92938
1198508
291493
63700
158891
117355
998463
110708
46158
35676
717492
488767
154810
307426
259147
407077
262785
266862
223287
209874
574834
102391
103926
183070
44805
48188
82251
74241
918037
843156
443498
101867
120228
1140588
97397
60215
43310
542502
534147
231120
54004
133777
490489
348713
550930
362292
389660
420772
246949
315929
469729
534784
146279
554737
452876
198911
118813
87050
102630
122072
387328
201147
174971
158895
245920
176988
142174
74337
62943
196276
166931
43816
205249
360667
365210
255257
154243
214757
202309
147762
110535
51878
220869
57986
285338
50602
915254
105034
32515
80283
38128
880933
72047
892404
59637
230389
210456
225775
147998
419773
273212
599871
529795
325170
92500
123476
154372
335402
80396
67203
51364
843143
261364
921066
945111
204468
144604
161957
149559
398926
315335
223660
240362
92562
102257
267339
131539
325846
174278
98608
332848
853363
331489
102193
186540
160694
1485501
69031
1363468
157863
84034
69681
1037854
214485
518504
478165
339000
295865
278422
84304
43369
232095
47031
249461
365147
620469
602883
621029
171438
226539
260469
301765
215229
181208
820400
218101
61032
58157
269677
111154
86987
477488
405774
232879
349930
83090
195771
83773
201446
158482
233828
283066
277957
211397
431256
243322
245372
450722
183180
81422
537279
496237
394548
288414
47130
116908
385575
395361
306368
399783
78402
378038
335528
309175
77356
305343
331727
403212
421327
177631
93859
294096
65819
239098
102918
239021
54562
276223
231090
235712
108804
324928
76010
252594
38266
107960
323386
46822
188882
80667
86580
407337
275912
445800
487202
197446
235442
130809
631099
769057
792718
506188
244689
242547
136354
681028
88041
190755
154329
172852
694567
682582
774131
339507
384370
55536
69566
136279
477213
123982
92291
569153
539824
282892
44612
312987
757020
635655
192227
40281
56916
119417
750482
404496
728003
104422
705474
529356
166832
121624
95385
144717
166221
95168
231685
187909
242197
360056
310888
403827
45734
753700
627378
616693
186087
425437
157166
68113
63981
368073
376199
652887
161035
146326
884675
614681
112152
98456
43748
187451
718202
537759
266745
56821
667207
274304
204112
379462
106374
258799
53767
414201
294273
221039
614210
138743
686202
207260
629598
95865
43126
40994
36212
438926
513378
293882
52590
206396
67693
686198
95963
545799
96932
42810
56847
41565
522067
289393
109093
117989
96891
730273
683131
78023
592766
330877
388477
608161
806150
602419
530100
372770
147160
338104
418841
417914
508759
597993
429692
493867
157007
242611
240426
135764
102857
162810
265772
50585
31891
120194
317012
306650
534432
408986
419370
132474
760212
381641
172032
60974
97428
98365
639404
174967
41517
702646
133022
456006
92221
421743
416310
387383
429808
259218
540269
513437
827435
429171
569270
52640
56498
490128
205165
392468
379708
434893
131137
122570
104443
651138
525820
409803
269870
238117
364318
193602
64269
176858
67212
40994
219352
76383
176672
84905
419203
59380
423956
189582
41290
51555
524782
107162
380354
247248
154166
708859
532079
169732
510102
185785
389393
426073
438125
197114
382180
70873
253411
171665
56115
73277
484005
507003
262289
409919
110167
116924
252827
89343
430708
218256
498738
494713
151611
67615
84990
143430
231265
140706
184813
499592
172921
621619
820593
452170
394262
521514
272081
282928
308976
183546
595182
560263
694455
704937
302309
605956
175720
205413
101934
1028221
913175
295498
42459
629419
241204
258810
60192
43992
491061
435318
504840
366612
480638
370882
571368
79532
40756
512392
455078
368204
49661
63779
704615
664748
518385
205680
478394
91377
348961
126729
408795
331781
233266
67435
62559
842300
676216
99985
73967
88244
88020
850601
510960
484036
338342
314887
155934
76450
317654
290547
597442
447521
167141
66853
477752
209092
172316
166041
184006
110834
724555
618388
600111
259941
68518
271248
265394
107147
323999
113358
218066
81731
173305
56166
504039
670085
273971
775097
107681
79754
66102
686743
514105
483169
389808
296375
315260
257450
373678
102919
94110
233950
575081
115146
48577
705403
346518
66161
142965
945139
765545
673234
472893
372901
636611
362160
228355
642236
627478
396441
45689
613619
192631
222262
129950
268764
214145
174708
337230
395260
403856
409034
352972
339246
332753
124620
54478
920914
748000
381072
831562
102947
169348
341506
484713
440095
450459
204506
268639
224199
290272
455677
245075
86888
85129
796293
325442
918212
914021
393249
637597
79933
450941
115945
246141
82997
655249
112823
565607
569562
141867
168892
383418
335803
171077
334571
179387
57911
89714
314899
155587
115073
463742
242826
661490
250046
143413
793311
792757
475444
876438
530934
146435
42835
49429
638352
405379
49604
573475
308372
756289
43248
174043
623884
55558
114177
103446
80778
652172
475346
954583
204314
882547
42111
714262
206926
202836
46320
66769
253976
226269
113087
235408
183249
169156
175759
155599
141099
296952
342781
372763
337171
184042
147826
289011
278864
252779
382434
106765
412491
189016
80415
61778
563996
382437
396324
98290
107111
210046
114194
133230
131326
354414
510444
539995
345629
705070
54723
415431
148556
92042
404045
213756
47888
124976
38802
644327
601686
196273
35804
568440
187610
272696
286759
253026
61317
213703
65435
126745
186546
50627
294468
213882
49937
410821
357031
265580
394700
316921
341695
95918
264150
221287
212950
218165
85411
153704
78590
40844
81616
53684
196958
37678
50618
90329
58278
142790
248538
48427
158294
829833
818132
39727
188031
1002635
346500
347550
111784
136704
352335
221689
401757
489559
51888
207337
31606
105513
43502
854305
72754
43682
1018873
257430
914065
653919
440977
294301
87671
657184
42625
93313
80075
439497
472567
482906
113302
38944
266427
330384
413455
70419
79767
590152
241515
575454
147430
52039
47433
54616
589584
163044
518896
201878
541691
404658
35364
66827
314072
44180
1044596
72889
97898
38693
157663
1174685
80291
49151
39744
1260469
252186
38358
654878
245975
122675
681907
46057
44346
490732
151300
475881
213319
96441
50783
339329
304648
442097
415558
250841
44894
40769
79835
205718
777197
58452
794075
676750
165559
173789
238694
66123
42878
255550
112148
343252
121474
78487
497036
448217
47057
60039
54746
713756
173169
854083
288908
807124
407002
93460
264112
146911
84958
295721
163631
143987
531721
45943
504175
363091
195151
310025
241989
158649
420410
252078
264292
45377
97933
419018
391594
282571
584730
434438
209246
63051
48645
513647
255457
346293
379678
328673
379887
409792
245780
629540
182372
526108
111503
75659
614084
185099
210903
632594
564298
462916
265228
305241
430925
186970
102204
176242
65544
187858
148415
88534
58225
237366
283597
393357
524199
386043
306834
535482
236561
139656
399723
242682
474350
490056
310180
107470
326931
739746
712172
182478
40107
747330
241299
431441
382113
324119
336923
199091
232342
68495
321926
199031
444850
425496
339810
249713
166347
185329
450675
405925
388252
396945
573006
40695
374921
393160
152119
32137
478545
294049
358501
304700
285599
137588
92659
366501
269659
463403
204056
686715
309637
752241
182607
756343
175151
526338
401390
237421
262548
455069
326269
47472
193450
44145
541738
145613
453407
132463
396289
53082
223255
1080160
123536
894476
1054712
371902
399021
346818
182600
372817
412396
386251
420969
168831
198716
244506
209004
422019
336546
98189
64585
505306
510380
287510
73001
279454
305037
536160
541356
416642
440072
374879
281276
183496
139624
210014
258874
313750
122552
159926
506464
448929
87016
417347
271983
257323
331542
139310
31735
73588
319962
177238
129093
622146
593510
411260
182266
165131
211609
247525
262033
131996
79478
324972
105346
44947
48666
226687
72817
160195
93446
794228
113148
848339
723139
251081
191657
91685
59407
394595
562670
525853
546869
465654
317535
154341
52838
355681
180540
104134
150061
113978
475061
114378
75850
74512
547086
550948
226550
156381
112191
120760
70728
398270
164550
50272
477790
611291
189966
263270
594567
514208
219734
47550
497688
41760
53555
165778
381759
50909
367956
382376
662285
541257
202266
592089
181331
157496
164212
67902
114417
46396
170031
181744
156812
205942
284502
286471
433395
280982
178578
267905
292778
199350
177469
116516
250387
417150
267366
101288
66508
536302
446340
341930
247797
425379
68282
117385
617934
211526
575883
572930
157788
113383
157903
114082
177782
44120
326543
54356
70053
79699
51017
476788
118440
701727
478978
332898
192589
399584
168733
50093
59696
43219
189513
157088
282103
321443
419890
380242
43476
49364
48587
553036
481563
360205
95991
323677
176302
67031
231273
170995
378419
359226
290723
342871
320440
64862
568458
527780
530510
99425
273226
363887
378600
196825
156955
505050
285488
321020
202750
73505
71852
379344
147950
375791
91542
42820
395910
103848
345764
322774
221230
322238
104293
47130
212562
358451
268360
84770
380947
61152
102397
59547
63392
43654
142421
45626
674640
482012
482651
262486
369879
203161
419636
430013
469557
482606
132426
617783
547780
388774
211402
306533
245594
208944
394535
361298
272661
82103
605464
190918
466327
443364
207404
169573
135719
205616
168352
191143
118541
49617
249157
188536
100403
123950
356626
74649
50784
310077
120650
433705
155825
50143
68822
431129
414312
320589
278014
40301
62763
240289
209961
206929
313894
223932
34477
47588
343438
170513
41673
412481
246127
304715
71732
66751
108301
911876
927864
766216
291452
117945
400323
339526
153353
312297
355597
314973
370689
29980
334343
82922
206349
253823
175398
73628
640460
660005
554046
766681
354194
228345
126582
50514
454764
103640
71654
382077
51681
330771
162254
116367
321714
92974
106956
223328
99325
705608
724659
70373
239870
56649
69950
1032948
427461
120019
518295
366198
335703
245437
113861
480159
51341
120653
510953
556636
323663
34297
152631
858386
436379
415076
159657
148874
158946
162459
546525
284034
237252
67737
90380
47562
169964
741729
750985
257911
44287
700567
65603
249204
412237
313394
391994
458560
259010
345737
259334
216252
283439
223660
64690
408712
519936
557893
539071
761346
502714
64889
54989
492705
141001
171121
152184
100233
787419
682832
227964
38963
709849
133469
59783
47245
33280
268784
812106
821092
329768
696172
120894
44584
64245
227002
249609
122370
253489
176077
142558
179271
113523
68500
94562
43754
110337
73162
44903
232365
133288
42187
283220
258761
132203
105916
130807
107194
326043
396009
179068
184225
1105220
182641
1146559
192450
43130
56384
143526
43083
1198953
82833
456691
129496
542914
382544
554496
421558
269940
524112
112946
83938
272378
253529
229726
467534
111186
33379
334037
312884
136353
97635
136113
320592
289465
277080
128602
43766
37375
500581
139147
375830
98250
396611
349903
266043
331685
300093
142064
130959
142208
153883
67586
398731
129313
146439
508493
593162
225550
63104
648162
56628
32830
216750
145197
70492
46838
170938
193522
182475
131276
268636
593059
571990
128912
617198
354262
302351
322948
281161
50740
158012
260770
79803
35713
31408
99750
152555
547767
52400
615629
518262
308498
299037
190459
72670
278353
165175
76696
308250
311326
271341
265491
504974
457565
361281
100870
256580
86780
60123
696435
578372
188229
581501
107449
293819
79625
344861
393216
299983
128716
336116
105737
52157
35568
56317
154922
292982
231446
202298
231520
99955
255486
268219
313801
295521
158867
45562
225869
136316
273832
249046
221949
128657
259859
254222
262162
308067
303558
280662
153829
295124
294601
337470
1099870
56176
66812
238375
62222
47952
59778
50252
308344
232288
160034
168871
149412
42226
176398
276938
433985
590819
457678
215295
101451
762513
630665
743897
460289
442805
43703
35112
460188
102613
63262
67652
170874
38139
414892
402987
75228
356932
51371
148718
146231
136454
57536
45934
59145
252211
67736
197097
204005
178667
46293
53942
289181
277860
249472
185717
545005
50583
414889
469153
242240
247743
200352
162544
212646
517474
335634
156588
425019
189199
120975
74254
66649
255743
817644
52207
747785
252282
136315
994460
466731
419251
416336
44791
342946
151824
528566
182261
47428
605274
130042
35967
66535
467687
360178
132364
237653
50107
63923
162446
122784
146197
271895
358782
416527
521639
53013
349868
269932
239858
252190
47313
105594
383836
431183
215319
87543
113534
51259
593049
150141
97840
81504
79965
172543
747731
803852
228335
736101
310515
255533
224031
99395
597328
458258
116063
581483
222555
214390
94389
115279
124672
275028
114899
48659
133781
48981
87030
44627
314049
557396
535277
468954
573420
178140
94754
445587
539997
250233
205862
559326
509427
192611
447278
142682
303665
152046
31955
455000
157745
50271
499232
147552
430433
188246
387411
109383
397872
390359
260788
293747
345964
159793
86367
387304
100012
494082
115618
293666
242068
158022
162104
131138
55429
129194
328474
374197
153718
27780
48660
62363
530223
187755
107229
77181
552501
519726
334618
225635
174520
163348
235431
377883
120269
125245
382058
426184
322308
279741
381032
427392
197898
85719
172460
695153
782421
348168
628603
261511
137923
129329
193148
51834
326185
153645
45292
119821
410254
37316
52282
32639
436440
229705
124068
335590
231029
93808
43922
757941
431364
55649
911612
260874
55658
924777
224689
588905
523371
181792
314680
163761
111155
42581
382766
334678
154797
609597
217761
745897
146081
662692
141055
53148
489489
358491
112586
160557
112727
123161
108730
167911
216759
54399
170205
443614
452630
153826
433862
143256
145472
174663
42038
159803
253165
312619
148008
58797
556160
547519
230183
252615
736921
418521
106658
47240
50003
442540
212365
327896
45153
421647
168823
416937
371633
281279
241811
331627
77711
54766
249229
177186
390509
264316
527493
126023
33467
90718
37777
38372
40864
686058
534188
342922
196315
132660
93617
200989
292756
195309
296469
320761
271518
135559
426216
97367
876201
801646
617796
135521
116677
84207
691803
83998
228637
133996
262491
62079
261351
196776
165061
213661
109176
256700
131352
39619
45649
200224
230990
252781
309456
263732
109008
359367
173663
108408
484435
357685
269246
115126
140157
238342
128102
71294
38654
161162
63873
187655
180080
151524
115180
298361
124136
67114
74101
65300
81606
508726
549218
361364
142932
228077
187655
374252
366787
303392
364720
40023
106534
239836
89492
61582
372265
377565
275454
309917
218202
607412
702203
425132
668628
364022
236816
326339
267750
184477
175051
48241
45844
244060
273036
254918
167442
125029
539444
42884
383753
393020
280528
34567
622846
350923
324078
376865
48632
343583
53185
653379
57538
34312
675856
335021
133549
112683
1159686
107680
45553
814649
228878
882687
519942
284971
61093
503193
424515
243895
87580
89293
78093
54982
541908
77809
38318
424722
499384
249102
52776
102870
432616
120807
391914
75863
112069
452152
305243
444643
286494
442437
387978
120627
149353
470562
423974
248738
470374
349505
391129
202699
455776
99109
136762
592280
708848
744489
492100
318730
86423
257563
249659
132827
71076
358017
184281
390184
204178
42413
38637
492300
372710
109997
232433
115129
45317
67331
86628
108779
135394
179303
164668
221597
413707
420602
257966
50917
111844
54353
750525
220320
48770
731388
808380
460089
505929
260819
196082
128112
218520
241741
167854
283875
309958
350269
370205
336735
591822
446504
571564
128160
761638
684844
666668
369848
251164
237788
368048
829363
356437
355471
205303
107067
237927
75666
114675
76187
114983
438626
435234
515960
256554
212048
333495
216549
99761
55286
80198
294533
280150
463802
701737
546515
371298
89761
478652
112906
224771
318493
118953
332376
321743
96293
176475
201457
512810
62447
47258
727497
691808
252353
51175
54467
158199
860168
506039
588411
421455
431364
72358
145502
120504
195360
692820
109581
666870
614345
89398
55028
55875
328482
380593
39722
521496
595468
133745
108902
80018
678087
506888
469159
297126
445971
204576
47157
53012
54663
418350
98874
448912
73984
40147
395423
35055
141525
98987
145038
269239
75096
49870
66359
545896
190362
39847
70588
52575
788246
122181
842903
457203
184350
53141
94057
38327
135537
182756
77046
54397
69311
834827
100126
126761
33858
45629
63343
1048987
958570
221762
45775
518461
244618
195821
58072
348305
176263
341697
307628
57728
407945
181307
476303
187459
45451
127639
554544
566455
583751
398575
465255
255908
58711
79348
39763
56661
70830
379589
312673
185942
464412
237478
346938
385714
206603
292668
194928
170942
118191
123238
130459
276481
336882
366789
361056
309224
282579
184172
623923
250483
233550
390439
363451
212138
364081
237298
168268
171291
81370
588394
453116
238796
502770
44278
207483
236083
364561
53303
117588
460086
415220
294170
382591
85894
113221
97633
62447
100727
672148
119649
682814
655272
83001
84541
133011
38944
417526
209928
438407
60215
44209
68546
131964
632552
381711
339512
142720
173849
313158
188868
51012
288519
464848
487484
498977
223398
242197
127131
51625
93015
119893
106888
138756
55618
65044
172451
160501
154190
344569
256357
38790
142468
76693
726034
290873
776886
80282
594572
79203
208320
105004
75066
240596
52337
71892
256872
63931
284166
164290
62507
469882
482671
407048
525845
64270
243632
360333
364251
544904
628026
363201
215486
948532
630287
594062
99528
98922
115827
147461
151686
92005
609726
264121
195561
118978
72582
49839
66586
599224
614378
260059
99785
604266
339748
366760
258924
40377
149118
440646
365488
380494
135936
145813
117656
320595
290340
253375
262158
347750
228978
125100
314168
313488
194926
276793
71076
592793
501757
565982
161491
66636
47220
186898
187757
142070
109680
555746
51399
540886
96398
526486
185468
186910
85051
84851
66513
51275
58285
550519
205484
553762
62693
611574
134529
237105
168525
37458
84283
441439
537488
671932
509161
473527
55440
69443
211766
471971
400927
430262
289688
535292
52826
207567
71287
626908
70985
115762
652367
583738
56372
157632
76392
118347
91955
99503
157449
234980
226049
125901
282874
207738
192281
128659
200461
66397
136187
103447
361254
166411
457155
256680
33350
779758
508686
384031
69917
174335
91992
286190
212634
43809
91046
497668
139875
45288
515396
296619
84257
108868
160020
204141
232911
238515
204475
118199
174202
302179
347629
259129
276909
370747
450142
311744
320044
262964
215031
1077372
110671
81611
151401
147169
128032
135738
321590
342323
350099
440045
40643
47063
40124
286591
82035
470991
296960
485074
115967
402767
54773
87356
285013
181973
28321
523875
197991
551641
384894
66779
155017
1128564
345525
935320
294413
1059825
384958
143381
41825
47744
549879
458251
468510
221905
97922
97141
714728
421782
403610
432747
152404
84457
124102
136621
141522
107613
356791
163319
75421
559237
619412
257240
127120
36889
36076
37884
87003
60117
876813
481827
122576
633424
433600
434553
42249
465297
256697
309481
247572
302529
364090
354748
306407
281629
293000
68168
200991
94074
296971
106022
37305
307102
221294
141881
258904
244338
181420
69796
62255
34058
440847
475898
131826
174193
502608
350004
345722
312047
425893
384801
340294
120716
234916
253021
260209
252968
134264
67544
119063
32640
59246
81037
780113
637262
658889
115758
126690
454714
275180
249848
332783
104471
57069
56502
55735
639014
498850
529615
144595
144185
123827
301845
608478
495586
152676
32128
29960
35937
504389
323994
144386
35347
220569
105731
258369
99030
40488
338632
255896
254725
232539
181395
163730
382414
60348
116758
786827
64718
740755
141612
125911
48833
125967
31915
47326
73795
39157
171689
1321244
1123603
1254124
798908
214760
34007
190655
1130028
828713
173853
710106
139373
274909
60886
199626
171235
142769
212598
127869
50781
64716
321524
425087
258263
195240
725431
108648
553585
400465
176162
198148
175591
99006
395934
425017
146595
505996
190108
301603
116479
38827
81309
486519
576176
535033
341437
564619
123320
337314
374009
677651
131204
120343
208172
107060
67959
84163
124197
1276319
1137334
228563
864059
332133
355218
264047
166504
427398
366927
276839
221365
263893
69176
127095
124451
408131
76365
43717
214538
41561
710335
614254
392389
182541
61392
221070
265306
277344
221939
116328
48053
368781
223235
422413
562483
281448
336899
48776
442973
292278
35562
56119
504521
101402
150017
46475
183158
803654
562435
595480
415609
241922
239151
52008
867217
896996
117542
826952
338181
418918
446423
337977
346717
221944
197341
316176
236966
246257
382245
262973
205636
247979
108299
317885
336762
371154
331763
236799
124960
255725
287275
137050
69997
75903
61908
336484
311616
155614
345690
182848
397403
183683
54094
542300
251778
582903
356567
201083
160172
313896
285025
288186
282177
389538
59782
343790
332094
200688
199865
190174
125317
277893
243559
236548
104094
678178
687916
787354
609980
143952
65499
62859
480312
125524
563879
581671
293029
397276
217491
65087
232374
294934
356948
448383
320988
165098
366202
174319
36958
456070
141551
445662
124140
38121
532830
517281
341409
474189
277038
101755
148928
123231
56426
134984
386922
193050
506290
548823
147186
244363
56778
143868
74770
453640
561608
552280
588759
299313
34507
42161
158807
196832
93637
85215
720953
732363
822143
272042
258505
113971
40680
39943
71975
65088
110731
471292
390941
77220
334100
75716
112953
165114
345654
49428
68566
454901
439760
429894
245196
203610
33018
378973
55386
45011
162471
559350
587838
410557
75049
1148456
947120
952382
295837
299796
222954
153491
257612
1108272
72665
658906
606884
778342
40167
154593
33898
56189
51300
43765
110034
1244071
869434
200338
890329
207036
172822
236992
58430
218397
133551
167861
119945
188699
35269
163673
185908
263092
266619
506353
390318
253719
700522
134320
724062
63184
150541
602223
155433
193655
180688
763735
726419
333666
46707
35544
32698
816293
369700
105137
571248
408705
502527
46503
443944
54874
40997
276599
105317
295796
58065
463544
183229
66887
123811
570648
46177
234759
79090
97156
951297
603932
104443
62597
80398
604520
222817
46615
152796
565694
604883
422372
237796
258260
342032
295711
485171
131256
91523
193048
582587
475167
125168
103114
58526
130024
305560
55633
1025200
137005
107546
169170
983879
40998
958093
216643
70183
585259
421301
290773
81533
583924
271849
90964
236384
335912
455879
510891
676965
149224
54448
622965
491009
237295
751224
423187
269987
487643
196794
296131
89655
588979
577184
710282
622386
151574
639202
153755
650284
519450
190715
324813
383871
230575
457845
473458
208825
169377
501705
42497
187353
123840
31844
851258
195686
153564
1004347
957641
349142
286286
279941
99900
39654
73763
309315
152859
75721
402719
406240
346431
178142
263036
90771
62194
196712
72398
528889
56000
40895
64799
553232
561793
163653
127164
612753
534727
517370
444795
310566
197470
97569
477960
228287
550009
193514
539648
377225
293019
205291
169658
139108
68781
73780
354444
204214
317621
80300
397586
164261
62729
371266
359529
396134
558582
163686
415336
54177
480954
163505
117303
24178
290945
414460
366582
40042
46048
85746
588420
456460
278214
88104
65223
360950
230104
284789
285572
513262
583479
118385
554689
98858
102679
698961
227995
280765
166880
338344
93865
534750
561169
66161
74626
33120
620013
219001
378394
367909
255470
113006
170182
220975
250255
296191
638391
359565
132971
120024
47235
505081
449086
131163
304226
182931
160139
239964
284609
381063
293089
28384
112220
114854
574830
73177
516831
117155
66106
43798
57383
114166
535812
202396
486698
446887
279928
152286
48956
55744
221208
313784
438171
294092
385050
553169
518017
538251
226541
44627
847685
145361
691453
690324
283031
367615
78301
62181
360846
205983
47284
425343
125348
680098
536483
116627
39752
179311
1039800
126911
1091163
451431
67096
1270819
902472
821945
581669
484569
108904
309014
205191
125400
153105
47996
256822
117779
259382
77767
86691
46700
100772
203749
627316
68396
493284
501070
118099
150678
121478
35052
211504
192092
82672
53920
33173
66271
38850
463223
431608
162634
184231
580308
176877
77795
478660
562844
157549
330914
110324
280616
184799
102600
204619
114303
203159
236750
160259
202281
57115
166407
210698
232495
256633
237428
459230
71093
62132
228764
64319
28373
955498
112727
32537
45817
991535
111768
148998
1249836
198816
501791
577046
377801
433501
532434
264680
41677
38821
48815
39969
541136
495189
134578
44159
344304
291621
433214
708998
802457
38123
74969
836410
621144
302814
105608
111556
78952
81464
572614
375766
394507
430098
162639
156607
138586
129822
95492
61058
142864
89443
76375
110140
44118
445210
472140
329760
555324
507896
470535
430884
101585
142378
537433
166809
73170
174110
81594
198179
141712
120237
157663
380921
117173
44567
380435
111302
381833
34344
72540
254098
256527
303472
297938
229890
283731
224447
249256
273037
101251
68419
61438
41309
395622
406688
214667
472051
179275
54497
77756
342438
367701
223538
78350
101304
84803
197293
235758
224762
372525
135806
45001
660433
396515
730053
110301
99168
57157
43712
964048
153142
477135
97858
410479
216949
165099
40583
349626
227711
464288
457610
248558
283333
283637
292245
283271
40100
398891
229273
175510
131358
162035
499171
438545
452071
195043
238252
41365
38884
95176
94162
51675
139528
540300
306697
736259
720238
330439
127105
211179
158041
36624
101535
357930
412851
348175
292524
237407
98236
40351
87552
56041
176385
553062
564238
483216
175100
125765
37235
48046
176775
134803
399070
505605
438321
765032
503708
528954
657223
362534
299516
291756
306016
74814
336364
158911
292539
212061
45581
41852
510758
57985
153833
438739
108450
527385
318016
139401
274920
208043
60416
64364
71267
379403
218685
498990
433229
149556
88063
46554
68870
221572
113944
52459
678573
73315
175388
85322
739636
752757
158735
81497
462932
87591
399023
518602
388381
249479
425456
65677
175266
78661
413026
504171
201063
46392
602662
386380
308815
170016
377361
152951
275678
360162
162850
82785
123394
610367
434531
398487
304250
260539
57049
245624
262024
48597
40476
453887
74976
78252
110383
37202
40725
551241
94724
279625
938983
257339
44355
71785
904622
708288
301028
173694
106011
48858
103197
125005
160062
222619
176808
274579
164202
164102
39436
312731
393356
58699
48494
638523
91813
661185
560722
192412
317354
122988
277048
294413
238193
34369
44329
68593
500422
198214
469319
344678
261484
443440
214383
348659
1004279
1015975
699832
151997
127939
401928
47257
92492
41796
76203
41521
262507
265835
326941
234206
243791
160737
113296
566920
193727
99926
763853
674316
344313
76206
276688
102936
101199
93786
120431
278632
297668
157490
194224
97480
89461
630802
46765
465643
493668
148931
153470
100578
51008
51787
279977
136080
89535
45644
103534
46800
471367
523550
254295
62475
565170
365804
170300
347478
85231
182489
44841
149388
116523
108565
101114
229609
89689
111190
458325
144236
560280
552277
301992
519738
262056
158868
672758
675218
441131
395139
274625
46306
222653
230138
145593
140303
370204
409313
407887
92389
67584
54135
262097
273463
1000625
722659
557085
415782
898206
213429
550235
599048
292692
437430
178594
208484
589313
255963
688889
551840
122693
34428
383550
76670
59003
232832
112519
52139
404058
331597
484971
474955
445664
150638
69891
539174
363510
346672
314823
135825
118817
48525
131813
48796
661237
94264
73831
781954
623898
190480
325656
366255
657563
758446
642943
402066
210872
97496
104519
287665
129263
133937
524925
106155
34301
501634
641109
427588
408489
147324
544552
252526
259727
174370
198521
132904
253970
84977
246190
167710
163104
179900
86732
146012
349787
86817
43760
481518
164845
441083
91743
39569
310828
137113
187533
145472
196519
144571
156831
584008
241559
614316
657840
675380
254511
366107
400322
187613
83994
698300
623984
522232
205800
552747
298381
183268
303018
52965
454966
147740
51281
120665
762410
382218
952819
183049
811352
556169
292794
355261
136610
362986
212441
257402
203898
84215
818654
942511
172717
32097
180620
71926
1017037
703202
668277
548776
943743
639478
124797
629691
38444
559120
126886
52082
376795
185731
37209
351561
345027
86757
132804
69068
58768
362763
426964
218795
618220
362087
220425
42397
109431
55741
457550
393552
423962
209620
167356
374433
75138
227397
249133
189734
96722
144823
306080
343878
160608
410605
99857
376084
59491
36343
71652
272172
143619
366659
244775
53458
566219
312493
747118
239005
745860
139403
753628
476629
319426
387784
267275
204095
312640
139208
249306
51658
61488
525168
130906
273096
859663
334150
54322
145819
1198634
99406
43873
146751
1009557
750753
312838
213794
632866
521782
388689
148824
75044
218254
45670
62344
174575
80720
194497
368244
45616
426694
246455
569640
129004
439813
308707
192776
59878
37675
79846
172359
523567
154604
540280
601322
151651
42189
265729
177454
124355
201349
258299
377192
344051
330009
276316
144242
572535
461592
199612
470310
253748
260460
401076
488115
63733
122525
494722
172965
41391
133329
807553
112533
722401
581875
268986
105626
402895
58625
250342
57160
76208
88543
377800
245670
413903
151848
281163
55050
90715
40530
173869
72971
83299
46514
138155
39297
110806
1282577
102775
68258
1375155
315353
1422453
172045
74396
310872
52465
155783
51943
1091864
851407
130972
681130
97354
40280
221561
120346
118227
87587
443923
474295
191238
111072
53211
527872
48903
325660
214211
413660
249051
532179
534085
200748
