36671
59022
14659
17759
18452
12547
15106
13685
14745
15690
14660
18423
13774
17978
14313
14179
15001
21879
17990
11911
17753
15643
16752
18155
16171
17058
13144
14811
23060
12174
20823
16526
15311
15680
14686
18311
13618
15800
14624
16363
15067
13689
32380
16865
15482
18747
19245
18810
13064
14839
13366
13795
19978
12276
16653
25087
14078
12318
15969
15716
14174
16687
17503
15410
12794
17597
19912
13412
14874
23785
15382
21861
16358
11812
14677
14779
14425
26671
23498
22534
17202
21056
35640
13344
19129
30204
12978
34201
17728
14355
16025
13476
17962
15065
18876
19603
12646
15567
15101
16109
14095
13536
17074
28204
13310
17846
13545
13136
13044
18087
15269
16233
14318
15288
17875
14700
19898
14267
15007
16515
15354
13149
14823
20502
14902
20651
15730
12291
17911
28147
18118
14136
13461
12848
17538
13405
15729
11926
19640
18731
15481
12503
16145
15685
13192
21314
12857
13882
13326
13850
15222
11586
14236
11746
14505
16059
17662
13532
18356
12457
14473
13034
20811
16295
13728
11541
12304
15044
14653
17665
14510
14924
14352
11521
21577
14563
13884
13204
14756
17133
13328
11912
18021
15857
16376
13474
20676
20201
21943
11957
12846
13581
18612
14606
28908
12624
25871
19338
20354
12609
18696
15177
13965
17097
18463
28673
13235
11917
12636
14926
10798
34066
16438
11897
20640
17277
18541
17975
15534
12222
13231
13083
14812
20570
26386
11876
15512
13446
20567
12507
14058
11991
18947
14690
15671
12989
17274
18429
16564
13949
25628
11591
13462
13541
13858
14693
17033
13060
14906
15816
16124
17018
14084
14751
14163
13323
22535
13745
14484
12100
15525
14418
20302
15007
26083
12098
17347
23671
14182
17567
12180
11197
17234
11551
13666
18740
12286
14434
10368
15160
12593
17234
9802
26250
26401
14350
15159
17764
13773
15440
13094
15233
16124
15227
15853
16384
14856
20371
14994
15066
13549
14798
11214
15173
17364
15219
31144
20890
19605
15028
10937
15015
17683
20299
12528
12841
13130
16931
19120
16058
11693
12681
13839
19141
12951
10689
12563
18152
12902
14908
14559
14209
12968
16604
11923
14678
13810
13810
12009
14098
12282
11317
27630
13860
14407
14884
12981
13500
26374
14753
16737
24457
11333
14935
11793
13552
12148
21647
14451
14025
44080
169925
268934
686980
582687
35205
71611
1003643
142187
119739
743328
140255
38935
929729
1998338
44995
123790
25991
78727
973386
447756
330023
181895
466256
836693
60612
235025
807890
173062
634217
478204
279807
394985
337308
633820
488188
347515
844920
68983
2094514
1234630
224039
401730
156563
97051
238884
385037
107933
406830
402568
96716
41861
135123
90857
85772
155260
200937
286734
289205
233745
127859
791872
808474
79829
112660
175314
693929
910741
542998
179404
536901
288110
244835
195011
174299
88531
100456
783714
230618
123271
1039457
1437746
340826
74213
401745
209664
100728
132792
418566
927505
214562
60908
60741
168155
314406
1089958
582412
143659
302201
490141
75796
512613
818451
99714
188615
710361
75385
645101
90048
2360556
377415
181151
487043
434228
194380
328525
262703
167804
335649
182406
616916
2071051
519273
1210454
74336
165564
420724
109799
363445
33038
920671
901978
392191
132212
325340
58528
54303
1312140
1566115
112257
202977
325843
218375
245186
1063372
400810
54082
63007
1068218
98393
36268
675713
281365
513768
548516
80442
514375
30492
201664
2152704
40709
352831
545827
937354
687638
403039
59921
157346
63377
707101
42296
181920
67631
534325
87231
1797228
330530
78199
622978
252313
31896
325213
580857
723284
49244
202223
417146
407614
162352
581879
449378
1620840
693460
808786
115952
632259
834041
574639
1753877
598873
41732
319062
197954
526542
634418
225968
334465
34008
187699
194630
41156
101251
197474
399209
135580
232521
237925
114810
290069
111610
932336
153700
222188
805125
106321
846021
1955662
674300
141690
204694
175036
43358
113661
145481
641582
145714
196742
113780
71802
767665
478138
82088
81528
40103
23971
246524
55485
794787
487991
879749
546289
188277
306923
153007
224413
1353083
347688
479252
242964
174941
74993
455820
1039342
670524
933252
117170
31201
1148028
553243
99928
220779
61866
784779
506174
139272
143995
89268
97134
436568
163226
386661
43403
407706
447958
47268
243048
456627
1299742
886667
304249
112551
925180
149571
138005
348777
408933
159391
1264974
726999
2039423
430697
519754
574840
649381
397218
1013622
828915
33844
271775
395469
148056
245808
130195
375345
187642
335354
108529
239196
1417901
1175761
457005
369362
147295
1338948
378683
186283
151821
284830
353755
298213
40575
354721
509456
280390
998036
442321
716885
96416
74240
342734
628956
258650
354024
30244
276003
144046
1144087
270852
292208
515535
900037
310677
391309
209580
1209317
456007
120111
121072
625767
95790
461870
429026
317070
462843
32151
791950
296125
608825
158023
259313
204836
790966
31046
927827
548303
553310
156427
108312
483134
110281
181518
461932
97832
211407
195418
436161
402026
295146
27440
328254
181681
639646
602373
120627
298617
702332
205396
501279
1231190
64757
34362
142687
158223
221735
561427
229969
84423
607606
181262
369956
92255
1802470
36342
323682
89009
336036
236310
857706
1022530
464263
1334607
541693
1439116
345603
168999
207333
1002426
89200
666972
59838
539552
977633
52219
863692
182117
194739
34051
750471
74227
42317
134683
48728
459582
710404
543040
369054
1151891
48983
299321
159239
88532
317430
87837
681306
188110
379105
774049
53200
868415
566432
89646
181026
472241
55504
22204
926126
766494
132927
78124
733498
285453
429514
942307
545136
596149
52516
365098
610016
344950
83782
223080
1407163
210231
325146
47053
1357142
52051
49323
967152
161550
550545
858611
1225707
145286
318811
147197
44902
87170
31333
65409
888804
138274
24296
125784
178064
952585
100864
872925
896317
272071
2391614
50486
936353
199544
799507
490267
515342
240034
571918
230127
329807
78393
378944
228821
822158
46115
185176
121911
259823
160974
338927
92746
52319
679739
664942
856578
248908
433124
314395
468086
142343
654098
85481
125668
160308
378752
1606151
116922
397234
372181
272582
40814
27048
103462
53929
153932
296911
451877
254511
53770
1117781
2278027
118245
282211
167771
744302
29222
326521
279397
108933
141266
102644
172464
400001
1286923
247019
959158
27081
355606
570886
97853
828492
711528
721743
162476
538837
60324
82547
233454
219280
376064
1199061
32305
703424
1879586
1091048
165063
660444
85765
180640
500273
1225381
230610
40912
298721
1053067
60036
907555
169273
130359
41496
381230
853254
43307
615736
337121
57416
47005
586419
592000
712471
280925
574054
288304
352221
495940
1000791
68374
229477
116047
1203193
246818
61315
1099537
173840
863149
853402
225795
195813
1224721
765696
336521
143969
239347
92543
1390026
130047
183486
1598840
904026
32539
500497
669223
451608
271511
251158
498125
420626
169994
2053070
185309
739343
464067
293581
512485
107016
52838
933811
280989
777033
253700
104752
702740
831723
1135585
118804
1442730
293144
53271
802839
231913
1080195
143041
248736
570151
818048
102021
147802
95981
50155
163222
299329
689654
276397
174065
501350
554160
250485
746467
724584
754729
243679
526034
98956
183184
1680544
777809
71598
2479693
326054
130864
174023
178110
240403
596557
207675
62097
238406
76774
157743
376261
75562
151561
76532
333996
304302
241757
161107
359317
636281
138639
34250
1564826
25912
157508
469141
93025
472732
58085
636804
126214
41089
214903
139131
1023967
233478
114890
435320
995504
280313
632559
562619
239797
128700
196054
824143
261187
646388
348546
199416
78498
831099
261644
123287
357350
151346
243029
796359
298749
145273
658471
465176
34966
32665
515564
450077
328780
272234
256597
461497
385480
1490433
65411
356540
958035
777193
380882
361470
136328
365509
127533
121044
371591
355055
34769
289769
438002
810776
1191062
43972
888271
265226
165003
134521
845439
529053
229505
846309
555046
589118
190545
137112
282073
493743
250109
481239
496634
640239
600000
385320
357960
472727
324184
985808
249156
179905
215885
102201
140016
417245
29041
55786
56849
924920
195989
499216
45082
144030
470410
407379
610709
375144
734138
41837
77372
335865
489080
516410
180764
231865
59632
84920
251973
123004
324596
179910
153441
1104168
72972
295334
1160615
435772
46528
1439307
980185
255070
306622
455745
78756
26270
608604
884640
360878
1203585
355201
52494
279466
734813
175107
280473
107155
394521
78377
1048525
545900
149346
654074
22568
835805
849311
77359
507971
498706
103271
412377
125766
163239
177512
957278
34449
111013
457906
623148
185091
776172
108351
65853
248222
991187
66991
269316
2072103
736831
817892
38335
310688
299333
381157
1229577
107907
304536
174113
282071
377305
613019
200718
170698
59468
106775
246818
358235
706317
719601
36101
363513
147298
210163
333517
1031092
61976
884495
73743
553943
543451
275800
424464
980942
167618
117054
874774
78267
370230
26048
273298
75080
406035
871956
500920
1425944
829539
119528
659911
993811
104924
531561
339632
51460
28809
1364290
682953
430015
315156
226800
454383
453649
1114576
152787
97110
769322
771327
127978
142406
969438
47454
99865
366179
518934
1139419
310391
513121
494151
327015
68244
172056
49050
384511
29601
270427
129607
377596
1082786
316367
852910
74436
335421
157933
235521
178518
42601
686299
796336
219225
64103
322841
532487
39012
910845
274624
60241
158597
368809
391712
328894
572128
741039
616663
451882
44914
85449
1083117
188821
211015
1363522
861673
261793
62004
2234856
54748
967864
804604
220412
1570431
283456
268506
181962
437560
235621
248081
117678
932421
132094
928374
125698
346621
310774
483401
291971
412782
649519
603064
813348
318668
132537
533571
123699
158517
789496
677294
240004
1007235
1108890
48053
910172
620575
140061
849851
345674
478592
443648
1146656
192031
290190
102681
520120
142298
145785
323951
411915
333425
36113
755492
218411
106050
54455
469905
974030
25137
640076
279939
91696
2886084
25645
267782
557089
135487
477093
59031
796179
116133
240062
252005
210665
259324
204747
620039
375994
45970
1311355
191432
51516
183707
688360
303493
155343
1207557
315508
372870
359537
1209827
194311
235147
178085
378820
1354291
1173992
178547
213876
212306
232288
33377
132943
251447
1032839
369252
29988
837274
1185102
118274
88066
565348
492087
581708
126153
303985
1540999
174493
161087
1787660
582374
229690
86832
53574
1177073
186887
175683
62695
460898
518477
1205001
215141
928789
591211
673687
91788
29605
45770
749871
53767
169353
294872
512489
284470
2239052
152678
227256
120387
55920
496980
38661
41956
35412
120194
253888
880180
473111
587055
1200970
129715
1077979
159351
560401
67096
763673
141170
105503
383370
994485
231625
572951
454516
57671
46040
36264
1822148
275265
89920
116285
261611
1147665
198369
1832894
1342415
31050
370879
462019
124608
732656
827068
289596
831567
356791
1520063
1008696
239701
242937
614654
342528
209667
186963
101003
555970
98271
87584
307156
32700
40755
359405
343494
369001
425696
49061
383476
79347
254717
317983
425056
934034
335667
157156
203094
233790
404182
108912
382989
171401
692202
554294
46629
246432
1396283
174594
969144
302346
33867
1431725
232131
167276
160160
444503
414951
286096
85557
790159
71094
372195
75191
1010751
264732
798236
344843
946162
855315
319252
310372
123080
210676
726876
807714
224456
720269
256801
152779
808963
169518
189519
98413
1145046
145760
98872
304560
339120
205028
122416
38427
145927
386191
34133
664751
325236
470926
323629
447088
697501
158743
471975
483997
127682
245485
107200
692203
112708
291718
344449
58537
116050
31402
97786
45704
186153
351054
469211
353991
40127
212115
984269
1060571
254902
362481
202275
50233
173308
155769
368556
49840
859149
367983
390412
99579
43142
502615
370361
340586
1366161
936987
225311
100874
155220
123472
40351
438915
32022
365321
164196
783336
375787
148105
375297
262838
287672
138691
228200
1014278
48105
1268144
93887
300225
115271
551733
389759
1340773
854996
86156
649319
589140
619040
190854
398196
938818
1083455
109529
1321145
613841
136426
140472
82446
41701
36633
275964
140980
311564
301130
237248
148350
351727
629132
290660
263753
202858
192820
309203
66903
284179
530954
583458
876189
221702
252094
1601271
1167155
236876
28391
451304
41367
31683
812820
331336
218760
211119
465082
75361
166820
49438
170089
406878
1023395
45632
61153
449105
127608
542249
116800
173989
1074450
35963
526047
424346
148365
627631
365287
65414
88151
193743
491522
127134
247086
640154
373902
328373
72564
357369
542035
247776
873472
267302
30670
436457
333432
119215
399863
591216
590751
1422081
162255
392483
518789
875406
40613
169061
76380
1170352
1349970
653600
315759
343149
1200116
117703
44686
977184
601941
48346
35209
175097
1391530
30947
32822
798787
113018
49866
1047142
560235
880698
117094
718550
1191464
203920
56468
559198
714293
351834
1471786
193833
997696
394396
128826
418955
115855
84630
313206
81713
626715
901829
1626163
669985
764110
510898
88583
752405
274074
167757
446400
246857
264031
432674
204777
334574
186779
99405
645698
459374
732388
67019
64546
244540
349539
142175
88620
539915
458173
701925
173458
55951
756855
452294
77431
33624
42586
135193
359905
711665
735301
236695
431287
1057322
738885
136190
259908
580117
2300383
948029
291831
236991
1794307
118496
335365
1372095
127185
485208
501724
34125
483318
121498
394389
32449
512865
204851
578670
26924
507761
610639
176189
515608
549178
126260
124826
221148
191156
348691
183005
39885
94754
187847
174846
242092
29513
366233
76163
398419
328692
169390
659684
1090501
620159
63009
176403
135968
868177
188188
59219
443558
376637
391682
1662559
58481
964157
234707
673893
137765
545074
212508
366662
217758
242151
366873
820521
993527
2322575
173211
177143
177231
233746
82775
261774
155235
69045
664069
1186181
1160646
179722
412654
471669
254099
1854886
55206
498402
52848
130981
351583
803816
830561
305995
1424944
483279
26324
274544
414677
357088
70584
676275
1089283
1220910
55251
760340
788723
688106
177549
91172
757598
204790
107416
232281
80095
401992
449587
177163
126258
343067
101861
301472
187461
87193
1849679
258722
40050
280288
125360
65082
111771
130387
432341
140400
1475204
144039
828983
108440
180569
65300
745561
192823
630651
812806
60223
123481
260891
514909
255138
141385
1919515
384958
256932
211435
413514
553291
584161
118272
213953
1897547
163737
1398329
463484
450094
410211
128627
81036
68994
515491
164499
709417
398885
155210
200201
206369
77558
73611
55318
432341
428729
39531
1051734
403094
226600
781496
308547
1430383
207125
432712
136374
714277
312285
436862
402792
495224
238598
71432
42681
326806
89592
468338
487857
368456
335653
72943
180892
595197
137985
902102
235868
234756
66217
339279
346997
861956
467017
477354
236964
26095
353915
1040760
384281
966830
294863
82106
477727
64760
32994
112237
993725
1153031
623861
404186
232780
357599
183762
360456
118334
516593
418477
138182
225914
165242
403428
93977
457352
578551
1163598
673389
40777
32557
374275
536758
338856
56317
1154011
349753
121647
63117
229365
754532
249151
187599
803606
296021
59937
251881
970148
447751
393718
568526
255180
947434
146001
302954
364170
480891
329941
1015064
427630
401435
1234489
83539
327247
755823
372637
329454
195962
43902
178678
167258
31211
1020674
49578
1243463
301849
127335
28477
51778
321621
368499
158128
602721
780227
172260
41867
264179
185667
230473
1425102
777207
931294
464486
913008
40026
219179
3135880
56259
83072
93449
641857
810310
66612
201552
164383
28847
48830
974920
166228
941466
347284
115195
818994
606143
433403
327482
512813
184762
519958
145750
89800
150639
82505
210538
348032
385557
149607
476024
174747
45785
1394288
193737
436077
161890
39824
828524
36043
701052
86839
316135
134771
119052
341663
1313772
413303
90200
340780
409882
161726
967753
608188
1496030
61412
570265
1354950
110930
842395
30384
95339
525328
78441
448465
112731
185171
212383
325788
686194
1105788
489633
145817
148920
1484030
240712
498753
262369
532735
113464
31642
141702
268011
368483
189520
60191
89110
253696
34677
581795
686785
251849
297705
66540
649293
409215
33800
1211021
392222
67472
151471
223675
835081
778258
39748
214644
423905
248675
1349540
1218223
455698
291599
918074
274633
168776
223516
541514
664702
435845
509621
542628
614127
1098877
250706
510639
312911
962728
112717
353025
69425
308591
1824751
1921479
73654
776004
395519
394845
42365
297904
385214
711399
520097
150920
308091
159353
2282509
196552
717863
153650
713555
646901
531171
334948
935793
498186
57608
211138
1096572
686820
121736
570726
882239
95879
210653
109807
1076263
58155
111664
415319
226298
65782
590959
490829
290544
75049
1211916
152032
2028950
367767
84446
78704
223456
205902
614652
1181470
393673
200084
79967
531176
780158
592408
105738
227534
355433
192490
514693
277459
119855
475020
632879
154181
50804
34589
784720
367271
1384971
659130
749909
133805
836670
375299
209300
104175
707304
1682022
558932
438384
837745
1550950
475846
616394
1140348
186116
43986
146878
341915
276705
132440
79993
717385
116359
281084
371750
92889
88508
1013943
52018
1524552
185078
525644
143733
748070
917777
180468
388129
275267
735124
177963
256842
201572
179318
623651
276260
640753
336784
440704
180786
433886
33327
284601
326569
196742
29790
505355
195665
788543
99896
699145
91502
258060
111275
273738
186583
431856
241721
736135
603476
152759
28113
95763
575228
35503
220493
129438
317422
243439
22923
30607
96037
269311
480811
145135
212497
203857
1390335
39877
502188
829367
106456
908804
540823
37342
110901
47274
731019
152774
870858
104687
84672
46107
186855
792153
399416
1764515
711485
331389
903189
40937
75325
316446
364863
105351
364943
83349
202737
122578
187086
1153040
94323
49938
633335
97502
400668
37806
139263
1273833
279088
102496
385017
390303
139408
43763
79767
577134
646432
1343630
2354746
165474
346851
853789
133074
380873
1553735
198207
55360
161522
220293
36318
1076657
313332
75849
1265529
32901
41195
484948
1410174
230846
137239
39136
143687
429279
565453
1061337
49585
68522
187026
109657
260958
78157
37310
219868
28018
399920
265810
174212
1071536
145346
144378
34174
39057
24919
156245
47047
995895
119645
64521
2009486
78886
293842
78425
790712
414911
733405
2690040
133679
265779
146174
211253
45224
2975566
211488
127489
330561
89370
698929
634114
396317
399075
40334
718934
338306
98458
979545
96178
32128
157678
51948
723401
483892
584067
124961
186039
548427
203522
251701
771431
47992
69647
862188
1314256
107513
102289
157279
282331
141976
95918
58345
516121
860252
268615
637663
142012
1104011
406960
858989
52409
522284
1472064
971216
195786
833559
389724
454593
153992
122746
120525
35590
57489
185346
135137
24189
53241
289879
304593
96649
119317
710019
299779
148608
174328
347135
126741
167612
895146
106285
335235
574126
251215
259002
349275
185502
475574
348229
37612
45911
42260
621226
94970
101523
35357
39877
190651
242561
174820
399378
48874
271827
277942
71184
38105
199179
327010
1007923
235962
99050
212493
74011
486580
266739
123760
553570
191615
507217
358201
179147
136033
161441
740069
561631
370291
672938
181174
44205
103878
138709
476658
909073
26949
941687
542892
681815
70555
315717
1371329
1150754
324348
158936
643404
1060685
286722
222084
60905
675240
167725
603017
791138
808181
380924
560658
1012509
27469
417728
1083243
172840
311517
488109
1087856
543643
87865
1951361
1602762
1173429
254615
53978
665182
89058
37383
29102
34181
187512
711763
213637
205582
541674
163348
90858
199198
254321
178242
41867
367403
41740
612074
159062
1379255
41184
585842
89273
208974
339296
1091700
118508
629654
2457616
29399
141617
718680
559520
622824
421125
32922
339239
534795
77178
104414
1318643
27702
185105
117857
65857
108067
1348171
421418
1260174
244785
1017518
111814
576595
231185
33193
146289
124014
1085423
302112
294749
760017
209944
1446599
1071652
294010
412256
715234
959202
137589
497366
51094
582845
1343357
461783
241905
85575
22599
132520
300103
44078
82634
737023
37887
28258
134214
146645
249232
602498
332942
635584
386636
613903
208935
319281
350091
463430
103408
283907
416286
180318
326832
424057
630782
198904
48654
89986
529117
63382
148073
178783
1226764
701907
504193
34369
211657
117006
92126
251245
812664
220481
118248
464617
570497
774298
31385
937539
138138
172695
574524
244015
201815
171920
100805
655193
222110
173120
524099
114238
67932
154448
39890
264186
428375
648228
333293
322174
603981
831227
1345548
253421
938535
271028
596254
496831
38631
207155
513014
1019498
247226
315213
604920
1278380
744029
207617
60350
84918
409210
176603
403337
117921
1053101
56215
193500
263361
245672
88989
955713
317066
292327
252353
152157
233728
138971
219922
688163
86417
706471
1355718
133224
386604
874504
1299870
613001
255075
455979
553130
275238
411926
103116
270051
521899
914767
30942
196183
458387
341463
612353
809749
123337
231337
478287
220497
74494
987544
1015644
931654
454202
155904
36950
446947
662008
217218
435000
71084
59575
616600
373926
1583717
327294
326530
85170
1171083
114605
776863
106976
99973
96750
185341
51983
236135
111444
317122
709975
231844
79078
75266
840767
741119
32407
471495
302837
530193
438476
114538
252844
449117
461642
302500
424049
470450
252462
150641
30603
1069810
148210
74887
498066
429303
31655
334325
259713
735816
492659
225615
76940
274548
454522
876306
347834
130025
230606
211424
493737
237977
42102
518273
749307
48971
150110
687265
84008
526650
208622
150181
187203
380826
263009
326895
88118
266438
130695
379122
751557
434827
261333
1033781
216319
120635
514061
138939
159912
447909
209948
225861
203442
193869
589377
110637
245653
257977
143452
217255
119756
106045
1588733
196560
778501
599041
608151
92281
103963
704037
28541
283530
806330
266039
83738
948743
1080120
205240
115641
22923
433859
38263
520050
513541
1344791
942512
97569
461899
1296185
770125
226620
502428
1537888
160221
824900
30785
996729
40527
970452
601343
626504
148745
602478
1237928
280458
655494
242831
511487
553819
74933
977195
281102
129521
486996
571935
53811
809692
652768
141221
36880
989416
247216
511250
321477
240927
159219
1438385
393948
274128
206042
85011
341637
2240346
321928
720911
177724
608802
43223
307564
508139
1269149
216517
562739
519796
346260
685093
136369
757191
35730
769639
1119076
163570
239602
331958
79800
186519
1850578
524110
565140
992776
512587
723439
35792
141826
430402
421351
377611
177537
160887
441444
264543
115619
53589
195761
206354
546933
323125
257470
147942
187865
2063246
177006
404141
163252
216147
2786018
83607
944671
579942
396747
557850
302660
934033
202024
190611
495185
769019
1509038
347561
163729
106861
1446362
599365
487705
41845
875254
114759
988296
190762
513209
86586
53793
447757
464344
39016
35561
447480
812240
49293
719099
197505
531055
386240
1101426
542551
343728
81558
40282
691118
410389
527223
99356
3037896
233439
504272
134669
24834
109623
648538
367658
289617
153919
625943
532165
582515
38680
36771
1351947
656508
103036
303835
117605
524209
180405
233742
932552
1008138
144324
64616
614879
307394
823893
318275
580417
92177
81672
547871
456221
211379
48226
158852
825792
243316
1561303
297357
146889
78390
248369
58245
474837
135553
999212
284250
438623
194578
121250
1106611
108719
654568
259601
293254
489480
737373
567912
226598
226105
159938
46705
792839
182481
357220
396831
442095
41345
142793
89240
80001
121086
375353
156886
591809
410530
280679
227010
202273
261205
892656
670060
253791
380305
66123
479037
533224
35000
409734
448355
396693
26678
146816
610575
277701
1325776
560829
72172
91896
350941
30370
860630
85362
886175
107898
289307
384931
143476
569258
94256
495298
57540
373906
75885
1077888
716110
178705
220537
34182
298281
46804
134031
459220
638576
155524
159559
492970
610652
411998
75139
552859
115989
1056116
66544
324504
378881
820766
84972
841653
194344
160879
358785
448573
25945
89186
589040
1616055
207357
50856
725856
1325757
282991
295180
85454
1209672
489073
576916
191383
528720
597005
248124
342941
31344
297197
320137
227033
444325
266668
2644106
140698
728680
212399
457396
137450
215317
73590
20442
115880
572909
803955
293383
342956
44801
165121
430019
96243
84115
705757
206245
42843
118280
651418
262517
331707
776340
282076
127097
370602
1077110
430677
107008
95292
179480
52682
316882
237458
141358
486841
914986
349679
174992
305586
517466
124646
53514
123651
699304
1014566
874704
364613
132118
738630
36689
533505
229815
362950
464710
367599
162717
246609
1044941
478498
96595
368024
565134
82386
69092
493809
1004073
564464
286238
293033
91996
93803
622226
65059
268914
37967
37836
192045
507642
162416
274448
206566
342200
584817
761551
305492
884740
201688
327978
222587
1668146
698596
46923
44477
1240530
55756
380878
59189
341539
77964
500025
636497
103536
409053
230188
209192
30987
310355
1339408
36128
108944
1541179
168644
324782
445703
175630
190748
292110
73298
468752
125921
35024
389978
1688836
69662
506111
160419
268380
388692
367260
52801
784686
70293
61051
64619
356378
252858
587003
64163
57927
184938
259402
277480
510643
63561
127075
566592
49876
249084
735041
61380
146324
595552
171334
278594
105741
245942
377523
71148
444521
349380
351055
827824
81679
52924
1392615
1022679
228308
150675
242435
289558
332503
225954
540786
477204
69887
2628254
151998
371712
691307
345967
875634
28710
150253
1554634
58265
49132
594114
134218
286297
199321
112852
397031
116186
748071
89180
52122
575431
902274
224522
68456
622407
1288461
286406
434064
170300
118732
701771
982539
59292
132767
1661913
150984
796522
609835
225865
672544
881136
668751
486799
1821779
30763
59529
57391
93876
190783
29254
476667
117897
481070
434622
309679
119643
183667
682223
1475367
418866
533690
297423
75846
195350
101530
54174
299343
404319
541977
274223
443120
100336
749779
485866
761328
55425
879375
790997
667592
814948
282598
940374
36581
143934
134969
388985
47684
64234
1322096
155616
94647
692640
357901
1296905
130936
884625
395584
209468
1714159
130932
264863
334791
81681
88913
232734
126256
334956
295800
42106
133078
1018018
271313
211529
208108
305671
478678
32719
226688
435659
150842
179386
1501810
30786
747583
356001
348398
1565916
37952
664641
233912
255124
219058
69828
529868
93304
284767
58750
84829
168394
180308
847429
203061
649030
265837
147185
933523
167899
30617
173141
152292
38114
475516
846710
105138
62139
197103
343113
164195
197970
749219
289032
68308
217376
1163579
444821
325385
228855
802203
58535
86051
83789
211684
438082
181031
551981
344992
1235071
188802
676734
249384
251658
375065
969423
799313
613845
38504
137000
566231
1268036
529326
1416317
96358
522271
32666
1125330
80432
41683
51831
28871
284514
86460
1031100
1009368
49368
266152
956965
763093
1092847
1179257
287636
31310
532438
34518
199468
302149
245194
489895
206195
1420597
45987
761321
332822
171953
144176
274004
307819
107711
49495
516391
75717
49509
521590
122787
451266
145549
88433
517920
890249
548306
89085
109146
175361
633235
454312
28916
502883
353446
343776
37199
145339
88203
167023
48052
115089
223538
559378
204881
80743
356298
101418
988183
118832
776658
979757
953371
1257332
470392
913758
897563
68956
90268
34892
410877
623057
335849
136550
720377
204834
1259597
260881
287295
33456
142874
211602
174829
226313
325170
502284
786361
906897
45000
445164
2226251
219181
507565
31076
321001
59260
464453
33286
249652
74811
500858
1487818
2310753
95803
143545
396052
525725
720209
40011
240944
1446947
392691
577914
366174
766227
99309
1382124
120333
34839
69398
53703
41471
175187
797666
888724
43525
111612
260209
147175
103297
595992
66443
246810
805007
236648
97033
381287
356219
110574
517772
353564
1130141
89147
407443
54367
363917
113439
123855
160910
301855
284695
198303
316937
693205
277401
272499
219104
237687
1114927
608281
388502
35679
973535
942826
435913
31475
666620
382193
283329
739171
650865
182446
132510
894693
443990
163385
37196
65489
475404
713377
138522
290265
63681
327276
852304
410678
260142
251680
495783
172303
286042
521155
1374273
742702
1805960
158758
149169
601790
39249
328479
306394
81317
908614
367673
225893
695804
305722
670266
85271
30655
150346
373099
341857
677044
34986
566393
434392
100971
190841
577425
34166
876827
604206
700500
171651
282904
169877
359715
970825
230733
44773
120850
390439
151416
482824
65290
87844
34871
530126
46506
422645
735135
313652
934956
131919
461086
365293
447132
326307
278596
310171
730747
410812
72222
296165
290777
337204
435977
620066
763471
354437
279951
38621
166957
112865
1417219
818798
847902
138748
342130
242874
48146
405332
635502
625265
177890
266463
416309
75130
445509
139869
62466
170122
433246
306659
236820
452778
323026
49450
217103
27839
291591
144058
171594
640918
238897
79777
42053
387968
152839
237917
444937
213758
490186
1122697
381822
490039
59225
90542
472854
315015
263532
37177
405276
32884
735325
149494
114796
474730
393629
119055
665439
65116
284132
1219739
433939
364665
157777
524049
807781
156255
155259
301443
239519
441934
312264
72808
1874111
350624
369559
39151
622201
155324
193713
335247
686320
187808
244666
459321
315563
1344267
96583
76523
61835
165702
154694
456305
107115
538402
581207
1598828
604027
456100
250930
412093
330437
81935
1423961
110937
347998
1671854
435271
204170
454950
653373
277979
62337
237483
98493
31537
400094
617528
376164
234542
1121853
1036052
235201
409748
1449071
954910
153843
38245
248827
121867
893918
92144
577500
255854
44737
807171
67578
108517
232300
105906
822914
744426
62942
454871
218206
440077
79996
136978
348873
643111
540876
765893
182608
1080394
256440
322436
29468
125298
34653
256111
1188339
507072
562348
465165
216376
1579583
1230283
169349
328638
438412
928837
1173216
209781
723006
172794
410952
363356
178941
632009
492757
261502
2173402
322076
191006
150964
250452
599319
214240
500535
852680
182552
434641
46087
468119
134589
37735
70349
479647
32731
810636
220156
600724
181017
441714
981896
31130
414270
164815
395887
1223463
127675
46646
332523
389840
1290123
490842
1088420
193186
538145
621022
269423
662494
2803814
636318
78878
121341
97826
573646
909342
898230
244307
580963
277866
222021
1143803
323436
723236
661627
909541
337126
253383
585162
28910
161022
47698
920371
24642
314003
1460503
256160
735004
518040
282514
701100
45302
154586
141509
279527
546227
424258
284680
327176
49044
576668
154202
887290
789856
36440
128881
71597
354776
60782
293936
846524
366279
159495
138045
670223
507896
73891
219409
160975
445035
107047
250071
388501
482229
2846985
504212
1270819
23065
1600116
407693
39954
38394
478545
296751
916215
885598
440008
1807730
147040
864991
119398
394562
1065971
332328
484867
883200
442498
192409
607784
119588
253886
800391
24119
930080
144074
298270
146230
556023
359243
1320121
59309
1042422
1121518
356600
326478
331561
464867
679178
111634
1046448
994172
268164
221829
221750
194686
658081
400747
532171
425262
313990
251921
74014
200188
732739
277895
871014
222146
44533
