377475
768647
128167
531034
161979
536578
267251
856846
266649
208926
152614
280101
283933
226534
424091
155832
1040586
755117
950497
1104337
900357
290430
178095
619108
327581
792982
951599
1086961
1012978
1137892
947686
717377
402241
553691
976708
734672
2403470
1115723
2936337
3204335
1803202
1850740
3579190
3548669
2310895
3826939
3949004
3999884
3771446
3281076
3329311
3391541
3197396
3064225
3553626
3832810
3899470
3056407
2642274
2702829
1894754
1510441
780360
186480
4133195
317308
3839317
3229290
2945978
2830407
2367358
2348911
316533
1611131
1720817
1796598
373273
1982933
535181
2003611
1085383
1106039
982476
104243
1182728
646495
946002
179380
19339
166906
148872
512608
326082
759050
486163
306560
333360
175879
215068
2243273
930926
965428
720168
837278
686069
954343
374999
552629
333385
1244348
1436098
1199705
870610
781547
751454
657377
340263
73160
256983
541591
405331
397036
260828
223112
202232
114542
440527
217633
736670
75854
473701
259557
326088
342145
298528
115568
719166
324073
283610
98142
574379
734103
796662
842294
663493
136593
380617
185540
101184
202907
124526
96269
304815
480528
299768
921158
951913
796840
398618
1701804
772216
1111781
657061
747511
22830
1168235
646100
135814
329563
1153035
294361
2134295
2142921
1592150
1247731
1397424
833291
1410057
27762
43999
1429292
1437299
834230
276439
279065
864525
1865497
1867543
937460
304863
2420898
2193894
972693
2183365
361845
386639
2474584
2299359
2121643
2230336
1183543
975478
1318075
905387
1104317
599979
1508827
30686
1709101
2256042
229592
1966013
1869644
145540
222226
2012846
150603
2028476
112481
2182703
328634
2135487
1883485
161643
170634
1449923
999087
105340
1255679
72120
102880
124040
217014
14434
133135
216178
62946
197039
435833
105702
144306
194295
264735
221551
273133
199217
101224
225601
284526
459645
123521
619774
686506
1399322
1619149
1805083
1468749
1373965
1398831
2618297
234311
2865078
416278
457251
774666
751962
911643
1526836
6654818
6652728
2462667
3043073
7851654
3622349
4080528
4473426
9459601
5325154
10504078
10737500
7204637
7098923
7398520
7559123
7116949
6853361
6408624
13235086
13184776
7177205
13943031
14069156
6390365
14503007
6811121
6958385
6957689
15518325
7861156
7829429
7254780
7060153
6727017
6732301
5971217
16808095
15288882
5808994
5650101
15766777
5682916
15636779
5642203
5295246
5489537
15530244
5601915
5549519
5164067
15823004
4193584
4245889
4323483
3370912
16408152
3540141
3384373
3235354
16567563
3607530
3386452
16777442
3218965
16764777
17111099
4564303
17524407
18109856
5339924
5023235
18901650
5469053
19471779
5624743
4229214
3709981
3768336
20944210
4077555
3727131
5494738
5700043
24117111
51732337
52210887
34072244
52472722
52333426
52356454
34169113
33736679
52259903
33741138
33570560
33630372
32939103
33126204
33280384
53840080
54505373
54081596
34658572
33936996
33459559
54187311
32726737
32716609
32065448
54151245
31956784
32052396
53879775
53536497
53439915
53455058
32972893
52424370
52550459
52137689
32851064
52169638
52235005
32741579
32602324
52269109
32698815
32729209
32159806
32304686
31932259
52525293
51924547
50994640
32425623
31874836
32605949
52637888
32477587
52635861
32459637
32521244
31509360
31252174
31358147
52664670
31287053
52585053
52201855
51746524
31939228
51647103
31886928
31560930
31377201
31344681
31521347
31415381
52272845
52672673
31973752
52650864
52554229
52804042
51569864
51617740
32750617
51644962
33092046
51572343
51709966
50508628
50661552
33825585
51097968
34672027
34279882
31957301
52094107
32330458
32006694
32028482
31825256
51934166
32147804
51964691
51976052
51534154
50684709
32244860
32223577
50684053
50534536
32008495
50109717
48823139
48870561
48995301
32075386
49774812
49959092
49910153
32917935
49995463
32892609
49207967
33188114
49313364
49685803
49470791
34300555
34330934
48563826
34637225
49142309
33828905
49230643
34031918
33686797
33295287
49579903
33401424
49191216
49253525
33933020
33035815
48988144
48574021
48117856
33727341
49095502
49093713
49076012
48694077
33719149
48751103
33885858
48286246
48259602
33833755
47888562
47857232
34071385
34065116
34212378
48341981
47534309
32928296
32140435
31534488
31594027
47988661
31695272
31850108
31601495
31560854
31235716
31317093
49344818
49715589
30718140
30896662
31020197
30947327
50245865
31122559
31168740
31211898
50610555
50558671
31309947
50442581
30655889
30628594
30379052
50648639
50660308
30886638
50377014
30876386
50480889
51209404
51225265
31572581
51491434
32000085
31885755
31879100
51263790
50575036
50651221
31540630
31528308
50381911
30879881
50664454
30607812
49390959
49212751
30719356
49052945
49432561
31182788
31257178
49489587
31853178
31908134
32256523
31564535
49663504
31531595
49689161
49825474
49746275
31999947
32193239
32249078
32614013
32737599
32227054
30953577
51032700
50520962
30806594
29859473
50768797
29163813
51111332
30066706
30515880
52409678
52745546
31406387
52736440
52359888
51873636
32252167
32128508
52389259
32132265
52848244
32629579
32248763
53024989
53163973
53179541
53132470
32842074
32501278
31243390
30451701
30347576
30394052
53301106
53743332
53500031
29525188
29131601
28715615
28401788
53693812
27900772
27966243
53581351
27890712
28117479
54309257
53943642
28612229
52884127
52173529
28597559
27657445
26374453
26215464
52985779
26619174
26411905
25984495
52894014
52603408
52441192
26855790
52944558
26529012
26471990
53104556
53195211
53216821
53111103
53312832
27806547
53417821
53544220
53460662
28821970
28613174
28289633
28301409
53480153
53491541
28578974
29308091
54492135
52687728
29344582
28598086
28327978
28028027
27865005
27474956
53427454
52925670
52766293
52752934
52851011
28320664
28290402
52895278
52340477
52232424
51830872
52684462
30209731
52737366
29957429
52674242
52749310
52716912
30294724
30784875
53287655
30417805
53222747
30390494
53674252
53471629
30349592
53121809
29837708
29890122
52234189
52018971
30454187
52033229
51930510
51965432
30663095
31003649
52831369
31111226
52803110
30852555
31456558
30860858
30774038
30099381
30285551
54395792
30190324
30397212
30441779
29917364
54389167
55479791
55488016
55068749
54730909
31965263
32004595
31675680
55292159
31661561
31620281
31647697
55967842
55882678
55652699
55621291
54817772
32615680
32772495
54842904
32891500
54579187
32691016
32956938
31683230
55536187
54685283
54498079
54300717
54506998
54314876
54520271
31912004
31849033
54477816
53346361
53242395
32489424
53106188
53287867
53094327
53007681
52812872
32615488
32723374
53305624
53843468
33188748
33419955
54334109
34277692
34288213
34284119
54449002
53900782
52617707
52133531
34428852
51177109
33673996
33974339
33870463
51203123
33840657
34118620
52208141
34605660
52254273
35407226
35102177
34467349
34399268
52697018
52509114
52694326
52772042
35240770
52634221
35842844
53035427
52764267
52613006
52533078
52401354
52221871
52031982
37046870
52553929
52812198
52772639
52373724
52177099
37664902
37658883
37767688
51774296
51795230
51981402
37717400
37156198
51987984
50435254
50648452
37756547
50538411
50891621
49612856
49119217
49073664
49128446
48992911
38403788
37226812
48666971
48263730
47438229
47406472
37648708
47713747
47961769
47544598
38555919
47187360
38790300
38475269
47670594
47598257
38445643
47263979
47409075
47431445
39564946
47350711
47606834
46914597
40225397
40408174
40466661
40684544
41162440
47364591
40356362
40958028
47877919
39073219
48126700
47772929
47658597
39757504
47805362
39716330
39444622
47831782
48018800
48746750
48645312
40888070
49060903
49258439
41431919
41020040
48932511
41110892
40986007
40582548
49535342
40377713
40062595
49630068
49525975
41099948
41685891
49648774
41270530
41273591
50054222
50327367
42075487
50839772
50908507
42806653
50842963
50670135
42540226
42180401
50537233
42150985
42322497
51984854
50972950
50640637
50579612
50312901
50014671
49460506
43896732
41642879
49380108
48896210
41566695
48664653
48519942
41590971
48802953
48315605
48521574
42682417
49064328
49058986
42600773
48530758
48248525
46689305
46597820
43634321
45888784
42530269
42589787
42297778
46029064
41539539
40983743
46809996
46325102
45641512
41739078
45471331
45663356
41304647
41626067
41321569
40339496
40521774
39338761
39125640
38414616
38615887
39968673
48670925
49065347
40295913
39842592
39804153
49359387
40065789
48914454
48714664
40204231
47287365
39853942
47527144
39687782
39116107
47979124
39216848
48017570
47714181
39302076
47855484
39371624
38326360
47955531
47784662
48098847
38167000
47939434
47907230
47713244
47562519
37435614
36624966
36525428
36378918
35603155
35978524
48832799
48770881
35542684
34134690
34149407
34114529
49338533
48857076
47400079
33559896
47145247
48120307
48149487
48186360
48061013
34832886
47669387
46831130
46352484
35121062
46162431
46336485
35458237
34116432
33669970
33562190
33680881
33563001
47131317
33218777
33430661
33214437
32744218
32046201
31430718
31217131
47808598
29628653
28896654
47451699
47112304
28809508
28707153
28605199
47401025
47315843
29360022
29003452
47936271
29372415
48282078
28379479
48552361
48392982
27842027
28209705
48095414
28031172
47950975
49077302
28629443
49538633
28257835
49503485
28192420
28195111
28486816
49303751
49432138
49118099
28615405
27260452
49815696
50120993
28629554
28605191
50588093
50400421
28896896
27880148
49665306
27983116
26919345
27114834
26841277
50364625
50357479
50110501
49907830
27082226
50004972
49891661
50085896
27687268
50447879
50580208
28961248
51013727
50983668
28401782
28050114
28016949
52167814
52060762
28504818
28605565
28693257
28697549
28896940
52344969
52146329
51850978
50951672
51509858
29480679
29270211
51379088
28124667
27646800
27726791
51770775
51836280
51181167
50459689
49848937
49958533
29336594
29039370
28887455
29054178
29066307
51261747
50947001
29520919
51007151
51139293
50262420
30541308
30364011
30582714
51158382
30719754
30089420
50840292
51322542
50719549
30708402
50382034
30661441
49753365
30922057
30935731
50397597
49456937
49026172
31996325
31802337
31606902
49321493
31475766
49132021
31561518
31213659
50724239
32441984
31415007
31449246
51510318
51791498
51866559
51364535
31058406
30994543
30684774
51509351
31138141
51535721
51778276
31589532
31500267
32252432
53054321
32302192
53318426
32226132
53774714
53877665
53727676
53799655
53900036
53950144
34098448
54249205
53919865
34407181
34996945
35515458
55494878
55604666
55199945
36396414
55389006
36554462
55823996
36854576
56072917
55929115
56126007
55142381
38535663
55690828
55606037
55080660
38713731
38134083
38094693
37702661
37436820
55544283
52437849
37971046
37883717
53181903
38314007
37281736
36819967
36686106
37319248
53827376
53542544
53513075
53417077
36977776
53497866
52977983
37208644
53064750
53197613
53173626
37681193
52826183
53031503
53075148
36921867
36853971
53042463
53337683
36775523
36571126
53314824
53421074
52194462
36544107
52297677
51098988
51415405
51712431
51443123
50608097
50551165
50547000
37876237
50895306
38580327
38456846
38450618
51597285
51574548
52019336
51234204
51068985
50675931
49845382
39737917
49816386
38574945
49784214
49368008
38334686
38008595
49567121
37957244
49054260
48729369
49080299
49349893
48881603
48932909
47728958
38788584
47763662
39283692
48007666
47539381
39312372
39341127
39111150
48448382
48621705
47868427
39870685
39907079
40261793
40118982
48678011
48132503
40317726
38569244
48318189
38822302
48075387
47593455
47579081
47790069
48143558
40539554
48996391
40343131
48928818
40056336
48666461
39301124
38311929
38233330
48740620
48603942
38319011
38242348
38376711
37500515
37127967
37069750
49207781
49148410
47836179
48922264
48191397
48161949
48148211
48621833
39857699
38790198
38811068
38982058
48944716
39091994
49242659
48597819
48532011
47848343
39404254
39511815
38149634
37735377
48512318
48478814
48349580
47085335
38127333
47157017
47013197
46824469
46849565
45909960
38293911
38395985
38489410
37898892
37226153
37237406
36332928
36229795
35920878
46366661
34202704
34112928
33514783
46213497
33072036
32164757
32435030
32014382
30623637
47247535
30890881
30594282
47576400
30754801
30898967
31061635
30650378
48104743
30744420
47550871
47936478
30981765
30750915
30919741
48286486
47758955
47397154
45590348
31928313
45474362
45299694
32392675
32442849
31906581
46324885
46334576
46196963
32121619
31754669
46397251
32229747
46898212
45899147
32588934
32575959
32303798
30919400
30495548
30465555
30485189
46607307
28822413
46735287
29053377
29253010
47080626
47291305
47064916
46820313
29786152
46579515
29817008
46679293
46636152
44749964
29559983
45468730
45581399
45571239
45411956
29673085
44968552
29737853
30560550
46103827
46675772
46935287
46367974
46508711
46610944
32223837
46034041
46417407
45440096
31505250
44114476
31456230
31467589
31709602
45104901
45353906
31615025
31666978
45600129
31716363
45992266
46155238
31235978
46728500
31479010
31636706
31661203
31551133
31613623
47285637
31404564
47845014
31962031
47945094
47897120
47616299
32236392
47572017
47420050
47483967
32539860
32917519
48007027
48220239
33386204
48400081
30702916
30633212
30427736
48697782
48770407
31615901
49124043
49422347
49254714
49340717
49753349
32064682
31550595
49491312
32240093
49499530
32392007
49845940
49377301
33027149
32161848
49966557
31726646
50260663
31874432
31843844
49805080
49697433
32243349
32242013
32218607
49783697
49864920
32707281
32466721
32499507
50684376
50864832
50692624
33551894
50833376
50387276
50386145
50475850
34003796
50551643
50729650
34662818
34670616
34667499
34259161
34193211
33921965
33500246
51266424
50998077
50948532
49875579
34088655
50210623
50415677
35334784
35358067
49917612
49827236
50233522
35822447
50165514
50535329
36512522
36295517
35812913
51499100
51336203
36004144
36270367
51582278
50535405
50496225
50444779
49987459
35695504
50172986
48867492
35434010
49322057
35319055
49434772
35573539
48564666
48463086
48566221
35544914
49381143
49087687
36296695
35891910
48412446
35103281
48895706
36272209
36524917
36555492
49605991
50046182
50163649
37215170
49466909
37094412
49589753
37097275
36914305
49826807
49986281
36892877
49608440
36937979
36574219
36377715
35292157
50393257
50195280
50526866
35014076
50595005
50082261
49563224
48569733
47995399
35341500
34655512
33099135
32359938
47639256
47745472
47246693
33248586
47665835
33191696
48031125
48378889
48959867
34619753
48411869
34414438
48384144
34956893
47910405
47937294
34923165
48743385
35194685
48660252
35052487
48165468
35120627
48150028
35411020
35517930
35412359
48126021
48109162
36242489
47583981
47323272
47482226
47469999
47160303
35863631
35728405
35225666
47529155
35116100
47602371
47388704
35150714
35094948
47342588
47285326
35967775
47775567
47942865
36970420
36468785
49253316
48048178
35778957
35939310
35128005
47480008
47306783
35183945
47578919
47438000
47897607
35749528
35714794
35262094
48651458
35660334
35718015
49030188
35533469
35518705
35559098
35207532
35367067
49217897
49233469
48494627
48392967
48299366
36131362
35024445
47716833
34486939
33745859
47605487
47171703
34290220
46828665
46050997
45994709
45876824
34671376
46116122
46099217
34852937
46157573
46155485
35254842
45760139
45522178
45230819
44883797
35692642
44603922
36360682
44656036
44378927
35979159
44682499
44880597
44473756
44296154
35231163
35265352
43887692
34941567
43768498
43741280
44413951
44276382
36211922
45122326
45377535
45249912
37846529
37650226
37735297
46263598
45468092
37757920
45526272
45550463
37666481
36895269
45537652
45400493
37285931
37147951
45610425
45502453
36968892
45844166
36097547
36480058
46151364
36454674
35388793
45370001
45503793
35447274
45393516
35394730
34572074
34594191
45665359
34501778
34420018
45278040
44989018
34336974
44451515
44497588
44534811
35046747
44968874
44652503
43726779
43757855
35637171
35719977
35367888
43581092
43824028
44135020
36479693
45066198
35874767
45257061
36168553
36123133
45489608
36280675
45607727
35488000
45220396
45313520
45819270
46721164
37244474
46614473
35666384
45914921
35757702
35088942
45939992
45857904
44747672
35488682
45144887
35115344
34950691
35019128
35042567
35091348
46529335
46418959
35536503
34469316
34537105
34328615
47186412
35146081
35007431
48445453
34762039
48072351
47899615
35050857
34499499
33549049
48431885
33751182
48588112
48611033
34124700
48978704
34583688
34672314
34330447
49608753
33241075
49352365
49520157
49523857
33559396
49774020
49309581
49092988
49362150
48605945
48467110
48257695
47757967
47413555
35384116
47290704
46695675
46974488
45835699
45218187
44951318
45015500
44192273
36342696
36160651
44423348
44491061
44616474
44509356
36680057
44678557
37271112
45455427
44727775
44715980
44932303
44568638
44718195
44150539
39103486
43974282
39160053
42720477
43078903
39554397
43278086
43272208
43158690
40362766
44470382
41176988
41034253
44295941
43511682
41163798
42830162
42381152
40984511
43014724
42885228
42925421
41281955
41226319
43114459
40910039
40580777
39886907
43265069
43102960
43217024
43058052
43803787
44019329
44141580
41964754
41291394
44233019
41085266
44249358
40853696
44325865
38944837
44503803
37577666
37488924
37199812
44480553
44446917
44477959
37338989
44838868
45009244
37293540
37236871
36763999
44442903
36894847
36677141
44977292
44764164
44606258
37435319
45406736
37314409
37210978
45869393
37853265
37594297
37589845
46310076
38383850
46450871
46774152
39084650
39170521
39439475
39100780
46229089
46600764
45899387
39026724
38195894
38054454
45968260
45849705
38385056
36888625
36889707
44888398
36384880
44981711
36764683
44890152
44969461
37299896
45737447
46093695
38089668
35879157
35908874
35709819
35780779
46038346
46340422
45802105
45595303
35863937
45512487
45360483
45406244
35178781
35204390
35274761
46019881
34844131
45948834
45928761
45850627
35501547
35065849
46166718
35844399
46487968
46217306
36483459
36516106
35881145
35682095
47163884
35709995
47433551
47708268
35835365
35953802
48014318
47959230
47598073
46792836
36866896
35932128
35777594
47804913
47387100
47048044
46863116
35981836
47079553
46293923
36140832
36099302
36025715
46023849
35972370
34165257
46020243
45879060
32855738
46102407
33138650
45979404
46073490
32607539
32304060
45648561
30806345
30816852
30539462
44715770
29217560
28693065
45118416
29084903
45216217
43830309
44037764
43828883
43193997
42070123
30112507
29676924
29086800
42640197
41925249
29760991
29837741
42152724
29833521
42214112
29942106
27575898
28215915
42811532
42754643
28628265
42732567
42819433
42743127
28929679
42711779
42645348
28723954
28446387
28508307
28809495
43116803
43088501
28579101
28290911
28694265
28809331
28527470
43976843
28624859
44353962
44434827
28515596
28168173
45024349
45053363
45174616
45468053
29444701
28760298
29019494
46344165
46381577
29935393
46335344
45581283
45765888
45816123
29668193
46136353
46071826
45797194
30137863
29910138
46244930
30129096
30153638
29465599
29617847
47102093
29719736
47034699
46883526
30428186
47564256
47496020
30760299
47351609
47166638
30842496
30825644
30802503
30521388
29550210
29727783
29767464
29767382
48565999
30200511
29695337
29860959
49130432
30077745
29624479
49636603
49470057
48145295
29963107
29128472
29308895
48736652
29258510
28519876
28334733
49063281
28389300
49737289
29490544
50235725
50138383
50103412
29876971
29500574
50252260
50060919
29716806
29234243
50582043
51112474
30169452
51280813
51138301
30523591
29723966
51705496
51618841
31216530
52635211
52451009
52401255
52047962
51823496
31945355
32188606
32089049
52378198
32327064
52914107
53084818
32717231
52919832
52595770
33028152
52715271
32746440
52239084
52182284
32737412
32479366
52388517
51654407
51293781
32923811
50714706
32935551
33013446
51607484
33528031
52063489
51322484
50977102
34195848
51021390
50690274
33551685
51449054
51130896
51121849
50827187
34594840
34482387
33734707
51149096
33658854
33603813
50586853
33936618
34130962
33514637
34290002
33919374
52217163
34104614
34048168
34034627
51912963
51784058
52338753
34882889
52392970
52459030
52482585
34996284
35084893
53037089
52348218
35223479
52266104
35261636
52708607
35818089
35635024
53096361
35310037
35517025
34319987
34360833
53448083
52855089
34424977
33490656
32915426
31586937
52957757
52770220
34305365
54016207
34259067
34406013
55147699
36122948
55536845
36262342
55367837
36488006
35627473
56062751
35174126
56274127
55120993
55074733
35872501
56065946
56055325
36472362
56217752
37078481
36966405
56978874
37386581
56929388
56949684
57099237
37809458
57016446
37789606
37783504
37275877
57484570
57693804
57123742
38091943
37544157
37165838
56449229
37451488
56476981
55766078
56446246
56321377
56385707
56735759
38898086
38900976
56871315
38973135
38579549
56831553
38592114
56920420
55970678
55893783
38804075
55291960
38633760
55590160
38203500
37617129
37745046
56550266
56341970
56788765
38153502
37813394
37007032
36191802
57390833
36274736
57466863
56738358
34551991
33971721
33939809
33933085
57451599
56568967
56039567
55965906
55285101
34363081
34172693
33694948
33700333
55938069
33723475
56152471
34297718
56678820
55776572
34000325
55359437
55566853
34873242
34638102
56642537
56457764
56279454
33922003
33474648
33315905
32382945
32357444
57172148
57118669
32687166
56970465
56598214
55649515
55531375
33071021
33357133
33170744
33119524
33555933
32922863
57512024
56752372
33153662
32831329
32830095
33128953
32121881
57522260
31730664
57421035
31633868
31069343
57779164
31636942
31248438
31056628
30799207
56902073
56052369
55506854
31330602
31688942
31817559
31688343
56871494
32089151
56946407
55924404
56544332
55973243
55527732
54994176
54905967
34408447
34372313
31601392
55629998
31223758
31055138
55530977
54708600
54174184
53637077
53577056
29475583
52386153
52211206
29790967
51978568
51862650
51841551
30041153
30373891
52542727
30522094
29840143
53099126
29991024
28917709
29059245
29285076
55277458
54795266
30138424
54913769
54691824
30402106
30460405
55269097
31507866
55684182
55892784
55914881
31230705
31168145
31217296
56191571
31210984
56643906
56652643
56363501
30315779
30320774
30303839
30221843
55857006
54958724
54768252
30904888
30570786
55365875
55197292
55458851
54701631
54699743
54541224
31440152
54937873
54780160
31729862
54810766
52926138
31972353
53109881
32262778
31859390
54376323
32653694
54598309
32571665
54576557
32845116
54535614
54573151
53821785
53744328
32923484
53809315
54004360
53494215
33937189
52882900
34167231
52848416
52524992
51862895
50296492
49089001
48191573
34818313
48390434
35066437
47841186
34910112
48096985
48079235
48050748
47218250
47563610
47083757
46441726
45782237
45640576
35772585
45636960
45794975
36237968
45373487
45405171
36802262
45490147
45348772
45053712
45209983
37535064
45245762
37559681
45808587
37612592
46175793
36885685
36670758
36867179
46682398
36585712
36364632
36423776
36442416
36098877
35640710
35330385
35584739
35539857
47952831
47384655
35432037
34886455
47640891
47933530
34978602
47984659
48411586
48368621
35959710
47202814
47195882
36562606
47311511
36908506
47192627
37399280
47638724
37504020
48677975
38457278
38555579
37830009
48117217
37887801
37872646
37719122
37267163
36871629
49096566
49556143
49596565
37689850
37993836
37588762
36118186
51005010
50449229
50109131
36877046
36854949
50111566
37171293
50300667
50370792
50305036
37998289
49310767
38014000
49460598
37431133
36803035
36302932
36500544
50565844
49345292
36942377
49448233
36332802
36436289
37234365
36554403
35535170
51521957
51418692
51527148
35775562
52008381
36289674
50061379
49924253
35729194
49590704
49523890
49254836
36038980
36038914
36131835
35940587
35066348
35104748
49524713
49637831
36103415
36055530
50570984
35458219
49738933
49833902
49840361
48904632
48832291
36461849
49017243
49217503
36247436
35438621
50629321
35878922
49843092
35711316
35749076
50869122
50762025
35284607
35110989
35318725
51963385
35474933
52177058
52226441
52097676
52202578
35095256
34702399
33722693
33555321
33152520
31992711
52209060
52543583
32118101
31791322
30936647
30652594
30281837
53753453
30251782
53144220
52672443
30368847
30363521
30200359
30021200
29903036
50803178
50781350
30398989
50546577
30357984
30340239
30472447
51101097
50677567
30612725
30470431
50286858
30273608
30356201
29976501
50249622
29200763
28923420
50859243
50247151
28588650
50273448
28856298
28752944
27825357
27954947
28137523
28025640
28109784
51748327
28544934
28349899
28305565
52497311
27879819
52138251
52513104
28107826
53368555
29405990
53085007
53108874
28697615
52884542
53206517
28449140
53311223
53717418
29432987
53864074
53631975
53053145
29338161
53605794
29054984
29751482
29562131
54316254
29816356
29920145
53265202
29940526
52749934
29439674
29558710
29483399
28627456
28611883
53316630
28290126
53469671
27826348
27373693
27171853
53897785
26088235
54818942
55098649
27430113
27353939
55349861
55045923
28531388
28709312
29139560
28150806
56577636
28002856
56610498
28162950
56707524
27584727
27275256
57430926
57420259
57377387
57173034
27884323
57353084
57133313
27057295
57384782
57088951
57033309
57025465
27633716
57174192
56834461
57004713
27841808
27504256
57936649
58015692
28109916
58035885
27981368
27588156
26905763
58420145
58538912
27485829
27840355
58805694
28033778
58689320
58517032
28208475
28040330
58791008
28176305
59260844
27892770
27791597
27367724
59687929
27995844
27946317
59288946
27694143
27362474
27917128
27924333
28126090
59855885
28025218
59739696
28090324
59080239
28375407
58901430
28503330
59617356
28871728
28989129
28856171
59022588
58960069
58848285
29172776
29110411
29606661
29611490
29123061
59965240
59792655
29062140
59751430
29148151
29192716
29176782
60490329
29501758
60430670
30017104
30001587
60277768
29692044
29693925
29865047
29471021
29128938
61157726
60239346
28547414
28728455
60551615
28389997
59840752
27893226
27694570
27248204
59971204
26714563
60362685
27234632
26931718
59226372
27005339
26862192
26899257
26914992
26745995
26591095
27286243
61120894
27568257
27412981
61194560
27353202
60927304
60573335
28020162
27878759
61010647
60832775
60873933
60943538
27473505
60127042
27541295
26369687
26137921
26120698
26355884
61304110
61174862
58748037
59494352
27196421
27021035
59652585
59264618
26978284
59228266
59491462
59002130
59036607
27295405
26710500
59552881
26984136
58587607
58396744
26820130
25918892
58606663
26730033
58749877
26691332
58769973
58789995
26402535
58841179
26931585
27520450
60283756
27407958
60108968
60197859
27581183
27340351
59185049
27286590
27334656
27375274
59863354
59172815
27918684
27959582
27946118
59929942
27743492
27844741
27992238
59262705
28073965
59371023
59535908
59635302
59681977
29558848
60299509
29865238
60102287
59156186
59091468
30178911
29776001
59014790
29966288
30029146
29946803
58953332
58978391
29371847
29577535
59667644
59042876
59089300
58930183
58798940
58137515
58082910
30260977
29859977
58212933
56764847
55903189
30944940
30373863
55995830
30392718
55915059
30640786
29841813
29795924
55399532
54848570
54939330
30113269
30433697
55706477
30000169
55967208
55793356
55488479
55252829
55396684
55505623
55099173
54090283
53707315
53551375
31339793
52798763
31550867
52812277
31554925
52508617
51730321
31823341
51605297
31960892
31929141
31764390
31043315
32073106
31905868
31853902
53827582
53506574
32307637
32362124
52412629
32367724
53151170
32818269
33010215
53190591
33461011
53112483
33487216
33576189
33711326
33972420
54398930
34389215
33706811
54814361
54738139
33449236
34180543
55286634
55343673
34566083
33801976
55370625
34235559
55488162
33856643
33741043
56188253
33933127
56685084
34408686
56716262
34496328
34411061
33587263
33723566
33310603
33262017
33062954
32860910
32255862
32502179
59690238
32127442
31606855
31787375
59964302
58913363
58785667
58809513
58590092
31935827
58759387
32415819
32135137
59630709
32195563
32339003
32231700
59788968
32157635
59932407
31998364
31462501
31613762
60528191
59994844
59281319
32587023
59759587
32254395
32169269
58867821
58586499
58398696
58522390
57926751
57202077
32849232
57123914
33313027
31192883
57867952
56359853
31360434
56554987
56613642
55853238
55771270
55251949
31974994
32049972
54092039
31834020
31484603
31322090
30975609
30857458
30221795
55046384
54516204
54372005
31163511
54205544
30794571
54287762
54054386
52137358
52162193
51747294
51908077
31571557
51817180
51768688
51652489
51675619
32231008
51734840
32274736
32222457
50776404
50916329
32618851
51157121
32381702
32146746
51014088
32263409
51119411
50996719
30661158
30391569
30309126
51151371
50906123
51324593
51362035
31068499
30773804
51599538
31078262
51242086
51558641
50403885
49774290
32074461
32445051
50385006
50426237
50348848
31441614
49074247
31756607
49520635
31554218
49257419
31320598
31855269
49899876
49098758
49042997
48176901
47579151
47375946
32609607
47566016
47596026
32172181
31939293
31425670
48039977
31491867
31521791
30910805
30596112
30164837
30277373
29969908
47435264
47249961
29684248
29304949
47313326
29671564
29253993
29118953
48018049
47983047
29466304
47301555
29494940
29243623
47622863
47111261
47019507
29275776
47285149
29069333
47317708
47207661
29830707
29637138
48001814
48018436
29851023
29399021
29464424
47658492
47833988
48062323
47587663
29873863
29737847
29829119
47895541
29460619
47782845
47960979
29961337
48252769
47647629
30470481
29804929
29276533
48108796
29223538
28654654
28693974
49085137
48972325
29262639
29418172
28980494
28960384
28691309
27790006
49320645
49175614
49153005
48918983
28192226
28232228
27500360
50143281
27579966
27669554
27211199
26093493
26767185
51866548
52018888
27754486
27693791
27834600
27716522
52290948
52057453
27717306
27734624
52155524
52344368
27243308
52237793
26849996
50294090
26433096
25642312
25304593
25402245
50640233
50462383
49822761
25839749
25917328
25720399
50081262
26059816
50049637
26098928
48918915
49254432
27107112
49638595
48850571
48694617
27539099
26432943
26889019
49053809
26925779
26456717
26140157
49850810
49323069
26178193
25917003
49069898
25854776
49026649
26265830
46781059
25816107
46954385
47010342
47309583
47411793
26526186
26630959
26586701
26455600
48278147
47720797
26702062
26602870
46700860
26612991
46673131
27210009
27238360
46849051
27249470
27415115
26903238
46162108
47354110
47318112
46608518
28336488
46457587
46697889
28366201
46785863
28453405
28322114
27934917
28068835
27954938
27344126
27502302
48022891
47885556
27119870
27207088
48063356
48287718
47845892
47652946
27731465
27714144
47410056
47239001
47455641
47250593
28157134
47179555
46958844
46031771
27554125
46208512
27963646
27662990
27554446
46545004
46104562
45777121
27702660
26913103
26978205
46138632
26663629
46101677
26576343
26764968
46324156
46367418
26943685
46379092
46304605
27031020
26911244
26753168
47668373
27689370
27896923
27923780
27596588
27597477
27761493
27287300
27616460
27670598
27705541
27126921
26212161
50207231
26340405
26361584
50775536
26865860
26666960
26737431
26882974
26728780
51749559
51508812
51370975
51391291
26862682
27027624
27245083
27360162
51476326
51140158
26946004
51651268
27518940
27675244
52397420
27507887
27075483
52798766
52510520
52490789
26743641
27000573
27167061
26843437
53528801
26487043
53393224
26017361
25982450
25960531
53463765
26018836
53600949
26002892
54399149
54213662
27029676
26778360
54618583
54536259
25226431
54298579
53796105
53806511
24722925
52923997
52772545
53038573
25449366
25634904
54460577
54971123
54881602
54722915
55108764
55439427
54666926
29044542
29154607
29459869
55467334
29386783
29516368
55880131
55347810
29990389
29808975
29834350
28458753
28283488
56489157
28960999
29081725
29224316
29214156
57425732
57098374
29277309
29779886
29497953
29278137
57954695
29441417
58262912
57889642
29088622
57828001
58101816
57349295
57373191
30505005
58021241
30035028
57881332
30078270
57923076
30093014
30295894
30214847
59391256
58771961
30516236
30683846
30894941
30655443
30625371
30720355
30577322
60052119
59889589
59569741
30346313
30544148
59890922
58805081
30778831
58079095
58095131
57421437
30008228
57565209
57575153
30461481
58190991
30780441
57123505
55533273
55366481
54931644
55018976
54809563
54505899
54903563
54188664
53822919
53624245
31996353
53492097
52953728
32319374
32083123
31952156
31695850
31691153
31761279
53401676
32008983
32166844
32165641
53871421
32043615
53118473
52760276
52779298
52918032
32136858
52675505
51761754
33142779
33103703
52240458
32720297
32764374
32480348
52940494
33004160
53205755
52653614
51898742
52262563
34005666
34298525
53350411
53266492
52553533
52533295
34821837
33953190
33705714
33392281
33400856
52475900
32772906
53021865
32942823
32744755
32830866
53549433
33380087
54340716
34411340
34675606
34215802
53544546
53556047
53649979
34294271
53723245
53884885
53918657
35537376
33795080
52990165
34046393
53097572
53023045
34197540
52947677
52703945
52688132
34519240
33838355
33650663
53150938
53198244
30307706
53083149
52917512
53372317
31019711
53848928
53747991
53595825
53201049
31279135
53596157
53387563
31218007
53131166
31331181
30671419
53107807
52815585
30808291
30781430
52864565
52727673
31163295
31090477
30302950
30248413
30139482
53362603
29809531
30408795
52933159
31037706
51557115
31186106
51786933
31815189
50287400
50320563
50299816
50424499
32338314
50011061
50096181
50235032
49185571
32972852
49014195
31791945
31701424
31548301
49045083
49101099
31261172
31311225
47940720
32064672
32149365
31760894
31857315
50013217
49609416
32331545
32293955
32260326
32029969
49864248
49007617
31664401
31461118
31877542
32916025
50635054
50248132
50358957
32615533
50827250
51487326
51427057
51473442
33590641
32531812
52029025
51914913
51206726
50774270
33293097
50814735
50543183
50072936
49384464
48928559
33396714
48848099
34163126
33914524
33962935
48305650
48185432
46956179
34337489
33961711
33883815
33890898
33895180
46683933
46733328
33818932
32695732
33028323
33129019
46982591
46670486
33285076
32980939
46824564
32302889
46814591
31194885
46787346
30949619
30029504
30242338
47398486
30483952
30708820
30881341
31038334
48424544
30629752
47789856
47609536
31558020
48256254
31904628
31183059
30026033
29792497
47416255
30087611
48140157
47465809
31323536
47608978
47417590
46950699
30321606
47333989
47347947
47352222
47598196
31241683
31114373
47831706
31281057
48147469
47675546
31169678
48779484
32787454
49370344
33046818
33162004
49804243
49817651
49967696
32733779
32202698
50109217
50152138
50034801
32411759
50169015
32135837
32262466
50773699
50608271
50593942
32887038
51062747
49930950
33520172
33264481
49560501
33126900
49602000
49718060
33412097
33354909
33379486
50073642
49924033
33529260
50061466
33665543
33178434
50704153
33179909
50419048
32336486
49835828
32451639
31412399
31214642
31349835
31419348
50489581
31491324
31263385
30779241
50928685
29969006
30143452
51568877
51165284
30660152
50088451
30444319
50431173
30708784
50121730
50187252
50116822
30827380
49355350
48695351
31515457
31626612
31835434
31401313
30052228
29772946
48725582
48920622
29127909
29063050
27914161
27763957
27529070
50280826
27673474
50329692
50211865
27972827
49836341
27452123
27526547
27719369
50628340
27931938
28065787
27733188
50179002
27901362
27539649
27359488
50732572
27194079
27221019
27143115
27222522
51226461
51030951
28055750
51851649
51874955
28232908
28398088
52030035
28388426
28148720
28360374
28160805
27706619
52685295
26867623
52954930
26639127
52938366
52530570
26724901
52436856
52711475
52708848
52603673
27705223
27666407
27410097
26072172
25751241
24924784
52710629
24859997
52776015
52628344
52663680
52891382
53227892
25558136
53805534
53062790
26474766
52674308
25063437
24810382
52332266
51447082
51676508
51615297
25515302
51757831
51760959
25573158
51536211
25859144
51868934
51203328
51196938
51179604
25936474
51511472
51917309
52032464
27616830
50219360
50342359
49953865
28310160
27794606
27904179
51609931
49492463
28224810
49841317
49966445
28786953
49499275
48890553
48885226
28621341
28370716
49032132
48823529
48684346
29115197
28886053
28078237
28217667
48956907
49047748
49323984
28894486
29149176
50232719
28846685
50313777
50321948
28809902
50521891
49848188
49676121
29282122
29244986
29458396
50343972
29249610
50307784
49566949
29389071
29181984
49477011
48594617
48764766
48622815
29829400
29668090
48652620
48444438
47963293
29163088
28954579
47061485
28810427
47338310
29016225
29021597
28858119
48838516
29757754
48808418
30251017
48819922
48472719
48034404
48079825
31692826
48243553
31753972
48446116
31285335
48193101
48154673
48205913
48296742
31872373
32363582
32502809
49139327
50340038
34046045
50603589
34067883
49390434
33806736
48902605
33966059
34673685
49575513
34671624
34265205
34170836
34184510
34684405
34759619
50963383
50661901
50401268
50359846
50204522
50413478
35559465
35351829
49928554
35687484
35809672
50375557
50403432
35943419
35160618
34814049
34457638
50640407
34583409
50962291
50976674
35627230
51385669
35409852
51376304
50956539
35910568
51423437
36383545
36535749
51821050
36799500
51252376
50936825
37327834
36393642
36485723
36516585
51358507
37227655
51005088
37371505
51107735
50603613
50662431
38401984
38589288
51055999
51272772
38347020
51393884
51565706
37613934
37352533
51522706
51307255
38223182
36996776
36771342
52433787
51570450
37134070
51357272
50245979
37034107
35318743
50137239
34592007
50298912
34872830
50607057
34397061
34121924
33536753
50184872
50019422
34217658
50081739
49478210
34308918
33518278
33833307
33770596
33471944
50215618
32689468
32537132
32235573
49948112
32546132
32065217
32161221
31902410
32258293
32140628
32279595
32009197
32344163
52726786
32398865
33595708
33483311
53853390
33236859
32513673
32373552
53344484
53234201
32105652
32432530
31271191
54963281
55003417
31995565
31755172
31224936
55616042
30840605
31155918
56167876
29433056
29423054
56628640
56675101
29504069
30057118
29248822
57046142
28960887
57264510
57222025
57576893
57620205
30227401
30160686
58227137
31276371
57764904
30788668
57848305
57742835
31247688
30378507
57885526
31345586
58113644
31157775
31220991
31046447
58482516
31315499
59002713
31749197
59132149
31637970
58791218
31465202
59401837
59222465
31238566
31278167
30779367
