37381
29840
17835
16135
26236
227677
21821
225905
225377
113687
29476
19885
34565
18780
17505
16975
20374
16514
42679
15725
18725
15429
19980
15223
15086
215838
17529
18898
15009
18952
18967
14453
13509
15932
18270
13558
17614
17804
15218
13624
15370
16546
14765
13247
15338
20175
14381
15276
14710
15010
17048
21525
16929
19373
18371
21174
16816
15664
16057
23990
17517
16452
19987
13156
16060
18907
17778
14628
21914
26093
13792
17107
17108
15933
16941
13917
18766
224386
238434
21570
40412
13716
23745
20258
22451
19994
18160
20310
15626
20346
15953
16066
15809
14677
17492
14459
28602
14075
33932
13429
14341
12822
16449
19183
16497
20766
15239
14763
15738
26533
16676
14114
15650
12527
14522
16854
14484
14975
14177
13419
17136
19986
13093
19009
15353
18589
16275
13809
14337
17084
19802
16244
21906
14670
26501
15564
17627
13329
13865
16150
16942
16047
15822
15132
15453
15356
12391
15687
12679
18371
12421
12555
16533
12448
15199
16057
12754
17017
14299
15028
14563
18518
13370
16540
15463
14523
15026
15990
13359
18908
223425
61626
31737
18074
26565
14109
18786
13802
16458
16050
17053
22401
20605
15701
17571
14877
15236
18991
15664
16120
19032
14640
18450
14979
21111
15239
12816
16277
13819
17317
16341
13348
13162
14575
13674
12130
15674
216620
39593
14503
14777
16723
237323
20911
17522
14049
18558
15007
15483
17786
16220
14337
15006
216307
15149
12393
19931
15475
17271
13556
25385
13618
12967
17055
12070
13779
15053
14027
12994
16145
19659
13677
20141
17107
15397
14204
13688
13560
18909
16005
14284
14556
35552
15762
14573
13478
17610
16406
20615
16296
14567
12019
15459
12165
18923
12619
20824
25221
20283
21209
16003
14206
14700
15254
16940
13356
12766
15477
16528
13195
24990
15126
222822
223401
14151
15265
15389
16405
12498
12824
17767
16449
16415
13737
16854
13213
15807
14783
16935
14851
17041
11714
13784
17628
13139
15153
15366
12570
15160
16838
19182
12222
13010
17290
14576
18270
15563
18972
20248
14979
17401
16206
15626
14560
13934
18988
14584
12359
14911
17735
18098
15592
18203
13235
10974
15103
12767
12056
20338
13327
17958
14545
19734
13608
15753
23011
19948
14176
12279
15234
25836
15770
13401
16603
23090
13901
13826
16658
24460
18974
21226
16744
12859
30685
13467
18871
14019
11873
17546
18996
20189
18064
12561
16182
26411
24785
13448
24875
24686
21622
13777
14895
18094
18396
13415
14970
16330
22310
17136
15526
23110
15334
12712
14406
20536
13015
20354
13763
13255
17261
22573
13928
13122
16751
13445
15097
17184
19420
12535
27162
13415
18026
13494
23568
16970
13950
14145
23926
12778
12489
14199
18286
19528
16842
14813
26229
15190
15592
14738
13722
17377
17163
16413
12796
21489
13960
16731
15789
16651
11964
14288
17638
12824
19062
26024
12732
14807
16413
13663
13459
16834
17360
15895
11743
15464
22143
15467
12766
13118
14713
23957
17920
19492
19028
15134
18860
12420
26613
15721
18256
13286
14467
15676
12262
14506
13459
16827
14551
20821
17762
14410
13680
18610
15653
13508
18866
21751
13924
13570
19172
13197
12978
30111
13680
18171
11362
16018
27533
21367
12068
13868
15100
17072
12676
13644
13638
16207
15709
18232
13967
11470
14193
18749
15541
15414
14769
12893
13710
23191
28306
15305
23113
19768
12057
13736
18358
12524
14766
14136
21135
13740
15501
20825
13936
13926
12004
15974
15873
22813
14116
13518
14244
17760
17330
23259
33193
15833
12736
17040
12570
14406
13627
19000
14925
13557
15782
14251
16147
16366
16401
17205
12372
13057
19881
14156
14353
16007
19602
14522
25847
13282
13181
13950
17092
10693
16423
13464
13400
19657
16833
14862
17249
14840
18489
16982
14497
11209
14726
15763
14923
17723
16727
15127
12545
12067
12175
14578
17697
14100
16236
11908
11352
16251
13238
12799
16905
13026
16618
14688
16249
13920
16622
12551
19257
13352
26160
15537
18729
13106
15194
19187
20547
17525
15701
13372
22999
14057
14211
16741
16969
15083
18737
10669
15427
15095
15502
15755
15407
13898
16053
12615
16709
18664
14317
13597
20188
17594
13174
14001
15007
12893
27058
17425
14714
15337
14407
23862
23035
12876
14871
16706
14944
18222
22328
11041
14160
14494
13777
17764
14894
17146
18399
12194
23302
24505
17881
13423
14543
21666
23786
10653
12615
17283
11543
11727
12912
14914
16609
21747
12954
16485
14177
18798
15389
26475
14524
14949
13668
14694
13788
12165
11987
15677
14046
13952
17323
14569
15368
24223
12855
17181
18582
16740
13994
18243
14778
12675
28814
19040
12695
24708
13824
13344
13701
14077
18090
23156
15209
14421
17442
17964
13744
19051
12053
15595
16533
14799
17262
24406
13470
16737
23340
16980
28111
17418
16100
21369
13927
23798
14141
13791
15073
19047
15926
15496
18580
14286
11642
15376
18862
21721
14701
12556
14903
14240
17518
22774
13527
13906
12783
13477
13000
15155
17846
15432
13997
13340
16202
15652
12194
16858
15601
12780
15882
14582
17047
13300
15022
13787
24322
12509
14066
14818
11947
13202
18058
12724
13424
29585
15942
12270
12997
18132
219679
16300
28619
12634
12248
15685
12158
17750
14422
11968
13786
15485
12817
15584
11813
12873
11789
13228
13739
16745
14205
17837
11190
16231
13587
16715
11889
13295
17819
13221
24351
32211
13570
16313
12926
16011
21907
17836
15156
15205
23477
14574
28733
16932
15207
17565
18084
14014
16804
13730
221472
235293
13789
14337
15998
216686
11293
16790
15934
19565
19039
17645
226310
13873
17226
20200
12131
14521
16219
31545
12675
14436
17315
19215
14816
15607
14165
229280
16414
14072
20796
17211
17836
16109
15648
15510
15386
16456
14959
13570
21563
14950
14237
14316
11771
16365
14723
13933
15384
15570
16343
23723
11930
17204
12980
16214
9828
13333
17892
14043
14302
19843
15746
15355
15569
13683
18742
14556
17814
22415
19597
13912
11931
14286
15447
15973
14785
20155
12192
12794
17049
13672
14832
15039
14670
18283
16173
23681
19390
18844
14903
15197
13590
20095
21503
14650
15468
17636
15307
13463
19240
17384
20026
13494
18660
13609
22782
15595
20990
13783
17858
17235
16013
30361
18203
17175
14108
13160
17428
227083
184891
16117
12785
13887
14310
12552
17530
14435
12000
15718
19167
15296
13296
13654
19065
28648
17522
13396
17473
17970
14034
18909
17691
38709
31488
22189
14529
22346
26165
15149
18419
14034
23089
18537
20921
20857
17798
32830
14815
14667
18454
12082
22516
17874
17528
19066
18999
15571
17769
13670
15468
13976
13724
19614
18972
16362
22788
16146
31673
19307
13487
16095
12480
18309
16576
18283
19828
10962
19378
16580
13772
22360
13835
17817
17485
16199
20103
30358
13848
37626
16547
13347
15375
13637
22357
15397
15258
16533
17060
13640
17605
11513
18089
17222
17939
15730
16717
16858
19362
12963
17387
16410
17318
17591
14284
16399
13643
25898
14812
21757
14326
23076
20513
17241
23546
14327
15799
20118
15609
21643
15746
22573
12005
17580
19179
18191
20148
17045
16915
15855
18452
16341
14336
218872
14788
21973
14792
14231
14546
17521
14107
17228
15910
15973
17528
21059
21701
23751
22110
13029
25439
15868
18681
20240
14091
18236
13927
25198
16638
17924
18337
13571
15094
17823
15161
16746
12963
12065
22031
19942
22044
15828
19413
22650
23579
16510
16987
17274
15015
17924
18291
17841
16865
15801
20210
18144
16165
17416
14853
14538
16991
12976
20850
13145
16040
16296
12745
16685
13234
17401
14789
15957
18411
16688
19352
21208
17402
16852
16624
17961
17817
15499
16960
13526
11969
13255
17302
21441
19304
18460
37558
17824
26433
16989
15375
21743
15478
16079
13981
12483
13248
14501
16991
14706
15017
12139
16930
18238
219179
19949
13481
17998
23512
11369
28110
12853
19946
13717
13995
14195
14302
18950
12819
15758
14800
14857
18617
24652
14457
21572
16061
18573
20210
19996
14050
16211
20285
24445
19529
13439
20708
17353
16524
13676
13978
19233
15927
20910
15880
15245
16561
20145
21915
15229
15963
22446
25107
18150
28975
14666
16491
15129
14884
20907
17395
16413
47626
24926
12403
11277
18205
18816
14051
14951
13338
14982
16543
12103
13685
20162
13471
13085
22731
17331
11998
225217
26550
14603
25481
14967
12291
13854
14887
10894
15000
19490
12762
17671
14964
17363
12563
15057
17511
18179
13362
12841
24567
20710
14002
14313
12742
15714
18494
20069
16068
13433
16700
25137
22360
16193
15382
19221
38693
13923
12587
13312
18027
15046
14229
13031
22901
12047
19265
14439
23629
20109
25556
36420
11387
15029
13104
15772
12687
16091
13813
11973
13352
11179
16201
17670
12966
17232
12596
18881
20424
12362
13463
12482
20850
12820
17034
13789
15501
17837
14011
15654
17730
27636
14436
12308
18532
18772
11775
16365
18709
17503
11909
13743
16024
19939
14041
13920
28968
16815
12252
14240
15328
14061
16140
24803
26627
13504
17612
15186
24180
16703
16248
12998
17162
19753
15497
15116
16887
16461
20859
20915
19504
19976
16180
16899
13692
16412
19137
21230
20335
17019
16787
19158
14125
15606
13583
13904
12833
13608
12952
22111
15718
20580
37671
17227
17867
13114
15258
21691
17482
15472
15829
24227
21829
14130
13211
27214
11852
13024
12574
17062
13505
18478
13503
23788
16346
14565
15929
16617
14431
22126
12600
14555
23361
20756
14603
21433
17961
12462
17722
14425
16210
13415
17273
12672
14552
11334
11796
17542
15114
20223
14324
18384
15839
16045
11895
19784
18083
18159
16790
16762
25862
11847
14121
14492
14199
12615
18009
15739
27573
13611
19836
33612
13593
17580
23299
15164
12998
16706
14680
13497
18373
13331
14488
14010
15193
14466
20447
13175
17033
17710
17411
17761
15857
17906
16216
13275
20151
27112
16145
13808
10540
10759
13321
14239
14406
20246
12680
15362
11676
14445
10582
11833
18332
12008
16387
14539
20620
14530
17487
16408
19945
17336
15861
27124
26147
36599
11690
15732
14158
26160
13703
16487
11543
17372
20667
14380
16982
13464
12132
21868
16538
16212
14441
13438
13525
15568
14688
20257
16391
18020
14919
23075
18287
17428
16524
16342
20978
25463
15700
15837
16840
14691
14916
20990
13733
22459
22396
24514
18744
18237
14969
29864
13662
15201
19521
15352
14580
15828
20559
30222
20928
9736
18237
18840
14380
13705
13713
18758
16524
13558
19356
10929
13456
10418
16213
12075
16248
16375
19293
15070
19613
18635
21530
14160
15572
13846
24768
13432
15527
16732
17277
14117
23456
16338
15216
12580
14322
15327
20610
17815
13104
18945
17672
11961
16389
14009
12729
18758
16535
23878
14382
23997
16859
21445
13864
17143
16205
14016
14593
28583
27321
21552
16771
17426
12751
18311
21918
33203
39983
16482
17587
15718
19419
17451
17364
13320
21259
22107
15973
14662
16620
12197
14432
23634
18277
15224
16833
16030
14624
14382
20105
16959
12861
17370
12572
16297
12035
18192
21914
16673
15992
13244
16749
29641
27998
11292
17614
16743
16599
15137
21934
211533
227992
22742
22434
21159
17653
22720
19916
21837
22150
14605
16805
22636
16485
14001
14458
16524
22204
17853
14739
13883
15045
24564
14602
14214
15258
20071
12354
13264
23572
23658
29702
14065
16771
14427
14501
13841
16286
14218
12037
16511
19558
16784
14428
19520
15638
16966
13587
16519
18893
14952
13563
14842
18604
16998
12249
18423
16530
12777
20678
19100
13944
218076
14945
14111
14921
19172
13532
15020
11817
18565
19134
11768
22333
12638
20683
12266
13856
13580
14389
18186
14553
16351
16517
19037
13152
16682
14654
15979
13984
13670
14292
222102
225940
118235
15222
10975
18616
37263
60674
13954
19484
20027
17192
16007
14077
15147
15588
14279
26277
13494
16890
15063
13896
16907
12995
16022
16109
14688
15016
13547
14204
236334
145348
14485
15071
14586
13394
20600
15280
17987
228398
13788
15350
11529
19708
14672
21993
13217
18299
15498
16001
21974
30563
16713
18928
14256
17437
14796
13253
19062
15010
244914
16622
15560
17375
21327
18215
12385
38293
18578
18090
13626
14950
12341
15344
18311
15946
17790
18710
18212
19199
17473
15133
19271
14619
14101
19575
15043
15787
13471
22458
18664
13281
16955
16503
15880
16465
16412
19013
15530
15895
16003
17239
14498
18324
19118
15864
25733
13926
14017
15318
21037
17993
28568
19264
19268
17443
28520
25154
20015
13225
16933
15544
24977
24040
12249
14021
12450
21694
12264
18461
13823
14524
12372
14600
17182
14569
17576
17061
22570
22153
12858
19533
16286
17132
13795
15891
12926
15825
19903
14847
14599
19799
16650
20989
13326
14713
15931
17570
22073
20167
23891
20495
16157
19899
24746
14203
17412
16711
13820
18058
13731
21836
16585
14920
17569
14736
19877
15810
17425
12183
22363
13333
15499
14097
25042
19696
18599
15253
17005
25355
14171
18551
17149
39112
17900
19896
15851
14898
13865
29565
16150
15269
16284
14292
18273
18774
20419
42153
22132
16147
13778
16036
14028
100998
15211
17293
19589
17123
13984
16895
14795
14812
20687
21873
18384
13280
15016
11361
18927
27132
21222
17301
14830
15514
25328
13972
16350
16529
18468
12992
15016
38226
18786
15001
13500
13436
15763
15336
18493
15468
15418
15945
19306
15933
16155
21835
14970
14451
13324
17066
18480
13401
17635
12858
16166
24630
13052
16214
14049
14131
19451
14754
13498
17123
13646
22707
13304
16965
13042
17777
19588
13706
14382
23387
12176
20856
16669
17126
15143
14531
31694
18512
20332
16148
16340
17782
20210
16993
17699
17291
22796
16679
16657
24269
19363
18277
14994
21949
15118
17463
25576
19229
11332
18885
17187
13424
18206
12787
15862
16420
17709
12509
13357
12382
22005
15618
16154
16741
15281
18614
15352
16533
20133
21161
18875
12786
20662
18363
29686
17940
12755
14436
11021
13918
16912
12834
13046
30262
15755
13147
16979
13441
13200
15469
26073
22203
14215
13523
18025
21012
14566
13629
17206
11724
10438
19140
17381
14745
11646
25317
15758
21632
16151
13945
23759
17112
15734
20457
20682
15870
41263
20160
15825
14628
14758
13836
16119
14030
19957
14243
23690
18567
28598
14424
21835
16137
12455
12477
16068
15423
14690
40499
34180
43748
11520
12177
16857
12970
15174
15269
21474
26231
14646
17166
15264
14486
13154
15260
12796
17043
15088
17407
12182
14070
13864
16507
13768
16465
24450
20229
16039
14212
13402
16783
14142
16792
15333
15451
11160
16326
12704
17112
13548
14852
16576
22648
14062
13308
15983
14494
13725
17996
18245
227811
19499
18254
21540
17611
12294
32831
16909
19258
16543
18088
17266
13691
18960
19090
15646
19751
15856
18276
17735
13984
14209
16482
15677
19610
16817
23308
23596
12269
16400
19287
12065
14100
15580
12074
21503
20957
13340
13345
14740
21059
21505
221558
11898
18203
15589
16332
17436
13449
15777
14933
13172
18110
10761
28297
15419
14584
22374
16748
12171
16695
19125
13335
14133
16902
15401
15408
25233
22585
15481
14468
11744
14140
11757
21273
12978
20070
16301
14026
14748
20864
13023
17872
14305
12052
14794
16844
14799
23232
18927
17078
15681
20269
15956
16775
19480
17524
13747
11128
14153
26774
16163
19140
12777
27067
13797
18017
14956
18002
16777
18876
32053
15984
14735
14103
19840
16951
17478
13857
13674
16885
19472
12946
16467
13972
13190
22353
13683
14680
13828
12985
18328
14465
19459
17822
20675
13720
18754
15739
21821
27972
20014
18115
15510
25593
14203
15020
13907
15428
15927
22272
26231
20136
18176
16535
16790
13404
13282
18095
19969
14215
24227
14903
19401
15002
15451
16903
25282
16491
14635
20394
14230
20896
17289
19172
15269
17403
18632
13604
12412
18664
15852
13726
12935
17455
12166
12789
24944
16981
13945
15950
13466
16119
18286
22741
24380
22398
14929
21921
31684
19464
13845
16952
16619
18275
19273
15717
16603
21034
18661
15213
17159
18652
13033
12555
11496
16130
11022
15232
11859
11933
17300
12833
12875
12913
14106
17391
15726
22576
12884
19536
24450
15689
11469
17906
14398
11772
15131
25709
25825
19408
16465
13199
14882
11904
12342
20048
12189
16973
15978
16858
19693
21816
15869
26512
19402
13719
22124
13296
16999
26447
14294
21366
20435
17955
15132
18251
15589
14020
12754
18965
12209
18115
17393
13852
13420
24408
18214
18577
16416
21604
13550
12224
12358
14077
29149
14244
12261
21320
19769
21171
13016
14136
15119
17695
19408
12737
12065
14448
15876
12863
14317
219339
19196
21998
17481
31373
19160
13892
15890
16733
13654
12495
14024
15106
16714
15558
13720
15790
18876
12861
19930
20700
24482
14060
15123
15302
17225
16319
16327
11319
18882
19136
13744
15335
17105
19525
14347
15033
14372
19009
16772
14833
17599
15692
17546
18194
15745
226117
17053
16631
21702
17218
226866
14871
14570
14150
15306
20634
20872
13305
30018
17763
15298
16323
29893
16274
20507
17705
14443
12876
15495
22059
15388
14827
12677
15636
14184
13813
18737
14069
13673
24715
21044
17444
16590
12816
12544
17357
12912
13857
16600
12416
15631
15071
16885
12888
18064
15374
19797
15843
14414
13448
16780
14667
15951
24932
16555
16069
15348
21696
15241
19992
13867
18700
14988
15761
15764
16792
18381
12175
18001
18830
14619
13443
11959
16369
13908
16113
12751
21348
12271
23111
14303
19687
18785
16905
15179
21365
12112
15498
12200
13468
12244
18513
15019
16959
18986
12826
17542
12922
13475
15734
14546
15759
10505
17558
16515
11783
16007
14103
21754
15812
13507
17392
12563
15398
19254
12823
14661
12576
18651
15388
14232
26734
11971
26445
26387
237128
14200
18483
12718
16806
12873
14447
13004
16964
19598
25275
17745
17330
15781
17424
15496
27322
12753
16104
18105
12312
16071
12511
14875
15463
12511
16740
21798
15912
13828
16204
11491
17095
13301
16659
12078
18507
16144
20671
15822
13498
13564
19287
12398
16351
22384
12863
13794
20316
18011
16399
219363
16061
14967
20932
18603
18298
17092
16127
15950
19699
25596
17061
27583
17383
10718
12925
14634
20090
232724
19152
20096
19743
23530
13591
16494
31201
14288
15088
13937
16222
17051
14129
20232
14292
17706
13910
14310
17499
14854
17495
12610
13743
17729
15387
17333
12045
15390
22317
13127
20697
14441
15251
18658
16644
17039
14912
15379
11518
14434
14997
16026
15437
12923
17549
13353
14872
21422
13480
16914
15353
18711
14214
20066
17487
12913
16318
16110
13157
15766
20163
15243
17201
13399
15329
16275
15041
14412
14522
11808
14658
15665
13557
16242
15951
17243
15337
16675
16287
21801
18178
13759
14550
14784
20066
17145
11848
14193
19071
18032
20751
13993
13843
13846
23535
15711
11285
21707
15023
18077
12388
19365
17157
16398
18134
30985
13205
15433
20746
20219
12953
18278
12614
20358
13105
15475
21038
15921
14452
18562
19197
17430
12636
12997
15728
11574
10386
15665
13513
16621
11381
10683
17132
17979
13570
14046
14651
14693
14014
12860
13264
14034
12019
12905
13908
16191
12529
24459
12297
13276
15050
15718
18481
14112
16030
26686
14515
17168
11620
15440
14518
23249
14147
21041
14548
15546
17741
18364
15489
19072
15957
14457
20922
16670
12523
21117
15645
22203
17920
13797
18607
18647
15501
13795
13878
20769
12031
16485
13029
16098
12767
19674
19535
18683
12513
13197
20574
14061
13086
17613
15538
16917
17286
13431
15376
15420
12871
15160
15979
15763
14590
18240
13445
15436
11189
14113
30100
13326
12980
24552
12580
17151
14149
15292
223374
19877
17318
11287
25391
13604
17743
15643
14348
23438
16708
17001
13182
19029
17056
16813
26123
19562
13863
16160
217667
34463
13489
15717
22376
12785
19010
14305
21264
12420
16417
16583
31116
25261
16979
15413
15407
11177
17165
17573
11888
16189
17107
11786
16309
14543
23414
11772
16756
15713
15357
13203
18078
16922
18252
14599
22708
15434
14287
12762
17781
18121
15966
16790
13836
19605
15778
16129
16806
19489
13050
25300
14570
16534
30026
13917
13696
14566
21451
26956
234783
12924
17609
17107
10666
21768
15631
14406
14060
16131
19491
16589
16816
15691
15479
15382
19737
16016
16777
17451
20355
19597
18171
10738
12345
23602
17960
12304
18055
11472
13742
19202
18607
14795
16406
15172
16136
12960
16372
12569
11483
17914
12829
13565
20681
16862
11449
16788
22050
15385
14098
14572
15481
16337
17241
19045
19020
15179
17379
16243
17083
41511
15707
18013
9226
15818
12082
14565
13248
14228
16501
17400
11461
16406
25785
29063
20634
11398
12538
14258
12727
18596
19559
22839
28434
18422
15355
13650
16979
16142
11574
20119
14544
14168
12275
11374
17817
13464
25823
21340
25650
25970
17550
18759
13716
18734
15873
21092
18659
16368
12306
12192
15295
19793
11859
15853
15581
25609
13958
11292
19834
14176
16972
11883
13378
18672
13134
12506
18040
13503
19174
22810
29048
1046952
988662
631645
474620
231498
191558
16274
15850
16544
27760
12560
18616
15647
16485
12909
15624
34917
12583
14467
14146
21012
16622
16313
14563
13852
233082
15304
29198
11133
14717
14060
15006
17459
27230
14564
19067
11626
22244
12945
22716
14719
17471
14181
21721
15831
20031
14731
19939
13540
16723
27911
12783
14732
24622
16644
217049
20166
15983
23340
16812
23919
15344
15023
27209
15353
21664
15537
15930
17246
31273
15383
13390
18682
14014
18402
20012
12653
18553
18061
14415
17730
12813
11030
15303
20063
14460
15601
15041
17158
16953
31725
15350
16776
15368
15723
23255
18735
13294
19719
17149
14197
12430
18024
14128
16819
14802
21529
17973
17576
21065
14129
17570
16536
18588
21622
13657
17454
23584
17523
17043
13122
25651
15946
14694
20965
30667
14061
19023
12909
18834
18441
18509
15408
19388
13293
22314
13967
23019
14459
16302
27910
13281
13776
16211
13123
20216
13394
12506
13141
19662
18393
20838
29713
16288
18052
14928
15708
15801
23284
18523
14247
15369
13411
29675
18876
19405
16105
13980
12988
18103
17213
19081
16043
21067
14497
16940
22986
15343
16472
21338
13383
15393
15520
19123
18799
15944
14968
17172
18526
15410
19941
14819
23336
18248
14322
16437
20967
23282
14242
17317
17859
13622
24197
21489
19855
16252
14644
27611
20941
16143
22879
16200
15425
21229
13301
16516
17971
14904
16188
27236
16425
16423
11423
12689
18138
16612
13997
18965
11889
19783
14831
13750
14671
14169
14714
13805
13552
19613
14469
16714
27137
15402
12179
19507
25676
19435
29083
37284
13266
18110
19078
23455
11549
18474
12879
14071
16785
22164
22880
20504
21283
14133
14899
17439
12325
17611
13922
17523
15307
17927
227252
14920
16453
14233
17582
17276
19560
13415
33315
19941
25508
28208
20239
11781
13543
14615
14060
14000
15885
22402
17511
16883
17234
18842
10533
15010
19949
14599
17421
11719
16306
13816
9987
19594
16305
17740
14018
17309
19142
11580
22494
18207
231907
20389
27560
19517
14231
29593
16019
17045
11326
16537
37015
11834
21499
49848
16990
20998
15416
19486
16220
17712
23961
23420
19190
16884
16147
22983
13150
17102
20659
20577
18547
17381
15074
13130
27324
15754
23333
32011
15873
14630
13944
14116
14247
14674
14501
14661
16231
16951
17223
22095
11807
15685
14766
31380
13546
14391
14088
26816
14242
16481
13772
15225
17762
11669
17543
14644
16388
14766
12803
16723
15365
229500
105070
14125
17811
13548
16994
15284
19008
21967
13821
14401
11563
16557
28143
17034
12666
14805
16372
13824
16544
16404
14090
26757
13535
21048
17973
17134
19167
14258
20659
14325
12694
16102
18107
16661
21690
18056
21668
13494
18223
28974
16182
15577
24340
14717
13739
16444
18942
23365
15703
19032
15721
15894
19840
31990
13779
16611
16986
25743
14737
13206
18619
14915
21206
11942
13819
11412
12865
15020
12747
18433
14372
13230
13965
15169
16108
14836
15476
17548
14241
22349
23021
19999
12157
16825
15566
21332
13925
19148
12705
15744
19966
13267
12969
14762
18179
14533
17055
13725
15393
17869
15885
14035
18682
12041
18604
13197
17437
15703
13045
16694
12372
18592
16455
15541
14382
21335
11361
17299
14214
15951
23649
21081
12785
19357
15414
10949
21022
17788
10898
215436
94489
13490
23733
15749
15996
16002
14779
12533
11546
15644
22452
19483
21274
14314
12664
16799
25375
17755
20281
15079
13574
15247
19161
18342
16434
14287
20230
14847
14055
17457
21752
18170
14591
19317
20603
23627
13996
16347
22396
16402
15047
11446
20410
35467
11884
11998
11202
21001
12623
15339
13066
18618
19780
12312
20987
15509
21444
14372
16180
16648
18540
13562
19657
15295
13928
19226
16411
21359
14273
21444
14324
14061
16883
15673
22866
18596
40451
14941
15548
26940
17026
19650
13450
27766
15373
24542
18710
14974
21106
16814
21481
17193
28643
17434
16221
29274
16190
17469
19071
17220
15426
17219
21455
19241
13430
14912
15728
12778
13279
21972
18276
16714
17420
20498
24886
16573
1031627
225582
14698
14938
17515
11792
17369
17097
14913
20269
15790
13694
20249
15337
20366
16132
16280
19607
15643
27453
16257
17265
13026
17867
15648
15054
20838
228392
32434
36551
16345
27860
18706
27926
13983
18907
15792
18833
226172
104740
19965
17183
15330
13141
17497
11018
15983
15380
23450
19177
24351
15846
15077
17792
12609
16811
11751
17705
18552
14130
15000
17541
12053
215056
14441
15344
22485
22528
11047
13819
22099
16702
14797
20307
14728
11943
29791
13332
12108
14518
14152
14442
13344
15996
15977
13099
18489
15818
14801
17093
18453
11235
17301
11930
21626
12826
14499
13402
13851
17043
31726
27688
15430
13159
18786
13400
19622
15237
11970
15264
14635
12007
15884
15139
16587
23709
13008
16276
13532
18001
20653
13832
12977
18549
11352
16030
21447
18447
11817
20053
24156
17545
14434
12715
12779
10554
12751
16106
14124
12767
11042
13847
20088
28837
18427
16791
18779
14109
20195
16147
14930
19033
18867
12689
14105
16013
12311
21050
11019
13383
16186
26307
28335
22418
17434
22840
15231
15289
15538
13382
16036
15934
14611
13571
14597
11598
25376
26111
11673
15780
24000
25875
14541
17265
16706
29279
13575
13518
17785
38107
23353
13083
18235
13478
13386
12989
20698
18446
14599
13334
19098
30525
22401
23032
15765
18712
13712
13886
12607
15560
19958
14326
17586
13263
13474
14473
24208
14380
12998
14787
13184
16495
19626
12814
14896
12584
25297
13396
21159
15522
14757
15183
18738
12334
20673
11428
17049
13948
14332
17567
16547
25035
31730
13535
17547
15355
16958
20362
18641
15927
27626
18023
12651
23964
13580
18458
14435
16702
15901
16985
17337
14357
16249
13309
16513
25260
17706
17240
17557
13863
17715
13240
11338
20940
11461
9552
14543
17932
16456
15882
13314
12739
16936
15012
91374
15079
12790
23275
13119
13573
20864
14640
14550
18258
17033
14355
14505
20296
17013
218057
112352
16686
16659
14051
15834
13489
17647
36231
16876
18801
13058
11556
11875
12548
15395
23876
13481
16783
25399
17617
14271
15729
25360
17788
13226
13667
17187
14528
20368
17775
27117
25457
17464
14845
19808
16005
13989
13156
15087
15676
16169
17949
13424
17441
20656
17323
13464
19052
23141
15323
14751
18962
10215
14498
24683
12265
14659
17262
11375
13742
20421
15165
17785
16841
17213
15423
11290
18368
16477
16046
14570
15965
18240
11566
18580
15489
23666
15705
13935
16915
19420
18192
11615
17059
11322
44612
25412
15488
12881
15492
20005
10958
15907
14018
13764
13850
15058
14993
13020
14158
15810
14904
16883
13888
14505
17344
12399
17980
14196
20588
13141
16864
15494
18445
14628
15879
15743
17338
14824
14273
19906
17235
22202
14546
17654
15745
18828
14186
17037
17997
12596
14344
15136
14146
22445
15886
18203
16521
15334
15915
16411
18582
11276
15077
11412
20902
10791
17431
10070
13953
14567
15470
16105
15794
14152
15565
11286
11113
15782
14890
16399
15942
13926
14315
16091
12893
18092
14321
13327
13537
19126
15746
14477
15806
19747
14914
16803
23832
15333
14135
19084
13393
18322
14093
17329
17667
14934
16961
17322
17237
16006
17432
14461
20965
15160
16240
17742
12019
16267
15748
17869
11619
24224
15756
18006
12217
18883
14874
13148
18812
12992
15179
14816
18513
18358
20545
21107
26034
15724
12957
18473
13819
14194
16579
11124
18909
