596337
2115210
1746300
2380229
2878242
3491675
3080830
4073060
2984631
2268453
2399729
4737435
5205786
3202708
3244267
3441701
5423167
3575045
2710044
5382346
2796930
5582445
5173019
2522709
5090722
5033630
4817417
4257824
3358769
3610666
3129570
2975881
2574193
2055015
2206684
4470531
2637815
5505835
5358967
5366543
3470153
5236108
5220704
6370933
5318241
6595387
7141508
7150188
7253927
7031109
6861566
7033341
6842199
6820106
6826183
6203238
6043282
10951322
10950499
10822091
5872471
5224115
5215889
11660572
5303791
12029655
11966927
12010115
11732023
5120397
11982510
5287839
5180238
4594215
11974555
4858521
4881151
5369084
5319636
5365730
5090254
5116336
5262577
5455193
5536551
4912299
4927249
4535092
4139227
4107610
3339460
3663372
3181160
2702071
15460222
2656510
2676367
15821339
2187254
2265537
15212877
2197625
2145608
1807203
1600288
1593169
1194759
15629646
1389452
15000819
235253
15504084
127248
15635739
15034354
147236
14699144
14853184
144887
14623483
133281
306870
12930217
13078710
766265
876584
13464784
12225813
1009931
669480
12582915
12337152
993568
683610
12556598
129581
12983366
102181
13372800
278402
197619
255320
13664054
157442
200239
267870
148870
14341926
342778
220544
14518675
14292127
14200263
14164220
14174660
12995322
12975968
297740
13024108
185427
12680278
286147
438576
12134630
312442
11736983
303109
11496700
193635
11678466
11744965
11837778
11191579
317656
11252700
11315057
425072
11460558
551627
11282062
10756804
10804480
10111503
187157
436337
209633
121878
10223533
10343634
10071483
217550
9615608
9318085
9390639
9274589
9466300
8826264
134331
8554917
154040
9048190
8713999
8717252
8814822
8148136
8210096
8011349
8053968
7207444
6235600
6182242
262377
285680
6634488
278691
6738442
6841208
7133164
113150
6506975
6513036
6270185
6022484
5396749
5428534
5306614
5105214
4731677
145449
172325
315845
444481
6098134
616057
785893
745930
1222720
7547126
1931853
1825030
1744893
1952105
1751531
8472263
8245050
2197179
2042045
1479633
1409204
9052841
1528748
1546516
870471
837707
821930
920383
10184280
286094
10272610
10469523
580194
484869
207241
174774
180713
12214345
56452
182172
226550
294968
406749
429089
578514
376400
279553
14536292
247168
15169705
370219
12972139
176504
13298236
13657243
445328
450271
14129700
13947738
14065429
14163955
14336518
289115
14086540
13470726
13352160
526210
13989115
868575
902831
959001
714510
807097
819082
866240
682462
15315547
211139
15349110
563673
755817
15882384
15534342
188739
15899483
458291
342068
16103469
559379
16425723
17120045
521654
610029
17218363
17402707
17196847
17039101
160832
134175
17890577
18476109
18180803
18356070
18105772
18354622
20566
18500245
256978
442161
585295
19951741
167330
148890
226757
20151262
112286
20267659
20000633
18719576
670514
18080873
556618
304938
510626
649628
383760
517324
20293455
19565630
599342
19656088
229212
20083610
21147854
555573
28258949
28463064
28493000
29106881
29688214
31358783
31538982
31885970
31881563
31104693
31211346
30910294
30603553
30661095
30479928
30519286
30424142
31065790
31080773
31812809
32273420
32361935
31504166
31196443
31224716
31164193
31196654
31837338
31490358
31365364
30304353
29828006
29258181
29214834
29906942
30006591
30176078
30586728
30527396
30255478
29995496
28384878
28530119
28339073
29001646
29103659
28311833
28769847
28775240
30061725
29167466
29360289
28347851
28776652
29177392
29570556
29448211
27540776
27890761
27369193
27583317
28780196
26998834
27178091
27302483
27570109
27672985
27219935
27204807
27454113
27596990
27837195
27422919
27062591
26690897
24975147
24910933
24424146
24576658
24738223
25958284
25680020
25559113
26661615
26920220
26789442
27058769
26456511
27318237
26982431
26376956
26274755
26300718
26483809
26416426
26300336
26821083
26689398
26867338
26826164
27905805
28094857
27896365
28120388
28090160
27252109
27212120
27131172
27059048
27100219
27322623
26966988
27489697
28046221
27272741
27446179
27479806
26951914
27096163
26540944
26278734
26309512
26808035
26211092
26289558
25994049
25666465
25493848
25309217
25311637
24982686
24036945
24040457
23705907
24142497
23737243
24795072
24732281
25037534
24452166
24172223
23912732
25670544
26282506
26242186
27243210
28305574
28201744
27889923
27989488
26700383
27136161
27479485
27127622
26847043
26871075
27093408
27532200
27425954
26972814
27649294
27585921
28061286
27908932
28410246
28452764
28367741
27907867
28924808
29011537
28801734
28629303
29178195
29039321
28284891
28689476
28600382
28946111
28809147
29508918
29233893
30374241
30601288
29893455
29883333
29793614
30965374
30741650
30620563
29856528
29961328
29682311
29751802
30719083
30503643
31222656
31101679
31150896
31091218
30852649
30592271
30371755
30524401
30438117
30051932
30019229
31205096
31729508
32020623
32455762
33083452
32645555
31075895
30651633
30485305
29847189
28835387
28839122
29038687
28882404
29428110
29143169
28732701
28333026
29494469
30937488
30409298
29905967
29321267
29506611
29204838
29214846
28667421
29717362
29470039
29845258
29527125
29382516
28672798
29426201
28625244
29337584
28882557
29993720
30660558
29768310
30101567
30497427
31141195
30361418
31540649
30605056
29408871
30550331
30670454
30525972
29299715
30028807
31164741
32637630
32613562
33110365
32382173
31325850
31037523
31001267
31550987
31746564
32194082
32376647
32632788
33202116
33394270
34530708
34364570
34514530
32231547
31625087
30961472
31064142
31064867
31029388
31060504
30969978
31152138
30994751
30819263
30970368
31488448
32749465
32261387
32325197
32956424
32417245
31305398
29888432
30168131
30514085
30469914
30497201
30246369
31431820
31782831
31100022
30966990
31243047
31132460
31147301
30635404
30047227
30856247
30377960
30458446
29454727
29542682
30216751
30776156
30037076
29623158
29554600
28403050
28383388
28529975
27370003
27412015
27574686
27625443
27653240
27365462
25910337
26036480
25844903
25959343
26443829
26613404
26016515
25610288
26027723
25964722
27285834
27109749
26730950
26488379
25996922
26117728
26132027
26661381
27313278
27391764
26863836
26583226
26660087
26673556
26371642
26192275
26470834
26381050
26345799
25703308
25438414
25270417
25641104
25306221
25261193
25748493
25696916
26256888
26198720
26068715
25904108
25933470
25270899
26156529
25817307
25758158
25281435
25334166
25339006
25614722
25490297
25862648
25686613
25735446
25750049
25349801
24783470
23739895
23856660
23608628
23531357
23906034
23791451
23622648
23847108
23730309
23545071
23486542
22847128
22403505
22406581
22430318
22124993
22906103
22499281
25435851
26074322
26102555
26061827
26051212
24540902
24707386
24970660
24923132
24373506
24561574
24591187
24375853
24081170
23902160
24104234
23903300
24160665
24435471
24308554
25209337
25486618
26165460
26032295
27248952
26554224
26624109
26515008
27578494
27739961
27231734
27370286
26632820
26248577
26328365
27415428
27235665
26983496
26025175
26051467
26281561
26056438
27050736
27114563
27264176
27170555
26426580
26303219
26150395
25903528
25785434
25727626
26179331
26030735
26730878
27239241
27075373
27146866
27154432
27383691
27236916
27331443
28575937
28475326
28517167
29118001
29349889
29334840
28898986
28687932
25659707
25228895
25004364
25709696
25494993
25366973
25909202
26043820
26723636
26963183
26694731
26455074
26336637
26075654
26349671
26467469
26596464
26293691
26113011
26858972
26047096
25537477
24990371
26423171
25219943
25818283
25946177
25637057
24665637
24609868
24569945
24330294
24778958
25098614
25032438
24107954
24779354
24554373
24389764
25029876
24759782
26136968
25181504
24906107
24847369
25190953
24809212
25438067
25435671
25919652
26786038
27133023
26924242
26794151
27170765
27409382
28092752
27913602
27852112
27408110
28454091
28421374
27700607
28040701
27866285
27597207
27240341
27208219
26941389
27989042
28006357
28395466
28433944
27175060
27317919
27281973
26971112
27043453
26830211
26659839
26361417
26928076
27341758
27861951
28176838
28872261
28762950
30544680
30928462
30269652
30167809
32254475
32842520
31579001
31631101
31211023
31606634
31795201
31600576
31518438
31731021
31745216
31736191
31782644
32359851
32248304
32244359
32294716
32807393
33080529
33036445
31750194
32445425
32604999
32217335
31826787
31776393
31588002
31515130
31608628
30577335
30290987
30210486
30665186
29915814
29578435
29002862
29006428
29017983
29067343
29320184
29674190
29772305
30315238
30287590
30212105
30195468
30811303
30814828
29832514
30269294
30213051
30773363
30828772
32315441
32318755
31814725
31105219
31268322
31302420
31398353
31077669
30714695
31190001
30762260
30035819
30086793
28392303
29159012
29265284
29357003
27433360
26604001
26650879
28185789
27749782
28119257
28443835
28222479
28418704
29648089
29843781
29410225
31851849
32346356
32441690
31797744
32335783
33785625
34390877
34475445
34370281
33699986
33613592
33844546
33946283
33946441
33651489
34199095
33704484
33642152
33583749
33812682
33336695
33182546
33064107
33377805
33636276
33558157
33594511
32354170
32000523
31693806
30902499
32431189
32163482
32338594
32839379
32826188
33909944
33526809
34064467
33469431
33603416
32171148
32670131
33281187
34745466
34333277
34511214
34650247
34841889
35077181
34485314
34655360
34725239
34873949
34727269
33641763
33344440
33468346
33674820
33862767
33788579
32254368
32314248
31930996
31382219
31817193
32908110
32787666
32862478
33130171
30438722
29640905
30226221
30861233
30267108
28820905
27405485
28254086
29304822
29470372
29830538
29768132
29915377
29997389
30038697
30990072
30995399
31099516
31161179
30782249
30903924
31011765
30741012
30398965
29865920
30437706
30801923
31298505
31224879
30872611
32062023
30485015
30545023
30679418
30673876
30622441
30438425
30446507
29473690
29554738
30003847
29835362
29358391
29021485
28262991
28348087
28376343
28489894
28911211
28579671
27997359
28065465
27766934
27429031
28161945
28287926
28346958
28307151
28177547
27979148
29093271
29627401
29508851
29651404
29924833
29411079
28882467
27646136
27454514
27097277
27531025
27732756
27885283
28457288
29489105
28980075
29232602
28633122
27872518
27981481
27822008
27697496
27706150
27984759
28805379
28520680
27614380
27546937
28571264
28710981
28434296
28529447
28756608
28658249
28669592
29121697
28495147
27958029
27964292
28102775
26988612
27166395
27399767
27111174
26030496
26152305
26237825
26565209
26819886
27090034
26772153
27288200
27292012
27818414
27622259
27501096
27660136
28144331
27795753
27931636
27908974
27498496
27405625
27550234
26881692
26993524
27705545
27716148
28950759
29477106
28851753
28450661
28790532
28432030
28086675
29293445
28541004
28721087
28673523
29356525
28904828
28398811
28200525
27022525
27112025
27841294
27615385
28722347
28823230
28701918
28777751
29133520
28894357
29056126
28098049
28502691
29206914
29141712
28097579
28624585
28757753
28358780
28331474
28377250
28555131
27877061
27883895
27996442
28405390
28419754
28555769
28359282
28299528
28445888
28763823
28894582
27876010
27792054
27689045
27414913
27625017
27065156
27763499
27055156
27095708
27238991
26854028
26060302
26062285
25937756
26353709
28621257
28811410
28746533
29595795
29330339
28748991
28706340
27416515
27413249
27078282
27067438
26912867
26929764
27057209
26298522
26229369
26230700
26257941
26080577
26179291
26580128
26143278
26198690
25500679
24605753
24627236
23281796
23243809
23328633
22964826
22724601
22862323
22621134
22577230
22040724
21130154
21644692
22009066
21893879
22310111
22329484
22222730
22269415
22515977
22319196
23886930
23699186
23645328
23940546
23748192
23575600
24355379
24408778
25735833
25841926
25887976
25993183
25636426
25746599
25257316
25687224
25004129
25519608
25705294
25737757
25854083
26016324
25830524
26065246
27084650
25553295
26727155
26644946
26123211
26006928
26032721
25897965
26183434
26782524
27199828
26924107
27412378
27970831
28000910
27777343
27999253
27692529
28063452
27625654
27581877
27333808
27126451
26984796
26751882
26920854
26927932
27177757
27126737
26874648
27105798
27126151
27368043
27408434
27512173
28244827
29011732
29876911
29619747
29518594
29045779
29263966
29356829
29361850
29307621
29526484
28323210
28884596
29277264
28928134
28906953
30283836
29656213
31209291
29651295
29295427
29626457
29304138
29573184
30323136
30313369
30585226
30993048
30827013
30106980
29716805
29738771
29989770
30058891
30004981
28887239
28191361
26797114
27252887
27258334
27486265
27466386
27686995
28082176
27179005
26757133
27165613
26582369
26064415
26903235
27468867
27707952
27698060
27278953
27238008
28160864
28700696
28847697
29041114
29119701
28938568
29118105
28888456
29123889
29847782
29606874
29918217
30508662
30690269
30657677
29852493
29200010
28522704
28797398
28515298
28653107
28830575
29544141
29851279
29862586
30181448
30228373
29945321
30714855
31037298
30893274
30051576
30353949
29525920
30595526
30810332
30503769
30578278
30228485
29875389
30552529
30093535
30466812
30160194
30133206
30367577
30189041
29784159
29565343
30075606
30012150
30424109
31057288
31490763
31199545
30914006
31411857
31131520
30372912
30917063
30898462
30746025
30656743
30567038
29607139
29338742
28988743
29312506
29730172
30128425
29173069
28773680
28881370
30085489
29876949
29926828
30328892
30299585
30253733
30371001
30472103
30099056
29209978
28778563
28844288
29231568
29147699
28799138
28295410
28289750
28202332
27886009
26979330
26808672
26864783
26705666
26281578
26205696
24865015
25803469
26233328
25796949
26012406
25206559
24881753
24643705
25992528
25721673
25677551
27035968
26317359
26060996
25294964
25004762
25536765
26658434
27252935
27187391
27165756
26283984
26067502
26651538
27530160
27830273
28616223
28830566
28828305
29740722
30149157
29902972
29857904
30505252
30692599
30882939
30862496
30478642
30578512
31401339
31487432
31746350
31629864
31618076
31652527
30862499
31169228
31096610
30779120
30718994
30537343
30127546
30066379
30573914
30704780
30552292
30635656
30384607
31158911
31283410
31597383
32297709
32194311
32256155
32436390
32422855
33231535
33904437
34107121
36509903
36343635
35139600
35335349
35397571
34645514
34553076
33954999
34754316
33466589
33971375
34700435
32863940
33031113
33184522
33606267
33856458
33403693
32712276
32335705
32454239
32109243
32105968
33474941
35204717
34351071
33612025
33138284
33079217
33119167
32427369
32329035
31852396
32028457
31143037
30972319
30832303
30945439
30665366
30772072
29822550
29561808
29027244
28995227
29456606
29316223
29467721
29465504
29756381
29450493
29595818
30032962
29629908
30119083
30025484
30161049
30314722
30043475
30085756
29442538
29056353
28752140
27903357
28199519
28209106
28292500
28537920
28921489
28061309
27858396
25411067
25659783
25674109
25372438
25739431
25887657
25830285
26178633
26997592
27087657
27642254
27364645
27562100
27506649
27316750
26890857
26705564
26647817
27032597
26841770
27393849
27430086
27594362
26744196
24038056
23366690
23137255
22867803
22877922
22165171
22166144
22580917
22473675
22305716
23282057
23248728
23137509
23147398
23549067
23847957
23888184
23739189
23870262
24140508
23616564
23761015
23593150
23229169
25183673
25176316
25379501
24798608
25805411
25274019
26048076
25803550
25574376
25405505
25261086
25697724
26361607
26616424
26626967
27687184
27603478
29685983
29204831
27952946
28161713
28152799
29912211
29857733
30530913
30368029
30031667
29820451
30710657
30509199
29275498
29014886
28225471
28539132
28413673
29960138
30545628
30412727
31447799
31444650
31261636
31552904
30928318
31343573
31189712
30928799
30913401
31817492
32468419
32824481
32614559
32526601
32299858
32093481
33020999
32830284
31900637
31841873
32282768
32338378
32589169
32583786
33121871
33524506
33174626
33403725
34028688
33698769
33756079
34006260
31950446
31800579
31440875
31555080
30767982
30627312
30488906
30725615
31301459
32486133
32683717
31648215
31215290
31423314
31979590
31966529
31915476
29521327
29694502
29804834
29458565
30207922
28257737
28770475
27821742
27997650
27956160
27952991
27646476
27969792
27583943
28022677
27783330
27083185
27205322
25766757
25483624
25595248
24857164
26057826
25376585
25404637
26061059
25668766
25848658
26090519
26013931
26080900
25685390
25700892
25821074
26671736
27601256
27751863
26855940
26906984
27063531
27207665
27009387
26858359
26222728
25852494
25215155
24764041
24771798
24591437
23800428
23777122
23364012
23076396
22939485
23480086
24004484
24082118
24056865
24195060
25301573
25835825
25183756
24563758
24512935
24637801
24763762
24287103
23703715
23634955
23594013
23751923
23759937
23954260
26354676
26005369
27192007
27054237
27677976
27552048
27303471
28474569
28246687
28916910
28615615
28581473
29088940
29118558
29659709
29482461
29189185
29286719
29395559
28628155
29502793
29262459
28817592
29286184
30027491
29817786
30071418
30381868
30329100
30762304
30640563
29808542
28891740
27912044
28170047
28066087
27948324
28023023
28546741
28459895
29575476
29633986
29501811
29966521
30073664
30831104
30687633
30728250
31047402
31003284
31497680
31448735
31224811
31067875
31313245
31251994
30792389
30412690
31297650
30625615
30662899
30627782
30404018
30623403
30804446
29847811
29864820
29702607
30394607
30120393
28086717
27956741
27002343
27923541
27771458
27760446
28256818
27398168
27504817
26275531
26399947
26607300
26205116
27223242
27703314
27896560
28151879
28310431
27867274
28538191
27952506
27914354
28352328
27808445
27794603
28083031
27828006
27048356
27431745
27111305
27350934
27525307
27592315
29147664
29453166
30035425
30696036
31014628
31376462
31312695
30070599
30062811
30896362
30703282
30675919
30246934
30437543
31942417
31770322
32078346
31746445
31644718
32093988
31980951
31798152
31810261
31889592
31807267
31100912
31150791
31796780
32182364
33985193
34185832
34250563
34229098
34268695
34132858
33664738
33571094
33190675
33805436
33540984
32430517
32098039
32919398
33109692
33122780
33217081
33326923
33299313
32694198
32684281
32062266
31321765
31064950
30858594
30669334
30969926
30101168
29909095
30777917
30661051
31456992
30676691
30525853
30495010
30355997
30240804
30084101
29936623
30057961
30156873
28682856
29028270
28391431
28178292
27728449
26854655
26914594
27339563
27030875
26378216
26245209
26623158
26882638
27279551
25727964
25863891
25536113
26532290
26175529
26181644
26530843
26606508
26877386
26366378
27538120
27542532
28698445
27528094
27983130
26468159
26256527
26034620
25912704
25872443
26036775
25635379
26849577
26863054
26567071
26657729
26554145
26733572
25982739
25318505
25624788
25145069
26003328
26258494
26242052
26549372
26680271
26525469
26467889
26612492
26614980
26411947
26497751
26764860
27270763
26867271
26490430
26510646
27552969
27648760
27644377
27434179
27855825
28475992
28244600
28079726
28028272
27992202
28129369
27712749
27617593
28027201
28609266
28268564
28417944
28645143
29297424
28868589
28637005
28457877
28474671
28089476
28493654
27534411
27683166
27316566
26882657
26885379
26699428
26486473
25227748
25210384
24244308
24538384
23742148
23488749
25992913
25943625
26366671
26764518
27125038
27133708
26502483
26754130
26776016
27934559
27888428
27689823
27899628
28134817
27544690
27987686
27085546
26827355
27169470
26701386
26267473
26863086
27296321
27132970
26950068
26879225
26752928
26882101
25670136
26372908
25774548
25798698
25048666
25131896
25501073
25529788
25088965
24490946
24383237
24860264
24864044
24816431
24589436
24827628
25004023
25018005
24433319
24591357
25057251
24674447
23881482
23887842
23673128
23388176
24493929
24450311
24079439
23947727
24005547
23880969
24478422
24438387
24935715
25890792
26577870
26669547
27176443
27554675
27444191
27549945
24839775
24899122
25061199
25311718
25189037
25129025
24422409
25294963
24909447
23833879
23924296
23872638
23902381
24529171
25243981
25100767
25263822
25226715
25071919
25408189
25379785
25459175
25528746
25413588
25515766
25739587
25927980
25606622
26234024
25711241
26061560
25923633
25945412
25955619
26176020
25670619
25970602
25879833
25955432
25471443
26003652
25673855
26409726
26035311
25901320
25843567
26025387
26351265
26138746
26358403
27088932
27962379
27596897
27793541
27256123
27652737
27989137
27915138
27751376
27499419
27146376
27031876
26400640
25440187
24967560
25031571
25275578
24455649
24850568
25058298
25359876
25614049
25622272
25024815
24918671
24896484
24710817
24392128
25500882
25365860
25277278
25126914
25331185
24467065
24240657
24277710
24291913
25065326
24874040
24765785
24895850
24069084
24080222
24395992
25717666
25567735
25425019
25293476
24682848
24510646
24246327
24361888
24115461
