83392
40184
19666
21927
43461
27475
32147
16731
21367
17965
225951
21826
12929
26108
21505
30436
18797
28688
25199
15861
20258
15719
51600
18094
22025
17994
30971
32291
61578
76446
69610
16358
33062
17180
18683
27551
25666
33107
19210
17618
34936
19030
15875
21072
41695
46034
24119
20854
40953
19508
22461
28243
11135
17971
121416
25792
35481
37959
21091
29225
3353
21023
16314
28661
31862
18220
33381
17475
13876
17828
16498
18167
25002
16520
19200
27654
15826
24786
29444
12318
32817
16261
16793
15247
23896
25426
20659
34393
40903
17101
7974
10655
19350
17596
16695
15179
15178
21844
22864
30654
36397
16094
27233
14193
18502
13233
18786
11506
22630
40024
16392
8893
15544
13582
22024
19756
36653
33848
24774
20687
16892
21623
19769
18396
28261
39695
24690
21305
18515
15116
22797
16611
16106
29946
16131
13413
17023
22462
28817
41495
65793
23242
26650
23615
14669
30177
41989
18941
27457
24714
23897
24216
19893
21838
23160
40382
3823
14506
13126
14603
11612
11758
13949
23178
10951
3405
16891
22228
22533
22076
25519
14778
22883
31039
28561
15530
14261
11228
13518
17005
30625
15046
14540
6350
11558
6445
18040
12958
26069
27602
9312
20625
35015
26470
15060
26880
22985
17944
18108
25186
17985
5728
16743
30806
40788
17805
23712
20199
18512
26019
11396
29648
7603
26598
17873
15027
17436
22978
26919
19663
25581
27046
17599
24747
14661
13786
32617
15941
17670
13977
26375
18839
14117
17235
14077
13988
16652
12696
27989
26773
27167
15017
38106
15510
13638
19105
11972
17430
15597
25820
14226
12213
8167
17942
11504
16912
18329
19743
32655
49248
5209
27954
45373
33573
26832
18405
22906
22382
15792
19433
38379
46612
15387
16307
29167
24070
30453
17340
4952
18365
16346
5051
22150
16504
26259
14992
20171
21819
18353
9945
28183
29164
28535
39921
31178
17258
19696
12791
36455
37628
16538
36722
44873
18375
21713
14838
15701
19700
16694
12283
9189
29764
19370
17851
16063
18661
16317
13724
16027
10394
8553
18932
22249
40788
24839
17761
18564
24360
27970
17133
19025
18836
22424
22360
23477
28043
44440
15221
24448
15835
32011
48216
12304
18501
18837
33717
16328
36383
72852
16922
23175
38550
58759
18905
15883
16970
16708
15418
19650
13967
15336
30576
27539
14892
8247
18096
19554
36716
27077
27444
19027
30901
40147
20665
30744
37006
33022
53506
17313
28514
16120
29645
15863
33853
54858
15964
34167
20424
15062
12537
40813
29185
16568
7694
16792
19037
16209
32267
11371
18157
24527
31813
22430
12847
12447
13040
14379
16035
14084
26164
16697
26402
16935
11491
13034
24591
20024
26795
27438
25165
17894
15223
12003
15148
8642
22492
31012
11474
31639
20043
19802
3703
23879
14184
4019
16624
16631
14436
23793
23814
18167
25949
14311
17349
15730
15061
22884
27571
15336
15136
15901
25906
15836
13448
18023
18586
11953
21919
14422
24435
12363
7630
14721
25091
18033
12934
19259
14571
17150
27110
15171
13046
20555
19660
12615
24200
27092
15229
25510
15667
14617
10674
17351
14872
3724
26987
16062
11391
11383
13634
13697
6461
14155
17037
16047
229344
31785
17234
15248
11506
16868
13174
15484
33109
32637
18182
20916
19293
27560
17396
17786
22546
13762
26800
14600
13000
24620
10848
16187
16159
15994
27490
18014
14390
18661
21994
16434
18913
27707
28772
37990
12591
22290
48204
55544
13464
11710
12227
15141
18066
16349
14298
30312
27075
16752
23479
15699
34945
16605
15144
14198
11486
10932
15192
27128
23301
16133
26936
37538
15813
28190
27292
27774
27098
24755
14100
13414
10265
17071
17949
28799
22387
27001
8833
14954
11287
12970
25601
31229
9676
35724
16007
26016
15162
27876
8085
22832
36091
15859
21841
14911
54824
17014
23115
15854
18845
4903
13386
15571
13905
33466
14529
49088
20036
23831
13387
10717
25008
34661
15898
16619
13366
19480
18492
12718
18472
12474
48893
17523
23240
30364
10686
22015
37743
20030
15091
13167
33133
10211
26439
28374
34034
22372
13115
15740
14292
14690
39878
19813
13551
33173
24213
22581
18020
12498
12512
12070
24604
16131
16293
30609
14290
15178
15973
12236
31835
14355
30639
18898
11615
17677
20236
14340
48376
10999
12915
10463
11023
22965
13910
14625
14119
24720
20156
18394
15832
11710
31724
59105
26493
18233
13026
13256
16734
14954
15395
17528
22111
23779
13219
36326
17791
19556
26013
11701
15876
15834
13651
26353
21574
16054
29014
16414
20363
24192
34117
62264
9278
31460
18404
28325
12667
15111
29404
15511
12423
29262
14163
19625
32549
32717
50353
16572
4323
15419
27524
37178
31705
31902
26240
37206
15973
25393
16988
34373
17194
15507
15555
19542
19154
13246
27569
17394
24468
25177
29413
15590
24809
15029
16837
15856
8275
26103
25233
14472
19275
17689
9009
30413
24702
15664
32682
39237
31315
18960
24187
41188
48925
36989
11870
22856
28161
20431
19696
17438
17100
26593
9767
22637
17684
14348
21778
14577
13431
27313
19060
11682
24920
7467
17561
14716
14893
18169
18460
22233
28897
18535
50008
17221
17541
45773
24347
35375
40442
45703
12231
27952
29401
24434
18846
19814
14212
19971
14583
16340
15048
19032
28873
12257
15208
18723
23507
13338
29085
36382
3307
15475
11839
10546
15283
18163
27947
41731
17889
15286
23279
16888
18500
16009
14708
30513
24456
15286
14573
13797
9939
21622
3934
15391
30077
7771
14609
4618
9811
17430
21763
14637
13469
16619
10473
15139
16664
27199
21361
34691
15096
34850
21355
28453
23139
29713
14036
17972
13160
31890
18064
36042
19260
13172
14214
19879
31238
12684
12676
25187
14183
12404
13097
12287
25298
5683
11218
29188
13738
14244
27161
6850
26513
10665
15850
13341
24217
26884
12902
28404
14115
24578
25281
17601
24998
13394
12028
23442
22069
10509
18847
25881
12957
26407
25408
12431
15905
28677
17896
29306
21295
15931
17172
17717
7702
16171
29068
16352
18118
25621
32430
264966
239591
166095
46820
19954
34294
4661
16548
22013
13964
13965
39122
17544
27409
15437
20577
16021
14086
31812
15854
29070
17477
17542
30692
16101
19780
22038
35071
15846
16788
19698
24853
27086
17436
30148
17148
25824
15558
21219
16607
18700
25697
26780
15779
24448
15486
26737
24579
11326
12245
16676
20056
36236
34853
31407
14954
16099
15706
32514
52782
16756
18553
23708
50191
13433
31643
17204
14901
15416
26967
28669
16601
12526
11474
39389
37924
40936
10517
29966
21306
33939
25805
16585
160578
140058
82999
60180
113798
339683
300944
64053
122166
129685
78595
87913
50115
302670
81581
60428
297330
70195
81695
167211
139065
97031
89291
103884
309768
93508
142430
55855
171869
424036
63588
87153
121163
296300
49119
109203
46361
130562
187238
61358
40716
67539
57808
76870
196468
178226
104165
41893
170417
233728
268275
51041
267327
593174
391461
50239
154055
44291
46505
54514
188086
120403
54425
147760
51973
153807
110687
107641
111707
58240
469571
316798
285264
150315
251697
234605
92913
91891
293408
69233
60414
265931
161033
208016
113636
192619
108882
64247
111589
45203
346109
51764
183925
60315
72199
147097
299219
77331
95395
77344
63418
154927
225004
59262
51422
111868
257550
181194
56643
397421
64848
474128
252147
30380
390105
122367
208984
109617
323316
226198
95268
170715
332852
40856
67446
60896
106674
99712
110579
208523
113574
183686
40111
47738
65248
75250
97335
487253
103530
99440
80261
46167
72288
120596
197082
42540
61471
128231
63940
434499
102100
96756
141070
63066
148354
54636
51610
173675
54784
65172
139413
169119
159305
76174
364418
53132
528995
91517
222549
113283
346361
136714
135097
42825
152270
61162
76450
77123
111604
1064811
484723
186440
256553
66480
106265
275191
119691
128877
76854
44270
87132
94339
138540
174560
168820
75428
242935
63708
52899
99981
131201
82666
42906
175491
55217
142798
266375
88710
78880
60117
40436
179216
212763
57593
80054
90549
153023
460270
27082
91925
237329
76437
168466
470653
49977
39055
133998
113232
370670
80165
70829
66962
532928
115767
37137
75943
217600
367550
408184
131995
43564
130568
71658
104366
88126
357599
65550
136984
342436
180084
54732
90162
99141
78830
103358
183124
101662
53976
124046
67070
82115
197645
58794
375521
43273
266406
171318
190883
151301
110175
57489
76877
149715
52667
199780
75006
461232
431004
197758
220563
99697
51689
45311
200119
225030
120000
141615
34539
49989
322161
194550
486315
71040
267483
247429
62986
94999
181173
145722
55706
77314
186251
86051
71298
59623
60269
123215
136686
85074
121362
232574
153995
111603
492786
327494
92181
155971
146741
124249
502061
45572
319049
88384
173020
47500
321395
127660
84825
54967
49512
228040
279776
56074
101600
152818
100071
96578
275199
47102
248803
27852
260057
661559
264712
47895
79957
157909
151199
541994
174359
320370
154700
154704
45078
416577
72036
148411
343239
83063
48993
156108
257031
38489
398883
165148
185009
182485
119032
48221
283461
71158
49504
406371
78434
30327
209897
148140
194097
122850
46775
616339
555560
184398
206443
420871
141881
271148
141260
46365
54147
77366
183536
219883
198818
151958
136726
207560
232727
463925
175989
40051
37808
118281
182454
84526
60573
97505
466808
102603
210800
294547
136598
46393
110042
56115
319322
298487
98990
725940
117962
150244
104956
53362
324392
60306
176612
238574
1117053
1062280
1087841
1031946
894144
721155
657670
565964
287441
583169
416848
405083
408740
191210
224763
65827
84871
457986
271588
129736
491793
47560
70497
95517
379971
42352
159989
65463
59404
217333
84135
64479
92220
52375
129653
100673
168289
161114
86090
163539
75519
181746
61480
99104
66794
54958
59329
42158
71398
72484
147141
137615
60188
391310
100751
38833
23433
161143
105353
169640
84601
41801
17877
76481
351326
49108
394065
49568
48173
264356
111516
49405
201909
63782
468930
247308
204433
180101
232169
164689
47226
57831
43684
92456
227721
414193
67231
151807
597227
200569
260228
171919
287205
282735
55765
271633
183935
76851
117915
81537
121369
221035
522150
103479
79194
107809
38675
107148
206698
51283
139967
36225
168408
81337
192137
102570
51660
63535
95863
140604
324128
88421
105033
430717
57160
51378
338814
107093
181243
58049
287728
46932
539248
80814
61150
514813
164614
413284
287171
100486
75273
89450
207075
257796
269244
93702
97848
329791
302012
263719
200450
190172
183233
235346
193077
195446
57607
59392
74222
292841
56089
111769
257998
42171
102244
69068
117039
153909
179612
113089
91746
54435
50134
551779
61896
305593
219043
27487
351979
87017
183231
95062
81899
134466
111868
191200
241942
71698
42970
82060
91192
110891
269655
85806
116994
113687
43781
150103
193800
39513
57431
63438
282002
29652
127145
98720
225117
92895
90373
402998
407725
513629
92850
44171
262016
110246
385489
187857
456297
327347
41817
48901
58743
104205
105945
336941
137336
122520
108769
194533
133683
353082
199039
230947
110197
486875
81551
61000
538700
288143
193851
300475
901996
440065
592584
122109
277875
267422
66189
214446
267504
46143
138275
284689
376326
336148
132060
59068
100470
365084
70463
86967
71019
281178
89864
148698
114315
62193
195308
276632
402174
47424
157076
138225
58744
122089
29047
53714
68743
160455
139982
90643
114092
268394
106636
71442
38068
42465
228259
288129
480121
111188
373108
29092
389608
29742
303011
329482
78479
145927
38547
261707
56577
290243
46716
180034
109720
43646
274820
51040
37039
153462
114326
30505
37922
128405
201240
35191
52546
301815
64673
139425
69925
36215
63042
57452
35484
434727
66450
40333
107748
41837
90641
267131
201922
136104
289563
44898
40359
46951
83322
54587
75189
230219
32059
70821
50658
277802
348197
78034
189127
508400
135298
84476
55581
264504
561922
49409
355985
96694
75359
51943
129197
91039
238239
167972
212727
380921
156863
53816
314143
93904
67680
136009
273826
246096
174974
75290
347254
56740
337249
77132
171721
57780
114025
111729
402147
107850
41240
178138
196468
314867
135935
74549
106135
133836
99288
54057
144731
57492
170740
128279
140202
91671
104678
137299
49493
131955
204520
481399
347018
300173
81924
446716
53639
84289
46361
350877
397883
156707
194069
51055
69266
286519
150449
78381
95244
119036
123486
86529
593258
68298
177283
190006
263431
115572
155825
62869
54980
208599
257462
535291
147770
235326
135335
136458
162785
77130
39269
213648
186151
135947
390211
65639
51035
143141
206823
38215
184299
61257
162246
114431
255603
71813
260919
325963
357092
607331
66863
202409
308087
161726
145319
101263
202780
53152
120195
157589
65947
47779
451600
51868
59778
549353
195633
125122
243537
102886
46168
62073
73600
102057
266858
166279
319929
64344
152809
76315
44117
118953
122911
87051
43317
133105
29329
61282
48070
129171
257641
36128
35874
70320
126344
143469
59302
32042
94885
112201
51810
48533
55134
77962
258994
66705
31238
175147
263119
53584
34152
50200
71165
91817
126206
159559
248588
50753
55987
207651
113045
70096
365258
276841
62322
104180
521895
205255
101586
110855
321758
248395
118058
146956
91999
335363
183883
473188
67902
57245
182024
33347
214215
32968
148687
45824
209912
201546
44688
154131
114068
220829
208080
98358
76709
86471
46297
99127
95701
40650
158653
836376
219611
386185
116420
302634
73469
331816
30469
25549
92326
39601
54773
51659
38147
41365
98969
50881
145558
580070
63885
238519
385383
66669
117754
88971
72486
100541
145555
51299
137995
108937
200614
202024
781364
144491
75380
52261
100069
108511
57880
81413
149811
242065
283207
33667
53077
98351
401530
163610
71176
76874
166525
172017
109134
370004
87269
180880
43432
46009
221254
131688
277059
287562
129906
199207
150486
185681
61910
153241
126588
43821
138358
47512
192454
39610
88317
64368
383560
274647
582804
264784
69462
141244
34774
131383
103679
154401
278846
93763
102696
42450
27413
111998
108247
61943
632914
267061
296420
41774
508273
65501
71902
58064
110067
276309
227518
231202
484038
44508
99467
58780
78510
84323
652831
159800
107826
149306
168772
116615
302967
161769
649647
78857
251371
87525
166002
191580
190142
54990
611595
32292
361727
249736
211090
199946
193609
207681
219651
363462
341134
170583
121802
496113
225784
249869
317816
240623
124240
39326
169082
122795
36980
126532
951595
132696
46961
216547
38673
115068
318441
123540
145600
24053
72417
81715
165860
268630
46006
48890
299863
314068
652226
135427
119724
205359
46871
81124
41285
274430
34604
80624
306699
155779
60976
190989
53483
71524
185472
235063
80722
31548
259281
192815
80713
44366
117410
74760
355076
33122
94560
220000
52218
77721
196569
275471
185304
187608
147842
73300
175137
162940
29805
260065
314964
28372
257822
282551
185279
62550
269962
180166
72712
62189
534888
36955
196811
134828
97538
201962
51961
67091
164440
180604
57221
47493
209559
338610
130507
65585
207359
296524
134358
42623
58273
79882
317598
125642
34341
56613
63517
46010
282081
57357
38157
124944
97483
91203
67178
93406
162517
125918
263693
158050
106113
56676
200221
336908
153767
239470
174172
296055
58483
108490
422869
36563
79882
299722
45503
57190
309968
113749
48799
69258
323126
40057
126433
62121
239504
212351
163730
98684
132556
54190
120343
185973
75937
40466
151949
77594
190212
45982
339494
473783
83119
54890
26907
218370
49307
245245
53141
138802
50417
310164
52108
75128
82507
134551
157482
150224
147061
72970
359093
164029
41571
28773
106224
89446
515564
34901
141289
56435
204155
199617
183193
291609
39447
66255
172381
75886
336178
112238
78935
132850
390220
325197
37680
181681
93971
67548
49360
73615
59104
117189
82565
177161
135353
112156
60081
138971
97555
34896
289669
206870
218876
42256
102750
235680
296558
60966
149922
40994
110790
43799
153048
39166
165799
102852
301824
150696
544248
50327
192107
470937
46972
112622
28494
175744
117950
96341
257391
85076
194628
283280
111564
161026
80108
207845
183259
181254
226950
117136
109272
56075
166070
121496
134745
38645
118529
509292
52169
192795
283947
92765
654519
50378
151094
355543
137741
34985
42716
177592
52764
176029
164184
783051
76863
367268
257575
299487
200876
121618
181640
39842
71062
622196
253044
40823
265229
51952
439024
77868
154555
126840
104774
92466
330590
236704
39604
71804
174356
73232
47977
54171
907235
218917
228544
100565
102882
52863
112236
158114
95095
40477
53838
90105
41158
51372
85067
109965
150536
211722
130036
74623
106981
47029
188184
65145
41543
57481
800717
149958
471458
260431
135672
51146
267311
61633
66079
139324
94683
211418
46061
98835
257154
345166
201824
155316
217724
49477
82285
113291
49980
292357
136587
65580
183801
177588
38124
60977
38403
66237
207777
88281
50558
147962
136866
104582
102331
53023
135246
56163
42351
106403
294050
90597
181832
133958
523238
77484
141954
80428
77551
147938
51702
42088
276754
69419
173704
141088
132784
105120
53096
80358
101716
121229
49913
85067
73893
231997
130721
122080
96335
125643
200819
161528
47285
126539
83793
55392
290652
52719
566863
93460
95149
140888
45165
77308
131816
44496
258362
257051
206611
44336
63340
114655
57226
62951
63814
111126
176265
59570
90052
673936
93842
38150
166671
290039
45520
196411
41540
45107
197894
44555
166981
126915
263264
72197
349852
51188
138795
103777
103410
64528
599068
103398
163072
319361
51891
128270
490569
109572
410648
79906
72441
205895
123467
84686
119469
440542
50747
131811
85347
46914
149796
46215
17468
46391
230793
49141
296237
145892
78028
39698
795916
212315
83196
136869
114278
73679
292483
45062
52580
141192
150810
243559
196119
46185
375195
132222
53830
348741
193734
483407
64604
38485
435939
52282
365402
44786
181177
102994
78940
91160
33698
115768
143352
53941
102167
141603
75412
210224
32624
351600
62855
44588
695850
51704
114799
47982
287878
158197
266096
918713
53369
97461
70504
93201
42094
1013753
88917
53955
126748
38093
243620
217569
138400
135854
37384
257669
132047
50465
333018
56912
55319
67063
51390
260445
177453
199107
63311
65274
191070
80919
109215
288439
60471
69876
297070
458743
60583
52244
73502
114843
55022
40687
43300
181980
295206
101208
214756
51985
385954
149065
302459
38423
197120
502484
345592
72799
286138
139252
167939
60793
66971
68358
71863
60464
71891
64037
109404
54151
63795
117084
46884
42188
255135
125648
46348
73955
122853
60502
70237
317729
68475
135676
200853
100323
97413
141895
69189
180200
123408
37918
224646
54930
68144
63302
76161
51943
71053
85328
99275
59756
152889
36930
115919
54525
56787
69118
382695
142778
50833
97557
177483
278517
100822
58022
63146
76558
157203
98582
144938
215742
65110
265429
236963
172080
510542
87889
136563
337694
186142
36960
370332
269318
55824
469359
82499
72898
113990
65569
91267
234870
116839
324222
84742
21662
112763
132395
215966
256781
287834
207722
324606
32478
68274
109558
392401
121043
303063
80909
83809
43705
87612
68870
370360
211889
56919
194261
44907
165940
66439
66455
64143
162301
87618
550744
162347
38688
101790
48891
267382
41636
60933
69411
258157
80073
104061
179843
78255
79016
170760
132272
53994
32303
218237
64339
481909
202115
40382
27901
29555
80161
268157
118485
48158
295006
165196
841679
49884
54785
197869
435378
157411
37998
190052
37573
56493
275769
61650
242780
130524
459471
164168
312344
161897
353349
211594
51619
44348
196678
86445
42212
61982
51988
110573
108932
768119
58782
494765
122319
265513
160431
333477
61096
281011
119126
218926
460568
53257
96350
37983
32374
50949
112141
39301
45138
284719
258406
222186
357495
134799
173595
212601
122560
157095
440624
72669
151578
80374
106252
221049
379703
44418
42459
420054
227064
85878
180992
132966
88085
52926
43514
129842
98798
86119
247334
49421
211160
208805
327798
65046
74013
93962
75070
78706
44541
559222
186549
66706
46093
313529
231562
165424
212719
162134
314751
473153
222962
55233
96196
30072
177226
206908
86347
164682
351745
232344
36412
110081
58248
250812
224596
256899
52350
386170
153542
76304
148570
164098
130936
59320
75668
112259
104811
42767
331827
123511
123700
95781
74035
56971
196608
93574
345780
104049
477414
52314
199467
143462
447207
107967
191271
573428
112722
40204
89520
100350
152375
186850
166244
306998
63644
46671
64905
296952
150159
96665
68695
161778
129955
53000
65609
356740
133267
45896
96773
321956
57533
419567
67282
239361
36731
162711
32124
34622
220241
173354
224640
193390
160901
123723
146676
46733
119008
44748
138018
267417
248823
50596
51395
41819
286229
249036
80419
126690
37794
37254
267610
37640
121267
420082
127437
159592
50217
105468
170369
124780
117909
282806
382126
67122
48024
269429
100804
38371
162661
32743
283886
87312
39680
591831
50105
308488
70788
89173
95481
82572
282697
183515
197163
244355
45184
237930
87682
62420
78906
111044
98674
494847
59284
282873
155840
219789
109522
141766
182197
68699
70903
223847
79812
169399
204674
46895
163011
102073
91876
62662
73030
43197
51786
284822
722348
221790
55265
56010
54747
160854
71401
286644
50233
195518
43002
84226
57483
328460
204365
83720
54073
36143
189976
413131
183898
47943
43570
278464
336676
39723
99198
70712
178803
141768
103880
39754
49767
274217
94343
197439
191525
172608
94031
277720
31479
430837
335097
252406
228294
99424
62980
52830
74702
219330
224747
534629
191634
64995
131323
209809
48625
159863
103774
58036
291482
344079
115070
229761
48590
22970
322374
192927
122116
95601
244429
62148
132637
117413
46944
77358
768409
565772
129119
98986
69798
122459
48198
67624
434668
360662
56208
206550
191435
78915
241962
45316
111156
57552
61963
30609
50267
281604
256285
71161
42841
183643
121004
154454
42924
623840
101193
286419
350418
193806
259784
51324
59915
156163
166378
139883
73936
72653
162220
104429
48605
39900
75640
200628
94938
116420
109980
57959
80483
701812
66453
145399
75022
91704
933885
52129
332934
199293
156767
197851
126562
335155
79205
87623
166845
271926
513167
138311
70661
53192
494608
213552
178353
39377
306435
56655
351365
76245
184740
42791
38423
163072
195793
159352
213613
51163
249855
122917
190686
198422
137909
218228
153981
69067
98243
46450
193542
40216
164142
87193
118069
1027336
207681
51448
124606
182493
75411
41666
56679
136149
267168
231240
389978
87489
464932
221721
89661
65402
23576
187955
97894
232194
44658
123059
340162
62305
39232
360316
283237
70457
105408
120436
54434
46151
162215
76198
36445
327271
61815
230114
57909
282714
108460
187107
120754
40861
411387
48053
353019
40389
79406
54084
60621
151379
93781
89070
49992
52524
231320
107974
340509
264948
260596
271759
85237
315341
163182
59838
37388
137851
331616
53549
143127
35991
150637
101680
220718
117415
123421
310196
81276
97566
148407
38258
53819
173175
158651
143908
49117
413130
41347
187072
464722
129634
35660
388258
136199
302647
174632
142735
62254
159531
108032
180200
41760
122778
145019
68104
252609
248630
108095
333091
232526
71182
219828
38702
174207
82568
44694
73285
45248
156306
42501
54143
53806
83490
33238
196531
48151
204957
58783
121064
148882
47627
150804
297238
40289
81409
169041
125323
95804
227787
92543
561504
312174
47738
99099
35464
55883
462080
107973
111323
40952
308073
54229
209838
142370
73639
91286
199969
217453
100247
122803
33004
120461
296367
40935
121411
81942
226093
141950
83140
53410
100738
254710
99306
78518
41000
32188
509483
48859
32943
169000
212392
84665
139666
125272
50950
148452
43117
59715
335573
101345
226341
86322
107360
143513
182974
115946
52858
180458
141308
183938
152765
42865
86216
48078
91282
60112
315869
181563
151121
34963
136577
117590
248968
501674
131193
30883
297259
209607
255578
38279
200595
103449
75270
144232
139872
71863
92456
430915
179774
43816
144012
50745
411973
350775
195313
107949
122624
112183
56781
56147
102211
51131
68713
79917
327625
64195
48006
101796
126123
172271
217742
107901
388773
157647
256230
90869
586718
223011
240737
36172
40192
116574
60775
150410
45926
99532
56583
223028
52227
84211
325654
35416
59738
107665
49959
36786
440738
529392
97527
100177
160893
78788
68875
114490
117942
56398
134749
168607
61935
42189
174855
147391
99964
77006
86054
39124
186812
144562
56198
167250
142454
54461
137161
125942
43953
54064
61111
99617
108636
40332
28377
79600
101658
401951
62445
39468
65100
213854
38841
91907
249514
59690
29126
50673
51563
217450
67807
137268
37985
287249
135494
142777
469884
485361
601323
67423
232897
189321
57321
897680
268701
57639
252548
195583
110720
535013
37502
86860
112781
449719
50786
161813
277867
50770
205665
267184
64486
203322
348360
118800
141024
39398
245907
306604
86525
83275
1202104
1056111
971670
436929
323469
274240
416269
248591
258509
127569
83842
237639
606430
629148
59656
61442
73783
179649
49363
162570
269476
95356
138206
59246
68196
247505
147862
104033
43571
121926
193638
1268610
79257
145489
729844
51081
202408
79245
171649
224196
239726
66005
50125
59748
73266
149008
109922
309422
430039
162703
85664
209696
165477
100937
73472
48735
38151
53957
199810
48499
180851
97142
83129
110220
180193
159269
293349
512898
49738
349412
137381
199728
108207
46749
465053
113828
114769
296213
147791
203574
116901
24772
45913
126897
303946
112659
222448
117547
330784
42571
158184
195212
242161
249964
95183
179138
243491
72065
41285
186352
36878
38508
82727
505744
55484
88337
219421
37086
51155
213971
406784
132223
106461
49339
282969
43174
45114
215813
79391
71828
158595
50881
204341
114843
148492
132235
180478
247121
144628
334569
335102
127325
221667
81689
47159
62114
212748
333500
130948
59125
140116
85064
54890
495305
40330
247368
200294
35595
83255
111686
54503
83032
66961
44653
45631
354348
291759
105942
46164
104823
338926
163108
216140
386441
91817
184278
24178
86242
96781
391456
168707
119758
44152
79990
131181
45486
173051
259459
77696
83768
64549
120617
46268
206030
43418
97381
198553
133434
56386
39398
55271
70522
53957
162091
47722
58824
197284
131315
190281
43374
46311
175600
72567
114859
84298
165795
37111
106817
55638
119487
160791
210569
72769
172557
188944
360284
106168
85147
59502
69050
97638
344233
286444
94196
430140
131543
68987
62192
34387
48104
60593
88788
65630
315580
47211
51531
53658
158202
139425
51487
386592
254899
82098
338781
43630
105758
88961
84844
82145
174276
32734
175186
86303
157584
67453
188445
45175
38669
137628
111811
764437
169488
26855
53099
83040
63509
141003
42280
175809
46829
76900
175107
172367
212505
179701
46948
793414
46945
141792
47819
72202
88245
190445
185905
270633
203877
55815
96332
202346
149724
447124
55416
84255
68495
262013
36111
97729
49678
43815
64946
60435
79764
192127
86027
291137
140620
68838
118763
56745
47727
213413
51137
92856
287167
147898
416559
44473
388275
47478
309619
165350
58993
109006
250667
666359
386793
141795
45250
491974
334105
226410
40803
50622
233242
68885
108881
268445
310756
64850
26106
539809
34838
160193
170347
128633
60277
122631
327527
84528
154649
169446
177814
81229
156487
476759
589571
256841
226276
47354
331844
266539
122199
184462
63133
115443
45079
140310
253384
93319
36864
231896
31036
66795
341738
110337
232162
99695
35939
173978
273041
100675
72226
324058
217144
71724
350680
82662
124606
57164
42192
63708
144432
90434
44371
50549
274278
60610
183223
144489
57452
47742
39397
168464
434059
320231
55297
193246
134133
125405
283668
69023
137872
293502
115196
162789
127119
86678
47115
84027
105578
242861
123551
394479
505802
263296
305218
69382
182819
103095
169598
495718
110657
54282
182236
55374
61134
49702
66285
116497
88872
346446
125197
361738
278138
283060
264816
141202
66203
223284
58865
72896
132271
68178
387986
53376
79714
136371
183733
308332
100732
82663
74293
110013
161554
51338
45788
72546
98784
56361
134394
143444
63387
53416
171703
239884
53452
131524
67814
38856
130248
158305
197882
39517
82605
77451
290602
117042
71678
74991
158614
117915
92399
169265
293172
132181
105794
48382
112696
209964
142401
34352
77089
83283
121157
326074
61032
106187
26581
69203
176459
76137
476031
38596
169732
44782
72965
108456
286264
192955
224632
218479
594209
150986
124646
38895
303560
111550
265741
580695
85024
225396
162561
112949
225360
42397
32229
30347
100283
63763
146320
140881
297916
98842
39073
46619
211302
357307
72733
158603
397085
120265
331136
167568
70892
39720
80644
94808
52421
56739
202570
59420
163069
287594
43025
62979
59274
82021
39357
117982
107901
99122
93174
264843
48060
71253
37699
82113
168706
50658
93854
47752
228983
231817
266737
74141
538507
413321
327083
198681
240420
156432
165129
96077
84077
560139
74098
93969
123108
88899
49426
175790
97163
319116
74912
262336
77725
396959
73542
85602
324494
84350
82759
94914
746188
78518
72950
97102
273239
62068
80935
291558
175028
148272
41077
53683
41635
331382
181643
27140
56316
129023
85239
225237
74298
213640
159036
193098
190981
94487
415612
77547
47531
124686
146308
453968
187518
372865
77533
202523
223157
115411
243934
950975
226882
52274
58310
47516
205674
323820
92482
513239
238307
94017
77987
397783
130464
258201
232798
309211
140137
87187
213918
48844
71044
33743
316073
28783
119143
504561
97820
259216
183595
246849
128842
34728
68871
69869
118005
199551
157065
116627
129713
210523
63465
64612
307019
278762
57917
46738
42214
137583
37002
118746
295750
166320
69343
50601
242414
179923
46652
95335
62424
170868
53145
85615
149979
174090
965965
180659
441676
41143
556540
149785
44835
44616
176397
118467
329054
308913
156268
614697
62081
320513
60353
141866
377425
121297
171235
313775
165964
87237
207975
58606
95685
272753
37538
320759
59283
114681
64222
210371
127557
457177
42020
395915
395002
120177
128802
123785
178109
238557
62177
371382
342614
100121
91494
103322
82577
246004
147288
203426
159640
127131
107319
44148
88287
257592
111984
308378
81777
48776
163927
218876
205984
40334
131796
83517
40069
60815
299645
220737
60977
133984
185853
344950
122208
32161
57221
87979
145097
108126
73476
117922
179541
41621
45945
50614
268286
82469
32253
329238
172112
152973
23720
100725
206891
84122
802764
285862
125115
40798
130316
191932
52574
148570
152736
55133
23968
129165
333480
82842
48784
44377
86883
484057
86416
44133
149087
56138
156814
143778
300708
74352
92664
61654
61097
54738
198449
129945
184158
215485
666036
152989
113573
718191
322188
317882
97994
197783
242455
37175
104230
51043
62530
453726
72534
90433
124780
214469
317673
93639
84931
169900
41073
48907
273245
42975
55258
260215
38190
116971
190844
206873
47200
662621
48382
120472
177797
131971
160450
287415
181865
186947
50569
37522
63654
111905
46388
46681
55693
319900
84207
194946
78401
41870
48767
74931
151741
47507
58310
212673
761449
470102
51506
45709
82372
32740
279283
408505
216585
643688
204694
78058
402708
127136
99070
278242
59029
83556
96192
526902
66567
553262
50084
223740
230745
33502
145314
133399
33404
128029
135247
40144
404948
44546
63763
439505
429262
235439
337967
262263
320806
121380
36399
104416
446956
60021
54296
330584
76134
154058
268127
48970
46915
43378
64564
255175
35766
58572
104137
48985
51086
51708
255331
192078
47823
37373
173382
43342
73491
251023
148318
219504
44141
147109
223227
315593
243489
51117
314244
396252
46902
68579
194713
103599
31179
69573
85711
66241
67153
137269
230558
287875
157192
117866
710225
128507
184397
467860
36327
268475
141439
128372
194516
160711
183575
82258
174257
304905
76227
458488
286656
137551
97627
57770
52775
270078
299634
222206
368547
45259
100939
151574
245228
113491
377206
118523
496458
96098
129814
216778
191178
55991
124634
237523
66311
39561
38860
46476
50148
224793
173761
39203
70681
212135
174772
209189
43015
68876
244383
79722
339714
161313
118205
334894
39669
53766
46854
269258
377382
278578
303348
237758
47389
253957
351502
116297
186686
137266
118420
211608
128182
173406
442251
284081
196514
130826
147494
39022
55773
187127
93371
48901
619774
313582
367959
46333
317745
231289
192100
92731
224661
148982
187058
267418
75773
399857
57479
48876
189632
87284
137644
83813
456588
619575
630282
98673
171629
171589
55876
352257
256593
230663
139621
162516
190671
116924
252217
68381
172741
81189
64799
72885
194606
245061
148638
41395
68396
294549
172566
173037
144576
196080
289701
65053
516144
329694
163631
95959
199251
93414
140277
31568
392594
88720
66839
44269
90220
63192
47757
121266
100396
143145
157916
105390
77272
205543
73496
54763
138287
264077
159259
110883
99767
120583
86194
111897
55986
53534
62147
151963
76232
459563
39609
170540
259309
53938
57741
291996
97155
502959
48072
166484
108844
90713
642435
202750
60986
185848
93961
268576
94556
49066
87026
195207
93429
81315
46549
58639
117132
86815
306327
214726
31620
325434
202732
35194
238110
77217
192333
44234
189817
52216
438235
365279
67841
161742
178436
185440
281097
273331
41920
224982
103154
99588
331216
251058
74694
88995
124524
39858
90052
404659
117411
79300
83689
32774
93030
225920
94599
151121
58895
110715
311420
66788
88700
196688
87483
288416
262931
144228
46590
220738
722941
52655
58903
32644
158630
160969
59313
282212
93739
208314
75674
188823
127428
389239
69772
136703
96029
44189
129066
44624
129126
82833
199377
79897
67332
39144
52831
153180
178627
39769
174490
78809
239085
42203
152309
221329
117920
206181
153078
54956
64959
130238
312102
40315
38547
98026
42979
47343
153249
245332
254866
49028
414534
146340
416205
331542
305377
42920
51317
112113
368635
107160
74345
130978
127621
146825
186844
39748
133314
132745
93533
93213
100086
72664
34260
366507
240151
572486
103783
85214
128764
45091
129863
419748
41768
202216
37143
367719
302122
58914
159515
147102
159181
53620
82853
97670
40517
224271
76365
332122
186454
264874
51471
332313
42575
220388
123866
53848
115035
266162
99977
158852
42387
273698
339222
156375
143541
43091
103543
110246
171589
181378
349976
38353
111458
94909
232683
106784
98193
160616
55053
68415
62477
73324
195903
79664
104546
487704
40479
296379
153641
171444
351771
213601
47116
380263
253646
197388
47677
244948
41625
208476
216494
171769
79747
40072
179967
401122
57844
45612
252104
67837
136820
555048
171846
301352
257661
104052
688545
42536
117982
196091
295411
152169
82973
142393
295499
38472
259703
245561
78713
328231
103451
202419
107853
47595
50852
260868
616447
268503
100662
71781
155670
109065
250783
213786
224063
153558
54046
97359
33986
216345
151681
68314
120814
199099
226848
42639
58521
105746
79603
111053
129468
64197
37406
106817
156653
123560
222908
83383
167956
62820
57736
192348
123528
216071
36452
283899
96935
547934
307621
45777
172119
165941
216178
116947
61439
199495
57280
326777
176416
57809
53633
111286
181869
87457
115123
36266
166239
212873
69428
147390
171363
57851
59356
247579
86967
301412
38208
93416
77250
84936
254138
322760
39378
62296
122117
40561
66762
221938
56259
36120
128697
92631
109182
322380
180324
230755
95838
119590
102572
80575
258700
158174
52043
208147
52194
213078
33791
127159
110710
40632
190082
96507
148767
151946
149139
34588
216128
48890
155996
155464
78851
29779
204387
29720
58044
111746
253568
46593
41136
203413
259307
49100
120949
141428
228159
97831
45970
269690
35287
44762
53944
67572
117467
87784
254610
32527
124705
85844
41110
315758
98287
203401
146684
181693
47823
63395
79394
104090
85754
128052
312578
106994
42298
145013
166963
41913
71842
175127
44670
178262
379219
34513
372379
156679
204559
61583
46776
87576
211857
101040
462397
156176
298960
179475
399340
43707
213739
36553
89062
124859
187457
113739
49230
204863
191269
169976
178784
84244
164260
36626
79455
142777
193608
43761
89637
337723
38265
76256
48213
158561
111488
40523
95127
71220
60314
102815
101043
39191
49252
112546
219142
126161
78742
65817
176471
45326
202672
82642
642716
214800
115995
303295
113995
207537
66349
62806
89196
46823
118228
193573
112025
108359
273486
56906
75743
91340
122178
34508
87480
350504
232817
77438
344398
25266
229257
338311
38814
79858
145127
117686
354293
95125
40275
453008
69349
435339
51400
124317
76182
56531
56201
56780
39694
405837
65042
272897
322854
121787
55240
274916
128568
268796
271976
151926
82562
49869
219683
39655
37977
69657
58450
61115
32302
410592
220439
259608
176474
145013
107086
51794
42145
90214
64382
893360
108177
120545
163678
208702
163872
107871
206248
323481
198367
346976
258577
222786
135672
199426
117799
429729
100851
76323
34778
381905
34908
134607
30583
227508
91169
30542
113030
51219
73422
106716
137585
95851
38691
273482
170077
104735
81517
141778
37977
57800
47732
91360
43687
110290
137204
46600
385398
124829
197683
38306
43329
274275
43909
135039
506128
127606
360086
393445
159198
209656
83293
108998
117755
148798
170902
457146
41427
104365
164784
316244
83248
130753
331746
148696
95674
399466
131327
677578
511705
312004
161788
27790
130916
75716
231427
63828
177131
87372
47748
61626
61181
47189
61617
397446
189571
273898
177195
165677
104075
224091
193870
105418
83630
163417
283535
70566
153710
286115
38108
123461
43989
84429
122136
320590
48269
122873
144600
37565
156003
74751
161830
60035
114480
85085
106897
57426
226085
85621
227620
82770
57664
72716
72048
97893
348847
79395
52546
130614
294357
55593
570145
36684
70782
48999
174466
57397
82629
125938
503765
393318
147994
214270
140625
385859
88523
115771
207208
188230
150960
129061
280665
105295
536957
44623
515472
230534
156635
75009
557569
164245
138458
118450
498217
52082
37040
80977
132952
37753
212889
147780
133931
76383
38713
117098
41750
194701
96160
58999
116083
55083
218945
60735
124276
189795
176325
188411
266505
113668
128942
118646
49225
413224
124372
245383
174088
1156651
1061021
885101
894752
535190
195693
153835
100415
66825
284295
50910
59417
65886
189266
350548
158425
205776
362169
37149
100503
66425
222448
215786
88854
496259
157586
49894
42151
73710
274521
281585
52320
49441
35685
57998
402132
133891
49867
71309
44102
156581
70204
39978
254115
77644
58019
45218
118088
26066
34521
275241
130385
70971
75719
86545
532388
86683
100088
119866
105619
112268
84075
72011
127884
550501
217725
59565
276961
152880
89700
77945
108314
294017
40668
56013
155318
149909
168695
100901
71812
74612
61518
337330
315735
45268
190147
234676
52192
122955
86738
331449
143055
52446
155730
49226
119394
163902
73893
223752
197315
115413
179279
57369
286302
155808
124905
66163
70808
74790
87701
88093
88079
75897
165768
38419
52089
366815
288074
80653
149000
306071
287915
167684
156318
429548
36962
43522
71915
39240
48160
88464
33257
101953
557419
53649
350919
94812
250064
123709
612891
169076
81568
349840
90823
61848
57790
319030
91593
79915
55194
372428
45197
597452
283546
27213
99091
46483
103212
111372
256280
67892
105742
173664
150508
142443
43306
120946
50652
167156
256240
269192
76706
398287
51503
250497
326520
89164
80353
64255
170550
67906
46412
203118
199148
148413
53907
88444
33472
107725
46270
47816
85322
62000
81446
116824
84309
93838
44378
347471
112386
236321
62493
161961
60193
178387
48014
202021
289356
386626
245499
85022
89956
235812
68649
49149
162793
493632
51192
64163
277934
119440
113487
462012
199508
195723
43972
151687
53590
78136
256344
186540
94483
241264
112928
238061
408618
145838
103519
152490
83566
344076
59881
175642
92975
592091
313831
86318
534570
71440
330766
290895
46927
478914
165232
351612
126853
246045
37198
286115
279015
675482
101809
220489
191575
142248
196819
101403
100243
73748
78852
192959
42678
74864
55119
56892
129360
57739
100331
78804
81724
175457
41039
651424
463200
220340
288668
50187
123395
40696
63006
58955
107545
174301
244395
63497
178159
305327
74211
108449
376767
73176
63902
123608
246183
145134
93438
86822
33144
85203
146349
220382
59880
155901
74862
297589
206303
283407
298806
50168
189596
488323
88830
144297
192512
96024
181860
43422
143433
312179
34853
238242
76111
287899
39262
101580
56070
194280
42592
167646
133669
422024
255830
447863
104344
240604
172641
59138
78966
399553
287117
117842
133086
176688
95405
76112
451377
108927
65523
289004
124945
108913
163725
145698
78068
206940
124886
114914
41959
123629
117589
234418
308859
244694
156634
166313
171726
69649
331221
390544
75699
104317
40994
58585
310791
65339
122694
96198
144208
402612
157204
232663
267739
193635
111515
157586
101075
94883
34326
41934
371261
57940
93912
109979
184063
121364
514057
42918
362010
80400
71147
69225
48688
40168
45516
57009
171928
131712
116653
46666
162274
127986
59842
164118
289460
61910
396698
93837
207699
225753
542636
331877
191159
88552
65555
68242
30172
452262
45766
102399
310694
162301
205364
98973
111270
69097
197840
53060
238952
90680
68928
146807
80865
119734
253148
65580
98736
592956
165324
48793
46727
192418
78717
287584
463972
49451
192123
74113
119292
71686
129365
169343
344804
273595
247397
138500
353166
59449
173386
107945
86362
59863
82062
151474
43562
328584
64373
64383
123920
36443
365682
250321
156924
100169
362737
42279
218597
121214
255174
74308
406325
44176
63661
49702
418333
52005
401946
158221
413863
195002
90902
79153
260629
262253
495700
384003
88654
85865
59900
438073
317582
134546
292465
60607
80744
356518
159495
31171
489825
95270
285071
89867
143327
125259
452568
69942
147991
262407
161662
39082
113999
204357
52828
151036
153573
33427
111146
288475
103545
59543
53453
129285
235038
39721
187760
163287
164792
262507
82321
216717
65530
76123
365056
96656
266287
213421
390423
64207
85007
59131
119788
173192
128290
204092
81088
274492
50939
126457
180766
117314
193493
153635
100125
428462
57810
183805
434673
505114
119599
46107
215448
140591
249403
97104
52636
179575
54088
69566
56736
413458
113775
139395
61940
146600
147550
150106
137054
201794
202381
126914
79108
64276
187529
161663
360520
58425
73383
47620
50226
156383
230829
159406
587233
730153
107470
45749
50740
100621
58183
88876
38091
90857
80469
105488
34781
294616
238139
42990
71373
117670
86705
53161
85617
67331
189710
95198
99215
34782
178011
150964
282624
258213
114670
43241
82830
133983
85027
105662
131151
46892
222479
307649
158743
215829
71164
67963
49559
112563
40731
55635
133551
46967
271586
120923
219010
271118
726266
88589
290914
27630
55412
107191
125103
168647
48175
205114
198267
43386
86528
51492
437192
55791
46086
120661
75354
169633
359552
208984
112524
45569
144521
49620
414368
128715
297637
213954
65798
126236
293300
52871
91175
173703
116982
85429
23459
235288
113670
57900
93851
128982
72113
241218
63673
148019
76004
206456
247084
41562
351670
200268
65320
88400
185860
82112
193725
139077
293981
219156
315815
45021
447894
359214
64489
44876
492161
217268
83751
89819
136901
75049
114458
64805
67058
55065
111393
162538
333170
229975
182421
125065
113819
205124
54330
115735
438992
45576
280995
451965
261650
273384
118362
78608
322994
209789
164623
96378
93791
461088
66681
270098
233457
52848
143893
44276
70702
113261
67126
60382
78743
136756
118440
304592
153661
124626
128293
58792
65296
64721
201235
111305
45518
295336
270463
38524
112467
42412
113810
156986
58013
384668
125438
92095
149744
168251
185438
220564
141903
25375
36707
210989
574994
54646
217578
50214
153624
55668
33635
53295
59346
432164
46880
97689
189658
102223
42633
129543
119078
194091
61100
207670
418018
376648
109423
236354
118547
43953
80152
832386
62071
259455
93554
136820
172943
44276
68702
111166
182604
52366
179535
98200
209374
90644
59081
203985
61193
74278
140562
116863
82527
270400
91228
252273
190809
97802
354739
440373
82521
164498
190121
90040
286518
86376
203595
40739
204481
113197
270284
421640
50483
398840
115921
387573
149119
314055
137031
92500
81135
203260
77612
72599
133826
77676
152474
115795
186476
37949
100397
118059
80653
47532
109117
401534
258419
117309
58013
115199
242140
114579
30088
40649
227767
92649
464153
62121
167469
88238
115161
108773
67424
116549
154999
150080
70620
99998
115251
80906
117374
479028
136827
123046
274097
120918
61494
45756
347724
180056
39345
135829
57773
375416
213870
379144
108376
83664
120233
414629
119241
501840
111690
51390
113045
180956
439424
278702
48255
256010
182809
40287
72033
232735
57677
41047
171853
164087
82282
310394
100890
186029
116877
81599
221468
174440
62102
96943
48777
47171
55736
271990
102349
51237
53195
132362
52756
301901
163865
68859
51293
93007
115459
32425
471297
93112
102032
134580
54134
176053
64030
89098
109922
50429
54207
127740
260484
110100
358862
230292
276767
80151
63497
37987
260168
107429
535155
466161
465061
298257
66815
80497
61702
188601
168295
35032
71454
135021
124670
281161
189088
207256
192113
501130
60119
115910
42932
475336
120531
89110
64952
181825
139008
59407
83626
41652
689011
251609
250263
247658
135580
46464
207584
166565
66344
48078
269515
241285
227570
54416
155907
103566
164571
209470
174464
335432
272191
53310
187478
294141
63616
327850
62200
56187
71931
173810
73658
155366
380303
303801
83456
105345
39734
124773
148244
656448
36559
137697
44943
305307
135647
142115
240429
1112930
35152
1069174
61134
942996
79859
654545
551643
552239
300122
328868
116196
130523
34621
447352
64321
165659
39764
69509
39252
376019
42958
382871
54204
82890
203057
328913
56168
209268
70220
44512
65214
380910
49990
56788
49707
60666
72181
67644
55922
54852
163837
90924
65107
31670
231756
298464
257027
258139
279190
106144
80242
80110
78966
69781
54356
340077
100156
38577
61689
354874
75122
356477
57567
126386
107982
72369
113102
185244
101685
209814
52695
56907
281347
304319
65606
141233
215064
98176
94065
371222
378183
285310
287044
89844
77263
94728
53598
137241
189624
41026
143052
73198
247694
149321
566385
148592
280246
94038
103343
72195
110418
66188
815785
90639
1103743
1111611
1104949
1101957
1087995
1034793
1018012
1056143
1044899
888919
861379
679979
537487
475421
466376
169547
170908
254188
203227
106519
77782
135452
40420
132909
47371
216092
100973
99928
197541
162554
169867
144805
194368
410025
154052
143038
66137
104575
154816
85299
107075
36299
104484
409556
75390
51172
377249
106551
313044
38031
200450
48710
668351
60773
50087
211800
326961
146279
124616
110860
291375
52952
68523
34696
69565
260899
73986
120786
56284
242612
104563
81636
89656
177666
99259
114283
115489
266154
164699
602341
309088
74316
317424
246493
182026
185874
178535
793191
52071
44016
100742
46725
85639
119366
96677
63831
69827
118866
84456
326805
128213
34881
71347
229286
94994
27127
214517
47098
85262
143269
82944
141575
166830
126602
127687
324945
60007
66938
118281
200164
133264
158256
63186
196314
268397
82477
170083
59854
61019
168420
185833
260783
369941
376090
71065
170537
105134
428380
253667
260496
209023
157487
36675
44372
275382
211753
160426
196970
253998
106383
21235
35159
81819
47446
236764
49185
39931
196757
69625
189358
33869
62867
219426
47875
62115
69008
177531
166978
42154
201305
237430
121663
74729
117532
385244
49371
104624
236323
46275
141878
58281
364705
46063
126539
43219
178510
31440
265452
104047
132488
45253
75061
225535
108121
70226
108372
48688
133925
213952
53343
235260
53045
210018
104166
53854
54192
108846
450805
92492
109772
178079
54744
39034
178302
401190
47779
212224
191325
43921
276371
54392
256525
285042
32096
145695
136128
85490
115086
104003
114530
177563
74604
115145
56355
74836
228116
65343
148952
107510
250613
495669
211859
100499
124862
256954
275074
156823
32159
254630
80512
465025
369573
57443
82665
45367
770782
40908
406368
282548
105979
545065
82676
68594
320900
124483
33092
118320
745333
32254
254251
170593
110495
93668
239196
453419
441773
273902
82472
117424
124265
193410
129065
155719
138806
212887
87782
161151
36344
186089
100931
67275
216086
456945
128889
79791
72894
65039
45522
257107
329587
30943
157336
187306
144584
131253
232235
197219
306967
38672
115053
21888
244677
131822
74047
425812
162473
121835
124752
180127
115218
40283
91108
144851
48998
343092
71793
439072
312458
251418
98494
178828
122697
95046
337347
49963
157032
108705
44705
674523
38346
159815
107643
371292
305323
94643
49662
109633
51748
410587
91308
320028
112402
309521
137357
102949
73036
58601
111953
200452
233523
161048
48344
98130
52472
107278
107109
178777
490275
121985
149843
52104
52570
106961
52705
360399
65770
61066
366761
147127
76067
161700
163123
334797
79687
54385
113434
143582
50475
88888
79205
85379
42568
148306
321488
373305
45819
138163
43467
62041
70343
252597
83464
72909
65295
424158
254248
61979
35927
87964
42769
354337
43651
50482
104062
268968
48979
85838
58031
177466
110415
209746
136051
394560
175186
329842
33252
34126
389003
55635
137965
40510
311047
80017
34362
459220
280187
132796
259282
152324
74486
156954
211771
244017
247146
233315
114668
246452
241251
44662
61220
80816
1123703
1049406
1042429
432538
1050439
1032769
943591
837216
838632
824013
528136
158659
496633
425076
392044
239439
294344
202104
436718
140408
30259
141734
487290
119578
51428
122599
84676
179161
378738
241190
67451
206004
98537
198265
182012
106715
90986
128228
132097
514517
45451
162721
329866
312141
71496
170548
93634
46802
53962
391410
44986
110377
151911
44291
54321
66797
82671
165127
70581
61950
67080
102798
42876
275344
99011
362027
71286
160229
182508
200492
455627
60155
234799
114924
576758
62049
34180
99924
41040
313967
116084
208241
157192
307658
326720
59561
1117851
1072317
780458
670119
599052
494040
432462
446466
325444
69105
353693
327308
510027
195821
177396
43387
49958
72627
79700
221594
103312
127880
513064
146848
310420
47107
45580
181541
264643
133628
50060
58750
121288
104965
127115
98785
74718
32928
100766
372228
68804
185862
50594
88323
78529
103791
333283
60899
150688
235660
345901
74602
201251
40184
388468
191796
135934
169710
40704
124340
101403
166842
94993
44925
125997
250422
106068
260329
241110
48291
73599
143582
94864
81367
39328
41713
100948
693465
39019
318816
70075
41983
174464
141262
77192
60727
35611
137331
46806
293495
315493
160344
151579
115980
428318
149055
104235
42962
187193
206319
258411
40845
418028
246503
69689
89936
60411
169795
154121
207544
50046
263505
111391
202431
866220
73558
54837
58394
263890
582213
51530
108263
117338
185630
73479
145959
94550
51397
291634
126191
135249
160663
66836
54301
41396
41070
163479
62671
147580
235123
85763
77374
218879
49932
383128
177664
242515
53398
548192
328431
113642
55653
79598
202855
77592
75197
48300
499817
141169
255681
195331
242449
44780
116188
42663
49232
165462
121270
69913
243361
111490
390246
43295
329883
131067
48326
182654
47580
114680
573344
188459
154021
613231
147961
69861
41162
116988
52495
50235
183243
69203
142540
69795
217486
52105
355338
306131
64247
77810
64427
156617
611632
43222
294279
129292
116426
153856
317381
52784
210083
310635
148697
100906
52248
86873
53232
76954
119989
317624
317398
234685
130652
270564
68092
44316
130885
133870
47880
137156
208754
136425
39300
414315
302014
786597
133770
45693
371641
55823
143847
40260
102996
203345
56461
153057
581863
101995
229839
192790
156085
86661
504544
28723
124640
183788
30650
506957
173531
268435
39414
429342
37834
190896
852691
59342
113134
404296
63951
64466
38463
296920
53240
111288
44881
846483
91728
283837
54981
140463
219317
65675
207540
118133
92003
129864
65618
145829
107330
50777
300089
33342
51082
113333
49231
213376
241519
491645
209223
122145
50484
286455
102716
354446
43170
119228
621208
46957
61565
178000
133476
59601
687857
49205
149738
602592
115992
282478
419309
50379
53449
74400
274319
66707
58379
53491
219997
283266
73002
219486
47265
68388
250606
104850
447989
50486
174356
269615
183270
204430
41611
77134
304197
38332
90406
48055
35650
85835
59409
104485
195037
576374
132371
137666
108717
355227
62753
131266
309555
42605
318221
99015
133112
71932
91228
45207
204277
136185
355791
65999
189492
39887
116782
43769
110298
78668
160504
319278
266645
159286
516913
75385
141376
95327
148838
333949
44356
81798
122023
301727
48063
70145
321300
87260
414637
310811
111536
252315
104049
150545
691521
78495
99975
290516
49522
57240
275587
48015
115804
60798
141527
329511
80156
353843
113472
435409
549653
134449
91742
84688
171041
59212
96412
45394
136200
51661
215815
149628
228770
157651
138897
59346
160623
268986
248287
395607
352783
213979
77992
128656
128066
183716
66319
322538
102489
62109
288813
65093
256213
139902
255364
245189
401380
116456
554658
73382
56517
152865
361284
50866
359822
110505
42490
196941
34532
159028
43119
143980
172417
300787
138250
222653
128762
200588
50176
500509
431107
49789
303931
509785
42799
158052
163492
86217
137233
38477
71515
61892
71150
51596
39320
35304
75337
254819
42173
126564
314488
255135
115741
60956
160609
309117
63661
113714
39672
85609
114780
112112
196398
403460
374718
38553
264651
109959
231529
272524
66178
209725
101776
49469
393101
315658
213503
193886
316353
225188
119329
209107
106157
221559
594189
46394
325465
393073
49530
55026
73865
58780
86652
308097
303282
754746
140566
34772
109280
285600
70681
315097
70640
37797
161792
316655
56577
38103
429755
92564
65437
158203
226458
48806
114805
355708
249459
44085
144196
311178
106467
245880
64475
43850
523462
404328
44911
59625
107523
65643
69743
63228
86615
215791
54972
67428
200647
138995
125956
316604
36677
59383
61900
55499
36480
96217
217366
141126
434407
60882
180112
273619
50694
1131453
1061823
1070795
1036873
1013473
756058
700990
243999
39930
86270
235814
209842
391075
136229
138170
141299
69859
96793
59454
285150
398328
58338
87363
86228
50088
299140
80242
115565
162623
41807
417515
66912
191406
439204
161986
113886
140353
124824
56073
328134
536491
126370
38239
160688
71817
65654
99324
132912
294942
54745
94506
41176
230879
68960
127589
257701
92994
55935
119975
97342
162812
33603
319645
252657
78457
144866
112612
152105
111867
106137
344882
189780
232819
173343
1165268
1035437
620370
497594
423017
251972
47271
263317
47015
70103
254306
298848
157897
41834
247037
38717
136892
60415
98663
119509
54109
65605
123955
156182
258941
99895
53306
63526
204545
162024
389027
48245
54141
73682
43778
186538
217984
250733
128108
154111
444215
109031
47948
140004
57986
281482
56588
186974
27958
357626
93458
327851
149673
271867
127760
386196
156608
121135
138746
113855
210376
78697
201443
130768
37005
230540
139415
54952
135166
153599
51228
27084
130322
311112
54839
70711
489262
190593
238684
226651
27749
486046
115590
138249
214324
39698
144887
180092
48036
78472
121679
261141
259621
270699
165976
48588
248611
168570
531745
43567
166406
90494
82638
46679
38238
273544
44957
168167
61374
197393
70370
68043
205961
47797
353262
44534
229217
328617
159033
50277
69344
54502
275607
44849
172976
38652
141348
249920
359635
156293
120815
154066
41397
379050
305932
453493
39937
49818
50631
117480
32948
154470
90225
41037
79884
117925
217872
102826
132109
152772
153709
43301
90003
72070
62509
64026
436305
151036
103408
49931
67602
83524
456708
137700
140475
137989
133140
65782
274503
156660
50826
128740
142204
186373
135444
186817
76252
36785
329666
64957
99795
84525
34053
88623
46384
332482
184661
547816
553431
181951
105077
77300
249729
323379
103616
42609
299574
193157
67013
195378
201614
139999
227805
99527
197750
47132
238792
71484
344738
349387
51210
29186
284713
174368
40551
154405
74675
326119
41509
37858
34372
106472
160737
60480
169410
227667
441635
47906
418416
158343
220408
86940
167857
97679
113458
47858
729463
74151
49062
279887
167485
443448
335826
209679
123348
99245
389153
211747
109017
41692
367661
234347
328438
64486
78970
116596
41145
1149883
131896
257393
77508
36379
40258
75169
64486
82872
58165
257102
72873
66524
68016
148390
230971
86636
108011
38624
906283
55103
56003
42806
110201
88850
49956
53564
34642
193711
248150
261462
69078
214606
139079
38872
52778
193370
20873
151913
51836
641147
48422
56884
257558
196654
37247
207311
284923
138324
55282
117144
190221
255348
226658
187869
112635
265103
108231
64142
89609
251567
645126
126350
96060
139739
113563
180346
248675
66811
204155
243315
222538
37360
60034
102110
156718
37155
231719
243956
53748
51923
127135
135977
72761
109236
319044
63214
220450
142870
115872
65561
35995
34815
66205
722886
76020
78184
49709
40931
170996
393305
244494
215624
468083
224469
233421
210943
218436
189379
123165
39785
86941
42276
161843
370039
412738
46256
249632
185097
56550
40326
341014
73606
46433
82008
81240
99146
59315
107426
114379
338767
98569
48022
93869
131659
47826
192612
232219
721128
60459
51343
49170
83077
151327
212965
62299
60695
125679
351884
141488
90240
57566
275810
254870
110407
133945
76720
361720
347954
45179
131725
90178
107006
160201
55836
266742
73321
247773
205002
46431
329915
85383
285713
192777
74630
275948
210956
48998
113412
263544
51653
228164
42309
345979
52265
125682
144315
102114
438945
83254
54926
209132
584228
191319
108955
49261
149618
166706
226045
113779
86901
312995
144913
66841
40857
204339
95424
78051
125158
387971
151553
36762
150871
323230
59651
94667
113396
193136
88322
59482
322538
56931
30961
88906
106025
157056
50730
293474
341059
282715
159691
65864
167723
69715
134302
491103
83124
38852
290213
129528
41735
96847
69327
163176
375582
49049
51571
63343
62976
397857
202730
90007
51108
84628
73701
104066
175168
70049
56577
209128
32820
114948
50120
52271
50815
54824
121621
135970
199944
61321
143174
487068
53954
379282
114734
245397
70305
127453
39450
75909
367696
81924
343264
442976
45964
61932
313214
40457
260307
149652
326070
91122
86941
170901
193806
171272
411312
114142
609244
38672
51353
80287
145408
115628
36751
366275
186529
513724
120437
79661
101870
335476
37390
175681
36719
230963
62820
210250
387238
383568
303368
329377
341194
332105
229113
120500
259584
70970
451291
45673
101307
328813
166164
309857
130307
64448
44428
82393
51025
111073
90898
101981
192608
475983
51528
57220
70372
134189
88518
318315
52621
330464
248655
86992
44368
168020
81105
53120
236020
417922
72853
609571
332633
155611
206676
86450
157304
151780
250216
219261
896922
47801
345805
39504
182632
306865
154895
134502
86905
122475
121155
40852
386003
86776
46512
136421
74884
152703
130917
74352
50694
68742
150945
68153
219532
89834
66766
426134
105266
83775
61345
120361
42821
288159
93104
57686
42607
135332
127024
43551
69378
143468
92639
82799
32881
126615
48805
85304
83376
88014
183733
364075
123066
46797
39531
56964
52051
58786
93440
154886
123553
171060
317133
167500
274035
102890
55140
63451
79312
136058
148910
39922
363517
218781
44400
136357
49090
196233
205360
442848
199837
109125
134765
27327
468909
33913
45613
61473
295573
846382
301192
109806
649542
277666
274121
54356
66727
327681
75950
255554
180592
237678
111412
68186
362487
67198
184666
328399
107765
178764
131361
64906
96601
108733
258702
53560
50328
44721
267268
31828
64358
169112
48488
63344
80619
478070
316678
26863
50215
218350
40899
89951
74546
56547
62929
65750
82168
37426
126968
45700
241058
132302
106848
377195
142777
106806
72948
80217
143350
126523
160138
306410
65305
358173
47676
202772
225849
48617
127896
300936
45793
61829
160544
261449
45921
47553
501531
254016
191624
28070
139458
282498
82953
46691
53325
73696
45549
246645
79867
53753
51762
172714
65571
53330
430832
48241
144286
59275
498196
68583
57413
121674
354822
69124
88186
121496
38567
178214
215953
45752
71039
183593
34120
147620
59105
59610
198139
122909
577317
250013
276938
139789
154232
445547
143168
139575
68377
304125
124797
273616
203132
149666
170967
91175
151531
166132
240514
230828
98038
79864
282954
517575
349544
129650
69631
570631
422716
75632
336561
133812
85946
102968
87231
110966
204401
88372
61321
96557
56182
173525
120406
236351
283361
400965
77545
55861
289185
54147
201491
311689
180563
54757
76677
110214
49944
135540
270626
255111
59070
43080
33100
50584
197517
75391
306905
327408
51094
72611
108474
131835
298024
253829
176152
71206
153038
132664
332518
267365
62949
131017
126728
75406
203433
878202
154316
68248
164759
192121
47039
62647
172588
141705
57445
349507
96273
45894
357312
269454
176140
291486
64304
308240
52746
288894
48883
224368
38226
64324
79750
393872
245995
49018
240286
77102
202173
423149
43557
54617
245469
168912
421094
115601
22739
157605
36485
170513
65445
265183
373256
310169
61088
402174
304614
54226
95723
121493
234091
44567
116894
206835
56126
52336
54841
62677
80979
35930
35215
45098
206162
97873
112896
186785
507357
330515
99627
760598
132021
57639
327888
79012
311092
191182
52924
116151
178825
109707
54753
137395
190666
113032
32584
74790
45241
586850
132145
75838
37176
376795
337805
153346
171036
261436
48172
57667
77874
38018
74045
102812
597992
364034
85367
291367
82323
60693
120201
191961
396342
143718
96386
421794
99701
56451
45140
63481
57383
180078
46736
105731
553333
484318
190763
35714
350272
49889
324403
145976
284417
50216
66302
338066
52915
72069
98091
116680
45150
55466
35547
274623
55697
62137
86471
120716
82124
86221
54114
41750
679736
210888
59443
127396
206536
60259
49506
142894
99209
186837
251820
103701
161423
102381
39012
105446
50655
130383
134000
83672
145838
187117
292220
93359
173535
44707
138826
92257
202383
35371
47006
209407
47566
82262
182702
40954
178601
926479
585126
185808
153528
384540
161806
228845
286300
326121
383148
113994
82529
95117
51765
52153
206224
47998
317561
205575
61494
52752
252229
76615
161085
54040
279866
316668
42173
71127
50949
204166
37974
768666
53656
74485
85030
173507
340715
178246
63979
47764
174593
66069
245327
41682
129884
281576
34747
263862
396518
123095
82240
96852
179432
483074
309824
160904
101037
83319
48646
49970
75784
102261
61696
380463
102876
64198
109519
172663
39279
41416
56413
82166
185111
35046
155573
208261
233869
46301
38568
157427
171773
53883
143652
124549
51283
231696
70569
272984
49055
741345
111565
45188
79754
42875
149649
47760
76648
58663
86381
139140
224586
157272
257641
274925
283017
46553
57489
66593
118769
152731
336061
76770
70289
56122
104578
96822
804561
72651
75657
126391
81775
53819
44468
126816
50462
189346
459179
56125
42926
61003
51522
162910
157567
44702
277552
129259
85396
182124
59679
130471
96778
593179
230780
678363
655421
172276
222908
221956
68879
349868
166890
76410
509569
212206
119508
58965
155841
216511
111613
217482
135696
167153
241379
205429
227577
138057
191307
88202
162642
517219
40291
134218
35041
33960
131265
54317
83746
113640
34671
68508
241629
139506
183784
79605
73710
112451
123760
412222
64058
93301
51876
258777
70178
201505
192064
79045
78969
163442
162142
29872
197965
95172
61246
439631
93228
46209
284849
41297
61074
79333
248454
395532
122160
82966
211155
125447
95721
90511
80725
150673
52841
382011
177221
51705
60420
99997
138864
70425
249555
170798
312024
167703
78145
279274
267885
220570
345879
67519
61739
446032
215109
33315
31993
68716
52477
293732
79987
322619
158932
75081
58812
57377
105349
65382
206008
144431
158106
148014
569942
103943
296845
170780
117544
126090
101771
60484
155331
240445
42015
72101
68216
59901
241279
93378
444973
745295
137851
93952
60995
202860
182395
45581
59850
68378
36782
423167
113884
32596
46531
104148
58896
121509
54581
704521
271799
51158
49733
461545
283231
354821
116841
58711
48490
708793
264768
183469
164471
327352
301239
257927
59391
136946
338937
303551
284924
36350
257638
434295
308221
57242
107813
180552
183340
43543
202018
230107
50737
214084
312181
166018
142166
125605
432113
72366
97934
198304
146411
85899
48334
245045
168452
358619
170062
320563
181039
52100
75204
118667
154473
524316
68271
37982
773682
251043
228376
211070
175964
160076
286140
162549
70895
141689
174516
128151
452675
253418
75654
80487
66878
150903
62215
256520
154325
239526
89686
331605
60011
507546
138867
83569
73446
44893
70466
260579
130265
67278
40778
119375
197652
57810
351405
79411
54099
63422
760985
311372
174090
43720
61468
63636
167868
323254
50804
122564
131581
71574
102951
289553
113285
41700
430838
268942
430475
87690
360345
52020
577037
51694
129950
47961
52888
186483
44739
389735
305511
133295
95801
115867
140988
99436
80314
71814
102269
119710
114871
45848
388740
65618
178922
104574
80915
66530
84971
182754
91545
55267
395513
32147
167329
399581
253133
265191
270078
321986
29124
46991
30563
420845
76533
164301
419625
155115
44016
76547
42700
97770
192175
1061104
1046800
375880
292142
170128
206261
386179
538726
135575
80565
61505
46224
82468
49205
93344
95094
120408
212047
98218
391269
210887
151234
319733
425903
58013
68627
57881
210161
68083
60055
205086
47391
111358
160573
138137
128791
64842
40068
481686
41252
233669
517060
388992
450203
134904
761465
96157
63719
260452
61261
40679
380455
43961
145078
368776
361460
375844
68514
49412
225811
129954
43306
113590
46435
353921
37833
39910
333857
474266
101715
384598
117324
198283
340015
255936
58303
78104
237688
121374
67113
63730
95042
110961
110688
49015
83740
90399
80822
328123
529824
158676
126106
79256
261922
285112
129709
170919
72074
189298
370948
167894
176782
318059
85351
45382
123156
61724
49794
178891
259744
102877
75659
40190
56748
108743
140491
97584
44801
63558
259120
74677
167113
166078
58529
249004
114823
561007
166335
42036
106001
363636
91826
76877
262865
94921
179244
117297
126053
311011
92262
58076
43755
388475
331180
238507
321537
109114
60825
379583
90652
150369
82631
334183
55397
92416
104856
324979
82556
741499
44369
288070
256269
46735
241538
193303
100958
185995
55890
120007
49056
171360
376935
68660
445450
42983
172361
123340
47392
53046
80523
71985
54374
56513
182524
48889
246777
384654
460286
124048
69435
126330
80109
257637
353191
105478
44547
134227
277117
135199
295906
251837
216351
259060
451645
264609
355629
252685
203164
62854
111354
194243
44398
408166
53027
47823
39505
65007
471793
45210
101343
49430
96906
67788
40709
52667
307432
226839
61980
42533
144528
110971
264033
126041
38970
208363
346315
232862
369612
62566
71605
425467
208086
282719
107990
42179
128146
305794
60946
234777
57188
322674
242832
535198
244124
189353
178924
274092
559374
95822
107053
1051158
62024
38627
54072
137485
93700
50278
235083
95136
67474
39206
187626
70094
222807
289128
76764
49488
128684
49616
296690
138480
183724
200491
227263
52757
125348
97972
50741
107589
329632
46415
97497
58684
83341
100597
310244
37091
39696
66335
293187
402520
131562
60974
64577
132989
209337
213384
54385
99757
125719
372067
462533
70813
95596
408446
53042
81556
76284
165012
65610
52366
81347
236446
126632
37051
272227
63055
407540
141233
1366248
122321
125591
237864
93216
133009
106385
216776
398617
162117
294394
104779
39913
311226
33191
134959
47154
131679
99032
52382
81084
410543
144708
253403
51791
61226
233386
355290
74380
223666
68793
284505
361482
171769
43363
64156
57333
36239
45881
283508
56977
69940
147126
103304
432425
56853
50193
204102
113975
47850
231363
205121
222037
205752
642149
52481
205716
147377
234924
579344
111449
61083
159438
182039
172947
702942
136038
38085
155798
302473
83380
45628
324416
301618
91930
96135
90085
109917
347502
288125
116988
68821
134499
73491
182013
245652
45342
224635
822144
556543
46289
141760
223987
66803
55113
91189
51588
235889
199270
138885
137666
195568
237689
59819
75937
127493
245041
429137
37656
275740
144020
416177
81782
94046
137679
183794
448289
263362
109718
209758
38309
61660
98484
40717
40890
63421
221055
28519
165524
153898
224446
49255
207152
292950
48825
79874
210944
70318
121050
227535
42708
194461
61868
38956
141751
254509
103300
73042
216507
211942
229820
72480
160611
252926
295489
126955
236342
538101
119759
306172
37176
174234
77092
59043
190783
108697
159720
61947
83834
125967
92031
108386
51335
132206
55207
57020
76364
160334
265258
324253
141115
100823
81207
29310
164839
133377
58244
100124
434277
73564
52932
287383
145629
118423
128549
187480
131841
48853
139673
102178
72137
533027
90390
243729
168204
51492
150097
293852
51247
42959
327189
186098
217569
148732
131185
64245
144573
143653
61242
68435
363664
70343
80083
317781
60039
424205
81135
304716
284360
70812
228515
186293
38698
98347
127243
240872
101344
142852
173677
164083
132921
205950
256200
341527
212039
114408
256624
147176
90091
91528
235763
48636
115866
100315
82308
472973
60698
332965
249975
179469
305867
56614
297143
183145
124654
284584
247592
200397
125605
795193
94860
275051
217347
163747
43246
119459
86650
71328
43083
197836
310354
187969
90019
81968
133270
51555
82664
163476
39527
193054
77155
253549
300322
247015
41489
38446
52220
256122
51322
416038
103955
151979
288068
86369
131951
60394
195079
142209
45969
137719
84843
164063
231021
153487
215554
42606
267780
214237
43377
187950
42979
65192
94944
246232
211368
168265
123249
360789
68337
179572
53230
95148
115686
233829
83758
123711
72509
150758
107648
42952
50514
225620
193485
27964
554016
135579
45127
58884
158068
55864
42866
86067
86548
247344
74315
58923
303382
118518
66749
45808
54885
225557
55803
151424
244369
75563
206027
88748
67425
203340
211900
360031
148936
159569
77792
38833
282131
88438
57989
44717
324531
114495
122579
58870
177681
175303
349768
37069
93235
295830
79327
129578
57185
52166
168572
234881
179385
51059
386285
462915
51925
201094
103027
52948
152875
48425
61926
35874
85582
103054
51858
41476
159080
135577
44986
439356
157008
166136
135022
47999
47040
175387
125970
176059
218511
264662
192653
81546
114704
340123
89250
150828
286323
460935
75302
238347
48554
99310
64702
101533
77798
185540
91079
318361
83980
115915
187982
225570
45535
39991
248777
89452
47529
93150
57008
92140
264474
42616
158263
568489
351495
161755
48435
297411
388980
58625
104216
137025
180346
133214
304057
131681
46946
141811
109802
122464
71457
150587
187017
106951
51852
76322
69866
149141
86742
289035
89827
480010
82852
70391
39147
249316
252730
132248
178598
273689
191990
150221
427671
52341
193996
57186
120145
127573
266642
370409
48283
39024
112652
210794
98791
156031
168474
306865
38560
122868
134700
123370
86949
289862
230316
33480
248428
36489
147599
79900
416925
61668
127760
185992
49644
291723
59846
84034
233474
58513
298640
116588
152860
45910
116264
62201
84372
103245
46974
283342
153384
49476
240075
208655
107946
156787
71139
43781
174062
157411
113669
213728
68714
87071
139742
52071
400419
84882
221693
45922
93064
139554
98546
248610
33452
306292
527102
549938
102199
60364
158399
83462
120833
159898
89874
172095
67401
105628
295747
78188
210626
54989
130042
197918
65612
42899
66632
106911
217934
260660
508595
187238
45600
115136
153661
81418
26072
217983
49853
65731
87992
48241
209481
133305
48492
107644
459016
160475
279904
46749
69497
149740
156274
46302
66770
238224
79225
62040
254616
58055
75078
126153
578408
42150
83035
33875
86904
152859
256958
82239
26183
39985
444918
98480
447946
177734
101529
237502
153023
142273
97456
58804
64845
204232
40297
112197
55299
77970
190603
91021
76131
45998
72915
1065780
67915
194705
182468
181144
249877
111652
369537
39868
73205
281254
497055
107406
189212
185702
150069
19273
169374
286412
494193
210300
228276
38596
181541
120200
57369
236807
217242
42759
104754
430988
368472
102244
345737
97773
204381
69654
37894
39845
118657
171096
167700
148489
151333
257999
57989
106066
53195
244918
1149547
135156
269775
38631
91514
97738
88456
100048
516451
52477
47041
75948
40825
191045
63249
44018
717427
76556
218393
54985
68563
65818
214859
143505
208560
69498
199271
473602
449500
58044
73190
109827
271216
102075
460348
50434
135304
39006
631869
138775
44539
109268
39606
258207
67230
214400
75863
434992
231851
171801
146878
33453
314811
133091
31078
65809
77647
141159
41820
57133
129174
203932
72852
58055
28839
240961
66090
61371
151699
62659
189913
141546
132445
238092
52514
289281
161067
125896
139304
49904
316820
58633
159863
411897
82892
59487
57401
50827
114413
177574
65635
153836
53984
141836
58137
109421
292439
200469
53366
95003
151199
67456
261906
78974
125234
91906
274921
42698
709777
239862
248602
102979
58782
454633
156380
194869
47622
110334
58514
143934
226155
111395
62486
329366
77788
48030
86969
45622
69752
71872
174793
47795
231525
57254
100958
230087
197483
81747
78019
166077
46421
108675
134879
126809
37079
101574
36977
178663
76513
64950
222421
68262
63175
85452
234670
68132
137630
1097873
67282
67671
109363
67101
52139
68485
78537
57098
61170
48221
162854
42944
93604
178713
196480
219511
248985
445661
213031
103425
359535
74801
362784
463263
59193
51415
39789
81795
92514
68184
71859
165261
70107
342943
91174
63982
56929
60813
126128
42361
141687
46165
33805
42138
127468
66380
75986
56733
183506
44419
54212
205201
77263
239980
305109
204031
46206
85405
138023
68208
93785
81544
48684
179000
523383
187217
157447
119639
199462
116526
78011
61198
251478
553492
86308
113935
118294
59317
133841
99808
87452
366111
47339
64260
90494
127100
274484
252282
109848
208734
162113
161360
96916
66019
470459
94403
40457
52600
190799
226385
131720
279634
95913
38215
43817
198372
173830
68486
68593
90827
119620
322309
83774
368493
241263
333886
47730
70130
171675
53782
484209
126597
173857
61505
368437
132202
64543
138665
398242
43998
179813
44158
330178
60033
87259
100416
47362
51118
123198
269705
228077
264946
81108
382478
54761
136387
251055
137928
181014
292860
83194
727543
63105
113297
87868
79052
146417
96325
108293
32659
246921
197164
155649
85447
273784
42960
58207
197038
103538
70438
59319
191169
49492
77757
306618
71221
269965
99350
221270
175710
72986
83920
141769
100020
175506
189414
209690
392959
45474
55320
432641
92915
75822
59298
231119
178940
50568
347356
490338
49894
121114
70188
161457
441233
212494
136464
120371
90161
122059
43412
112794
337235
58992
71368
57869
213020
57838
238658
107649
250394
283018
131094
41019
52505
40350
114078
397770
224653
91858
44208
298513
96757
412073
216779
57377
34486
262034
43737
327405
216597
312817
171071
79300
102484
121429
44312
240162
364033
231896
147425
210594
163477
133922
51797
539820
107082
116556
173146
360518
112641
57832
155368
58502
323867
40449
77093
54429
99485
40976
71419
172651
141561
37397
52921
57996
61041
216568
37991
192242
116168
321960
317018
249963
137906
537833
379418
125352
204731
77147
171890
44376
57978
89179
66349
56445
101508
89933
446076
218364
214508
91708
44916
194568
752091
383344
507045
294542
77689
35273
121385
237937
33287
90469
41932
235952
143887
237188
92628
43285
890369
158985
227217
59597
61831
479236
469092
78096
46815
75198
200441
92195
57091
83863
142393
298140
45470
109932
80134
49053
214039
210613
130641
66529
79169
952446
112834
149020
185770
47379
49498
68061
75706
109597
102207
225023
101410
380554
224120
62525
115661
117638
97418
181710
85547
54952
87212
80719
313509
76245
38931
51182
226940
75172
64695
80317
48090
106668
78708
55928
403530
149472
114751
65881
35292
228489
271531
455877
61939
65837
55789
169144
179325
55682
119402
135105
128873
221906
170121
63404
300515
51774
165518
74950
55264
338289
105658
100265
352193
57388
48214
44467
122997
431183
363209
270856
313630
392676
398983
199620
71796
374239
391139
85724
68929
66099
45794
60495
68210
65990
70386
269133
321437
52933
49427
199336
50138
38604
100874
314951
47367
47233
69473
134708
219747
47720
125113
72170
269131
87461
161761
136882
64497
72724
113215
36205
56026
40394
55203
494351
77743
360067
396200
264485
53594
143251
267308
96370
51850
50636
62472
32306
143883
115267
148779
623113
253290
47129
65852
51022
240123
115884
52257
78312
214937
184095
178004
219544
173767
73888
246467
40696
164700
99872
48527
130659
127166
220861
48569
354905
458499
290945
99055
219306
154660
248709
353743
403285
410084
41104
563659
88396
86642
136715
228722
41319
50877
362597
102917
79694
102773
835258
124975
138726
33420
64918
35728
145289
39648
163736
130839
34775
374435
71606
178363
109884
86681
38681
107884
49026
95991
198768
459364
219136
69950
260241
326507
56411
60743
50831
49477
400452
269904
58867
133351
36883
58988
121378
95656
257059
146498
77637
93509
55686
34184
561506
229620
94731
243573
436516
220291
170498
163055
100560
338852
85758
64075
190980
474504
129220
155122
44190
230398
201910
299814
336583
91583
260021
278890
227558
48605
106401
174820
58756
103000
331200
307963
94497
53052
42525
68371
384248
257370
213036
135970
106117
79501
221241
37857
513393
268234
283895
141533
116965
129863
167587
46856
79665
70638
150111
653182
308996
44209
751695
58653
97436
215660
41017
133416
45846
134816
48349
218358
309536
61127
197246
185238
109179
194547
45137
126690
306167
204198
125103
119144
468012
61327
53012
79854
35753
47286
54829
250864
48998
184275
222374
227282
130861
83852
224947
125808
49437
54181
70043
67880
71252
171917
279139
137007
180952
99112
49268
166495
143557
33670
108597
56500
142085
79611
67869
157154
186188
125114
207353
37464
175214
248187
74028
86482
52949
230862
40296
385493
46501
118364
104101
488579
181865
152355
53087
199534
70169
123529
84037
68266
557116
573049
81269
42810
327616
127647
708016
243119
78835
70370
50447
190550
61039
44748
110843
53468
72507
316592
162480
81946
28517
569839
52991
48726
45851
72780
107452
77614
53280
50365
104882
65179
140779
268063
56982
253732
30023
61117
56041
138085
88107
77804
139782
286609
290162
84474
77978
103542
77560
43695
260966
68884
48915
67435
151280
169662
53585
107005
55413
241315
415783
70475
162138
125340
140292
82130
22613
384769
271023
364480
239420
44804
217456
228087
101509
58005
298605
52032
617538
283305
201777
114993
75735
170641
48829
66026
163722
252362
99307
364684
260962
51430
152557
83813
49755
158027
52634
233022
322602
341096
131030
657105
191555
85755
148640
281124
154012
74572
60139
54785
92080
162240
143402
60823
43651
47008
53652
58679
192026
164974
320164
111817
50546
96062
244602
182758
128864
38305
77810
95781
73783
47316
64681
306494
220297
48470
249334
129371
118678
174496
51035
147379
32545
99192
92034
80938
103017
193905
502521
54734
81519
245112
208034
541815
49334
817259
213281
45972
46699
66921
118384
179227
45017
55531
120159
213487
51764
35352
140783
106989
38811
274723
197033
351292
321652
223682
62512
100273
42060
76456
116001
40571
113116
140583
42228
508759
203234
252817
155876
48835
44671
116394
35626
51644
80901
157974
51875
106433
90998
105255
88239
129481
158867
63249
94029
73376
124463
168034
193324
174823
297322
42019
36589
33345
104811
181504
447303
207860
288222
143835
176628
568792
194098
282841
78278
353663
431354
180168
153858
44099
202313
430207
440970
104351
46467
66814
59808
41863
61603
127660
107383
108749
116580
69577
65502
161021
244260
65487
133939
104616
325496
102903
516682
71973
51068
60802
82933
406080
214997
75192
271260
200139
159085
57479
66858
142490
57023
102100
37140
72766
57120
69102
56928
66428
55878
163160
105865
63117
96427
48051
55139
53980
67686
80400
91676
297421
512915
95603
171646
109718
37739
66252
327443
205026
96789
273723
39764
270232
85943
113291
89413
42489
158402
66587
193149
153458
102355
131075
363692
58849
190299
41037
78976
129575
131195
98956
44983
48921
216503
702111
54458
185490
239176
86729
95752
86599
55379
48535
228374
136627
68976
106077
56638
85208
91844
75355
193312
189009
72402
84177
536735
171572
41446
457263
83643
608012
167715
46475
41395
81413
92371
55764
174716
69057
318205
70826
35587
157468
433031
43113
105546
41988
48727
390368
86324
70398
113525
49540
228957
163457
71659
41323
228969
89305
47613
114246
120487
147626
41333
541101
63715
118195
71347
309559
83446
73247
629934
445434
92890
66866
108918
438996
641191
113615
45888
445035
588577
212542
85336
349287
72588
512844
129772
144684
101421
196494
68370
61996
106617
53910
85853
55003
213004
236353
212829
197000
85141
71959
49829
208879
354299
77698
60198
167501
119281
224636
294021
148103
69800
69048
69959
70239
189350
173362
106581
50227
102689
55883
253830
168909
46936
219073
283694
59710
63338
239246
59040
52439
49323
274669
74202
54786
243023
375915
293878
421015
146932
181103
660490
153682
76774
125886
125152
228804
109609
160011
189231
61661
445353
65827
126211
141683
48791
86676
48906
56328
83090
268906
325025
68470
84283
45637
364733
34743
50770
200852
66868
40771
432314
171805
319578
113996
269149
43221
41934
177882
42575
146110
159503
277457
222070
229831
137402
177755
349840
50447
281655
84033
229696
72673
53343
39614
62552
66930
234050
109641
114672
75271
123533
648123
95285
90678
69166
163284
142044
79409
136133
208894
38940
331112
133845
89697
60292
186026
178962
48144
56170
57376
124651
58604
205691
115736
94290
55073
75379
95391
284030
81792
269429
59642
128455
91795
184932
39921
81861
89058
128260
46239
210602
76993
250749
116315
207046
155691
168820
72285
281377
74098
187055
197049
61659
34458
202602
74885
98286
82930
46961
123967
82761
50973
109970
137340
96801
80866
40598
55887
129457
65234
33911
101822
357898
193598
1080312
236273
116225
59064
233144
332274
64294
250144
265697
42468
123479
75594
39549
56270
163764
50616
110218
60570
60674
244736
207586
146865
62775
67990
38219
354553
158782
48341
265043
124612
77302
219997
298289
183068
273502
102193
92522
46590
296408
333463
239856
65230
156061
370827
201807
290754
231472
116996
169781
178247
60511
292129
227758
45464
45903
149858
239004
203064
86824
87964
272509
133135
272334
226329
132726
70347
71233
82533
93823
67136
213060
109126
47556
72731
44098
57598
142696
105376
84300
130969
138466
43575
50633
92080
69248
325102
81362
69508
282673
51870
280559
255752
355651
112330
170202
94048
116350
822482
55964
126787
744451
69036
71438
45777
169959
97175
60652
39627
118443
111666
173044
209291
61068
138793
434427
83036
659104
279063
73603
799463
40085
230755
110755
105007
82398
34903
119146
68789
75914
45821
193601
102193
107327
78588
52382
47087
104129
332592
87576
229868
132113
180442
43809
273104
49640
379498
82850
111514
161871
458267
178558
505623
335975
89361
171656
60882
39753
140095
50782
60332
66557
139506
50826
98129
132015
86397
510707
134952
114268
110110
171319
247429
69411
200661
34754
104432
115079
243727
65212
229151
73620
445410
81664
107962
99500
73961
189577
88540
98640
43843
230889
194250
43285
65464
149823
185410
69748
19907
250816
227206
164257
309231
176419
159732
96011
204875
317509
47729
116512
93566
39726
115012
309359
51728
708540
138329
118408
248005
172827
48041
43756
225306
67591
361229
146919
295911
69093
182591
39389
94341
75486
292418
185995
112881
690236
154011
50608
397329
62034
233623
372020
72055
293075
104955
82606
290791
84583
439537
95639
205844
629045
149998
363742
163266
102391
92458
45084
336367
304686
229239
332063
37542
143346
510180
58583
191777
108716
187844
135673
37530
275104
185876
147112
122430
92076
72987
110962
269414
134573
48639
108915
42887
73224
180924
90079
151098
46561
63430
257292
333892
87350
59478
200926
307456
87726
53878
77607
51260
55764
167042
126548
493203
429477
287762
95855
81132
193734
98341
97339
214279
231866
156763
68951
192993
198491
73454
307536
72715
62886
201022
193122
71716
96799
220710
165908
55376
107623
188268
102823
410306
165594
59679
328323
134628
51554
392060
81587
74964
85947
643024
68908
59223
74452
78628
363685
209863
81369
26241
529063
504472
104328
65060
94821
113414
164649
60522
157309
138913
343638
105750
430461
65656
74070
88242
40967
208465
205018
176122
62591
89282
36635
101077
157270
49183
131971
639557
215794
134519
123966
51993
206437
88563
138901
57803
86552
65897
252418
189186
175800
289842
40412
103370
244696
125518
72161
146158
110116
59853
44030
68022
121528
221184
209443
216822
59397
45045
151097
67170
68369
176107
165271
150325
81387
382384
123091
70037
206003
52877
52005
524354
410466
223018
35104
123727
127824
340767
298158
74213
125073
73397
201526
41415
261447
120826
263110
292597
548572
235154
132954
55671
85645
60413
189314
103861
618441
456008
43047
65059
123941
168468
85002
229105
597038
191272
110334
63384
83801
83213
116695
174366
347422
212854
146007
40644
404274
119116
188490
43910
301172
154499
187364
126663
440226
106185
51515
419815
95525
54271
198096
204007
34725
89846
92307
362193
69297
49812
108475
275225
125821
92760
89229
92279
265061
80434
66689
43873
291664
150945
63648
50140
871063
68211
125066
291441
194741
65764
45615
329426
110471
206948
138369
259010
719699
189405
127820
101092
155658
112875
49471
136239
239472
409644
50660
230225
45880
390439
81687
117280
241138
48157
94737
43793
280402
44720
61398
36713
136226
52107
344658
263199
73590
52921
348626
75181
72560
146098
50933
53215
51917
61067
69531
93181
56350
419586
319682
85859
102033
151079
276821
375599
47218
62557
60173
208456
77796
102544
56166
155919
52949
126937
62978
220958
69712
266211
68274
46508
123943
49830
140657
70771
87669
304290
372245
254926
182871
127278
152043
30097
269979
119715
100387
90840
62458
43995
292955
30679
178341
415199
242615
185449
128698
52306
137949
105593
98500
51557
129944
378393
249582
140223
105796
58741
197721
138812
397637
118286
429575
334140
116128
288888
273876
89661
298794
187810
67755
67341
177450
47946
86027
50807
232245
176637
169946
263889
237407
60597
283359
35947
181109
73317
165174
124460
69071
155618
88333
156788
240868
74858
79786
91942
98019
54203
147948
854050
316463
122677
232152
167919
61791
180884
104090
147424
182701
311741
117237
102896
35352
106963
52699
159906
181823
223750
82982
170586
108177
55112
57244
149701
112920
392002
304132
418748
36051
149284
657024
173458
51110
303974
69067
300778
176297
226318
204745
40404
39917
66164
229088
162854
117964
180680
134020
207597
46124
299739
71555
72765
148189
226387
155175
165742
93847
50460
71974
241051
231428
115572
46679
94107
175713
85510
154344
86308
87778
428908
63905
1350285
177505
1084230
1072990
80634
1021884
934743
884405
896172
920807
849253
820984
189308
764794
35612
611318
588359
532081
349664
307816
282238
293129
250636
92767
100884
223327
377736
84232
95466
156814
176732
230044
93658
134254
284083
317280
244325
80657
50270
110074
91870
258078
41310
49601
66472
173191
66401
78533
114796
51862
55530
180780
97837
66613
122848
90352
276575
266673
49536
74011
176287
40324
47132
574522
94941
104748
48263
76817
99689
53304
160908
70423
249400
432986
363264
104089
384157
49215
147935
101762
70962
251760
168157
63149
392732
533493
415629
181804
49330
83359
322727
153980
598074
111620
63275
57856
44869
111390
42482
62694
55496
96128
190063
49065
71051
40751
121715
43190
233606
161145
358427
60449
120604
111653
203282
202504
33244
94363
52307
99368
198617
290095
97780
119249
159998
343750
85230
203970
110433
250789
89372
87262
65391
47031
157632
104260
39817
43122
262611
60137
106246
125384
91894
52979
109686
47901
253169
63959
185076
100962
85170
796723
114385
98625
140321
82826
116529
170517
155717
302711
432536
246803
154363
570966
400619
51550
159493
479870
263497
810116
44929
207498
1009481
144085
166562
47729
46139
90661
404690
197832
207744
211727
127832
282802
190487
246487
210609
229327
259316
219239
126825
40569
85090
53660
113609
305055
61877
146702
126697
222083
476194
215249
172329
68650
79671
82837
87968
147256
39210
311027
142970
124717
47280
116851
36160
124838
96827
125403
43273
64657
84773
74144
252911
192489
149493
104559
207763
369608
77881
397792
94020
98452
122334
702586
139820
63995
51946
108820
43436
476807
429274
150487
221212
66158
44566
168193
138202
195515
76811
175195
157246
46298
50864
81802
155618
84792
268759
36933
110547
172659
176118
100019
50808
246762
157011
89225
585843
288458
82322
233153
301997
57013
359874
85910
174305
83394
289092
76446
82506
59433
95749
81239
529112
396502
111050
301229
54023
124804
40966
148713
84898
54607
127746
113572
147724
34732
40011
220929
383462
37830
174204
318850
79885
307672
95131
61043
177511
198372
41723
173266
156017
97549
108627
93061
43156
44633
670959
38725
75803
159264
280257
66000
271356
118173
367117
63660
164529
372440
212371
54350
94728
47616
614594
97927
116421
151749
94750
87377
97280
116956
101457
134097
79078
173876
107779
59656
149172
55891
257850
60670
258168
79585
142529
383369
71491
128734
345041
211799
149198
732909
435450
302780
327208
292546
91019
233704
89016
50839
252173
138943
229364
237075
477145
35394
47782
74696
324122
229845
193774
134145
126771
57564
82715
42299
70343
67168
249875
53372
58282
146960
252217
224626
272651
71421
52591
281431
323426
308406
67023
331502
163781
135916
56180
48890
52555
147681
98450
41397
139998
305571
215197
745319
136455
73132
51512
56365
290522
71740
128533
190458
37860
181640
177886
105899
114334
201623
97167
77425
242723
109971
151563
49124
91447
245707
299828
167678
366044
51755
146503
46202
107172
89434
79391
67166
471077
176454
99649
191868
244057
57072
146694
100433
184239
270468
79717
71959
197521
106139
94494
161496
266028
383504
192798
67418
183888
59777
1068430
1067488
216836
976562
957984
535864
537687
323342
277587
154594
140320
240080
421017
201043
62505
884032
376060
206968
309540
202093
262216
89087
316532
62600
153734
47260
119698
99578
35329
139860
105604
1038193
93525
190196
101349
61669
61748
419424
219905
206478
99424
99411
61127
260837
203242
383435
324371
219711
