62987
52684
47698
15717
21985
18229
15874
15845
16255
17772
13512
15109
14696
15826
18957
14654
16461
15224
19061
13907
16349
16255
19285
15361
14859
11696
13955
14211
16224
19060
19681
16711
19432
22512
14851
11430
16441
15455
13345
13165
16475
22062
17676
14603
15811
13186
13177
15456
13067
15998
12273
13988
22986
13594
19973
16632
13450
12063
17919
15268
15267
13950
16815
15604
14834
14998
14363
22566
12988
16047
14250
14210
22435
20915
28432
35052
14171
28994
22851
12289
16909
13402
16444
30716
21779
25351
21595
19056
51486
16225
16305
13846
13440
14313
17865
20792
12048
15797
14192
13238
11809
21502
16025
29577
13385
15188
20575
21609
14323
21763
23477
35952
35196
64517
24063
13339
24356
73320
15981
16033
12806
16502
13761
11735
14850
14890
18929
16817
16255
13988
36009
12890
11085
15246
17311
11380
11996
14391
13338
12528
14334
10296
43811
16857
10679
18302
13244
13197
15422
16960
14855
18922
16455
13990
13980
44151
13731
14892
25788
17063
16678
18820
14121
12380
14150
18767
16649
15601
14427
24637
13033
15675
14021
30242
17105
14479
14254
18455
15191
14847
13992
15063
14961
14090
12734
22838
14275
26589
13881
18315
14291
15455
13637
12741
17768
15576
14524
14781
18814
13202
15889
16588
15615
15498
21012
17414
17966
16125
18610
16281
15835
18865
21298
14488
13660
13841
13488
17375
13783
15725
17475
22540
17844
14394
11820
15120
12361
14308
15484
15956
17951
15696
20172
20343
16973
23248
12782
32309
19054
18023
16609
17244
13688
17966
17066
17915
11640
13208
17896
22083
23949
13314
10653
10738
16585
14437
20660
18005
14272
17159
11599
14040
18013
14214
11488
14206
12869
13512
13493
13866
12468
13054
27565
12485
14478
12522
18730
12408
15957
13287
12200
14057
14254
19815
11278
15253
13832
12757
13535
17364
25696
15922
12447
12912
13079
14705
32173
13074
29551
15536
15524
18034
12154
19520
18848
65369
23391
29783
27094
14992
16989
13696
17871
17987
13447
13651
20114
14616
15488
15409
14412
32110
20304
22114
20918
14380
72345
21612
22497
18105
21793
19785
44679
14559
17748
15582
13583
23213
14087
12931
19813
14788
17358
26166
13288
14698
17439
13041
11689
14764
13708
15946
17535
29542
24426
36541
15066
16778
21617
15003
19835
13913
12449
27330
17024
13427
15705
20070
15106
14736
15768
14014
15504
16438
12253
11686
14569
14375
17655
14678
13656
14582
14101
16519
18945
12372
15387
13741
19496
19080
21749
28547
14415
39218
300589
242602
257840
425543
304591
505759
155173
1508474
322621
673535
1053672
145266
209389
1007807
123173
121820
961857
57526
108147
535690
588205
2001197
41116
121435
28536
80865
714962
166579
449591
350139
181948
218781
828799
62507
232577
1018603
270880
35759
120927
638758
280147
854917
642480
347570
746158
846371
69551
1005619
269011
1236892
705558
222224
192312
154805
92192
259111
50399
234096
108462
616649
398001
131020
87873
398776
206761
202713
289344
171729
124878
216600
788145
672077
119242
140301
168985
480523
310204
913680
658210
512150
118253
38814
503537
197077
797648
111316
204875
226093
114640
122144
69911
714426
1040585
423597
339426
70941
215872
100940
129274
928683
413583
225214
383535
54565
64294
172415
354859
313829
508797
233964
583739
130280
303226
73217
843187
509598
691907
164779
33207
114531
888835
28507
264086
90264
2362197
375809
174972
463755
436979
191293
335185
260091
158346
340433
184004
619373
2071715
525069
1207483
74034
164037
424042
105274
355911
26469
924612
901945
383865
266324
331954
55505
65663
1188175
1304446
114181
619397
369812
1056926
653806
42670
49684
394767
54449
70154
674713
954977
687459
1336107
28269
2156183
45340
418198
103968
511024
938586
141537
408432
61341
2000683
1795200
332060
79196
260357
31873
889168
719944
684845
199759
276285
156625
403498
186664
168879
276464
323522
577821
463706
457800
203471
698012
633601
1496625
137836
302183
272289
254246
55655
86896
363830
1751909
333390
965260
632771
231674
38102
207385
497950
304359
69675
397138
232039
265960
241251
122167
276050
111166
1272471
88603
804334
108807
277467
729543
845563
574523
673593
207779
172475
44046
115345
145373
891411
137833
486858
767789
74587
396112
81786
39651
23879
251329
53005
391773
758071
885368
1400743
1363942
478663
553858
318969
25025
574840
1024193
843104
935003
119633
31897
795173
561006
119939
103679
216403
58667
370056
489459
443057
165140
1354331
400942
291046
854297
1299810
476048
64488
51561
179728
430669
910200
138699
258410
248314
410221
616866
142304
1239063
2033018
202945
132289
429672
263665
192262
140823
574707
385613
823698
34015
265827
147944
371289
197959
2461683
394802
1415426
1366653
1335744
186829
359075
1563952
344699
554953
506889
313537
282683
222017
45641
27900
713342
110356
668025
73869
215681
341768
238634
27356
252259
351728
30899
276470
143248
1147696
274899
291542
519136
904373
313381
386768
204044
1207029
440650
110613
122834
627020
94193
461471
432894
315248
466185
33099
799656
296074
598813
155716
260325
205388
790618
34545
933299
546889
544963
166057
107859
481765
113858
168502
458962
96152
211167
191921
422943
401856
293121
27577
316882
170557
629294
593936
118786
299099
705455
202876
494113
1222512
57071
29136
144147
158874
212067
561220
234280
79247
612284
183491
364247
88888
1793450
33760
320055
84211
325788
236978
854341
1027717
466897
1332095
539261
1429758
346840
173722
213240
971205
93633
667495
55642
542744
979876
57127
864441
180600
191176
35619
743460
72223
32654
123440
33011
474491
726711
540004
363080
1145252
52265
300905
170246
73480
316724
100618
674278
186118
380627
84603
40661
797153
55072
501753
568023
90658
750736
475790
933683
218655
737084
290925
449644
1726355
531300
353097
650874
432743
617998
329349
347035
83786
210740
220424
224870
208769
320593
46449
1322501
85058
970265
160933
978663
1218730
533797
160319
148724
250188
452919
884846
133584
134596
22803
185469
104170
157046
57922
178237
504945
260021
879408
379302
139565
886396
267788
1048709
366493
81338
933822
296503
199307
327514
498028
807397
564996
120907
235797
513003
269741
820020
54540
313693
254812
251494
554026
686066
165615
36160
117895
668431
432265
959189
303966
363921
146430
649817
81403
125219
167411
407540
1639484
400528
268979
79424
39060
460032
1110397
262503
75364
541016
2280504
117878
287026
874405
171285
327325
109775
760922
66009
123638
118057
463610
1288935
239849
749602
354376
262234
831214
724582
1598807
143282
376056
208766
34976
339725
122720
322620
1209074
42387
206673
42757
355892
701300
224562
345073
181729
64815
106113
1092457
171571
781922
582567
1218526
310162
1491903
892384
130378
30774
564339
83706
374217
136601
32002
269302
618428
332297
646655
61549
55221
580697
902949
570053
672489
996764
67176
230251
110791
1234746
110102
127648
488432
1107427
661982
862350
420479
252788
147337
122343
165114
30530
237233
1223098
815130
275386
131185
198792
100414
1391337
128626
185265
803303
179159
338904
899793
27277
221036
234323
250756
666635
215500
1212924
54223
45328
292120
235655
65698
2050225
183973
337926
137111
50230
140187
460765
495560
273716
50207
928053
276430
768054
248871
103750
700533
829436
1130211
118096
1434138
292908
54372
798030
228159
1081302
142859
245268
540954
808823
101863
151853
99598
52638
162584
294328
683367
267849
178549
500336
551151
243538
744594
718377
742118
238439
521036
96216
185810
1687679
776205
70143
2475166
326240
132299
174036
173876
238685
594481
219332
58559
248200
72067
156677
381169
79801
154761
82773
325304
310179
244295
159902
357600
629323
138138
1562272
43054
39522
156583
469037
89223
470946
67384
638796
130390
44055
211835
181695
1029291
223451
111021
432751
983240
278047
634647
564823
240459
115986
192961
818770
257066
652418
347051
196800
75642
824704
244532
118745
357200
159897
247051
797037
299175
144250
654593
465966
36699
34142
513099
449300
313268
276626
258475
456536
392573
1496892
62830
367843
959498
772217
362585
361937
125441
357473
125971
113165
358772
355448
35300
101063
290366
182858
328272
802300
901348
1383940
263955
160304
139447
711708
156595
524861
289952
236709
336011
182076
171364
558908
193287
385799
504770
657957
75760
31968
477703
263469
416049
641955
37578
355778
388538
197447
179664
147054
36582
978674
179787
1337563
24650
927613
197029
466580
400438
1348348
95912
33028
310507
738498
41991
84502
487832
230986
1058876
161235
60326
252141
138191
127533
264787
55691
196069
1105806
66486
301422
1053794
290125
928491
1439876
355526
968144
482575
28420
56037
127112
33265
100728
46367
505976
84746
323964
38677
43835
531516
59177
1032057
104840
735767
446710
521759
394961
267150
105656
186867
384099
521481
121964
136896
1322965
1252393
504348
656160
61713
259148
59007
521631
625873
307137
26090
391321
33881
932660
533353
1414141
122985
725670
28529
696775
246185
491223
335506
97967
179375
531448
207935
112727
33877
24684
325622
328842
212859
318605
667085
425088
268495
1443330
943629
246490
384677
416514
308246
1455086
102316
879432
222077
447839
38299
908456
310729
208050
86166
29250
646724
808713
135922
375574
240457
220924
248080
738053
90551
732122
76554
74959
325766
1903425
34019
48437
421347
421742
1542792
441563
887390
432841
420558
69689
1188402
142796
396564
993283
172690
97175
429329
728007
35930
1129467
430684
522187
473159
281269
68652
783228
185793
107416
1171320
212285
28127
591850
515748
422208
278975
93008
1836822
1586414
507352
596371
1223925
355333
312338
28411
762703
50235
41626
495659
617034
507807
405483
324576
558161
619743
1346694
454006
42275
84840
296113
483130
215882
90299
251851
1371471
275230
578372
856801
337635
91360
262371
64663
962192
801173
219662
2140216
281951
228556
26564
254647
432251
233241
119258
536455
609517
252410
939429
119613
395254
38856
475713
598484
101730
64883
644112
713202
30868
816428
537845
124405
157442
1268136
674951
243395
1404087
25886
34312
87292
1104086
31305
467310
146168
162964
623145
163375
136295
243949
67084
342712
237771
385783
471012
180273
433771
196972
468207
129919
136327
288789
116717
101349
30673
135462
145908
400939
332479
41052
995888
218222
107002
54234
457778
248359
468175
176712
113981
31097
140823
976479
41857
1106847
117807
105461
642414
278339
94374
723499
193400
23163
557235
134748
234212
235336
475943
52069
124476
255407
637356
210670
204696
614350
1145966
85498
377283
42422
184204
52040
387130
514086
72899
688286
105908
298562
341425
154846
441586
311272
201620
262008
1210811
192479
179569
552931
225750
291151
28117
253803
362143
62187
1350816
182457
205239
529090
262426
923232
177306
262076
1748078
225862
130981
981148
129197
233994
190204
75135
494937
88257
784315
51715
218732
222302
174009
238731
1487503
451952
792456
209129
579595
2857916
102476
224612
233351
211263
204346
222992
252807
101937
100831
50939
57049
628992
74403
583655
199700
805150
102911
227662
101387
262057
229501
393987
986394
925480
141552
99680
32773
53044
54966
35133
1610270
129197
301574
81023
179858
275752
128675
99683
75096
1012844
184294
473653
231168
201732
317273
299276
497436
678211
41605
163397
220301
186483
303893
714124
189881
313066
274967
88222
376297
547727
83221
118846
148479
803771
52968
284796
199577
619611
213321
226018
1146276
1167174
1478040
232543
74715
717960
291094
1115172
528491
1318822
946571
31556
26219
78178
251763
274356
948210
334636
253362
291953
507865
343222
988850
525877
633589
274820
1303230
152624
163416
1476865
825478
536387
885529
2664837
1302872
163439
1740108
157691
404601
286790
793776
86279
123973
587482
331566
1012295
262571
350275
198733
337070
303537
856018
316605
1267167
731740
470694
275443
164807
90842
135155
711595
275869
807966
643026
161836
189781
95592
496306
149557
303578
204612
528183
545192
32392
663676
324165
464851
315586
440269
696834
152719
464852
485249
129968
230202
99490
694530
122412
295887
335390
56676
107848
25636
78341
25894
181764
354316
468131
338960
36645
210147
987624
1053678
255219
373797
219544
56712
172645
160768
372030
51421
861547
370925
391431
107630
44719
499750
365054
343160
1365126
941194
228354
98014
119758
126916
42567
434286
27300
365513
161879
772299
373597
139995
377403
261397
291139
141970
226271
1018952
46928
1269398
74490
301135
114123
546080
385757
1333127
858054
89017
646644
586619
620705
191869
390698
935266
1086107
105952
1303377
614026
140696
136420
77916
39797
39593
271648
138045
313174
295803
239479
150027
352538
632575
291561
262043
200270
192836
315082
68279
284812
528891
584270
875248
224561
244320
1592469
1169648
239988
36203
439825
46363
29694
798492
330924
207544
219859
464916
75031
164853
32182
173720
406099
1019418
46620
62056
445841
130010
546370
112926
204899
1070776
29914
519431
176998
417358
142609
360056
61896
74493
191856
1278463
93051
638958
330113
83235
1157319
874366
388448
49456
133755
433724
398096
824344
590142
365396
30330
47169
57790
190332
103116
585659
154030
491892
555555
861644
35605
396417
105060
89781
536859
1166703
729752
645666
317097
675674
343255
343449
572450
980471
511154
329951
586470
101846
47837
39701
176141
28405
33861
384589
518455
141182
788474
119166
48409
316259
876869
742929
112806
712297
556657
1726109
120711
522078
426669
1469597
192751
596345
395067
119160
270333
109634
89509
314371
78477
626797
902063
1624699
665629
759540
272160
752896
444487
1157851
422986
325660
333602
186840
102673
478882
34505
276561
117617
52071
732062
69319
56528
419501
28476
361241
137926
91535
626730
396982
128207
718236
144166
29603
301458
294146
452547
74899
27389
45037
139226
579897
708974
386615
279869
325076
1058055
568029
741491
662290
131804
264769
828336
587386
103700
115552
85943
341764
215105
942825
225917
235835
294377
203473
233092
644077
327582
311150
205242
1371740
123740
500791
30004
386767
27319
1188168
57375
251535
590906
32931
609828
819360
548486
222697
806740
190192
182032
280133
186163
460693
375874
98188
79857
40699
335280
132666
568831
628843
503418
32523
294920
621321
65644
169544
562122
136006
391089
448236
374181
619036
147670
100804
392300
715455
965871
453072
20261
227027
541383
367887
1089830
235252
360742
816438
1706445
81754
969629
543559
177223
175300
309781
253285
153259
65516
513799
328548
1183856
770729
100212
928420
1858892
55741
1482343
807337
661420
564127
364024
1425388
31594
278389
753608
138395
92393
664823
342951
1225883
57140
789669
2329902
757056
106648
237198
83410
452651
165792
129057
341060
1627958
106582
234777
298170
226764
184561
88044
377692
250066
29245
299726
289435
114597
187660
61919
109512
132425
427245
426128
134909
355660
29865
695088
834844
99286
185658
63264
196400
804827
580095
813116
62071
109117
189234
175554
257132
515464
789019
254437
166488
142043
186656
385752
217014
678465
550680
645773
145192
593972
110732
221148
575569
507372
208228
1386997
944470
41039
454917
120405
182500
84194
83439
461581
708579
151834
206031
765222
191653
428704
222674
119970
43697
428654
38128
406676
220615
780241
311151
208917
2451917
62087
426686
32093
134462
203335
441353
402436
405982
418187
39603
71266
323327
94120
618102
486179
433076
74542
331351
44082
73334
306006
309172
900172
230979
65316
332856
922686
344037
396178
27515
464749
238795
30535
765936
74957
47828
349235
870877
961703
290502
78429
63257
27777
108698
881069
332730
304077
61029
208523
45322
1153676
408790
344886
877691
188010
516707
503732
135784
151759
681464
456856
207787
26017
577477
522470
183441
123361
277889
675543
40252
28816
221036
602964
500997
1167783
535121
770815
410558
250780
193540
456527
738014
974492
397288
726751
566324
510179
263459
145310
154919
309238
476013
334031
1561748
63849
337212
248131
44963
57335
1229515
84397
331066
478665
134219
34946
372609
182528
32728
167515
583343
347733
832956
1249307
131744
29769
53519
366199
72242
366097
143743
168393
163035
107676
772421
167926
42614
898697
285425
181981
223798
848234
55743
32283
25359
95286
88341
754359
933167
1202028
464707
678704
904397
27341
818941
221059
53217
134690
74313
96015
265338
634523
66763
865888
50242
977053
171875
960433
347093
116735
826061
26954
600492
437064
317827
253344
48448
307648
515126
145444
81227
400842
208855
538024
38990
531255
185805
174651
1396211
192190
158017
40725
802334
701900
478815
83463
120699
183524
329180
117518
115369
398950
76278
156019
339238
406038
698161
29801
404050
222835
159562
144060
67907
274959
25235
328485
403929
211529
1493522
65486
635752
568247
348022
432047
305044
838022
23798
60823
49923
94734
75750
454254
572286
218829
684992
1492511
530414
44648
1482346
303163
241243
208969
397366
532450
109244
26534
276547
189448
57328
86000
851250
684547
632151
52379
296921
61560
852224
120646
291999
111123
1207981
151400
438591
266194
832668
421223
1562901
37025
527849
1350263
87543
316332
35453
459064
294459
274442
714524
222187
547597
803098
333449
434423
165664
544866
488675
502940
613414
246663
291905
36079
473597
298722
339450
68969
311081
1504863
115275
530055
785498
215747
1920272
65979
395850
991480
28293
381971
102941
504626
101044
486921
457158
2279799
204548
1029891
710220
868842
526287
329351
482359
52744
210997
1780459
685323
97603
754640
95895
1258721
186332
454145
321061
284350
235744
931403
685921
60213
153185
494564
178336
73192
118457
2706517
611754
647283
241278
269691
102612
272962
442418
231896
64740
103643
205747
90817
137693
195004
265770
250821
421198
604849
203007
564834
245498
501080
240833
122001
2364230
116458
211084
43080
117928
389338
118725
755223
350515
124359
139962
584137
249335
2827113
962285
464740
233400
591739
26911
211204
247434
56056
374372
1827511
1138839
315179
145853
536746
250417
29515
724164
371389
97825
85270
859337
1009527
52897
767644
524624
1091839
156491
921718
561608
730673
181057
199759
791669
176963
231324
27067
71107
637502
441712
181814
1064615
90041
30288
260698
319020
490345
192503
703261
86582
115914
427074
1838552
64372
241172
285720
376738
25754
593321
155354
28518
94387
437223
214454
90234
322300
775843
335205
293547
1396976
47256
497855
1076693
168674
297409
110452
918465
216107
114163
47906
95619
204142
352446
39677
869677
104710
84066
37965
184947
724233
534701
28543
159908
792007
332750
396095
714927
716001
337977
430290
61312
368636
109692
353075
76898
1032282
203588
119553
190704
419447
222092
634912
101067
645906
406182
32951
139538
413516
143346
38977
271416
377319
449595
571694
615206
348791
643208
310118
227425
503302
585565
1344780
355744
391358
43211
83019
385118
177026
131551
154747
38996
1545429
774925
204807
46042
177586
47002
167312
233785
209214
27188
787060
470022
1266281
36042
42411
249122
70448
487621
450516
229279
137910
418716
564918
39836
68821
258144
230511
39611
392746
268639
2436840
175283
82305
63529
84929
60157
249972
628270
787454
1999077
97944
262146
23908
579758
177173
172679
396699
898837
36083
298420
800431
2687196
103365
251542
145157
204661
41713
209775
1643804
488527
88220
698078
394467
393614
33855
1107581
985462
803969
28966
86586
24701
83596
151971
48448
313739
471015
533985
940551
73482
205721
245099
261522
297533
702238
98380
1305159
99950
152310
958512
851168
1011428
1102281
628143
576293
855797
53074
521039
675916
959694
958228
195618
222501
374234
452425
115370
294794
164878
133164
23276
54381
307827
97363
117863
298957
1114502
430203
899183
568797
1004723
259652
293597
476136
555754
358613
39873
46374
40788
117825
56143
236132
168521
278659
1411024
537137
1018938
161098
212133
73179
718032
556245
502903
173693
131957
1067787
160786
561746
738262
370273
181708
41052
464196
103879
123544
295586
213549
911921
625968
31130
343317
209495
191417
30533
119217
691998
155934
30239
311415
564692
175654
401297
27237
1151042
478300
1058095
1032594
657929
496747
162318
787156
920564
368356
667466
234342
1013157
27752
395432
178853
1106930
119233
28177
476321
276553
28964
86702
336368
85450
1061092
387714
42622
1947342
970408
1164978
843195
42717
672584
83618
49108
30723
28173
194138
426688
216002
208702
167592
199041
888572
51573
367168
31213
255346
156932
79140
608166
379826
164320
565551
614457
65939
83261
64221
338113
756460
313126
100717
1092757
109874
765508
630694
453217
717907
615953
1273730
340352
744249
138565
1327432
33365
698062
182460
118620
67706
338956
107739
919886
1265656
448608
237745
109659
553142
103556
31667
1089191
760906
199174
2257701
114186
1062930
409822
765096
431899
715948
491146
55611
796797
318602
575441
611878
451936
104288
159197
208058
292443
41128
79695
733210
42164
28197
147476
150026
244954
605210
329170
630829
610227
390144
215717
326616
340484
464039
91350
273355
409156
182619
329753
408641
636356
196468
51183
92050
525153
62293
148196
169649
1197999
703467
24168
505852
213373
108672
92442
240058
219151
815154
120303
466773
575859
772687
31084
938154
136234
173421
574918
243876
196585
179991
100813
660424
217601
170161
511385
119422
68987
147332
28672
264679
411997
642519
328900
340960
614738
819185
1339592
252072
935752
272062
599663
486607
24619
198953
500818
1007251
255573
317481
602893
1274924
748228
59407
209658
81750
411300
177650
396091
114582
1029300
25501
194376
262709
248188
84711
961069
315741
283368
256224
158254
237670
138628
216374
682044
87153
716106
1342154
133569
377882
852189
1300804
622710
252107
453171
548723
278529
412724
97667
268523
503310
916979
45998
198952
460871
416546
611752
816548
132856
231992
489399
200190
74962
1909688
1057068
1473778
495720
467663
802013
657457
1107401
487835
139442
667752
979800
1791873
683021
639765
390670
2730300
1260099
832486
204150
865348
189301
279591
130683
398358
329254
425871
755639
933045
286095
140629
1140713
804061
752873
1299706
302380
991619
727335
541767
802971
547874
704653
733477
890158
893443
715546
389217
1353909
164432
1210917
209260
517280
491236
448777
829801
572817
755492
743117
942192
297470
737527
703861
946006
793671
452823
1091987
434466
438837
627626
533129
745804
785023
783747
183055
1209855
753661
646251
286242
347065
330445
893863
442002
700098
398020
509481
202250
491606
997063
1176805
683758
1414595
1257384
320679
764292
627980
272441
553365
367541
653455
415085
396282
776795
695130
346174
498951
388986
354250
300070
194884
1773250
1776085
858278
785242
1371858
682726
180341
1306078
732197
295217
895611
524895
869617
1008320
1318056
1132472
309801
132574
1482058
452387
531280
1012813
1345608
1459761
1021522
561096
2601442
1226039
995061
721253
2814942
1717162
1322910
857626
1154351
1028321
1030606
626572
1585292
759267
728504
1839111
1508329
1223559
509673
1137626
1041659
1208531
831055
344184
397913
1453667
1039846
606942
922200
1429812
770007
166564
1024079
1213646
536612
819034
537074
372275
1652401
1810732
653344
459930
276259
414239
2365286
1044812
2535614
883298
918772
635651
324219
793898
1441525
737489
1820290
703485
851445
1233905
787671
1094952
772559
859476
1145164
1273730
386965
550469
411530
266655
2612307
713632
1074137
2825059
1496589
1287642
765430
167062
930754
548392
795010
587962
337244
801748
415992
359120
131800
190567
357559
968811
497843
566591
399953
319832
2578003
2209222
565833
553455
360747
2938388
2835757
1141789
645013
1323885
939853
839821
1491182
487567
378773
1397250
1225894
1676290
1839589
509884
263554
2193458
691476
1909895
522275
1458267
969038
1018148
1165840
622098
583304
126149
623152
491914
464658
49505
885639
817806
833091
1151830
239651
1231621
890469
1281708
1626524
877035
418074
112043
744639
1096941
933888
1057926
3890709
3648017
635725
235337
960571
445632
1142453
1068499
1046243
946942
1235505
1128034
617064
2306945
709569
772501
1039648
522419
2478987
624998
2490254
1237350
1008514
1325758
1316778
1166398
1381843
1455208
988316
1395568
1174999
1187616
450796
592317
1290841
1746786
1600503
1205409
2072935
2133316
1912363
392383
697303
604919
1784859
1786755
845259
1376820
328204
259110
339784
408289
479854
1505358
1459435
969981
1407075
1018883
782419
1642999
1254786
1257341
981169
559918
362440
1791791
1685355
482936
1348937
768556
772496
690204
518291
586361
204999
555611
572610
767385
902853
957193
761715
1040509
713498
1505989
1096003
1348100
1276678
1079148
1611482
939172
592936
1112040
970558
1258627
803464
589746
1179586
1015804
1733776
1416918
864275
678682
1669074
1673064
991644
998404
1218181
1022725
458564
1242166
1370156
922521
974149
654933
1165152
878206
476411
1620213
1142315
1074483
2026519
1627220
1069748
2267845
1601215
1262227
827512
370810
445826
321993
1023905
236417
935794
145878
299829
283430
1004424
713626
757368
638977
961876
1033843
600314
905136
1229253
1190607
1056230
939976
1171416
1172249
1424627
1853509
1212616
1635405
993002
1238151
3095660
3183195
753323
1861994
950613
620186
625448
916475
914384
813376
930711
1080808
1352603
997429
988570
915741
1144012
592377
632395
631670
805554
1903269
909222
857401
2372046
2187412
1368556
1181800
1120327
460661
287298
187711
1764530
784964
916903
192963
685486
1004180
923542
793869
530696
553918
1498527
771223
971133
1213419
850628
713050
3079523
748668
3382459
893546
858822
2523957
783749
858758
900978
768405
750345
1276615
1372153
1197965
1579816
778197
641557
244751
1297689
1608217
1087856
1150233
1482564
1489626
1392849
1004654
1718008
1096423
1749536
1837874
2005266
1543430
1432823
640765
2034156
1645772
1106274
1010113
1100150
1660221
1227771
2050007
2201240
1159494
694405
1675171
836032
769879
1086986
1163801
1183508
1814764
1811318
1384677
684199
2522633
2631384
2379802
750867
1716587
1442058
449658
454408
1593325
484474
854294
745350
781993
1225542
932723
497014
428020
1174053
2013186
1635369
1432909
1734381
271292
564510
1976163
634719
2155793
894285
515791
805576
625046
584492
502337
2152592
1899187
876880
987103
1957712
639969
941956
773559
1395691
445962
939946
134734
341816
542823
1386967
542919
351487
290538
854416
491625
1316868
801479
661683
1006234
859328
826004
886295
881229
898760
848545
974071
452530
480856
563747
1102854
579886
759932
774603
741698
1470391
1325816
928072
2076052
1120878
1274010
1369437
598677
647206
834006
814721
1061710
804161
737829
376839
468621
4343242
560253
573849
4675859
952940
746938
765514
845289
1025886
4839092
2264420
1629910
361833
1452969
1100822
1153800
748244
1066654
1052042
1061309
1336329
1755364
1809009
1865419
1576219
662167
2250365
1838210
668894
1078021
1528055
1749330
1211416
1903478
600453
1897298
503841
369289
635154
2380922
697238
945360
859278
1679791
1741140
2154027
1985239
2008992
1159574
534002
1918710
104956
184671
337536
317393
299313
676698
1047209
1156777
1947634
2438942
2029703
867472
882230
1543130
1727942
4753863
4164095
4305767
2065416
1092984
1136940
2122611
1926720
1464823
921188
736668
210130
469921
2356487
1267248
1516157
1447063
1045425
2843023
2679014
810373
1137262
791561
873662
2262456
639052
1372272
1465354
953064
707754
1020236
805143
469043
1774421
1155893
1681413
1290638
1845692
1500185
901902
1053959
796566
1109101
1990631
1804089
1263850
1576211
788696
425049
404709
663329
3055843
1575678
1785503
1185911
1145443
753878
935261
834759
872272
379400
370764
780716
263830
412152
1185741
964209
1579760
1058659
1034463
547030
305777
348513
327028
330968
640007
583414
607418
2576729
333947
390194
531653
2510564
2122685
770613
727529
1491838
987723
1150165
645875
2157506
1990483
918563
903662
320305
448031
1050697
1116914
916382
808626
1031873
670857
1357807
1213387
1170988
1875919
1772444
1619132
2217866
1570370
1458986
726509
704994
1494909
1456065
1361979
765854
675017
598119
2092973
2054294
2008310
911156
631681
903525
976449
808033
453210
436603
485576
362836
1314486
941309
1181803
1138048
588456
2234338
779541
1317266
3044521
1286608
2551833
1637125
745390
453291
1965297
898578
1653427
1438673
900984
677631
410020
855375
1422454
687604
1113851
1047578
595884
530555
1205638
424464
1015365
635380
1143086
643383
643475
387927
751230
317708
491477
541895
643537
724230
500985
1116640
1110736
703485
885955
332072
1036525
938714
705783
625927
732224
563767
797502
498873
554141
309985
960165
382616
1160020
1531375
1290282
1212472
952211
630364
525099
537356
2137924
1189853
1243397
3175175
1388754
725953
654915
369729
230103
173215
289591
431041
3099191
2205444
1024638
143849
487454
737670
849772
1422902
1151471
1021768
2193946
2109392
1155384
1216444
643648
614241
738081
711467
847019
756190
671674
776533
1048949
713699
605030
443634
667330
2860570
1114567
786196
545004
115092
2896769
432104
467909
2878157
680382
566962
703166
1062530
1537509
1500804
1089434
2767129
2394671
837384
478984
2513992
671289
726112
820388
1363810
1252021
1298855
968440
833603
1164628
2334451
1942610
1594770
483821
1670765
1193117
597385
937134
208760
185981
111946
115795
892997
964898
823156
1106584
1047991
1172621
473887
1027618
824743
891965
482538
672689
1019961
1253477
1015837
2289460
1566819
1547354
548278
756576
3213461
1079314
3260144
2073899
3444815
1417317
2156601
1504439
1814752
858219
1343035
1078358
598914
1616140
1121937
754897
711465
2321030
2266779
1619594
1618976
1765731
1064470
1550734
235990
546186
552509
695012
610447
796644
781543
497877
634276
748927
1189434
1037563
1783912
1887967
1908002
729144
687585
386272
2003986
486447
950392
980858
2245196
706914
272237
598168
2672090
1346023
869544
946224
963629
634330
666522
703171
633247
1377565
1230097
887606
808548
1949526
2020967
1430629
820076
824976
1102383
1231393
1194234
1132697
1304728
1884806
1626516
1360537
1313901
1026874
1234522
339436
577974
764682
711671
595030
342044
903809
940735
602935
628875
1258996
613928
154288
506940
1751749
1346398
1446467
2095608
1393137
793990
2465924
1373235
1395012
1226206
1322826
925186
1328663
958806
710163
480204
519258
1212537
753756
1677808
2338745
2151376
2848621
2365187
1346457
1139320
3213123
1258934
2346437
1749196
461670
1303739
739483
634641
504100
681367
1196334
833437
573589
1393456
977296
2022133
1049918
1154115
1658328
1443571
930221
750026
1080900
1654626
1071592
1157726
1004916
612154
1436268
424713
1103862
1474484
1483090
1827672
1433806
554631
598036
869089
884814
494586
2398467
2020932
717874
1704752
683628
817007
440773
1007669
672476
912068
1534516
1457683
2513954
1586846
2974756
1681422
1483184
3145002
1455686
1189229
327694
1081441
443041
577610
845539
676038
990602
840642
446235
957101
600120
674794
583468
470920
599185
448198
280930
257716
357997
1073515
635319
561474
1199172
1696634
1397054
1270269
1577567
1312293
792167
1922882
1388522
1391571
910131
804274
2044690
1004852
1923168
2283514
882316
736703
399726
156552
488467
767392
2443619
978289
2684721
2518825
1605512
1402908
1348177
1572942
1309491
1476240
1469777
1102540
394187
359228
413510
1003377
931687
1063664
3690615
575333
3379711
2941741
1047180
873466
614736
1221613
550461
634247
836701
1654084
1620128
1505036
1550863
2683735
1973655
2095252
2437140
1901300
1369803
763511
881883
886310
1419820
3296962
2290700
1118929
919364
464501
2054705
187083
289465
675031
799392
1392255
866279
1945975
1791788
1487987
1473025
1489755
1352751
1261233
1248787
3043724
607213
2507923
2492555
561470
1066925
1096015
1270799
1207287
859160
1483934
1284544
562949
1105289
165257
684749
994234
559394
918727
1016547
1075913
774926
1197360
1980311
1202080
1398049
584447
911899
1794768
634313
503571
453549
705883
2900961
2955692
1782678
1634036
1779689
1329371
1399421
1525171
4544602
1535970
1347295
798046
278763
3827105
3952531
1085492
1212337
1539269
1572154
1037292
2250805
1214544
632860
1660088
941204
592048
641078
682863
2336551
749663
1025722
1789955
1494668
846887
1045273
812187
624985
1511865
951016
373456
1223862
900717
1036714
1352534
1713015
1437756
833313
1867092
1304468
1088178
680313
473426
551258
946416
496633
440066
1130322
631352
547229
790485
967449
1235028
917240
1034006
458309
1064195
443040
529517
452725
671079
1091974
689941
785691
623161
1343300
1198386
514688
763771
690156
778940
429394
802434
684074
767047
1816473
1826781
1768686
710647
1082536
1045601
1338964
1255314
1535488
1126167
2223963
1769878
1293023
1026472
1669219
430512
455375
958101
801136
1006710
973220
945525
798403
879334
1812179
828302
784242
2197422
641624
2141975
1370637
1246822
1170076
1097600
1346407
462982
454012
326175
822685
1183660
869130
1022016
1232789
1084232
856045
2179167
1190471
1032863
930975
2531176
2530655
1361504
239568
1464105
1492127
931012
2547902
1527613
1469258
2064046
2094575
1083262
1588286
1036418
1082643
1756450
1303159
1241648
1416299
616047
1630563
1115896
791590
771504
990763
1055529
846502
1513073
1295076
1847387
1267310
