946801
708176
1278587
1337978
913356
832421
1832966
1719874
1617246
85704
1250695
218700
1363278
1299283
430676
525944
581152
1110007
176136
1129995
1219886
745763
842364
1008545
1288043
193828
1431463
1366954
1420170
1199321
190202
134176
480485
273243
512057
885193
1057261
1127213
1104277
177484
333113
1326098
113405
1475656
1547374
860828
1157108
844484
908694
1192864
509904
1448934
1077567
942493
915488
693802
610128
405261
33987
600125
706597
107137
768435
631498
802175
502202
142076
126558
549244
630112
186542
197580
151149
140839
79651
673182
675785
1383780
214882
660533
1083085
377203
421868
1160481
1572129
1424204
1523930
371484
656916
580271
245640
442383
324623
327718
317084
414506
20609
62531
694285
608199
791988
382674
610505
1366066
255818
1487742
1680122
193778
1944502
1957555
2199688
251925
429471
1671270
511108
1485646
1717279
2080720
1874822
2108450
1978263
117563
418389
2469684
2812368
473508
2816550
2547144
2199266
2135570
1733375
400053
1826222
2100803
1480164
678818
1708915
1680629
916657
1278767
1215350
850577
1235874
818901
1460616
976585
1192392
1054768
891740
1239230
1201555
1762457
1307133
1980503
2221088
1674314
1169008
687541
2083763
693453
2083014
800355
2406334
174998
2424054
277101
2558575
2775771
678350
3038297
89135
3146560
3177931
3347090
346725
112452
41611
3257692
2907761
2939098
201038
319038
2998609
170860
100048
2348926
2310273
111354
2344653
2254663
2305252
2053103
2000536
1952038
204083
220408
664659
253219
485934
600705
142325
315860
489065
995355
710754
481426
650932
240716
364417
352500
2930703
1287088
1986042
2814272
2544068
2647984
2689971
4750062
2903531
2961641
2796799
5178199
2560562
4757845
2214317
5079790
1974081
4053585
2031105
3793219
3306190
3021450
2999537
383638
2927407
393536
2884950
267843
2905569
2539923
2546683
2481087
1830658
1879376
1226286
772347
912597
1293441
1137547
540493
89585
885512
732159
868588
815034
1049762
392349
601928
574274
436835
600326
763252
1598910
995972
1340920
2175071
1531425
1793928
2029324
2681355
2627644
2836212
2846249
3277892
2950073
2875728
1710186
1493514
1232636
4114759
1651201
4508288
1928317
4761196
1390882
1402845
1739630
5419016
2021027
5845227
2199481
6180536
2756565
6193895
5284338
4065231
4143370
4413506
4105832
4751279
4400373
5000826
4603609
4543232
4365976
5580248
4546011
5975278
4687038
4593128
6576385
6736311
6393563
5284675
5280291
6629544
5750384
5522719
6089662
6185606
7285593
6483230
6854216
6934555
7725776
7432431
7903457
8019212
8027127
8816822
8924353
8586383
9169022
9080562
8949273
8533927
9758774
9999999
10008701
8941499
8394499
10779845
10386498
8319926
8441428
10636571
8549038
10913689
7405961
9516023
7859188
7444313
9571601
7588153
8275334
11034987
8990551
9424055
12106969
9884334
9745035
14471211
12249312
12237731
17270494
40027450
39849107
39445249
39432073
38957442
39395806
39638295
39643113
39409875
39557998
39912627
40631416
40420730
40954197
41480400
40798982
40535906
40497658
40880161
40259473
40342899
40241519
39804505
39053077
38783507
39542862
38820666
37716906
39481279
39298650
39391031
39917123
40893964
40871463
39880704
40229060
39377490
39318737
38372424
38860949
39308017
39794914
39413042
40371264
40695252
40986732
40390466
41212650
41889814
41902521
41654286
41372911
40992759
41775807
42023128
42268724
41862045
40759452
40711106
40986322
40921604
40404188
42172494
42752991
42630298
42610430
42450560
42276433
42563620
43501527
43640647
43485654
43176036
42720448
42753159
42600296
42571430
41395548
41435085
42279718
42320087
42538581
41824505
42094097
42211416
42305529
41986283
41790643
42018369
42053552
42148585
42258053
42196919
41904935
41666954
41774322
41810959
41175142
41331278
41512978
41702551
41531303
41906227
41320732
41277157
40839489
41062766
41547963
41138839
40537249
40851545
40647225
41305132
40738147
40813121
42022700
42221979
42028649
42477182
42683325
42613153
42540021
42551353
41722096
42024537
43483223
42127450
42284869
43298299
43185957
43183421
42581051
42305138
42126064
42805734
42021682
41641541
41841465
40655621
41057816
41056465
41052828
41456883
40916668
40824848
40133927
38912536
39056085
39229587
40157507
40016401
39094496
38782447
39110120
39870328
39778172
40389458
40080607
40692063
40601745
39109490
38460698
38595206
38217840
39350048
39199054
39731525
38779146
39182242
39240016
38945255
39529129
39622508
40016612
39998200
40548902
40338966
40417771
41567672
41187185
41051256
40892809
42068602
41729645
41635863
41308683
41051231
40558776
41217973
42134345
42160070
42786835
42443872
42311128
42346136
42457225
42274189
42040067
41938691
41652198
41680722
41821804
42241978
42976178
43225826
42589658
42315840
42237872
42304694
42248078
41528324
41843156
42534442
41427003
41335091
41537384
41000264
41627557
42030434
42170035
42470921
42723558
42914059
41319018
41720900
41585775
40481039
40049704
40041049
40159421
40069511
39941038
39236501
41425959
41692066
41995593
41982568
41948985
41771356
40876092
39637094
39715631
39992896
40668560
41259743
41542047
41178578
40920144
41359405
41256115
40791069
40238188
39584350
39746220
39409436
39521807
39189421
39152640
39312512
39282207
39082066
39114874
38945996
39015028
38682755
38708247
38324301
38819203
39841082
39805616
39716964
39363758
39307205
38623275
38742580
38167364
36851893
36827161
37510832
37895763
36744514
37697012
37702343
37747643
38886989
39936467
39988996
39738443
39521230
39013138
39740236
39928988
40065084
39969738
40087310
41583301
41858956
42680126
42627441
42819321
42405230
41775082
41291554
41447959
41380493
41389860
41336913
41285891
41216810
41327281
40776592
41336037
42275253
42867413
42889768
42096136
42147813
42984377
42745660
42634575
42231214
42417245
42187418
41895992
42466220
42748150
42791938
43177156
43345418
43497225
43691876
42167845
42319501
42966187
42909003
42298378
42343220
42956584
43065170
43184448
43487383
43306737
42796919
42022352
42305840
41752589
41280034
41552744
41484756
41713205
41750125
41695252
41410784
42406953
42059954
42503044
42348554
42945301
42717550
43405503
42726952
42671624
43193428
43144637
43009328
43414929
42379670
41594972
41724265
41540734
41558421
41606921
41622056
42200975
42251722
42467863
41835636
41677293
41645544
40734059
41158522
41131513
39972646
39305332
38648071
37871631
38073528
38133425
37179380
36921533
36806309
37164746
37091702
35669007
35284626
35366389
35155904
37937281
38550404
38564704
39254815
39331492
38623278
38798602
38882568
38478699
38158021
38107019
38123095
37885752
36591762
35699998
35839266
35951070
35876987
35152153
35140608
35852310
36181296
36837822
36320407
37571946
37319737
37040680
37235088
38120707
38170506
38049881
38086184
37479790
37006043
35520135
36585367
36344853
36547878
36242563
36141521
36239920
35637336
35850435
35957210
36347238
36042395
36396811
36344953
36115534
36080532
36094713
35944383
36308368
36548472
36164787
36648597
36468716
36183579
35738100
36124468
35352542
35050810
36263653
36250234
36512478
36631780
35626119
35614392
36026063
35799461
35722032
36131891
35863181
37108283
35959598
35879996
35881341
36305563
35992035
35875634
36286390
35824229
36124116
36926830
37706695
37940058
38020172
38006549
38372844
38508037
38668272
38864233
38824023
39486856
40188714
40221657
40170056
39998294
37402867
36791197
37516227
37029526
36666363
36755425
36838193
36380461
36349711
37034109
37056677
36849573
36495199
36519778
37315675
38044029
38312669
39261973
38968819
39766132
39238601
38769935
38955300
39083954
37780831
37774469
38642965
38417351
38024878
37977100
38168285
37927722
38287902
38515009
40153161
39373231
39624457
39836771
39578960
40267037
40280566
40311765
40233164
39963643
39840237
39864170
39403145
39748941
39965559
40477327
40199948
41059535
40928256
40861487
41487405
41056624
41027338
41027371
41691933
41513174
41752001
42342013
41061982
42566160
42342017
41955480
41582819
41767292
41777663
41862277
42688126
42351543
42707254
41774279
41954824
42528433
42878945
42211553
42152927
42446077
41989464
43191277
43407720
44199109
43666880
44098134
43899394
44766511
44774412
44700526
44499861
44443187
44057242
43473800
42910976
42959549
42456610
43136354
42696186
42477330
41965374
41991326
42004561
41865804
41523738
41559739
42644766
43736282
43469498
43649921
43821313
43436569
42712500
41973871
41791670
40685394
41877188
41256133
40991957
41403871
41010555
41313585
41584882
41465913
40881910
41000897
40412688
40575846
40435180
40905989
40762074
40513834
38928355
38617244
38801994
39329063
39181125
38514098
38407684
38368372
38289578
38516295
38810789
38778428
38863968
38761669
38603203
38121061
38563671
37715933
39091074
39030994
37822926
38187818
38519010
39038102
38366734
38225565
38377886
37881993
37935927
36600050
36524045
36450891
37054299
36906866
36428790
36362528
35508835
35973426
35670285
35220032
34976652
35075740
34564508
35497870
35942211
35918582
36123524
35003321
34932299
33675578
32798491
31979201
31955542
30863687
30286644
30454436
30891646
30866657
32026920
32093012
31909281
32433585
32189548
31474460
32085790
32328938
32178368
32201951
32119176
32228939
33013593
32955785
31967359
30165681
30307494
30682428
30688707
30630784
30652325
30604287
30574862
31850827
30776851
30476527
31004778
31169878
30483122
30721104
30696731
31342319
31907871
31681125
31151810
30850623
30926371
30874212
30901609
31208887
31165779
31450517
31020165
30290180
30356984
30576432
31632612
32556457
32759213
32659325
32263506
32663295
33411719
33209549
33254077
33351962
33832225
35041725
34050995
34103810
34963205
34538265
34338616
33811362
34705457
35778623
36061647
35978672
36250675
36103412
36156124
36761125
36878180
36877681
37353373
37500471
38089116
37732320
37668579
38107929
38380633
38026986
38172252
37650181
37941660
37771715
37642428
37779219
37590318
37554344
37591627
37739561
37721066
37744359
37740600
37783275
37647754
37450939
36290392
37145271
37379593
36955456
37533208
37874638
37519951
37291339
37469365
37279289
37239135
37469956
36764805
37030219
36944190
36822000
37069159
37291299
37334777
37374354
37380943
37341737
37343267
35893364
35686420
35639581
34987870
35252091
35693861
35104225
35192959
35116003
34194644
34184749
34191942
34206582
33985869
33793937
33244095
33214577
33073473
34063096
34493555
34831565
35502349
35330170
35049071
35193317
34628827
34344969
34798827
34407126
33665409
33910687
33706338
33568817
32745767
32343351
31644965
31573056
31310569
31815986
32310270
33019148
32090502
31295781
31697495
32261879
32218521
32336705
32425786
31785292
31369760
31512587
31091924
31336072
30733313
31058876
31400294
31119467
31337026
31196986
31159278
31982445
31308637
31418963
31407583
31497413
31539530
31786352
31803566
32489440
32725837
34399719
34963057
34765397
35170422
35608752
35613557
35728842
35448464
35728364
36203719
36163500
36770670
37212571
37298174
37264858
37272874
37003984
36925866
37617868
37898926
38758916
39111002
39002896
39231300
39194119
39786712
40136978
41102376
41281784
41222861
41447751
41440402
40821028
40344233
41420210
41929953
41661601
41871490
42065643
42751755
43496196
43716633
43780817
43916127
43965463
44350172
43749668
43467533
42947470
42546548
42976235
42345541
41294293
41143365
41157425
41287444
41506865
41729893
42189544
43199428
43329230
44704989
43956447
44104125
44464901
43834273
43388513
42858382
43678631
44886551
44543104
43848076
43832896
43412259
43237338
43471101
43686567
43387323
43753243
44191219
44545760
44671724
44310683
44019311
44299122
44004630
44042661
43957665
42822217
43314970
43661109
43864579
44439941
44274427
43971346
44274958
43640860
43764762
42232377
42608951
42508319
42449807
42073529
42348922
41394288
41473339
41160318
42258346
42398170
41797723
41597023
41157611
41186656
41781364
41941979
43075442
42142375
42752670
42909623
42236420
42147328
41621601
41912515
41337027
41647359
41203722
41451843
42128499
42214088
42223354
42187223
42199415
41228252
40354050
40195025
42221883
42636271
41976331
42719723
42598414
42822008
42739915
42634342
42453644
41913424
41762830
41879184
43014680
42748922
42590838
42600038
42518430
42470666
41982047
42364361
42073410
41547268
41297730
43069770
41754946
42069720
42004063
41836847
43614143
44038661
43897004
43046341
42099316
42083163
41660089
41631155
41670452
42417684
42032143
41714772
41715520
41181952
40675825
40395575
40329276
40189558
42548133
42605356
42867118
42926446
42902116
43162972
42936894
42584780
42327516
41420747
41868628
41906534
42009672
41960754
41642367
41457612
40582626
40812166
40444110
41227557
41232229
41363853
41657820
41642129
39577343
40146029
40725946
40886084
40829073
40775100
40217558
41031747
40662034
40808597
40068435
39432064
39327242
39107339
39210834
39608979
39995892
39196267
39188208
39700269
39548428
39284713
39598118
39554039
39934168
40122270
40320158
40339967
38465429
38746404
39107232
37879292
38315622
38480994
38732458
40060927
40196211
40071888
40530761
41037166
40552499
41221121
41769443
41870707
41996622
41946842
42279894
42439964
42540915
42389752
41836190
40126424
40082881
40083849
42994100
43411308
41552743
41247461
41110968
40436131
40130979
40883092
40971122
40544962
40421907
39773310
40513135
40608021
40688281
40750036
41071237
40565966
40605226
40795818
38374305
38490823
37970415
38452160
38459427
38096977
38479895
38630424
38757132
39243974
38775807
39153637
39286295
39924957
39935981
40014592
40259757
40119760
40209896
39622307
39988275
39987225
40487297
40313930
40385882
39434874
39077715
39223639
39262050
39774901
40497750
39864744
39645111
39707261
39712280
40417684
40793382
40911087
40922089
40536882
40298763
40801235
41120184
40367289
40392357
40800485
41209914
41116206
41568428
41194248
41030876
40999284
40813863
40607550
40600941
41556212
41541762
41647867
41584237
40142556
40069693
40246617
40240821
39996977
39178276
38700063
38587422
38956996
38899683
40179460
39686528
40614547
40551072
41296413
41248854
42032588
41896572
41768464
39345131
38734174
39017880
39314347
39390197
39244199
39454614
39615061
40178688
40797823
41689785
42041146
42188451
42298761
42285643
42192120
42722733
42769005
43063481
43152265
43176426
42982971
43026713
43339897
45040255
45147214
44526701
44739029
44800310
44501286
44636266
44260043
43914913
43496815
43605464
43573353
43463253
43713380
43555370
43826336
43332528
43188693
42787832
43401792
43570479
43720760
43232275
42741394
43008884
42518923
41795579
41400773
41591131
42109600
42034479
41071388
42253535
42291015
43685492
43570100
43252154
42781892
42306186
43195849
42969506
43391899
42831421
43564539
42447623
42383382
43330957
43463428
43718001
43114556
43574808
42383204
42010459
42126918
41916338
41973260
41798716
41843486
41345558
41024093
41502215
41241868
41192663
41122358
40972377
39947058
40341010
38542443
39223034
39135078
39034586
38468490
38666876
38441180
38328641
38691703
38477692
37983811
37968260
38624213
38339392
37341956
36731532
36355394
35898133
35742508
34779434
34703006
34652968
34709938
34321047
34688401
34394479
34177480
34669006
34540169
34351967
34160547
33153475
33112182
32997236
33183863
33322268
33411661
33851414
34192034
35351629
35305608
35401001
35871017
36315819
36080420
36251134
35917552
35827752
36009324
35530332
35517763
35053928
34872108
35401440
35590303
36548117
37085242
37304748
38744775
38583175
37953585
38007609
37909108
36393678
35887653
34564335
34628289
35369609
35786862
35661179
34553017
34179472
33948451
35097610
34703300
34743733
35178315
34417056
34269640
34815236
34729916
33898818
33871760
33749802
33260024
34214393
34069629
33915896
34276487
35026284
34883825
34426379
34885833
34791527
37330412
37340859
37265736
37512784
37994821
37284281
37198303
37391091
37338117
37125609
38024821
38027580
37548765
37484130
37606365
37944218
37291517
37516479
37684522
37945032
37904689
37451565
37157207
37194834
37239457
37380845
38009920
38202704
37864154
37788326
37968642
37571638
38343258
39374521
38742062
38758154
40120956
40458932
40486971
40526123
40777765
40203880
40440898
39109654
38871028
38885144
39220516
39584857
39743659
39804886
40248651
40185991
39850879
39856191
39483102
39878038
40054526
39451072
39428070
39072913
38790034
38719861
37375950
36891028
37758845
38311421
38380152
39721466
39789987
40482929
40739075
40322207
40038676
39864776
40159434
41265820
40951696
39779909
39832525
39844563
39488333
39886077
39950621
39535184
39526828
40036136
40643372
40944730
41369052
41579265
42059846
42635746
43795823
43040713
43441509
43399125
42829992
43440329
40898562
41040311
40839563
40766908
40299453
40638374
40052419
40311398
40124207
40163430
39395857
39047355
39130507
40478628
40893892
40511399
40460834
40261744
40401481
41373660
41588416
41870357
41904886
42279134
42261398
43416716
43049736
43678582
43710861
43896818
44431574
44703111
44623121
43969558
44121684
43213502
42311722
42048162
41257360
43127839
42744319
43670329
43396490
44011502
43969728
44462679
44054130
43365241
43152581
42963085
42639226
42700123
42869640
42804848
42681048
42576700
43336670
43601598
43774878
42987659
43285088
43127588
43183948
43480892
42691175
42129171
42281384
41190322
41398071
40518367
40304338
40997652
41497975
41604685
41319472
40985101
41041090
41142412
41230041
41685523
42806385
42336100
42114792
41486125
42086009
42004374
41442796
41191851
40682363
40515837
39662421
39462699
38117400
38898581
39390112
39504010
39482259
38965678
38885015
39530709
39976070
39626786
40877477
40772919
40945603
40462321
40669111
41617665
42371163
42378837
42293081
41424432
40909408
41062974
41150494
41228285
41583095
40568121
40893330
40717644
40981444
40483216
41543528
40815192
40930268
40148667
40274313
40903143
40418245
40030535
39452665
39349093
39256192
39754975
39304293
39428287
39876852
37817306
37944514
37895103
38684459
38008963
38429167
38078977
37937607
37674550
37616213
37934320
38214526
38608505
38494462
38505366
38847127
38585123
37698775
38053967
37779464
37671991
37332964
37239086
37139033
36988637
37557534
37464006
38108202
37736892
37911840
38148825
38220446
37125971
36867937
37021096
37786970
37739832
37532200
37889647
37555264
37014695
37487180
37990120
38049757
38251879
37653617
37649279
37679243
37614350
38212355
38284422
38697869
38307781
37734258
38027556
37548075
37476099
38377201
38196072
38357261
38135386
38103467
37977690
37164098
36956752
36993726
39064258
38699505
37759344
36848884
37422710
38142055
38102999
37925776
38749585
38804117
39877257
39700508
40603263
40188594
39979902
40816412
40709819
39524005
39483848
39534152
39425446
39594537
38845558
39511679
40189775
40607049
40559311
40991811
41035821
41192635
41207592
41235394
41145753
41370752
40428869
39503309
39946501
39961368
40086060
40374570
40453598
40931682
40564282
39944255
39545586
39774067
40200132
40092106
40666143
41123220
40731035
40757352
40709909
40869200
40725820
40958014
41195070
40672473
41198564
40395531
40574574
40312938
40180118
40957513
40968336
41068823
41082921
40489053
40023817
40776602
40313661
40298533
42092767
40667790
40084059
41023618
41353921
41807467
42122973
42281945
42409812
42101347
42506758
41994314
42417598
42628781
41624448
41698708
41685885
40880042
41036531
41255037
40762723
40901835
40735336
40365760
40462993
41164958
39740403
40727857
40904663
41079089
40522484
40413599
40806118
42160940
41156160
41199557
40471709
40839206
40728588
40888578
41245911
40060230
40073196
40746448
40276474
40085706
40146024
40813839
41076222
40184182
39669786
39392163
39316567
38806366
38409255
38393439
38211013
38170546
39316834
39260445
39836092
39924174
40054640
40083043
40102180
39495657
39392419
39520944
39791672
39955804
40023968
39876231
40076704
40265419
39918815
39249764
39583947
39875720
40815978
40692689
41063213
40791722
40435420
40157867
39725463
40234055
40844138
41098190
40945596
40146893
41180502
40740366
40820486
40779140
40673293
40279217
41223411
41734872
40447388
40353308
40327148
39489301
39325199
38997562
39091180
39311636
39196489
38940286
38679807
38764141
38457336
39094756
39148387
39229743
38929060
39229427
39216779
39466553
39338165
39667020
39537070
39614449
39643512
38784153
38426867
38243974
38018114
37914448
38076530
37668817
37573276
36584413
36890359
37601372
37859569
37131061
36590351
36735991
36770670
37145161
37272839
36536944
36486323
36253868
35827726
34952919
34559893
34982326
35178825
35642451
35509505
35876229
36048960
36113036
36460252
36651982
35595117
35292698
34769026
34459419
34678210
35355971
35069771
35107351
35107935
35022115
34600741
34915762
35350859
35424493
35609215
35280471
35467500
35482390
34952399
35047542
34454786
35876103
35553773
35557835
