86352
171972
42740
261939
45478
25938
315777
161553
111255
34132
32402
28959
28956
32956
31536
28375
51698
29630
30534
42632
31346
18151
32510
52145
29432
27267
29606
45241
11427
27371
28995
26396
30527
26714
28721
29410
38364
30329
56183
31496
37549
23403
28913
28177
37855
27964
32566
32361
28198
29897
8970
27699
29199
30709
17231
28886
57663
74865
49850
19948
27817
28434
33217
27519
14437
28324
28184
35595
30268
31973
30945
27549
32940
51508
28474
30219
30741
31271
36691
22905
34196
58993
29046
61065
27690
46445
28583
24355
36629
52827
29018
55649
16622
28122
26328
29227
28617
27821
28678
24313
36848
37966
63408
54059
16641
33037
32813
29089
27227
39112
38497
41585
32368
52687
26172
28154
49860
26640
21457
31207
25863
30228
28981
30456
28796
27579
32069
33711
21937
27288
33727
32486
33273
46140
18556
29997
33495
35858
33260
36287
32290
13625
34194
27912
27041
26868
24970
12686
34430
50508
23501
61685
22710
31948
30348
28561
30870
33087
36057
35463
30047
28816
21325
34347
35388
39538
24512
24756
26858
21501
32257
34416
39259
31445
27343
25276
39869
21992
31193
31719
10323
43152
172952
156934
129504
273428
134662
292218
55818
218948
152950
195613
435187
33161
157631
70859
27228
25409
296168
35785
20598
316601
5674
25635
260082
55333
20570
34638
267940
56418
5089
170072
25259
83303
78588
70493
186799
103229
80299
62553
29422
77528
147327
29382
137465
24274
254629
24376
22266
22197
28572
219691
57689
39189
35821
19548
29105
27290
31288
691073
98213
101529
17590
185606
5279
6578
85222
27143
32085
255004
38882
29514
32647
189228
29254
28430
38846
281050
64238
61513
54810
25974
113743
56555
62773
31723
25242
96775
87715
27907
53884
116434
41591
24260
18427
145005
25807
283315
115574
51675
27807
157990
28909
282226
30886
70614
28666
100137
54586
26602
403100
24080
24972
28519
35138
54579
72681
221600
64460
24545
41373
110658
23238
23901
32935
248622
34734
102402
121016
25839
240430
79549
24042
75171
104611
7156
26802
31032
28697
561106
25508
80445
71477
156917
24631
43469
126943
50585
22832
74399
34278
27136
251964
12115
21964
259072
269407
90483
29012
19322
31294
374724
27285
27025
51308
245348
112540
83588
73971
168568
12979
60206
54435
26665
79531
25119
170437
23912
26270
412627
22281
49173
43948
64133
22667
24153
22474
403131
21937
38214
95615
19807
84267
27829
42052
26443
27841
24704
21309
572490
41739
34622
26679
573039
23214
167164
20796
737319
29100
26370
26434
216029
41526
62999
268994
24743
34595
59564
45527
5169
25637
336487
27511
12248
341812
129411
25182
180701
28425
4418
298100
78461
25019
183195
150206
126916
190880
29472
33280
42663
25875
42446
724578
172756
150810
30831
163196
57718
57947
73433
75670
115264
28105
108574
286271
43519
15728
27177
253011
205142
28291
82602
63405
114466
102826
25019
33736
88755
83290
53197
42652
29291
26524
503115
27010
17066
155536
22930
27161
324595
23755
37598
386516
23442
27792
187137
15263
24524
296375
55972
21818
86962
266695
70678
26107
239868
29792
52989
38259
12811
146285
25683
178823
23854
129107
24502
26030
16969
23411
26010
22318
32150
50307
718254
17101
181941
6470
160898
130294
40418
25281
23085
321649
8000
17465
124471
44429
52155
436948
20472
55096
25230
6610
31601
26633
373399
150295
42481
32528
28949
33258
55970
240525
22037
23478
20614
25968
22342
42072
22767
737950
49293
25009
30568
334183
152955
34290
38918
28205
15238
26007
26885
24977
24764
28597
32715
619132
131858
55683
39960
104642
41782
25603
26985
260904
38828
92312
26606
26268
156665
27839
74198
39364
38169
20623
15292
211342
171311
20440
30129
251336
9014
229547
25818
24197
31730
24879
607166
31096
39480
131539
31510
231490
20152
27204
92051
43834
82869
20203
152367
25372
50001
97125
97646
52928
24298
32567
116591
58632
21947
27647
290554
53969
21979
27121
42207
48480
306255
31703
247349
89720
74008
46691
63781
69093
51462
22154
283423
41119
45805
33501
49761
25791
100991
16367
45412
321859
480645
182954
369697
52729
27228
331529
57315
44300
28375
201737
59874
20709
95040
44812
25364
186804
165138
21107
79929
153357
26694
7923
458518
15194
36215
323953
66756
24730
36071
157201
26171
46654
34559
699081
154607
22618
25393
211598
13823
152829
15780
26633
24473
28112
25442
292441
39003
23202
110181
64252
15934
144417
79753
25254
25128
487990
28897
13204
29071
19223
36759
41891
472097
30127
82056
40250
141218
141991
21646
25884
28847
187618
25673
23934
111322
15669
25289
255202
53053
43269
7632
137269
104683
27195
142156
52999
26645
110550
25067
71290
46192
18693
111574
22800
318831
127160
154077
86852
159741
59350
63468
25889
173779
124009
177578
26353
60049
29639
222198
24095
23225
109116
3898
330397
20115
21630
22627
202663
70209
30503
60578
20579
21289
174828
49805
84346
23293
21565
153972
22928
119745
22657
35825
43083
35762
214846
123171
12179
26525
26126
24263
418935
22945
72919
67135
83847
24733
20340
26562
618711
33144
126173
26471
307626
21097
16513
453821
22209
21281
200858
29858
55703
179673
35717
75387
40462
38453
77962
23031
22875
16547
241108
25962
206094
324119
76380
82862
48988
237866
20920
20327
190782
137555
22872
23083
32430
123730
240254
25941
24757
46751
270293
38297
24657
206336
41593
15914
22534
329581
25592
270185
119645
146766
25771
211653
127207
29435
28945
225180
20110
132406
37211
19515
92923
49300
97362
126215
42075
22995
29451
341841
77514
29814
426501
47786
21071
23541
26842
44513
309676
21604
110643
66023
96054
44649
116316
133247
89718
42493
62100
318708
22519
25486
316289
28706
107778
27730
23800
7417
333170
85529
31665
181353
17167
209783
99522
33907
31735
292307
67507
106385
25464
11992
245857
25510
238342
166078
116606
71023
28295
31870
230265
49066
65572
74688
25527
129253
27953
25906
30018
155044
24739
109147
45531
46974
26420
18192
775604
60283
115423
23008
64051
129796
50902
5039
22620
26941
50230
451901
23961
102294
136761
24645
296378
28545
263147
77704
36675
21787
410592
16641
43395
260358
28071
29500
24762
21163
389981
66957
25261
24909
425534
120254
8953
21295
319810
67392
54646
154532
23224
25812
226999
32115
138464
20998
54374
28783
18113
315095
34676
34059
245747
26993
22470
23915
434947
50927
61807
28609
167970
16148
33219
242669
36144
152471
105730
59631
57057
25759
79138
49863
101313
24581
285153
28902
12476
115171
25068
26997
25787
307280
60965
77818
24357
70438
4682
169724
24446
26945
29654
27536
27186
319117
23536
39988
26822
414815
29001
39705
118382
26681
25007
101147
48914
133670
25559
55275
31433
21211
37972
73632
25097
171671
113887
41812
55454
16727
274532
54146
645883
428488
155371
87498
103466
247333
142147
245390
204616
137918
195725
104580
444210
206849
150763
89794
651581
320138
83889
86943
84219
308370
174344
185710
145848
164860
262968
252882
302158
286001
65590
47385
349769
185124
432777
224710
115445
202745
105877
61334
127711
60123
179549
55239
65656
143262
83347
76959
78820
59982
903831
130719
873418
91649
79917
98086
254406
93597
58326
300934
140539
94917
146994
95726
39346
102129
123793
124405
181550
155922
193366
343136
273611
536153
85956
65540
74990
174065
49775
221214
210424
217028
62768
62382
100523
41496
380349
435541
125903
200753
351840
257624
237355
301151
110924
51897
86802
480592
374375
229546
139656
86627
49068
380378
107392
324904
162415
194574
280828
155449
197443
159453
239376
226835
201161
89934
193934
172028
114975
92625
107084
179749
155468
663641
56567
140918
837678
275782
461925
143809
67714
259030
66032
173737
164137
145870
169583
123333
169027
131715
553164
440118
466488
318539
250270
77479
116318
580158
125939
72307
67597
495335
257772
144754
151513
189006
237001
45335
49900
269139
115946
151615
42502
364309
136873
337178
87344
80784
76254
291506
58601
273907
205101
176062
122282
87552
465519
204520
53146
228894
120298
134704
198259
196809
70476
457874
271393
56260
54685
119871
336155
250670
294287
251132
374514
110516
96037
114964
94421
117145
180230
184454
112421
50662
155920
91386
372302
457632
113501
557306
204567
329236
352524
425673
235517
332182
196460
75060
188561
40224
311212
186144
39049
420586
264762
384220
322028
199124
167613
148112
110512
53489
185284
166133
184257
54026
215827
253252
93246
302750
327436
447715
197283
216061
243622
51779
185940
197139
97259
232019
137248
110580
128446
53388
215436
330927
431852
314279
81537
122533
198732
245394
34643
410172
366146
130807
191318
187887
49413
36701
54664
357575
136591
76145
126337
161973
668879
457773
114553
112205
283120
284323
320300
104317
74169
92097
184498
385444
297412
92479
507895
60165
426415
379131
327803
86793
81019
260044
82849
285586
221420
239753
150672
91694
93506
441680
338147
130970
131988
176858
660462
54745
89136
613200
163470
162154
821271
301840
514631
304354
155765
62642
421296
253834
63474
355121
154783
74124
57452
274567
321920
382089
421604
201206
122775
61017
599319
375456
89043
174609
408145
315386
76899
36110
286532
189919
289010
116367
42422
291831
507397
479504
549711
227404
200949
190511
121117
223629
270659
307201
116278
276171
44024
66092
338447
373531
230709
204396
261109
32265
331508
405324
337352
374448
153857
197846
76763
156721
499255
759410
656866
391640
139853
136607
264879
347870
186800
610404
359537
183690
367359
87560
253153
237319
138801
223189
367749
369617
196865
594481
98038
390357
160321
47587
56568
57461
501660
264556
463428
228287
108475
105932
202462
295827
121720
50790
326449
73111
257473
79782
466683
409733
215815
232015
268560
193008
175408
245635
295768
54797
312925
225983
218126
23708
186281
124373
155171
90002
112261
202690
259678
161688
110140
121679
71967
495371
183588
245142
119718
125669
490712
362305
236484
333907
150986
214726
237678
675304
220393
114741
192421
96571
98359
82902
140788
130259
174803
155808
289738
347156
182474
101065
119679
604815
266481
254333
350607
172961
170540
43741
51675
471548
489717
130008
531456
77089
214437
48063
522798
528546
172092
80358
140156
153422
116966
114706
66697
149478
229096
603647
533728
97252
443192
63038
86328
74075
82546
62798
199026
218566
182488
70648
78895
97264
72333
97583
578196
593637
125684
467700
467589
143667
980477
289930
55313
289491
105127
159160
69685
167787
175309
111710
72245
75814
74998
245022
95879
215947
111626
315737
319368
91287
59518
133337
173610
217841
352740
327125
58440
59632
58712
59075
62858
78562
709683
607205
115056
101158
103746
115490
51734
45042
42675
402319
425248
180556
154721
74870
214496
113544
195872
62774
345376
267349
104679
255814
297652
341291
182064
134698
90279
231961
226808
80041
214843
110340
166184
174224
54165
56814
70730
314930
295675
164077
395770
69230
588146
499882
63198
149283
62394
866035
301991
113956
829619
772464
528909
102649
416590
95525
125364
86674
83035
59230
436026
45919
68572
140373
518751
153530
143628
48471
119484
619384
487698
161889
122347
128402
73514
88759
149745
73716
461723
961658
338793
132466
87137
1334183
114810
68056
83581
596366
155655
119051
55930
428394
303744
158476
166368
357989
161873
108240
241832
204078
130121
185270
312213
127139
548937
256440
592335
269513
191583
135414
264697
147511
284131
324430
71668
72542
54670
397374
66644
125783
79731
354336
370946
277468
133935
450641
136130
310414
94554
68557
164849
175940
252746
501244
146406
57801
106600
173637
854437
439967
98741
342915
350633
433687
140428
101325
368439
298709
289619
201209
139082
281264
55105
157243
53402
144085
187573
132240
272985
403141
316860
337993
132173
169392
200292
59390
115996
79595
114467
113041
148925
99093
112871
104392
115157
122889
82437
138164
61519
110564
268596
96007
340118
356978
252251
357893
72583
50918
94230
106138
58354
202663
363248
403974
145604
249551
321437
170908
308304
52465
216652
71610
143001
584324
579315
104290
122331
376369
40930
262144
214044
65689
51062
60479
84403
138279
614476
122132
519686
193396
229819
127166
112246
119819
31608
342976
109263
440225
218582
313495
90716
102390
395116
423409
741416
516320
134808
294171
179114
353313
121049
81246
389835
93857
179488
209272
220370
219419
214436
139679
303249
231781
124135
161039
376340
50609
150394
313724
76176
123100
39730
42903
99723
479519
363205
138005
103103
253998
129075
50707
378998
303013
520564
156715
151485
227802
779082
213315
659607
87472
322884
306545
340892
46340
433001
612762
232724
627969
126927
250724
140118
276200
230777
102895
351953
378817
214162
396141
47875
74629
80659
56515
149356
193168
292138
77041
307038
74281
118018
256184
331077
339209
290271
441158
595184
63891
194204
164512
687371
566630
221378
219428
172808
117283
56543
46019
166947
155352
253491
524807
563204
232533
575310
302135
72155
114389
150837
257112
169619
383710
337744
166512
123969
120266
137037
82090
65767
237211
383906
265577
107569
299316
195839
267255
330441
178316
165190
357830
307057
93258
124769
418066
183312
80693
87502
388827
113191
153828
308978
385489
372723
233583
402315
267450
42791
104375
194839
929091
336317
116079
96360
1383368
651697
146803
509415
87400
290826
177297
54253
347742
219936
167427
72595
310095
247976
310460
135058
248807
229924
251263
240581
202888
233407
101702
96216
85303
168113
79365
148490
46129
83473
64874
109802
191904
57054
159840
139848
157533
171125
283803
380572
428437
237987
97877
105321
294979
83872
46391
215375
291423
275898
575892
38133
477774
432593
253407
58583
279769
83156
74554
338746
205460
153958
66267
211267
150797
120352
413858
210259
188714
611126
136974
33900
397870
92744
143070
61084
157788
133240
188298
132191
292185
46481
54740
98438
442231
161851
97815
347828
94457
1047440
676589
222113
306141
276030
199851
756294
163444
536146
62332
110380
122709
36726
331334
200057
55963
99479
87824
647168
452794
307546
592069
147774
557493
317260
162419
139374
128073
185563
285568
212988
73124
104202
100192
53339
165568
54936
158687
113507
152597
127428
180519
51519
113817
132788
124391
117060
152150
92130
269127
87518
92498
204059
189062
293185
51655
81811
119037
100984
341186
320406
117197
201701
126276
106125
360583
317453
68779
134278
487623
59216
114536
275046
64812
264269
96938
151651
82168
199803
159735
219457
163218
260071
387694
252724
122758
673372
543107
326694
622985
50249
205909
71541
81644
58794
177994
285032
313746
120024
267764
95709
225936
113362
69891
59492
294932
162445
161385
217401
344438
385808
188982
841355
232636
53971
51270
212638
122194
151056
215181
302661
162402
34010
57183
227646
114818
60345
229251
176592
163599
309442
56101
73832
221503
121422
127302
267393
258278
144138
318133
385132
148485
43961
458410
275379
45516
57752
533826
312211
490214
280108
315094
136824
124429
508526
61958
553649
292242
293902
74916
92330
219331
175404
146282
63499
23346
191221
136040
230144
211401
220072
183839
259383
432463
532442
350463
37786
83209
35784
61727
320810
297088
152416
147662
274757
157399
78422
115631
190790
74258
193119
372587
58263
372120
124698
123127
325542
35091
247717
284563
487689
447705
272644
153152
84835
51242
465840
184458
529220
290459
202475
192434
456448
379870
142772
80267
382617
120463
209278
421446
397332
128321
215663
384098
320233
180875
94115
102559
92483
76136
130429
94537
158787
687389
120401
166358
98468
64958
212561
252187
316062
1532868
73273
107970
1336870
358754
127807
308183
82441
49883
65823
130558
164375
45222
351289
54723
45248
74259
439182
170490
90441
149170
258863
85706
318268
220092
52999
284511
231246
94968
136614
283314
92488
199896
80747
78422
553908
543547
132767
95942
287716
271423
184545
285260
62000
80686
153413
162440
103168
177489
73300
63708
193365
268212
256314
61445
289557
126346
213475
77930
59328
96146
27364
131292
156897
95850
579422
555930
204060
223695
133140
168799
116593
489788
41982
36495
334885
48200
84015
188328
218358
234384
208567
488822
508616
545142
190469
223351
46624
109238
111823
84052
225906
146322
269044
148934
194192
223653
295070
130736
231619
232889
46851
297798
312039
287500
53237
366522
162386
106612
69539
155388
169409
167602
114921
103415
335981
276258
95718
165397
546568
38275
184415
55940
507963
131458
66760
727030
258061
409601
283478
284746
133761
397790
113548
190964
192723
564978
122129
78449
690951
378296
523009
56203
198909
665094
280058
78034
879499
389644
169750
122289
361536
66734
102995
194223
58797
355811
182939
423238
236589
169353
166447
165919
300577
383675
490830
308164
425544
304509
287215
192755
105492
608898
316917
269586
307234
305489
472407
81416
229265
195270
323066
120537
339224
245934
38879
62140
179047
78788
52819
987412
58529
223160
1137198
103180
43287
369818
199157
176569
188746
134599
136295
212172
178334
227183
163333
267546
164826
265084
238500
87117
209960
102104
183499
102528
48297
950359
112852
123399
95634
969461
100747
152168
391468
379716
170979
108109
253191
288410
965250
413734
182083
515865
100827
211432
92161
171897
138788
161563
183251
209318
204925
86845
90175
637875
115434
140310
212591
231804
196181
202798
100614
59661
138550
37787
40500
374437
349397
262725
355679
45915
290710
247313
198573
209776
217436
183273
74647
316596
191346
289771
166748
262931
98249
79210
89474
168209
127587
87014
95463
133212
207210
236164
228548
188921
91812
269776
109415
211619
116312
250646
722697
44559
53018
692111
174973
145403
85267
136448
158221
200778
275397
72843
50427
71952
112558
127866
482406
923011
48781
706917
189724
200185
337135
207445
73317
334035
61555
224452
243550
198051
267383
162487
73945
265910
212494
65677
132301
673651
253379
154000
910238
339161
109457
363928
158189
512617
452388
93287
101813
220395
453789
204928
99588
527923
120914
215440
215738
219508
156173
145519
225022
133787
115035
85797
184879
223574
828653
867507
162086
50350
61927
141257
88829
419230
119510
387502
99131
134230
198578
276706
81324
44419
119687
498146
469254
180006
275001
185592
106146
54620
163225
522796
517207
94040
386682
447859
197031
243147
243507
385785
886423
488466
187860
153856
183870
189474
245414
178352
252717
196824
301950
242761
263070
330321
361394
373947
76970
278846
194742
312987
103243
74217
523152
322823
50318
110169
277182
1252124
1038032
572193
156305
140541
183561
34206
251896
388978
463476
371504
164702
326766
85003
92210
162669
347308
482828
265252
110115
364743
86924
118711
333886
136074
299176
68924
115184
258488
46312
256265
344459
689797
363435
694370
287797
220786
392010
204412
520162
233553
335023
305551
175186
343872
106786
263165
137339
422764
139562
305462
326470
398551
517511
272249
260272
360856
631832
420992
648380
113555
286174
379003
218663
568495
492138
364685
541475
452183
173323
507561
352154
297891
436833
190251
337429
460451
327648
253816
269621
172224
113982
79469
549568
581493
154159
192429
139013
93219
87209
52775
84798
67938
44244
480840
192246
78874
613067
287445
178388
66914
134197
135897
175422
145322
358928
399074
382479
100050
124539
124856
222428
265671
486764
469739
328194
43124
82798
105529
558909
478697
327700
93816
91777
117299
129906
138305
480125
209942
36456
555985
210617
199905
77121
66006
96739
153693
98266
152944
576131
48998
618483
117489
270280
75895
273597
77628
427075
204235
255458
193679
204659
270050
286659
430879
83508
488342
532867
175989
297819
84411
75065
150712
150730
186598
167354
107985
899601
857043
93750
251185
348988
195335
481573
65320
77065
184201
208988
74874
248960
118464
502281
289211
587454
274940
46219
162409
501568
63906
76122
556458
276863
112267
68164
102582
310361
84299
78032
150067
202268
181473
313315
111228
57857
587957
74617
67987
614237
183900
44534
186709
438575
45299
38353
382510
107427
172314
62007
120405
508128
175377
564160
143030
79358
132557
264336
146977
101046
85967
428104
110588
64610
32728
504708
84542
49311
56985
316391
586668
486690
166744
190868
58657
87056
91738
471165
412393
61082
304933
251149
184096
297925
90009
85320
182881
218195
274499
340824
284133
253360
249877
440706
42610
52540
115426
82400
747749
105934
326459
851741
458983
244536
289639
125444
452470
500673
247883
74214
576242
78575
192451
138488
214872
237838
310840
39991
391049
135737
273033
70114
110941
247469
403010
123075
620494
220354
46725
529918
70507
256581
170777
439801
307630
426892
298032
487585
509191
154225
419645
109103
299927
334322
474920
107426
47695
713664
639215
228595
547579
136657
89243
461515
342689
137219
112161
240822
203669
233909
228993
200913
172916
267604
158774
131385
81148
141328
159850
110511
198198
110205
113107
140448
61374
515568
468348
130418
231970
141285
58053
224297
113832
362919
220020
136857
322770
131992
295713
155333
119486
43822
171349
271463
365788
51695
44342
57816
506212
257119
92091
388828
48270
45529
270015
55094
115919
532438
527324
162246
160747
114445
204653
124506
248301
284940
469648
444539
279732
121953
108818
44199
185791
192937
274977
337399
113319
598644
60809
331285
83840
387291
155433
153232
290646
267018
187054
404789
284908
245616
159588
140947
111854
174406
186877
484514
66629
353329
410571
228650
247646
136449
259653
228132
104023
235313
137548
161464
267109
233990
177480
130022
178140
146706
140352
126843
81358
305718
724422
480470
237166
70501
79587
160798
76171
305274
306365
220094
71621
89239
51159
349406
194885
379416
121613
82024
193911
425375
360604
62031
62189
275449
493972
354347
114903
73943
200450
137333
103577
41815
61021
428090
342209
206028
253273
154395
97842
463562
327425
427815
343084
282697
545209
101781
37630
287961
83534
256807
438131
595033
443747
99494
143584
355562
226571
150193
128840
169399
312871
348682
100768
493777
262267
67299
325336
202332
292877
201311
240690
156314
130717
110521
68871
73888
811034
623093
934792
160534
221530
178084
89906
140562
495285
369246
48019
645805
224409
84289
435594
268102
116957
73032
74171
39425
61566
298809
260725
61823
23028
202744
131077
187361
915710
90962
99405
297941
968294
47451
508759
334272
285272
276783
693922
333574
120971
93194
160532
116910
95272
56195
56159
887965
764465
199073
197366
501857
32994
140557
180801
396043
215608
87254
450521
83423
324933
301676
179323
367490
143355
120490
284726
78136
73159
579295
247586
637066
178607
131917
103337
192676
38828
252062
137808
508887
343041
293126
208007
205175
45207
183512
56899
187372
199648
207252
96291
210555
61743
286968
297755
115744
94245
180599
225859
452488
161637
54447
568698
102926
54931
314839
145645
57154
188637
41221
174488
280261
98000
376372
120313
328543
229878
224319
78743
143598
112083
316098
325642
245308
159586
245627
374749
405962
221092
54812
78991
250993
322179
274477
85508
203692
191213
181011
209429
182210
254038
71626
105400
378721
529668
329611
354581
81089
102233
306401
409229
340003
234201
41894
210683
713486
584779
104186
417345
56176
375490
50416
112725
68445
544000
151285
310882
200510
275293
218275
338256
380335
392477
471340
361312
580158
320845
360053
212491
224659
190444
329972
183253
234571
140400
212814
98082
297281
218056
118398
122326
390219
82290
382460
162582
43313
65073
267055
309604
271751
202006
418238
47204
195662
478410
596194
182681
385245
145074
333857
420876
237065
176871
163458
151061
247075
277488
166957
221380
235291
266554
285169
357460
346428
329963
336707
218061
47698
236515
81946
57896
69655
43912
306399
174975
56733
58960
105897
111118
202615
60115
203396
225751
124941
189550
179220
197257
296724
50010
83512
331194
326834
279885
381502
549611
314214
338841
364859
480884
182297
135972
257688
209606
102255
146414
47758
235425
243304
270297
124660
72701
282975
289341
214163
128668
228319
227820
137878
311763
315186
320774
546935
463518
227411
748650
721149
426346
323843
280227
398861
371518
353169
420008
531881
501300
449613
226990
251078
351931
599020
125753
343077
175858
40277
138279
471546
137504
51259
465182
207337
298097
158120
489257
142812
604644
105632
165894
224866
265444
406181
271456
271101
130760
501314
297642
155177
87890
42152
831015
295662
588539
288735
443527
81517
444873
387953
153145
168333
235471
283469
214610
114386
533885
537895
403752
568440
339063
294561
253543
54746
99324
331289
168066
148509
68235
70471
169899
235959
44989
90511
412808
89548
71008
425972
233514
171416
452998
558338
523763
179856
212839
213672
204780
251193
273968
257023
265068
290224
338911
271890
220557
148115
209703
252046
167208
187775
229103
192337
96122
307639
211247
146155
274534
80037
198285
107348
505521
448156
115572
217740
95489
80963
113526
258033
297163
80041
68797
281025
100001
68270
70380
105267
48794
92896
320481
165791
299974
59137
67206
740529
367427
87946
76214
99958
1036865
118391
623509
135268
83821
265558
195482
38774
72159
421246
229431
76614
71837
116820
86985
303480
311565
200325
29017
96680
241500
290083
254267
79603
236181
530012
466201
119905
97426
180597
91749
227619
396089
275938
226850
322065
352837
115222
289387
145068
38420
357635
251418
285884
580734
402517
96424
110383
78803
85466
92391
63128
324350
176876
99190
93037
524137
608563
61168
851562
74313
80759
769536
215198
205183
295857
121014
267752
152613
133566
293613
370378
236617
204519
143697
108376
156495
250422
253043
200339
1282951
316005
307567
74289
145999
286520
203661
96156
491386
262166
60892
75565
91755
553582
111976
357968
124079
140667
183362
215640
309895
118477
178191
196451
156370
90464
276089
165831
364465
76310
199191
44331
105358
118893
699454
163330
678250
187190
129937
159203
235930
150237
81358
494534
61039
199338
172228
118790
242317
208157
194425
95344
113068
55406
230713
209984
107489
297873
167584
326413
378687
145768
53422
61905
244908
126920
158648
349689
314353
212255
176728
115091
123361
98225
167998
317857
365960
280506
173858
377981
608439
503785
414564
229408
43552
370365
62086
359552
141783
111274
216087
139164
235562
98319
46405
270188
205414
136734
222031
225784
158664
53091
106213
104804
566197
476785
238124
141306
192587
212306
341975
410903
211187
40730
63299
202293
696678
617588
491053
49841
188352
30643
558552
417453
110568
76358
57760
70996
80258
373391
366048
372796
138480
333307
347789
391744
644822
505986
191450
68890
184244
83675
120343
105410
185049
93808
588259
512704
270564
124319
78241
223974
111388
164666
101468
322054
137770
348719
245829
266725
264479
259212
252810
285001
466019
355615
211237
116768
109597
597699
169140
212115
426254
94663
324619
193637
178812
122602
153407
135296
201487
275009
293667
289296
344343
212309
226541
239649
480650
199182
305868
361527
591841
430237
479423
328318
462909
46468
57002
52104
162623
531212
158818
69694
257610
87493
644989
114710
523151
127908
108672
126986
126573
87645
204694
232568
412105
579058
339386
178516
766090
88489
349043
288829
250267
221566
316917
202934
319792
405771
358307
675417
796864
59038
69241
647212
187203
255136
36523
109891
627901
623972
212354
129650
277973
50609
605726
61770
34293
71988
550299
75923
80108
274330
367032
325968
52832
112714
58985
53812
254949
248234
111339
270845
168728
133928
146455
170754
169278
228286
292388
404607
60325
267098
184663
143213
68245
67274
152239
186014
211875
189153
176222
249808
210143
197246
175910
147490
390967
296919
142250
38688
540576
336710
478615
181314
258784
157029
253985
255209
335253
287885
127344
316769
204670
110995
155366
168144
182633
403624
305234
121001
91016
204039
360628
201801
368634
192553
185963
85831
196139
290754
490660
267459
787966
653489
113142
221445
44403
134755
118854
40964
369367
133105
76061
555362
347667
135589
243888
59733
77207
159634
248218
244736
65656
319353
169568
289289
130572
271855
326881
241649
220706
255423
75687
116050
79093
140020
560456
116685
58679
73181
500723
226661
383247
176428
178834
232195
242042
579420
371585
100470
636926
234659
137079
437212
369294
211851
311826
170267
270809
357519
277339
332372
357400
375326
432666
467582
492597
582033
681979
398541
141421
285426
256618
807666
673224
249252
236437
268057
248038
221963
310704
497969
366248
369833
577095
318286
289279
301344
374120
190593
92109
468840
299993
198668
89617
200067
364165
362250
179275
38984
59975
182393
123710
245750
495895
179019
483846
184569
83312
282313
289304
101859
476755
165560
289725
129376
202014
490623
364263
181850
249095
288798
233811
263612
163224
640576
163656
245998
147938
231340
77263
132024
186875
248271
75916
97505
175328
124145
568699
53892
495052
68002
200686
105803
300071
198579
221975
248288
870217
154959
122145
34710
872667
399807
353850
570193
82671
472155
163681
417927
118874
58497
70981
292320
77029
115996
146788
146520
105938
330146
348090
83752
253296
367046
69634
155604
601363
496918
329872
248752
70437
48444
237495
94059
98827
89486
256978
245461
185994
174027
298103
83829
76773
92338
49338
155306
196514
186842
355720
282417
213269
298849
299137
325529
178553
306813
345689
233293
314204
293405
281777
75689
742916
402624
821908
221045
537337
397412
297956
233285
540160
150278
81394
173899
140122
185357
194591
227374
352263
387728
265398
282301
90443
434799
445689
153035
398651
370711
125721
756412
187492
141738
109683
120966
327525
299937
254325
308353
245528
164731
48690
229918
111595
95244
102173
184313
106385
526022
297414
482525
114721
255859
512760
540872
250269
420573
336829
290388
263860
221920
189611
279246
444910
178503
513342
439949
251202
402873
305617
336472
961294
448674
277483
77590
78496
233332
227985
344305
129336
390617
222422
120115
491844
278201
517435
208687
290248
190495
202238
442779
207742
117150
132939
522200
249371
146452
171053
55684
54346
334578
341836
89355
132264
221438
348665
208131
492311
295083
88878
259272
38637
122856
249931
58442
72354
310671
106896
98229
108071
333451
343700
223471
147508
89393
365437
103150
432556
191121
241043
297065
290164
266161
339287
347528
168868
356453
151230
262305
226653
301860
289389
199181
279225
308831
351743
593019
146672
310027
297024
142987
306488
332356
376999
125015
139496
194116
600450
467128
167993
103260
105751
52341
178098
204097
124169
364659
137566
301693
158205
111025
308714
231138
195247
269303
168062
281935
265201
238042
205952
233157
244751
437994
152781
168894
171444
98527
177634
307011
76314
906716
819327
89137
150462
155965
413565
407153
81187
52075
79189
678721
308809
871732
359842
182715
229742
209712
369836
155397
49863
528597
246708
233762
201706
224625
164702
255163
213346
189523
157424
53556
136186
104876
258272
338854
191403
428356
177069
690139
415600
43132
783885
216158
101740
102844
193863
387169
61868
276869
204244
281405
160875
74153
177545
202859
265570
191954
67445
462540
348206
118094
138823
45985
73039
54986
192501
35928
168937
94146
1100059
895516
310843
55060
57160
241501
66704
91730
275367
251081
177169
177056
175922
427733
105698
401810
79930
129289
150466
206184
239733
307149
323084
302655
319717
288005
167998
80933
204145
207096
232178
143943
445713
510734
667009
150711
106021
739515
722826
151102
186163
122380
370393
109593
265551
322844
265091
65438
96475
508870
33351
84498
97919
465884
279563
199952
333990
81796
342326
222152
284613
209309
50077
217927
161942
106890
45305
209323
39748
51148
659368
680212
196092
499663
74238
390147
441172
256378
177461
523742
386787
154654
118326
495821
166899
85367
285198
138682
784391
278270
73721
1031186
162324
58040
39534
37814
83858
97755
197795
139691
914625
133395
835267
265021
269190
136126
142984
85791
414873
102289
458836
308832
327515
580227
754302
265780
151094
161310
939010
145425
111895
245359
140727
45921
62400
198757
120633
438779
563493
649666
138252
107080
569900
419874
146056
378833
148667
64073
125250
104424
448256
204159
193873
585484
300407
57805
70616
69616
263786
107355
120790
162694
268432
165215
147804
294327
199462
47938
51757
405499
262225
151548
521397
286632
141194
122706
120034
312008
414903
58254
51670
777418
124450
66296
89176
897518
111348
276507
127355
254320
622970
712563
517988
126289
275286
200674
190652
113807
120703
53235
326446
281139
259236
451923
347514
137936
383108
284421
365442
263669
338024
371266
49367
69448
110494
333153
396502
586381
111021
533685
172002
201905
218404
123588
448397
247382
139291
356095
127351
81151
54053
156756
75394
124702
34856
538649
460314
80743
240808
261203
101931
165568
218154
271001
611372
70385
261452
184440
120412
373859
363354
52717
503015
266418
150484
97247
491943
172899
396318
93471
210364
654241
255524
123916
622171
522007
360251
99093
389306
343161
189482
56677
277446
155809
47528
97726
421022
261479
61070
46087
880769
545231
60704
183486
983132
417833
84924
251139
226518
87999
46476
49491
81404
436286
48487
96018
44591
85660
392891
145955
63285
75669
448033
348277
136995
107381
552810
478404
82958
94038
321997
46209
179224
51764
1062356
724871
259567
212918
398293
290567
169277
50105
388839
200810
52151
85814
330581
119493
295339
172431
275117
106807
226994
78139
77083
159501
211624
345594
294681
460335
262701
157270
86442
71671
88757
144801
233972
240630
123091
90635
69383
269758
126236
80746
126708
61452
250455
341378
100506
381149
362441
234821
64324
382911
201828
75527
48099
52230
87032
96300
435924
153083
396492
114701
120431
72064
338776
94212
129227
408331
179346
328017
135151
107992
241978
92158
335360
96244
172101
421343
346555
429640
446930
403107
337836
132560
448763
151243
246516
227437
305370
122069
263195
258257
323283
369770
208051
103894
120243
640042
95258
263854
293188
272389
395415
196441
380077
79653
101462
82176
84004
143984
129864
82728
215384
178274
93142
384151
154209
233402
87488
683791
414779
218350
62512
151882
370159
489373
178027
620011
295632
179784
272911
349688
321113
46988
96869
117643
390288
251589
119258
141591
616260
131966
36854
84846
119452
226536
739169
708353
323361
211614
89980
777176
574921
80982
749806
79937
123111
678994
183747
284383
830733
233873
285298
334201
356145
194024
337626
250871
108318
350025
111242
358088
290783
212133
204081
128114
211628
256960
317994
360862
185062
373427
237887
404962
317173
277966
449490
439842
358952
320036
397220
567781
382385
451263
275249
280431
588548
248779
240144
312635
183270
378033
362065
315343
398265
322278
286939
668047
193497
636675
474344
698629
673496
122177
402992
169268
257663
250310
207735
172658
591493
439765
350565
581863
364196
127586
640621
448369
135741
84196
180645
123285
394759
48928
503573
201315
301425
117496
275051
152167
164622
247717
274537
419898
264725
83202
504989
363800
438875
311030
397984
453937
481037
250455
759903
99641
53806
441800
375554
107717
176096
182670
176826
116393
702584
231968
315839
335520
259271
263939
393968
207199
86195
230983
53307
66325
125908
628875
61111
548839
243334
398208
84994
62619
103578
44446
58339
500909
276561
158365
110292
144444
53612
1096187
677545
220143
293597
212283
326794
288021
55205
167613
524631
56811
470132
110111
146195
100613
332439
289495
308875
177989
231322
172352
129974
376853
91409
261156
478675
480259
237324
211839
56492
39008
252924
78248
138542
181377
130191
227116
172734
151901
234953
222914
114957
213392
170072
434173
359386
129337
78079
121960
289041
233209
384029
236052
166256
91612
157627
211109
232677
186376
388768
269006
167494
536607
269823
469065
234079
205806
546464
709731
437688
440395
287492
356497
375510
314501
367591
548583
522317
573414
294615
567410
310894
740003
326773
430581
453191
513444
533227
411727
368990
448925
455850
742723
540929
823819
353611
657264
420751
567111
440891
613237
591906
593969
391715
278906
371199
515260
457027
460790
349471
428972
463625
463403
513299
298054
288687
414353
485762
502067
574171
538871
522121
729445
647541
486109
333883
691694
874329
532078
502774
988695
417609
1004928
485189
1149370
473922
490831
1194847
1171353
1263087
772121
1270185
792793
1453732
471550
534704
1283013
365374
1257424
417230
1295518
480191
1353861
566381
529388
1334711
1522422
425388
1607602
1576291
1489519
1593738
1675760
1680278
1544975
1084252
867499
1721941
244891
323438
1709377
1559159
487232
1626814
372772
1725935
341797
1792962
288141
1884185
396159
442299
1937659
1759715
484327
548097
1677444
637416
706366
1573078
585749
1683460
588912
1787372
408874
1750643
1829224
432962
373287
1921212
439103
521420
1975206
520367
1731875
486048
327867
1797050
365780
330648
348019
1958482
229984
1637638
1593342
283912
306190
1323346
387916
1419912
1457896
460156
1393618
520363
1407540
349245
1455533
1415278
1570407
1351769
722042
1313607
760052
1259131
1334344
479702
1350061
552349
1426079
1497645
615763
548812
1508533
538936
1510165
516314
344667
1638885
324269
1693965
372915
1648813
319037
1745956
244587
233843
1665911
1698063
404083
1596189
1608210
495936
1537520
1562986
723290
1578398
525166
400181
1628504
1661949
524140
1696623
625144
1686200
312346
1782423
384037
1911999
385866
534864
1890572
617408
1969624
1924435
785742
870412
2197875
946057
2009084
801245
648762
428656
2017691
397113
284675
2103064
366267
2192239
461205
1903241
1972841
537709
2020860
456637
455432
2030984
2010428
534993
2024905
1957125
501357
1696980
1737692
498585
1695174
1781067
1855452
1628898
1722228
1767974
1874548
1027396
2022234
1074797
2109890
431593
2159975
324932
2257870
2138773
347963
369091
2012582
421898
1960784
1938099
541778
2041719
2109707
699295
2197378
2230962
2291381
2317322
773813
2292391
609561
2241160
2261980
420928
2202497
387705
2056685
370910
1966798
445249
404779
1890900
432563
1897522
410689
1636713
459365
1719078
1694847
424542
1786856
500630
1800099
531525
355691
1988314
324776
2004042
418715
1854954
425401
337371
1879089
1900929
387427
1976718
534850
2133616
378365
414732
412979
2275485
2374782
2374825
584610
2374298
506639
2458043
447715
2390448
378490
2492296
458786
2594531
406452
2448119
588837
2517615
493620
520002
2522589
2615886
2355751
2313492
2343067
805504
2349683
994567
2312640
302202
2251498
2273970
349049
2142803
1911383
345261
369126
1731448
251454
1727410
1333508
414246
351859
1296616
442824
525074
1488944
689311
1569653
779373
1624723
576073
1678597
378795
1713331
437411
1755633
522838
1942474
389712
297762
2014666
224163
2087736
306653
2180598
2250578
448815
2105568
539553
2160239
360737
513199
2291667
486214
531324
518994
2423184
601806
521311
2453448
303893
387071
2503226
466279
2339227
407148
484249
2536332
552588
2543343
2633331
314233
2670023
303404
2782776
472246
492248
2785540
528886
538004
2843253
544181
2898434
2965161
328215
379922
3032521
2931186
326704
361211
2970568
2749372
454896
2301016
2375591
560118
575591
2444665
552364
2532429
557691
2621227
636466
2243651
628621
712304
2215976
615859
2133969
2118778
709277
775470
2153573
2072536
869713
1912720
1020139
2119295
1079254
1732022
389410
1637035
334700
406256
1788147
481471
1850076
228784
294285
1575178
378600
433753
1658189
510832
1733950
324200
1647882
343373
217677
1634193
171084
1561104
238494
317375
1720589
330714
1729931
409759
1895897
479064
1902420
1852857
1781076
1791325
1782020
1795805
1863587
1569505
1667605
1336891
1236153
1661340
576325
1604262
369465
1462912
461247
1544422
508266
1593657
543602
1651242
1502764
643242
1451932
680317
1378182
545655
370624
1500841
1402868
1314899
670082
1447221
1410922
785862
1491352
353156
1566479
1603242
1352933
1406328
1474793
1560088
846348
1639424
1612226
825637
1483520
394175
1499768
575821
1544573
666122
1539284
1585206
647132
1649436
772679
762905
1792517
878334
1910423
1925102
775831
1941321
862013
1940837
1998918
1122597
2051228
2042373
1162406
1230178
1933527
1293362
2004319
1334250
1989946
1227466
1818500
1214935
1893660
1183726
1960669
1081721
1933596
1117139
1862879
953023
1780656
1076526
1930364
1984807
932731
880383
885422
2170447
956568
952993
2064535
1033798
2230615
1035504
1048910
2329595
1085322
927173
2361322
1000062
816030
2427355
685764
2498817
736059
2659624
2672361
2557425
2584376
703976
2622751
2713057
2674508
1089044
2743595
603845
2825206
372595
2875200
407111
3048078
459473
3006245
616732
3103524
646616
3189851
3289666
494014
3057994
666218
2912165
2933131
517543
3005073
704982
580670
629105
644004
3061348
612776
3075693
3058318
3092241
717465
804189
3062611
2880940
763244
615483
2662145
665111
2631972
454571
2525773
489326
2515193
551197
458781
2596125
2659677
546651
2753467
2792918
557776
587596
2504242
578569
2505934
2537845
712391
743621
822235
2791692
2623254
714204
768219
2527263
712066
2014339
779563
2085555
617769
1922581
494238
2012798
1958467
542548
2050178
519167
2084208
2159439
581757
2236805
675866
635690
2415899
733636
2437745
785998
2494502
371592
2262185
390633
2278606
2433851
574115
437667
2435286
2301785
2280665
472457
397881
1991437
1911001
1981904
562091
1870676
1958754
641960
1900476
401748
426196
1682471
1798647
591943
1678049
641537
713153
1686262
1699515
732618
1873245
928884
761062
1750293
851942
1684580
930066
1730047
835399
1460340
1223697
786021
873902
1274945
843274
1254399
550748
809847
626250
695355
695090
355257
856295
460062
236273
299774
378884
733122
524995
436152
538702
495896
671773
411583
653960
496571
559851
605021
402329
400649
386737
441109
708303
465093
120630
558632
281401
385431
237743
497531
571696
451417
340235
253071
334691
413570
516247
555090
535121
360724
531243
441602
581447
464576
614019
542820
551196
377444
548205
485449
490320
418802
432078
510607
447951
635929
636223
825903
732819
793665
622639
388153
694599
399623
437554
506455
353390
449150
443844
334945
211594
525835
444725
366396
355881
381450
406992
382334
451346
410868
479889
397879
575166
486488
382114
379114
519833
481737
381983
751357
485025
485131
417631
859691
454461
458801
388869
595825
464178
421674
415814
412899
372048
511206
290068
351282
284531
374977
370357
356845
384581
436393
507810
298099
428549
284367
429477
259368
483026
530417
600900
539900
593818
599933
363371
498603
437375
508458
453338
439676
645802
479950
709264
571203
758131
762154
352784
781377
295466
250728
305081
767407
737977
577061
599391
568934
667089
650024
649184
672207
452652
335835
491277
506766
409252
577329
834132
663461
683429
651528
733008
476278
648066
832269
483538
481220
542248
442799
615676
536780
632307
703468
786913
838124
764660
316295
750672
533669
422122
304249
305867
266171
409204
427739
404073
432325
239196
445912
260441
320637
296506
431468
536000
351969
549954
456684
407411
467421
534324
500046
495341
545787
334765
612747
422916
706297
734370
422249
564409
447686
498861
521687
543084
595491
461365
589439
451671
544450
428178
193826
327021
272677
480355
504563
313340
425614
358952
274396
278434
363502
433554
414149
504763
320931
465709
375743
497364
433711
504474
468415
488182
544598
521092
155888
305192
1584552
236123
1490414
1362680
1385688
608099
1084102
888317
764018
674385
752605
551445
849994
922145
427575
998382
256528
696895
683040
707970
707285
350294
670749
469558
345421
567742
221465
308238
187569
257108
193430
1025358
436432
184556
228463
1134939
301846
323216
302276
395035
339334
578626
201319
435925
280220
286927
286646
360714
336180
374336
419976
469915
307612
569187
426646
324256
366052
702650
519306
375813
283676
232668
503400
388181
351040
228479
340970
374002
304626
280433
270080
691294
640077
448974
324545
414993
595161
508977
687283
670195
882432
822362
821403
724088
668078
795791
603381
510914
491893
549487
721312
440834
618624
316325
545730
327395
381027
545172
679570
520261
618368
476613
551357
416865
552898
366961
757673
333179
428087
239124
502854
571082
368351
565104
554247
486815
543567
598573
382271
440274
747172
482694
754764
307525
876538
304499
774906
311494
397049
721399
344658
414907
753939
431891
687773
519559
703614
609157
767605
795802
663126
785113
843531
704099
794596
754692
851433
839118
680346
702842
764821
685890
766734
754648
797898
765987
830046
840622
672918
915047
629164
914401
708057
741356
615706
709519
639181
715032
748502
628439
456746
510768
662239
674097
443660
483345
503289
413099
558914
655982
695701
886275
801419
1048036
490988
1051546
1091194
407518
1051315
490582
971172
494648
984704
566110
383117
1064522
438759
1146005
556933
587678
673880
1433022
598638
1259610
618528
607191
1115401
645846
1192112
629107
1285291
1070539
480671
967834
938854
838809
573147
640125
606716
740193
534779
776768
574736
679230
564142
739195
472906
473022
366983
445264
538642
450526
210639
274194
338345
442331
238611
234743
506593
284983
334212
286284
340545
355697
422961
311767
243151
996019
561642
1068204
252977
415628
482209
490453
600885
571012
615249
419039
575338
345638
238799
278588
403223
283228
494849
485201
349418
394118
367121
469994
359392
552740
356060
601201
365669
672973
342701
535496
386426
357390
445439
436726
443192
523407
522893
586204
375750
552335
468779
607886
704376
322457
590963
281089
689990
523024
422138
663012
712187
334763
303022
791862
401085
639977
496447
797885
515412
779683
587504
273809
394586
423711
351972
367637
418820
387256
563425
479654
760436
507439
578586
380630
490394
234224
508147
352016
589026
245774
259216
450783
346847
381036
477110
349566
536635
310680
422749
406614
333275
443283
515982
604418
606198
516094
554545
637709
219904
710936
673615
315308
705831
443066
889804
301908
699324
417292
357626
188529
479196
226226
534131
465573
154427
795354
524648
838434
266012
494207
256668
493188
334554
462099
262073
216182
560782
620415
278170
635481
259468
675393
551281
576181
478991
195185
195731
728609
261550
264594
358354
842599
462658
621892
528205
356088
431829
312575
468832
319540
475801
334330
354507
531015
625567
686202
572852
656208
321275
159730
138173
745607
202092
637123
289486
143287
323197
211770
317638
202508
389496
138345
691446
847495
465326
177055
167682
168175
640162
163535
517631
176341
283924
328233
416609
396912
313378
292821
348640
151077
405720
462120
318217
525194
257168
495835
329408
403073
703072
355378
367609
402331
331416
438492
260338
376124
356585
358663
442303
400276
272620
544461
312454
259603
516539
315369
468008
387618
294582
466783
484673
306830
574664
377731
648987
358775
647393
315822
717510
366277
367607
405267
394410
391519
484700
679941
575145
605705
622695
520713
261900
474608
322327
254258
361089
284793
415843
374326
512533
449550
462727
328324
481195
388849
375571
305129
380232
557631
420013
749891
600377
805162
449538
841319
1001958
1010352
1029875
1082774
768060
693667
1073994
345800
940982
373808
971685
592360
430430
649050
370022
268050
667625
311101
380847
355024
391184
440579
471898
446861
559460
637059
555514
512148
421355
376840
503548
517129
342904
521914
325584
609144
396939
761840
419379
512964
815368
468353
718565
530224
466154
278260
347451
870687
442796
413365
836324
438442
357948
472258
721550
823914
279793
825469
639694
371512
320431
355411
381123
434171
421720
251909
453048
244390
401853
391163
313397
408000
393707
283617
512830
479883
580458
706344
281986
995689
345872
389423
711165
351296
466428
332312
400150
394244
501244
124811
576470
297290
211901
370243
964059
551608
622164
285071
617867
689364
365766
778150
423683
267600
869880
395550
1017155
399893
1099726
372136
433675
527524
1357382
593274
1481163
576243
1569154
1611336
656526
657985
305593
1794286
404686
1900421
465192
1800444
485349
1856826
1913151
1991986
776193
2081041
2115618
911400
2179834
2193938
493877
2272633
478599
439988
2430602
380368
2315158
448608
548278
2432014
624690
2455971
681265
2468817
632564
2374917
707584
2221823
667024
2125842
770175
2156689
2168528
799514
792599
2148446
687301
752701
1989149
766073
455300
2153055
2231776
525500
593623
2266957
657669
546851
1847266
491879
1271608
513862
582932
1306302
370176
417145
455163
398928
556329
517679
465574
623716
361466
283319
697759
715111
335510
784720
329773
798789
902571
359558
920574
352499
895481
424193
623515
395938
604005
613206
503830
563120
269480
604459
625869
368787
472451
286916
373297
816472
303579
982052
446465
473191
618999
546293
828796
603039
621965
441138
608201
514028
629643
409754
567808
527542
549909
441260
560185
581678
728893
658154
682148
713219
765208
840636
873871
546337
396864
469217
407340
408561
438890
269558
145638
510373
241736
593287
609069
786083
783793
604818
736740
378425
805251
745618
758373
400528
825835
922954
388370
405801
1001227
1072342
493636
885579
944762
575683
557819
1005690
454151
1099316
1111097
543427
355464
600578
233834
606722
333325
591655
443901
430649
517372
496041
457162
556856
481406
500747
539518
526161
592684
261429
603075
412914
465096
368861
387769
356417
716421
426743
760656
507987
243936
436495
336928
461983
488484
463542
549374
517220
558283
586303
732203
622979
841301
598121
637219
765504
713538
675405
612845
905823
623907
996211
1070463
458708
1126829
1194216
473200
229820
317063
393916
342588
428099
1744849
449708
1219578
460029
427433
562519
310263
602723
660051
572463
460550
418016
730933
342086
743007
433233
781897
508119
634269
611653
619030
664129
604011
675428
773119
746499
686792
519707
445954
511946
353864
785329
437792
325805
424421
431650
516434
364734
359042
374380
430854
494811
461679
589555
483472
399546
473396
463618
489865
490747
441835
536876
613373
641044
788853
585968
629702
463306
460103
940813
457219
604208
500646
366115
547259
443516
559195
475537
531379
624075
551462
750154
596953
452506
646210
304136
313995
705377
800298
641766
455867
499988
589292
296874
619836
290444
707819
391955
636913
396367
631458
731805
610827
650866
731324
657482
757321
780912
766425
490839
430231
605497
287361
654510
313164
836349
409743
910107
979103
498956
1080466
411813
1119756
977453
558675
567094
918596
230187
266356
770040
417625
807799
406563
879346
362773
843214
682085
426263
669845
703577
514271
808520
888486
516215
959524
422617
1050232
507433
854775
384036
936252
377820
909833
420153
985461
380354
903264
394122
382796
439025
380409
483177
474422
649369
431217
451606
717171
436285
382378
324478
448647
412544
494889
474818
363417
466423
500613
556457
548504
642227
598074
708478
671846
801250
729574
857414
866523
662531
687499
796342
820883
689464
597470
661566
614891
685810
523200
757735
538632
763387
550387
581472
934258
733390
667023
732716
745673
723119
738278
560449
454139
894917
367040
897586
339340
778383
413759
423722
434143
394678
406126
416016
483595
470346
484353
333564
358753
418753
519771
480246
504701
314305
441056
479419
454526
443228
562683
585947
658676
660526
407451
869322
505715
355324
948807
434686
396130
359067
571824
443136
592543
672972
740175
677040
337490
721448
353700
784680
638939
602412
698452
607249
615476
692883
441940
658313
501281
472728
389034
442297
552074
520706
542809
722672
599102
380610
626809
779010
469284
791902
461723
754825
363184
747690
542050
760300
761769
625157
834572
595094
686126
710588
688544
472112
588705
516383
564710
563376
406639
668802
495589
462851
862206
540159
507365
1040067
532120
597914
922409
775025
897598
812556
507888
440978
477458
799516
617623
896217
570081
588202
588509
594752
324115
299163
387742
433335
288095
486914
683019
591538
312925
679634
333911
418869
420082
403109
385123
476208
506374
423243
486352
661982
523645
690092
539288
570993
700967
647593
629284
356627
337553
369083
434701
438569
508336
320253
454000
441822
207116
529871
302876
316211
337552
444170
382183
355039
388362
332972
321674
521858
432979
237244
636254
574210
336937
490723
277286
363089
402212
474698
529454
711998
675140
700821
779731
435393
840753
492404
931918
383829
915966
1000549
504251
958390
669060
600630
646306
432059
622390
577455
599883
629922
455768
671467
615462
663537
686359
760330
792197
763361
815949
761008
616123
813416
757298
769861
570109
865435
670867
887321
597384
823967
501666
892144
347272
411295
931119
984299
370328
1009151
281835
981514
732707
314041
446353
562752
551780
457876
584251
478765
638047
594334
682176
757886
873366
772455
936129
790973
1009619
1089027
784590
1118515
309340
1302242
380957
372865
1374296
1397385
213972
1339367
297781
1330113
1253042
445565
878150
441080
1068684
634222
1098693
630166
534600
1007553
1004902
620935
1002754
683579
1079126
1074835
625469
1146740
562277
561534
849626
854396
468687
947432
251774
914523
419840
1013541
1023039
456333
999751
404783
1001526
379941
937647
772586
453286
478394
696310
726298
527744
523413
724836
749212
266438
539527
623665
397670
604340
421807
405702
351667
526646
550539
339673
619487
666961
742965
630419
590298
783492
563842
271728
572213
337067
375976
437690
291619
510306
304276
592218
493305
556442
604664
937091
666154
595230
972775
732631
435300
448355
491869
424344
320075
514568
516026
308763
605656
376345
395492
460203
553703
261266
551885
314263
287255
348993
387089
518486
568843
399197
193016
191996
374062
457737
286780
375490
384156
225142
469061
391116
475061
292252
526726
348220
450331
399885
376722
422673
356221
548503
641407
448735
693356
648206
811100
602175
639219
702191
517178
716955
407011
783364
819948
573557
821160
454904
802006
867409
999904
457024
487292
1188289
468540
1158999
474067
1196441
1266302
1107889
1210556
1229225
1267681
964167
939045
1042075
911030
372920
806247
356085
432582
719401
418571
613644
499563
521003
524412
502769
444052
706237
616987
285258
354942
303760
868535
290090
769155
294721
373193
290108
466256
464378
398117
543805
352438
278517
274022
1082689
936806
201010
603291
328717
263754
337328
368971
435953
474247
1058395
437785
979787
231075
534037
363603
588308
535275
458010
367141
729105
420986
545289
440470
426206
484651
397994
585880
420584
491630
215324
514853
368167
343258
385131
894618
327435
528579
447805
563324
218013
583031
248010
263390
425514
433146
409894
430864
369644
311569
259059
341238
181031
735433
423470
989388
249826
288103
609868
231962
545233
503526
518214
410750
268332
324779
223214
311275
242729
441404
377421
420464
378446
440727
297650
322585
581422
376909
533419
352460
493061
435905
466413
671144
702388
526709
620077
800175
563762
654128
802107
781604
667488
601291
815364
647821
604273
730054
671473
726878
788977
477274
800926
591838
804804
606157
736394
639097
780573
697308
816104
675935
701786
708557
653698
647504
419851
748258
369061
835362
869175
450209
502460
389360
484997
430388
292669
381172
394251
599685
478420
428432
439868
523486
524093
500011
549541
495986
527050
456380
319351
784037
351665
330745
422224
476403
344927
506528
355112
436947
457285
619527
621054
626009
413147
702447
584398
764384
781975
360551
349345
360119
306525
478909
471937
538249
540914
561740
641673
552964
633333
392444
307750
715949
610899
249060
606056
309069
663307
367806
245266
729067
602532
418182
577765
367080
218462
686316
294741
489238
315722
594452
677871
400937
644200
369444
354984
372649
577024
642391
482882
400500
236104
324359
412343
382784
396838
479517
331814
565333
313221
653325
310588
618145
239470
813759
633074
531072
620473
388618
382233
450428
558649
645980
491220
270512
553680
377014
570336
407697
326026
366495
399238
404051
483728
552255
473973
538709
590181
559310
638373
580706
703936
645612
778882
722487
873571
915698
693995
907010
516423
792497
700293
607072
687394
677040
647079
695220
626316
711000
634497
378563
578525
994019
688885
336439
576902
449487
462389
750312
409013
491592
570929
686940
265966
281545
336140
223426
912177
304640
806484
338908
351822
504776
450309
532817
251180
569620
332072
634323
534039
486140
287162
910020
559408
994614
594038
454650
666993
709372
547340
384850
788093
450552
528503
493957
241685
315079
304753
360258
386569
222816
450364
482264
215324
373552
452597
466600
330272
504549
788959
159726
480267
215892
346269
415953
442378
490466
203689
472194
528772
301356
540658
414238
490464
543038
589698
466160
529218
659781
587523
345718
386499
469687
388632
410872
529893
284395
592130
676640
347863
380632
704132
355204
699830
416119
798573
491789
851555
526852
907559
477236
741022
268393
332895
866802
380170
451394
374670
376148
283737
263116
935248
285181
329883
929913
421089
491545
209216
468108
308684
527666
395637
363892
348726
517382
619921
525372
557249
658736
374671
391301
400573
354107
324501
304295
520805
290237
531088
313615
607289
409749
459251
388805
246872
338449
244827
347381
498683
573870
495693
545721
566559
612659
562449
376770
722528
507050
436263
418219
453388
505327
461775
620978
543065
406930
679146
444993
443173
609811
667948
597401
334408
268089
229399
679323
431157
730290
295325
344507
235644
310163
353659
496391
590863
325781
198428
428112
287786
494939
479387
581675
512946
584402
590232
516406
685516
760671
591289
606246
630652
671091
705860
432839
604113
548205
500997
434504
722713
765530
408009
410227
866676
358852
762407
378902
440614
366421
324550
274254
387124
467773
413246
228511
257844
696699
499718
448837
616375
349518
464967
439337
421298
621821
356581
383275
650376
284345
342477
850417
334420
942687
387728
925875
481912
295793
812124
355102
838161
394426
253826
826677
913598
901467
320645
210381
928469
816118
305234
882238
311114
838878
292436
716014
370948
753190
339094
436450
502749
582588
407784
647536
548442
530339
568648
553526
74747
668283
588263
333434
599315
631538
718014
294934
261637
821053
346671
972026
396255
1033303
556022
1181181
475798
1142696
571003
1196160
1152411
1214029
469458
1294661
434424
525245
1388007
1311328
606340
1101120
682175
1170312
614335
1187672
710001
1009755
456563
410235
1112464
903491
486698
824372
598926
483678
968238
553219
1064129
1029436
510171
1122707
575233
795694
888780
679476
890351
974119
1003252
810794
1011435
906644
807095
779265
797063
717332
805495
459205
705905
439984
421741
752086
827570
481099
924588
920317
553848
916379
764407
760123
820678
791340
715030
773805
715341
751890
843819
907488
893793
927347
738882
309780
957610
1054832
1084421
1187570
462380
493462
1110288
286326
690345
304919
794888
411485
344979
769299
395605
320605
587231
292578
507419
231949
316901
384213
455458
511964
637637
539534
428101
628180
359577
530043
335854
380706
399442
406061
353110
455213
502244
526129
654934
722406
749445
896462
827020
695430
629954
1208121
668240
738077
902826
676530
296377
762168
774456
695367
632119
702454
506465
317339
278151
224270
325155
495556
348598
206360
728074
218516
727090
217302
315889
220616
679561
202978
183876
557234
158154
345499
311559
401289
440826
440364
303647
277320
368575
337576
812125
878260
566192
374483
989732
306094
374039
405762
340520
911349
210051
875466
377547
371342
414685
385938
749286
300394
249724
336282
352082
342439
526112
535732
460729
359891
551868
289477
471534
460363
610720
551360
536342
651365
547342
508527
407867
549855
441254
498262
370990
367991
412067
622268
450042
508031
496668
491999
730151
433829
347560
703354
435472
349041
378974
403656
413576
409675
366120
503444
448111
384873
347583
457944
534605
547915
501037
563339
607028
657781
563533
819447
568693
253096
330687
551360
461916
654397
702912
538846
787243
632497
874116
281208
865356
795308
278397
726607
370214
788213
870853
967473
523729
1021313
238532
1111724
1166538
1103457
509548
1118612
277122
1211009
960452
418820
842280
776198
834793
911449
967351
1064282
1096909
800095
1129852
205594
1195323
277805
351467
1203686
1205223
1233252
1298533
515034
1336167
289913
1323398
417688
1419244
1338609
284392
1224811
1290660
1333081
477284
241774
1346948
326609
1396681
1467704
363980
1464099
209043
1438208
1495102
370531
1350442
1371165
388444
1405675
1185594
563509
1280401
398660
1307391
1267224
339939
209877
1433270
1315668
377408
1100241
277866
1131846
1086627
1179209
558091
1090889
732939
1257802
1267411
522696
1039407
570667
1039662
633667
1030839
705949
716213
1066717
759931
703602
778853
705752
778247
802783
761649
701429
830221
718000
751398
751014
616076
723696
794200
581951
543794
519720
445218
446777
353407
372830
344171
422774
477598
510284
518119
410783
527247
452294
444645
353257
616615
682879
245829
260405
520829
361437
351360
450461
430079
417685
528210
382302
628385
532595
379280
561243
592053
555362
688604
646451
697553
718036
747178
798983
675953
775088
748468
784454
730943
738551
798409
893423
842490
986193
991326
481525
517243
1075058
594596
1134712
640120
1066342
647716
696029
703967
757376
804023
723887
859402
702226
744951
473060
808822
534720
590187
353077
413379
498199
493633
467131
315456
391140
363772
427743
530894
757952
624980
488219
283672
468576
453120
566034
634997
748952
834857
498974
931005
526213
308256
1096462
410533
1188552
408381
1137805
500232
1298310
1338430
517897
1266896
622087
1227181
723650
1292997
1391946
644364
1466809
507851
1657970
760506
1794562
545777
499819
1498139
1362062
506086
1266484
661351
1227800
742118
1435800
848262
1484194
873949
1566835
981209
925333
1842070
1004899
1909797
1993172
1202470
2084462
1296352
2143938
1384829
2123845
2087606
2169344
1514689
2047733
1307464
2177518
1361748
2183468
2185873
1242600
2101886
866785
2065923
1984283
1946961
788654
1838873
1603517
1631946
1117467
1800496
350733
1788044
1785711
441558
1783725
252090
1794515
229041
1359211
1333243
264808
1427940
352203
1336446
1302550
879229
428918
958213
285750
294604
863786
372367
861423
365173
866840
411688
1038800
518213
508908
543086
1046815
1080918
542522
1085736
961173
845129
555809
872725
921990
359979
944405
356476
991322
445179
1051439
484500
1151874
615858
1250058
559329
1278508
1273621
639806
1306688
733349
1352732
1385641
843766
1469731
850470
788218
1513571
1269897
1368593
736019
1432653
745600
1525971
713469
790262
1632048
693268
1596348
1410368
796431
719685
1458229
619866
544904
1419654
1454775
1643361
1560853
1558634
1050670
1646115
1682971
431427
1594265
252108
1566677
1601591
1697739
475916
1460994
230652
1422940
314040
1410992
409642
1178604
475478
1106197
550015
1074194
1064988
692130
923728
681346
614384
1058608
1063772
595264
996638
589974
1060925
714642
1234332
803233
1257489
1178289
865348
1208039
1170663
961928
1065291
1080435
1167600
1240479
1095785
1430063
1178143
1058690
1468014
1134042
1023090
816327
1574793
814419
1538505
696322
1557550
838921
1333946
820065
1505540
802691
783682
718711
516612
1456351
393913
1262404
1135755
563619
1037094
560963
793451
526680
893737
389186
935839
461839
596662
536833
594736
673123
503481
346725
681352
380890
649447
458043
643189
519978
550147
448603
570074
674055
716463
807065
875346
790613
826303
888401
960239
318247
593508
656549
306031
725705
719671
782004
825961
732114
687462
677629
764651
742919
420700
832805
263779
237811
921360
851634
843316
316802
728011
375888
411279
269234
459765
323452
462348
335643
439743
295432
415592
456128
373371
458724
482372
800820
536152
480471
261647
256956
1190406
523131
221726
1012561
573108
361298
476946
388300
227198
412487
435933
327012
486756
280548
555425
344523
580204
392168
678581
389602
678052
494427
399662
607180
621135
654120
535852
664468
705839
743672
349541
693927
301095
734978
233410
329660
566573
500114
513923
504763
487361
559737
389068
426248
483761
520402
620312
686075
653123
381320
1091113
474051
541303
467111
383326
587071
333270
387306
281272
429853
416543
676391
528554
671876
296412
292645
385336
462481
455013
481631
379216
578575
432291
468820
591723
666928
594481
371412
736460
801323
475216
625229
520595
515473
600355
377338
531001
467023
473452
537538
551538
545736
638578
727787
711095
798987
787688
889792
897071
925853
649452
874826
965385
746634
741837
776441
819186
898062
868284
465025
414593
912462
454489
912993
929041
434695
363869
982742
925913
564217
681913
528484
313957
835389
341381
429406
429143
578739
262163
705792
394494
162206
923578
273650
632379
319667
545781
249923
664135
290479
382734
223381
513819
348911
445962
439440
681301
670629
562910
629151
680873
1063999
590695
817964
890074
536381
947458
516379
364202
986400
382796
449274
1186562
1186910
1159087
1262434
1259463
984683
888547
917216
710956
336500
430088
408304
871805
436200
399327
353151
564981
336437
657629
197609
721702
221341
815614
876330
330282
874117
372706
661815
565089
480739
461759
514530
620568
599924
700214
362916
741656
453524
789781
783694
499079
772535
691286
495023
538296
376663
464043
503989
512408
468224
595202
326349
636293
383534
808077
433013
427410
809807
813768
603576
874146
674441
871675
468605
543278
1117751
1123690
1190349
628977
1252811
594682
1119495
676523
987237
1006763
775196
1025329
689513
1124876
278818
1219476
379955
1214317
458291
1252709
1085716
1039015
492101
1144174
611425
1186545
439506
1105718
368486
287397
305473
370611
463242
513547
415449
389978
526407
534324
439444
364296
230078
254832
292330
857820
856607
562046
338418
288229
364546
168514
331114
349846
404898
436182
460294
557607
601374
443329
693511
254479
677301
340031
392535
415929
477558
514627
399683
288893
492494
336449
352232
634239
676484
620905
414597
484970
575781
337653
426933
574795
412708
442450
270164
282080
521876
523240
378270
575795
668809
477002
378646
269289
512801
388642
458439
316299
343750
462159
409181
540721
487403
599560
280263
355372
753156
834931
569744
550727
667873
627215
345370
810615
407170
491735
362950
623229
363127
339843
500530
350735
524588
396048
289502
258653
410448
651642
470624
286896
487836
434689
562915
606867
620937
637850
775274
592493
871295
662011
754494
726367
853636
470915
925321
525897
569142
1055550
1091234
749396
1272955
716266
1357200
439888
1479188
387106
1406812
1346310
1282075
482188
1287352
1346864
1400855
623455
1070794
530260
1038742
365717
1089998
436638
1168048
1092823
366951
1206204
297916
1182429
350987
1268940
1248518
518115
1277046
496389
1175065
735945
645030
632595
782661
408755
695085
461617
512442
545650
615961
628657
560256
711642
630883
593360
486027
948973
251066
326557
391595
884420
771642
501905
375364
459546
545673
451007
520714
557959
595671
631666
616973
388690
317655
264519
374995
208416
331906
392230
456546
351194
371019
183686
445339
274004
505078
586529
595366
287313
424714
526265
470325
261694
118903
691424
201964
420773
248811
521500
383677
556035
353358
400055
536216
474445
585503
617358
632500
483942
650067
445598
750479
494932
780688
531910
821737
596312
666191
584761
394840
476133
460126
548569
460278
538094
634965
694741
870569
770239
310070
328572
574242
621410
276427
721147
639171
346060
612842
581744
560234
494228
370149
230698
327432
405763
426603
485871
476823
455853
539547
551765
557216
596385
615215
446436
532717
637129
349544
416089
273500
365777
422599
697452
529624
615145
255651
268073
415388
272193
414506
298492
503911
332911
569453
579948
569911
561447
618193
513563
243273
614338
667870
526529
296653
405507
470780
421271
384261
431118
499784
733666
597513
697613
744823
750897
539497
813341
837716
627206
560252
567375
339684
362232
771147
216249
398596
317113
484034
371259
502696
218337
227433
317099
768644
678333
373552
439165
490677
473399
547422
713056
417542
298266
544430
279952
340171
313410
713894
342092
361996
786335
389836
386623
409367
449750
529602
471048
521813
444171
381209
672923
673320
544332
345881
389651
370249
456808
201750
328762
291153
371886
497264
551298
555688
336727
391017
377753
378640
328233
515883
361138
485156
567835
444915
634257
505298
623253
601029
654806
741316
893767
526273
666715
362819
732231
311383
790503
408483
601251
485883
576596
424016
409420
532675
371826
589836
210163
585326
622417
521186
417572
695985
497742
517050
671752
230823
387195
296423
378678
492247
323243
586690
411895
652235
222982
254747
391368
297673
251984
288642
260456
575953
398463
596842
392429
341563
413061
505872
506630
447158
480937
541393
496520
595801
427574
324165
560345
633974
569961
710856
663038
675413
855179
883350
679200
764126
831534
887772
927008
1045465
1064187
1020428
448160
743938
440648
711046
879863
938286
873023
1113747
965642
1243370
545965
591602
1383381
684115
1242632
678972
1097060
1137141
518873
1145296
569542
1034295
1008834
387700
473226
1057554
390907
475766
522084
1108876
834172
596332
636900
611970
514267
412047
572876
546872
571671
617127
688298
803476
444480
374318
471467
285975
370960
465068
817254
552093
623915
379141
611486
643203
254197
643118
315701
681331
702349
511852
730284
816807
352451
473808
298490
218159
361676
502505
436341
206591
296621
739235
550725
323374
581969
229185
391819
262051
366240
558255
554006
353077
757754
331264
673035
392298
541419
546696
590432
657160
338321
353788
714166
420141
746374
778925
565276
546130
628275
548660
340338
677752
409295
511333
473861
527602
465981
692913
525822
770342
304172
386782
575146
477546
580196
646848
347432
434470
840640
704628
576625
707036
886674
770094
952430
552522
1055724
408115
394293
1180059
543745
1274353
1348682
702710
1400604
430770
961373
294009
909601
1004162
407214
1018246
445489
324089
994621
434879
1045154
516000
862811
902634
396636
977880
1053826
855738
664872
670557
851900
750402
770285
933398
757578
799371
167846
270916
114580
720051
606915
213607
340789
243009
447334
262791
351512
694484
613911
376814
396406
475784
1043631
576657
759766
555541
672476
743165
650747
830610
895264
717394
838965
532919
1010298
717660
795856
750332
807372
630789
702665
819743
593434
421324
296108
531151
1054476
206186
776007
547442
286653
287261
280898
319072
358699
336508
340801
382464
214926
375296
452957
360410
320362
312174
369958
354282
399012
320582
548409
641937
375537
608929
426204
657896
527118
732908
595124
658539
734741
804826
763604
734528
759339
555708
806907
895112
516837
647494
719829
595058
652076
691033
335118
768243
856842
315645
903985
391663
755378
773506
568777
859671
285020
861623
384160
758719
843948
293958
367541
234845
310332
250186
252309
598190
267779
166751
1339407
1268867
357394
338520
438761
381567
524846
573255
509015
728014
552825
840157
545806
787373
705772
489159
475325
384234
646360
391805
527597
428771
630167
506514
508684
565524
326768
609211
411639
492442
770372
420677
791193
783497
412439
555121
335288
433756
600781
397950
517292
428280
623433
341444
611318
429043
278103
413747
338675
454761
704385
429890
638176
377526
444618
734120
546359
659621
575412
463983
759913
455190
855153
789179
540626
889564
481195
809109
895036
659663
750972
371464
604209
346388
668280
357027
342923
765195
432279
935255
454570
384463
463219
550276
502917
459191
651521
519678
546355
205478
750518
770078
837494
959179
583591
790208
652469
488855
412281
462266
356273
511206
356327
381354
300867
268028
353231
403254
466127
397870
485302
620049
711821
474990
810422
573301
598751
441083
660254
519760
463087
762276
478945
659488
368073
586559
491010
393236
495491
201176
293119
498189
231457
265984
299696
389824
971649
489667
306895
266479
1076396
326280
253850
693814
426297
610319
480716
526885
592135
530261
551007
346393
341839
356949
420998
398010
445735
418107
334236
224778
286621
321687
386680
437093
825837
517668
725304
488341
287523
596095
466872
558924
459486
563803
558589
621901
679619
521828
409880
814373
576670
742938
568774
441570
526770
532278
257911
577118
475073
558347
640732
558020
322883
248748
578380
431553
320877
449511
436898
545954
449700
535934
714152
635388
540028
795579
615946
864570
531679
469515
940413
352732
425582
865722
295776
321488
1041098
457217
1085913
1176733
1181871
573759
1209241
534063
1266257
451225
1363823
1264062
1155404
1045290
662726
1111720
532586
1074845
360014
455105
1270270
390498
404748
1339131
475540
531195
618923
1592264
650110
1479404
1321277
818667
1369088
807813
1361705
1310807
489409
870429
927694
675874
1087113
560592
1151549
574309
1307686
583292
1373583
386011
1399403
1392020
515986
1144468
712839
827702
862488
476613
823747
484177
827165
782159
803485
737642
763955
808817
795350
548778
1154846
434980
830184
251402
132546
381881
468355
429409
518690
427262
337386
297954
289886
414047
252328
553674
354212
306053
508664
213754
520915
226422
196276
440531
336724
362703
685824
553139
635188
304903
294218
410533
344038
476089
432568
502682
320735
515495
415857
276787
269411
329859
416597
501992
453996
376856
511970
613651
364140
335521
421511
440964
923762
359344
298757
749487
384028
417531
662605
577295
450427
380678
504628
515567
705154
212604
234565
972809
382372
651650
322238
255206
498347
481982
308791
452059
454150
402087
411968
442282
311445
284568
682811
373822
254211
333532
350481
260343
467269
280861
466220
414459
297965
296118
269566
338145
395247
418195
455476
537653
465078
466247
546688
306344
626261
325973
615704
505073
635670
521484
323497
745560
334391
830630
917737
987708
716604
1166408
907858
1221574
444292
1184202
427027
1225868
1281803
1289749
646730
1346500
730085
1517247
377645
336560
1596755
1669261
629184
1579263
1488949
787610
1413904
1380774
531009
1238690
1276604
692225
754822
1455076
713749
1517080
815774
1529591
1527091
1114836
1901847
1674030
1182345
1253290
1844311
1146577
1879449
965814
1878429
1009040
1931125
781698
2104041
865820
1913592
815974
1650643
1564600
932033
1631743
990081
860096
1693361
833839
1786186
761580
1465625
716468
1411899
559574
1366810
640051
1360572
786127
760096
1314174
738198
812590
1438730
827501
825475
1603468
897164
986153
1497587
1004002
1469719
930104
1469289
1375815
977268
1339002
1030914
1042259
1446522
934700
1004159
1091379
1500403
1126273
1215240
1698274
1272939
1307437
1360496
1990130
2054571
1409416
2090420
1361956
1355601
2259825
1415365
2365835
1310507
2088658
1393961
2180532
1476361
2335369
1535015
2420229
1649473
2393770
1653621
2144115
1567493
2223721
1618568
1703314
2407628
1317145
2477678
2272763
1405019
1498822
2331742
2281812
1637002
2063213
1455086
1874654
1544160
1975346
1468229
2081969
1592435
2135045
1655057
2190516
1511657
2228938
1545265
2153358
1563705
2183413
1490925
1535881
2237697
1559874
2099469
1592937
2090733
1488525
2123501
1495339
1247407
1823236
1891362
1418722
1883817
1436406
1647109
1399062
1807807
1907735
1426256
1435091
1442515
2110496
2131573
1427240
1948503
1132421
2034178
1155966
1155933
2030355
1191048
1229281
1964606
1280916
1135834
1939619
2011249
1215143
1311937
2002840
2038663
1494467
1216796
2286116
1248551
1216289
1305740
2324803
1404077
2385181
1481241
2208851
1476821
2179627
1433832
2265378
1508563
2328334
1594026
2360455
1425895
2380498
1522837
2556512
1587835
1491353
2539341
1575379
1560826
2719244
2620915
1395255
982947
2646274
951630
2697173
1038506
2601515
994578
2660904
1040844
2696214
1058846
2695058
969004
2883086
1043216
1038822
2806732
2881070
1175839
2789248
1204805
819800
2910843
2765445
835415
843111
2637838
973002
2766168
891691
2587806
876873
2679181
975798
2633311
1069366
2717405
497803
2771773
571224
2734640
368449
2702280
2794385
382576
368353
2819778
328159
2830658
2870039
364017
2902158
2861488
656896
2405804
2092870
763507
2116793
2150278
462177
2013696
528655
321905
2115465
351042
2095273
450089
2172370
1827226
479743
515245
1940101
609801
2075316
2113981
835291
2217186
747952
2342512
483788
2318772
422170
2356977
2440162
2534536
2197828
2085739
700464
707030
1231162
1288159
1309486
435349
1267374
424493
384426
1365770
1214010
495420
1197037
1224421
647545
470676
1373830
379545
322171
1460956
333178
1613772
439897
352247
1695540
1482531
522030
1421225
1352558
528226
291104
1259071
313065
317168
1431290
1382819
984762
1079553
988422
487393
587469
617786
582950
656714
1317545
684014
1421763
834737
389006
933262
1027320
1087323
1155353
675164
1109235
707326
1121667
1217626
319207
378180
1291532
472723
519190
1215276
595296
524604
632668
645193
580969
657266
733102
518902
803626
593743
771695
521997
854807
464259
945024
364930
415416
1120183
497980
1036956
413307
1095823
480341
357544
406883
871098
484842
537045
630518
1004306
491534
511895
674934
378302
558241
536552
443450
624218
689619
614414
596772
693360
591939
789638
398179
886385
587936
641423
1083365
694478
785986
1257590
876484
864051
1353325
744201
1546179
722696
777385
765026
1266475
646253
1276498
636612
588378
1309743
1377498
587368
658929
365873
1530079
451216
1555044
409948
1603315
480032
1352898
556837
1395718
624648
1411677
632355
1335272
570434
1429112
663260
1443047
538495
1390288
573286
1204242
541909
1145599
1198231
642025
726551
1311604
777841
877358
860636
1462950
460456
1440381
476504
1545969
504351
1673610
429483
1671695
1705312
723442
822447
1650787
1729830
1426935
557377
1394150
561262
1457428
1439239
357994
458669
1364517
1377171
502945
1476179
572464
1558123
366395
459955
1683017
1838927
616853
1781521
606049
1870112
1958966
356580
457749
1995011
1928098
533934
623538
1895571
655370
1991011
712419
1976005
771151
1002890
1089246
829759
761667
1162853
671595
1079765
1186152
653318
1283033
510031
1388556
559277
1311646
324368
1377416
399982
1477893
526423
322390
1427812
393032
1404563
486761
1447420
481844
1033842
836786
562494
560796
600920
706111
587684
897643
212428
732158
554092
379112
591411
302216
576749
347533
633008
662118
708449
808789
506794
856738
801648
438839
894061
485758
568812
591138
562508
561288
667455
539138
327612
423901
624029
555640
346076
432737
501277
408813
409941
347646
380203
531627
457291
621811
481225
712631
773288
675898
697886
767799
773674
865198
961897
751158
1019980
624810
841341
717051
882260
562070
644318
914907
663355
578411
1091125
624098
620161
1155046
807091
1054403
779565
1193270
826702
1079868
865417
626189
612031
900786
556387
969946
714542
859568
736743
529468
634141
610724
652502
648563
556607
655837
507554
766427
616973
791454
699467
887993
970043
889080
826439
569077
945499
1029769
432129
678130
623029
641625
618384
549452
521465
436113
369240
581296
353501
619368
323611
541394
568413
414361
591161
470255
609900
703358
531093
497266
627381
481445
432711
569879
450052
660413
376638
332262
784717
368172
833405
879419
400888
693408
405161
742782
411182
641257
696097
505415
672037
693260
524033
629506
203187
358101
220860
263351
447684
331284
274644
821083
467926
702811
346201
347191
353228
503405
614321
457578
305248
365744
460145
493490
585765
366574
422266
599159
490893
683923
382191
699907
749386
579793
350125
724241
528266
936955
631132
777873
502773
792906
410447
453457
924291
926680
464204
992339
932980
693843
758758
790521
564647
838401
382846
1029483
439899
1019106
474501
1098106
995660
820044
886644
948520
828331
928568
911820
654081
644409
1014085
689928
594877
369082
672160
782495
489675
698869
593147
598318
562210
645181
737212
709630
801044
725117
893704
680120
843728
859692
740696
827987
940299
1023678
628219
1104117
1136254
699026
1152060
694759
947302
536295
537636
532405
457959
471348
548005
616548
635751
803622
691463
775772
714663
731122
650849
466387
888246
577543
658107
885226
751141
717759
467270
553549
618469
432835
517429
716578
543572
627845
612810
1094960
616149
327935
293401
873922
937187
1025768
552578
1095088
196008
1029941
246581
1066396
420197
1159775
1144449
1224152
591761
609056
1262124
1346764
1410165
1374214
1445646
1495573
1198520
1523311
376144
1591968
318674
1508581
403554
535368
1679854
564688
1747497
1804723
311573
1868583
325322
1944341
1954981
2011824
468095
266240
2199920
308747
2072418
402430
1901548
575489
1978544
2029006
632737
2085907
2096805
780652
1962841
818487
2034927
899650
902051
947538
2210784
2147046
1054560
2079243
2156035
1125925
2156668
1181492
1794867
1271001
1777146
940670
974593
1800488
1756360
944537
1766305
949787
1849788
847904
1881895
803236
1832597
901292
1891977
1939767
972684
1994653
1020737
2188828
1180707
1974891
955289
2025004
653879
1892924
503375
1946374
333540
2130190
1659154
385542
1674101
1282545
225508
252765
1176854
1111503
320648
1085341
991021
489663
1000532
300077
865266
875980
478413
842371
380898
853425
447011
1015454
537847
1087806
389011
1008775
1089806
1180296
639348
1196585
275168
1280216
1280069
1177499
1268984
513423
1264452
1315583
331398
1275254
197876
1268776
256241
1354559
318390
1533041
471452
1530091
574347
1615723
545378
1691469
549885
1777099
525308
1865436
496911
1642939
559397
1495745
1581281
643806
721618
729621
1655163
1677727
834802
1272144
1009878
1156966
953847
1075780
847385
1011534
806307
961186
898696
1026960
927810
1079942
1017377
1077248
916536
1070894
832413
1094010
653247
757025
658673
771736
624131
854781
587805
691520
294756
236287
365815
397122
439404
324100
509516
576119
336485
930645
358382
224752
394858
420206
316024
409412
396603
388733
443242
473972
538186
429465
287109
417823
332076
507359
431423
441823
449004
576251
619803
663056
316968
644844
574667
479357
272678
364136
411886
786992
495698
747687
470016
653657
456656
518723
463599
574023
329197
659707
305187
339183
662739
379703
693012
376962
427778
249694
486246
564922
374728
452671
512176
363057
261745
688884
214697
641986
352681
392103
465402
742037
391858
368203
772361
559742
792352
481432
263444
500363
305524
538129
319320
259246
326352
434547
253609
293981
1079485
944407
362720
350834
454625
438949
482658
528420
531382
385561
575765
439279
477080
633595
568625
425148
715556
637367
392915
346567
712760
443340
777878
842164
503287
846618
781858
935732
948617
962135
1039559
1019725
1029523
389566
1058442
418343
1211755
578367
1378163
486983
561529
1528615
1556513
601735
1636996
540841
1735362
706480
1921086
700095
2005476
359266
415962
454212
2008456
551800
2098794
630162
714774
2280016
645203
2311185
532820
2301394
2381277
539012
2478545
2550892
2637413
2705426
843470
2799482
927153
2758538
2557471
530591
2444839
2366682
501916
420112
2567396
2364512
378343
2113927
2150136
2188290
623701
2236819
2232912
765082
2327538
403845
2469865
383562
438523
2527806
2481917
2453740
2483207
2440206
742699
2455619
2512635
2579430
2530297
2439920
1302509
2621892
968701
2675422
388127
2723621
319193
385661
2465052
2543778
574957
2550024
647910
2561303
694911
507225
2605689
472080
2517937
516221
2569175
597362
2620488
678831
2168920
732389
2204170
795985
2292469
846668
2320016
876031
2311451
2399501
963109
820044
2310176
458798
2376604
490950
559561
2560276
581849
2616362
2710106
680251
726074
2613295
723008
2675069
529572
551438
2607165
504370
2488051
597458
511561
2566947
2584050
2759189
685183
2857158
608335
2824936
2689482
384152
2881649
2868270
2900419
656750
2734622
623756
408297
2779305
2817225
398483
374686
2924020
471823
2988194
445850
540890
3088303
629838
724624
3254887
667374
3294923
533780
622956
3358996
670294
3372752
542440
3463695
525181
3332900
636225
723435
3387829
806400
3385875
892013
3368429
884596
3404829
948917
908149
3493034
885625
3343251
3221940
893645
3306100
885248
3199549
721408
3243070
817750
3336650
907347
716713
3255926
762017
3330168
3166298
911477
3210029
924643
3172753
946673
2938063
1056968
1094693
2998785
1170454
3124618
1224873
1274963
3216087
1295429
3285059
1397566
1323758
3282617
1388120
2845504
1468864
1504204
2889601
1414527
2942564
1458180
1555897
2929904
1239406
3010081
1272409
3207217
3179948
991195
1080076
1046118
3337244
1010255
3417054
771551
745969
3447889
743842
3422331
813376
3433256
3515238
716071
709618
631123
3646171
695253
3582566
685062
3625425
690183
3661224
3711119
650874
507253
3802229
3866285
596028
3789816
577223
674761
3946472
594849
540712
4034502
619488
3992727
696078
4090958
857955
4223393
900393
3836879
915370
3941806
901157
4041912
3936297
1038829
3517415
1090136
3680811
922456
3622095
997832
3682418
1068632
3762474
1165551
1177952
3861198
1131520
3757510
1057386
3708214
625725
3635853
648089
3544321
521050
3574057
3769064
3827433
770097
3929361
689776
367628
4015532
447361
615951
4291774
4229935
801383
821713
4360639
828909
4365061
880880
4460467
834961
4491512
831473
4494679
4588109
712975
826530
4650782
571167
4761154
413259
4934634
475808
5106479
545760
5203017
716042
740511
5286451
831666
5470768
926880
984281
5553054
1069212
1151744
5658799
1240035
5682625
5643073
1363870
5728176
1424494
5621491
5584609
1601729
5597849
1674557
5730534
5687014
1385567
5743788
1405352
1204883
5845394
1222489
5892748
1081167
5985431
1098664
1081401
6110421
6181459
1149061
1114834
6348921
1150797
1156038
1085262
6310770
1174196
6353102
1213022
1301930
6624519
1292218
1326545
6729381
1403032
6596723
1571988
6736754
1491186
1381573
6836140
1418783
1308085
6829744
1343507
6733935
1394269
6709455
1330575
6113708
1287689
6130232
1381685
1415208
5973340
1348867
6068121
1445609
953663
5999642
913080
5941752
6011542
863316
6099753
911431
6162897
6257577
881995
950083
5991552
1022593
6178421
1186048
6128489
6218003
707838
6297305
779124
6346446
6387999
959770
6422266
6227888
1045829
1131169
6196534
1115185
6200883
6302475
1210680
6383462
1327226
6296706
1350724
6141200
1422565
6220030
6247245
1328125
6290287
1381994
6483926
1135288
1187017
6405168
1194487
6165475
6234390
1256686
5671627
1234699
1222690
1231221
5763505
5683825
1215039
5725420
1310101
1394026
5773215
1431341
5843655
5913842
1521318
1465032
5892378
781799
6058497
696214
785049
6165819
713424
6228300
6301090
676487
5801915
5532523
746148
819719
723763
5677997
5562524
831958
5679437
922281
5488029
986932
5547167
849498
5621239
769978
5620588
783335
5524767
718992
5563346
657566
5495775
691931
5401287
5339652
681038
5328785
626856
623616
5168276
715530
4807706
4697508
858429
4518014
4526733
4520833
616825
4083723
619059
360869
4089210
444503
4093899
451123
4264426
4290762
457113
457902
4244623
4237221
528621
560481
4303187
559393
4221880
4263856
546533
4323877
4362150
505045
4401764
451561
4488895
336396
4505837
423506
407547
4761757
408486
4578777
456681
4495169
554929
4280192
471782
4328787
641079
4425306
575291
4433313
4255117
644904
646563
4407688
652625
4444045
760312
657973
4477577
450384
4346937
544553
4175760
4263323
472696
4407589
650555
4249612
725864
4082101
742103
720884
3548881
821741
761658
3640403
3634195
569241
3737669
455681
272618
3714154
436502
350566
3738573
333656
3884136
3939488
538299
3943765
552258
639690
639516
3996193
3753486
691286
427990
3855444
509607
4131496
549745
627216
4053589
4107541
825511
585999
4295991
487043
4194144
545961
4205341
484335
4146902
336523
4227946
240856
4077037
3960538
321810
3899652
314076
3940844
457230
4001467
483348
4071837
437982
4261450
493145
4248004
505690
525013
4137659
584163
4207419
4242183
633960
650788
4051232
632458
4149311
813825
4254281
388366
3947438
461731
3952678
3814461
533395
3737377
517887
3845559
417174
3623043
375704
3622923
437774
3614495
509208
3665435
3706543
557743
3768002
577885
3827193
678951
3778516
749547
3822264
3912822
729203
3783137
649778
3593325
628773
499055
3435761
3496541
440272
465342
3425880
554960
3464837
622803
3331685
506206
3266752
483976
3249900
506542
3044946
2910741
704467
750840
3002516
848526
2963870
457915
3036091
3062374
3116880
2778399
808933
2735961
2675216
884820
358779
2857200
392745
2844365
483097
519085
2939635
344427
3131713
421895
2918177
615514
2939245
2939398
798394
3011577
834765
3102720
960738
3114760
759396
3112713
899023
947645
3288939
798033
3051629
2904265
2772760
958488
2690124
975669
2715500
271101
2887702
339953
2879687
348767
292265
2800615
2875011
363402
461763
2795937
2875128
2849386
675232
2877832
617186
2854853
2937378
3013721
3047405
3092437
2919372
3091090
1025194
2870399
2811956
1168067
2858424
487059
2855817
571544
2258387
582207
2339017
591453
2405600
649339
688349
2322625
763172
804852
2406579
887468
2418401
1033654
2613096
961274
1030047
2101108
839017
577094
2204356
2207967
2331970
820529
2231868
2120453
770919
332242
2182309
284493
2374933
349491
2307425
2092067
627367
2128351
710620
2068814
2150914
1998031
426754
2085004
522737
1760344
395742
1692745
445737
1503703
1537656
1521948
670083
1596379
677483
1694863
381621
1779650
1775937
1846748
528273
1875513
596307
1860596
450552
1986850
405691
1984630
2021527
1989289
651253
2004928
747985
659165
2083937
627126
1972727
580803
2047215
1884982
1927921
1860958
1885943
1966749
905054
1887787
961787
1976730
371750
1914474
1729138
1891583
449676
1983165
646476
1834364
1789969
517541
542548
1546643
477227
1610027
568415
1604859
1642846
624661
469634
1479151
1549851
626060
621889
1414584
1447224
466826
1504053
546737
1695077
303686
362757
1551910
1642972
1507716
1683475
673265
703795
1627325
1361307
387041
1243556
1157275
988445
832855
712229
904084
711915
980266
468663
1057865
1132590
477670
516868
1270588
700832
1320071
1395418
601967
1291322
1358546
570637
561536
1386015
1327494
1351407
927705
1418089
1506727
1014134
1593780
511149
1669215
481163
524485
1834950
1887852
539834
1911596
690580
633621
1798037
555267
1896816
599898
1874506
601687
1804632
1812599
698923
402263
1690478
1664286
1602540
1837545
670369
738052
1858367
1847447
411125
469439
1953007
542063
1894475
1918324
425413
1969829
1826692
406247
403926
1865427
300836
1931453
343365
1856997
431718
1901684
468039
1977275
522657
2157972
400108
465550
2239637
447935
2199643
2198382
448401
1975990
535323
296960
1910743
1929406
351870
373343
1827740
1761213
556292
1683194
1734583
580473
1777217
480420
382107
1794579
1831797
457109
549816
640297
1889920
1979118
811197
1699899
1659950
753327
1724578
880772
962199
1924967
773884
830792
2225710
1983017
793386
881403
2064486
868440
2149040
569012
2191544
1957765
656010
571129
1656876
508106
1667206
1687915
1721297
1668087
1449343
1486054
1537756
1593580
1680217
1591903
1599039
1165157
1633975
1725334
1150930
1847372
1241460
1821979
1339054
1319222
1898866
1976890
1322240
1893722
1236673
1785016
1833278
1342488
1268309
1905552
1257405
1312921
2036091
1329273
1383972
2208508
1479976
2142498
1572825
1581279
1498771
2186372
1471725
2059861
2060153
1549917
1960103
1604108
1879150
1337124
940130
1956067
2038286
924412
1973859
1942615
1913014
1116005
1090842
1994481
915894
1713674
964651
1715371
1462470
1023146
1337074
942968
1337295
1102020
1412546
1108107
1301265
1230009
695753
1046228
692579
771428
774014
812378
838567
747290
602196
659908
504609
376591
196117
356375
335307
309951
316383
267350
370672
268220
427153
272586
319034
362634
355754
513637
424170
214282
450296
362034
277663
420277
346562
380850
428415
467615
465208
443784
396717
431781
285667
407221
497545
550445
452816
644417
288828
610046
223719
547587
412947
304078
442028
405073
364443
416074
369462
439427
446091
486842
481732
557775
481509
551357
499893
535431
540576
399894
392070
431845
431017
496502
567770
375056
190432
399063
198594
375278
303407
535164
400412
604167
190742
541086
321418
561168
245603
322679
816157
284151
912494
232610
419262
415192
350782
375413
581109
457445
646116
363692
355819
536139
225405
324048
374147
487836
247234
503803
353253
360247
388106
351746
476196
550682
423245
614504
714462
627108
490727
411930
378300
529134
467524
692520
549570
498944
639372
848532
904945
539621
1090893
600128
1185711
454152
1362851
360191
984072
372374
1029919
461618
1041173
466719
786734
462772
306224
868998
321198
937118
391755
1013146
363966
1051357
1026653
384207
406376
460113
1193301
420326
507936
1204365
519859
1244907
527025
1303937
1391053
594773
645890
1391970
1395541
734098
1534518
640700
593151
1368027
672558
1227709
714813
1042569
731780
1130411
484891
1072412
1012532
567884
1084189
654626
378115
1200182
389670
1289474
418503
486355
1377201
583627
1329674
542419
572004
513767
1456428
614289
1390267
1380645
647755
728900
1076426
986966
761895
1075014
725451
944187
628410
878888
677136
935800
988264
648880
712222
902262
608269
953316
896676
910343
768045
784347
1041040
867401
1177056
881478
574101
533652
432783
560468
582233
660721
485269
454477
760101
387383
388241
642971
361953
765697
347433
872187
819813
405709
536321
434898
622979
752598
934259
960454
1024947
747356
1199026
849196
1016617
587052
481387
297628
667754
726269
454540
635147
409013
681918
317406
756127
400190
626084
500128
576586
809193
544593
653797
848415
651614
894110
559100
887500
647320
723628
955107
795704
937239
823190
795036
765429
777580
814616
469450
824591
346927
1009556
1104308
471640
999866
438954
1003117
1099188
1192813
559525
1134430
473839
1173051
566356
1144142
621760
1178004
367347
381511
1216385
328430
1004009
294875
388054
1153925
1096092
680497
1142403
537297
1066805
1140416
542493
896829
868769
493871
829480
867562
705253
857199
673697
867673
738873
602679
867488
684770
986152
756807
804562
833620
859037
861063
810184
954854
468641
1037656
345496
1073826
424984
919074
558494
787938
863315
644365
909314
496881
864727
443856
948579
626028
1035946
1053971
365243
1105820
437382
1123299
1194215
603832
1248464
638122
482970
1117825
466165
345283
892021
905503
432159
877010
521562
887338
577241
946870
512941
823638
611097
717318
472527
408466
1096305
804947
464692
333141
186617
399126
279050
418723
304707
505197
378146
586249
429210
500035
516371
569205
399828
363389
594188
367818
286807
774436
314745
525165
336347
332625
426405
507084
466416
564847
252582
655831
389809
720187
257669
593557
657239
284543
399324
384505
434295
246887
475439
346784
575313
478100
419157
460434
331512
1039485
473804
531301
373374
570502
377206
656105
721196
660853
521203
497060
482080
540139
696043
595183
421038
380650
460235
479898
471977
423910
484323
580675
647144
414376
480308
557096
1055315
630412
720492
392145
817292
470375
682498
771431
575528
519573
547860
536652
512053
572257
389285
754677
406240
786611
701760
563004
613782
615877
568091
477573
409719
372194
295777
331893
476100
356103
377080
291386
277393
345671
376667
537325
286048
414121
190926
232787
412370
406212
374263
412988
380333
465587
765839
448235
691797
522137
355749
522701
542865
308487
381248
349893
372217
292327
802190
762320
368819
374006
557835
843342
570316
260514
502131
323359
548081
686173
585345
382685
440474
528458
367872
446170
454786
493495
515416
598160
529954
588152
387659
480122
711134
552181
769007
824577
515238
527556
845442
468943
741656
345624
661111
725129
414145
760190
440476
928456
946488
470296
1035141
498362
344254
1153646
1232107
494168
1294557
539521
858116
302656
404276
977862
471549
1039457
556900
1021095
901355
585195
614347
663225
720848
440994
698926
453109
792863
451096
752184
532807
829773
654142
577432
578208
315446
551499
290488
631566
699221
365503
770082
732741
280720
460662
672539
578986
631087
728903
826595
883938
949187
923747
864122
372888
655059
547682
455211
587181
515029
461128
633525
318628
729741
324732
675384
722236
484194
693280
763565
273426
694535
364460
388806
366531
460279
401880
308746
419019
441091
462041
473660
660733
339192
476932
440208
501722
357481
347646
538807
508607
489757
531992
623351
928075
637776
719521
430968
804008
439610
263902
686283
484440
381340
367045
360491
496704
566942
556045
109466
562569
170795
261534
632673
308332
486716
208034
536570
193210
357627
220788
390045
186579
452751
503043
602463
676687
839140
765610
637998
520451
315514
571248
580186
637824
734982
427279
745961
805277
405431
807287
879314
973406
464716
245827
320111
468724
1360271
555770
742383
572701
616027
282203
366566
753709
691662
406049
456708
890712
559041
764324
638010
756225
269574
679121
330812
745459
359890
401656
914826
955958
497989
543630
1008910
519487
984674
566388
524002
514368
1047931
308734
1135703
870952
485831
718118
470842
706301
467569
548515
720761
380875
351487
410507
409868
391483
287756
195887
359150
234560
438788
218595
523617
355605
346379
631706
394547
493709
463017
602581
537694
676096
782549
868603
682629
1009267
665574
285684
884748
862756
391515
714846
789612
819184
566282
1011871
523786
962229
1007929
1064401
1154552
1126476
1216551
1242723
1256782
1311202
1125108
1070305
1347982
1115969
924766
1464393
1016902
991515
647013
1050879
306748
1062513
299664
1082960
325859
1174448
1183713
1184231
458445
1220312
650444
