54685
70502
16521
17017
14803
16972
14608
18625
17019
18274
13457
13957
17133
19727
17374
17506
12834
24662
15017
14634
18335
16259
16656
13513
19219
28278
12420
14962
14193
15154
13744
12204
12638
9307
17279
14051
12291
13502
13626
13093
11925
18456
12766
12725
14788
13631
15468
13582
14217
16860
14043
12954
13050
12598
18924
13342
13582
22361
68041
55368
611621
19552
729710
27991
395366
238094
13874
44549
13348
574974
133518
16137
14120
1050671
103136
145170
37698
36690
194071
14410
1038371
103011
22733
16600
237961
27063
651748
34996
14539
14825
12704
1188338
21421
10532
14021
392291
252747
21833
233809
12965
15390
16821
12446
17070
945687
34213
88141
17407
291739
185228
14104
16150
571069
474695
21685
17749
13808
13061
15094
1054833
40436
14596
332009
17061
222262
18455
15857
19131
2314327
211310
14235
14751
17084
460895
24752
986685
233438
179892
22229
115784
18975
684595
17571
16442
12144
345878
12686
155736
396738
107100
256464
21693
14441
33492
21257
13885
499211
535723
13088
16542
508709
303955
296028
15344
15100
851399
13299
305173
14528
216125
14916
902590
29279
17568
468105
19173
17450
542184
204677
251639
19564
88226
19220
26975
577160
12337
18743
370100
11520
500164
17653
11591
15521
13592
1219474
396651
180730
15290
824118
11863
12857
11593
876932
16276
12984
15800
722345
45202
723760
89316
15993
27184
510040
15568
14285
15194
556721
14819
19750
58423
15926
660260
15762
17465
655087
13241
279851
249643
399595
13668
490064
57159
17094
165231
15391
182463
265117
78319
280050
150245
100282
175675
14459
1129277
15286
153663
12369
21437
15970
19659
20291
20371
2732693
77275
16319
13844
254509
45794
301112
95687
22548
43426
17005
17735
467647
17798
14139
728361
17606
232001
276113
885172
15269
195540
13741
365833
381987
12529
12954
237173
14483
328269
198462
219902
18659
617293
49793
20295
13589
12779
11279
15366
320173
15203
16692
12612
463574
60554
23299
14196
12307
27986
330574
124039
382903
13129
249801
188538
46959
213764
14029
15744
895044
583976
18868
15174
14455
19147
14825
13142
1891168
12839
12575
14918
11721
22255
852397
197160
12500
11181
842260
323791
184849
48024
15968
932359
19813
22335
23450
582446
94300
130746
16224
29416
424012
655369
189377
24553
17155
12312
13869
1211431
576343
12316
15203
20973
14152
810272
229153
12553
13807
10778
734173
11968
16279
14326
541382
418745
906465
419192
472261
465665
697706
857236
739998
519703
465977
632421
709199
834581
930721
777931
434004
1170938
581767
494269
609453
893697
878256
1058442
876221
1543457
699785
1041975
1130567
312070
375168
1779418
1211202
324458
1079619
228021
295649
699797
680736
2310060
2308379
811403
421842
504652
487287
310316
687381
715743
468135
329745
1082832
1013429
396565
1126256
421569
267074
343715
949589
1033445
938519
1208648
1140862
897277
1320921
1086429
1166016
295051
825107
1464250
325734
1708997
345631
585959
199118
577758
531469
553902
686277
632885
644234
454537
565693
439642
288616
297158
662075
337952
680902
1009220
832960
993533
281202
421508
657813
392000
1320502
722089
255787
1561873
763421
665203
955165
375146
1134651
183275
155491
748316
757555
754712
804656
1266395
501242
1461707
547071
410280
451889
351542
1093868
475290
867358
850325
548707
446261
503506
503922
564037
667776
375491
1101661
894388
533435
525357
957076
841052
827149
251328
201789
285692
983614
208003
407746
259697
484418
2974329
2778264
623564
732356
471601
779254
550470
675964
730063
685444
953733
2158541
602343
1984841
1477963
381912
598734
416358
489311
247983
1168547
1035759
1376623
448411
235811
292223
962623
1591943
1449867
258815
1944967
1169619
1159125
515410
233493
1367672
293326
1108468
568279
837889
1233896
1698669
2277632
2193076
235905
1624416
598127
704425
1107168
793226
808609
481294
194625
2212293
1947052
467407
250625
392668
248736
3082815
830533
1704469
332018
1028275
545241
257484
760231
797926
850355
711121
778439
542019
911733
903648
724519
724441
1762228
1980155
593329
674332
722032
567616
520712
582309
1902213
473688
1414348
762549
347525
149722
1571712
422272
546161
1008644
369827
728357
571199
354542
154715
438286
275156
1702582
1559442
979817
290033
502658
994546
1218984
1457081
769327
312471
317837
268280
338441
342553
312085
1642725
1484793
884504
236854
1011129
279079
317176
308500
313501
147274
852641
1352748
1011059
1448473
2373131
600354
2131378
1047530
625607
1136591
813426
1509825
1027378
214758
206200
702895
1855799
258040
1133665
367715
263204
647060
617402
552545
332552
484473
1846946
1791742
1257925
1397748
1381824
647569
290314
342648
1010622
215969
814616
845261
494752
629357
1086215
963154
1554912
2202820
1529406
396951
583114
516465
592811
445296
676155
520317
946780
241037
436508
209665
452938
295916
2669121
3159039
1520870
2010519
1421765
300422
527462
3127388
403677
653870
2482097
1123129
482477
693711
596899
588846
792162
194850
201646
859490
954891
442516
689421
415599
694034
473882
238271
427491
265686
435221
1370062
1676368
1079156
383771
1637074
498728
321848
1669413
531986
533768
602846
214939
222017
613807
466645
1594140
1505181
574482
231428
440985
725478
437960
1438227
1426044
349552
620022
1090595
1096601
688664
249348
895996
202211
373710
760510
609009
263557
203000
502801
417856
716858
2367563
397919
2951005
1385475
1313940
302873
277798
332584
906644
1062299
1003644
1001619
573703
1834921
156781
434263
1587475
1501005
576358
1023373
1075066
1278409
758987
334213
310977
1483836
583059
445693
309416
1783516
354528
1844694
667211
766020
1181912
713561
1628564
986416
336530
1567249
368360
294483
1250735
789564
881170
643424
703747
919977
476011
1064874
426069
675943
607818
684991
707860
588797
838464
815865
847936
878039
218526
1146978
680985
229843
1750618
952318
1053869
825837
901363
515550
838930
813770
695352
419718
476495
725131
548879
647406
744523
634608
501938
1530962
1616334
683190
763288
461625
229259
1020761
361002
356139
1210738
463687
254640
1447438
1126014
273433
1358239
656424
972285
1323308
1523080
238784
1159347
743897
688920
451816
988058
459177
474730
223810
195144
528684
291665
512197
301101
583894
491085
624591
740742
1049122
1018084
1271529
986379
1000501
414561
1330576
1124439
1062493
517370
340595
738582
654037
1233298
680983
331761
1735627
913986
1193196
207004
372261
832018
1377795
1592288
764899
1075864
612406
394398
305419
1837730
1583690
779591
245196
279142
266997
1041684
520762
1167009
596839
560309
542617
371987
533636
217139
250526
2051452
2136597
2429773
178058
354564
292711
1669604
438553
224502
2205857
1286894
495975
524864
1425540
351257
803628
526214
1408176
988470
1926567
872451
266043
2016300
1402393
1314762
228207
1075412
812163
1783374
1512052
495649
1224059
498835
251144
1007206
1430419
1391164
427044
1003162
2054967
221491
205247
1600684
489054
898506
1185753
724404
426256
206582
263304
1143681
1120258
580119
771614
736202
659782
1202434
1038469
958844
902660
1100361
418843
220832
467954
288030
1445572
1253817
1899340
830896
654426
966068
1493367
1315191
2231670
1389133
586346
1506439
232173
316985
1303835
1129499
713593
650361
730900
1046492
259472
668529
1399123
1366073
523004
661278
1450588
1125668
2202660
264963
773366
882614
596073
716439
808790
1203033
1046432
436295
1290523
374263
935744
2676078
2238215
1518391
671499
394686
630153
743862
816471
854593
851990
414506
901364
294666
364452
730694
633206
585434
634069
305085
769223
1329696
1413597
598611
1126541
907229
1665804
1133981
445803
883722
353540
814675
862530
550195
1827003
859518
497836
310656
2974840
2900037
285709
362437
833863
834639
598686
251500
736824
609910
657989
629173
581689
624766
535418
698936
1493395
1153460
827649
908399
215562
393998
368459
410277
453694
935267
902635
1023233
1234225
1395630
476464
1009100
234505
231732
405072
866976
385322
966389
949556
1542504
1678054
366215
1227061
242625
407263
1321325
1178355
574229
570579
1414051
372632
728982
695421
663385
541368
220868
254370
778204
749468
496492
597408
547811
770562
256809
1185559
276389
2167578
431643
666405
389685
2532406
1453984
914419
668534
624314
624861
391367
479152
690655
1829355
3358316
631907
2207682
945105
648539
922936
703418
389433
190041
630793
346051
623040
653842
521363
430693
320314
1187357
924671
380310
464423
420047
264291
201851
892459
752529
876241
745300
823532
583706
667104
600079
533718
682830
225566
316719
376845
575261
387210
1599333
1677041
768407
341938
562282
1457909
1642306
446274
509755
621414
1512051
1320405
372676
1615062
528813
586581
567206
676933
516061
1474616
1329371
1588847
278115
496738
259407
345059
216299
1355335
277938
497748
562865
1992654
197000
294711
354241
339969
430593
1578710
444243
723967
512437
308581
401057
726107
957847
1175529
256588
940569
567182
539241
1603388
981446
360139
575317
483964
213452
720711
733058
1410159
1532972
600172
411875
2199691
270705
1167438
621631
929599
514016
1076947
165068
572129
1175108
1521049
1576876
223525
816042
1557940
333274
1142102
629532
503022
278059
305577
1129041
344818
961190
450040
641546
834591
918952
839407
1210590
1098321
998813
895826
1586299
1380300
468139
1326734
500838
396703
1808368
1677346
1001487
257055
529723
201569
1241193
501334
1255662
657949
675566
911203
796059
268734
353247
1180568
333467
325338
1293299
1041131
918457
1039748
512764
654332
1992019
209744
301816
594978
487820
1998071
2098968
984279
980966
1313684
1458817
246057
1241280
516790
1137323
230636
275698
1783006
1292950
1498510
1104147
577377
691702
1050636
381460
211390
1637245
1257269
1483697
299775
210454
919066
946243
520591
1153674
388185
229098
2374049
1745314
676374
680307
3163455
1653094
896845
843184
245339
329974
694116
696472
731514
1092014
919596
825649
223792
1093050
1814785
567566
1808671
575579
972005
896059
527000
426139
753276
1110850
1986289
517686
1352153
896270
867648
658064
2466567
1134275
2701074
365119
677273
657125
948315
770645
1315737
1099896
792442
758240
1867953
780349
389587
949664
463927
582574
242652
299125
356153
985271
1031642
843157
428173
1442345
649443
413185
239969
328397
806122
316934
3022096
1873176
577719
671620
867817
748278
897425
547391
514628
654838
568210
515736
392046
761870
743055
218073
720601
777340
847767
273254
874635
451015
615881
700856
778938
875709
859384
826281
632108
416160
1561822
590028
488607
693839
852907
390170
407380
1652803
1295903
932481
1021743
498654
742676
959649
2107032
360225
721728
693154
306826
326323
284040
400850
592186
585132
549174
954697
1255815
760265
501431
1873394
663769
893686
861569
1155270
683294
479645
210489
275706
1687570
1654249
562415
1618115
314640
663548
193840
1780621
621023
289946
1916273
273769
684778
813227
821380
713605
911394
987053
1904976
377415
1750548
264585
252396
1588507
334618
622905
257859
920870
596663
223325
1037678
350153
346611
338144
376818
1765337
1945219
516562
1654270
1622614
554989
489629
2956060
215272
921788
327632
310146
1583838
725140
1781571
714381
337823
1160978
610383
352412
237691
732511
915367
906117
359752
636365
1163137
881222
910330
614996
443997
1091323
430423
277227
168921
164628
245337
310205
369472
448910
261295
1041205
293191
430253
270855
258498
274707
1709942
614179
360976
467043
1851388
583543
304310
359215
1986979
255672
379503
494775
1827061
492003
1475160
992687
930924
243551
305075
1286152
833643
583830
635711
1321969
1410087
1605608
1296685
340088
224909
1683899
1622055
860814
688513
457437
1292191
677555
1639776
1060366
230769
1429918
308802
410081
448085
414654
451880
1531024
438220
667000
1985814
471478
1404358
1009310
567227
748368
475934
487858
426548
843874
627928
417772
1573242
1476082
1344297
721976
619639
925457
712115
942441
1539769
991040
970845
632856
824001
1792076
1827598
2124171
905695
226682
1317111
1000386
511694
717046
547571
441190
425569
287804
1009180
402571
1942824
1368351
638416
435290
1411614
561857
401608
240216
1213523
190454
1124010
219136
639915
395176
526158
735589
602919
1484851
1452188
627731
626294
650622
424827
503928
711018
685692
280708
561693
1247318
987664
393475
328680
815015
235258
583497
138038
405761
290258
1520487
302155
401777
221848
225522
310878
348090
437841
2619011
499143
273554
1437306
1073774
1155855
1407572
414827
277969
194185
256453
1233702
512099
255333
1081396
517248
755997
602906
1051035
682539
693959
961440
627931
893946
989334
1479481
561391
327073
215802
228171
224322
213767
1416094
884412
521490
2218564
458709
282503
1602790
1085463
513233
630531
662579
708899
1361244
694819
200974
992526
1353950
2328072
726136
1894194
1038989
794688
1091347
1948669
1304128
595372
660291
1469451
277368
1154037
350518
1112246
294113
470774
285903
449324
1568257
1108975
410761
332307
520830
346294
670968
1322549
755211
1918854
1327611
407133
1604448
404311
285643
1485406
578171
1651865
252717
566955
321224
419314
301531
309956
211057
1300523
1328418
715648
676491
1153332
667367
252842
322525
668416
1066618
237050
338476
900435
736136
681149
674657
1117793
772885
655577
275605
1549705
367271
1214312
567627
537178
699401
481538
1134934
633294
407234
369415
216166
1790302
401849
202501
1500588
2493947
2078073
500506
625469
1122274
316580
1192727
259211
1498839
1965152
2100740
792848
1366916
970166
281509
738803
292667
396894
1222066
1469943
1407033
918844
964755
625350
1201223
680847
1317036
995160
1173089
1331848
352653
273659
818446
2160379
424117
2074462
1093630
1561847
794699
610145
524755
221527
224958
692734
1826623
1706743
1753874
519915
661707
843189
1150951
853773
862927
889859
937382
1033773
555069
1147179
525356
1379122
1261370
500962
420385
297442
690797
226931
819429
1185509
839579
223174
271954
858072
434619
305790
278698
904551
1180937
808928
219909
190633
578484
239994
1460487
278323
372994
471453
1317876
848561
1287408
1140343
817375
1153641
911578
289765
369771
721436
2888912
1056787
431312
356272
4185591
2091284
816090
1534959
282844
913058
671111
283551
1206808
482039
828521
210335
859221
698306
852346
230819
718432
957720
972353
626783
781487
728936
396600
284087
524722
308249
338276
809540
900632
465383
214542
864565
350263
939849
960808
240817
1003418
878856
718179
1669184
706600
205458
248807
297765
2076291
1212355
580259
462929
546521
486391
1111610
1906533
2004571
358441
641850
1052414
1211067
514657
658275
367943
820858
368054
898558
1096803
2632548
341802
2626556
301939
344806
281421
843611
245764
878875
1054895
1288827
2086529
1538046
688601
1137162
930514
2017198
273600
977881
842957
486874
929137
768188
1344452
1602201
1540376
895377
229183
418565
993874
756506
1021727
721745
1304815
1482997
193359
1931560
950943
1655557
880484
1209992
234842
631777
568782
347598
229853
794777
489310
331516
277728
470595
241954
448904
264697
191132
423646
2401695
287040
378038
210063
208664
264627
271104
551380
251377
3518251
1792218
931897
213436
334808
260727
309053
1428601
930516
1815540
229893
283532
387416
642330
340906
299022
472064
2783324
304005
2369924
867902
702395
766182
209969
213211
2439070
2142396
1500603
862254
527927
209526
1108876
284228
317332
1063405
774726
871666
274670
776335
336608
831906
546270
740981
766465
531300
218148
1093971
493544
1243008
401700
893364
428387
332849
2996086
540789
233413
2355003
612818
1248645
494326
965700
407034
283219
334575
1171198
504893
811055
447753
899322
301202
1021225
648128
738067
256846
333657
1128305
1476590
789509
676589
1012251
832842
566778
1019589
797587
553320
729253
1206273
478086
1620186
1390802
610008
639161
562699
595932
751721
1152291
1534261
774576
1735158
375019
902991
448934
606914
206936
504856
313378
1084617
1016948
626969
503687
212564
897152
1362486
1335060
1424187
486480
1163728
605411
624784
410879
192081
1485250
449879
213352
206533
362136
2071211
1237562
599932
953516
461560
281631
336206
1266517
599897
1486927
1128889
1066525
1246014
438202
790900
654468
922642
1196193
1340254
595501
483184
1681463
1469726
549316
809716
878740
452228
666407
252448
338455
616462
560738
1190801
1296038
1388998
257337
485371
242813
330176
492113
872075
242072
1088484
900452
333789
197762
351747
305688
274410
2289155
832693
1093672
580093
1027767
238019
333228
225372
291995
4816268
329649
746642
223287
4113187
1297047
605109
511468
1070238
306608
1074731
1537153
951860
243533
1011069
536102
1070942
412151
1069162
278692
442684
248413
1080653
980809
575052
926943
639376
262935
1121643
1671844
1685209
601881
754233
248852
622802
982404
1049316
955101
666458
302775
793514
269832
695327
504143
775092
1076367
951116
766520
1118885
622210
286009
315207
444684
376372
1872868
1819021
565547
286797
742916
673815
651605
1505636
1044971
419915
707287
828060
1058286
305075
978060
449094
1069814
251887
390182
263733
2307020
2038320
1070792
1072605
630723
832108
2059625
1019735
1062687
1088401
1247221
1278891
907529
1327446
707430
273373
1426878
343523
1484880
1205323
1391483
1351970
569081
840498
699843
2141479
761102
2122999
257868
988558
648321
455795
571114
415806
1011152
1087415
1197619
1080270
652749
695372
1450316
244533
1128172
826692
1094980
746656
1471813
655339
337620
530721
1335538
324654
200164
228095
258658
2366339
2373334
572125
898991
929918
722224
337061
442705
252438
416677
233156
230528
571073
243161
224463
2942605
630483
2680052
505670
1033647
1291448
1805762
1015794
402254
367119
415979
2369355
250783
1736940
1047503
278285
222993
197728
501356
1958853
1604700
847834
700642
1002831
1003087
1389765
1453245
1276483
1507515
1641143
2122813
660072
322886
619752
371025
313626
723391
1395297
536629
344054
265769
1842828
798602
235228
1285720
342766
1172281
634564
892103
665459
880199
739949
720781
721718
358235
419731
920920
548401
596859
1679216
961408
2371616
1106832
669709
659486
402851
911666
1845862
1411424
1123884
1684463
1670985
1457209
1239968
1260938
234541
1083585
776324
625549
805514
800317
583378
528463
614879
645514
995474
851972
1950061
1790151
775935
1218756
331586
1111363
1082101
686248
648052
982151
948887
926543
369013
248042
334579
1055160
1120566
710193
1177895
227235
939196
249983
728100
438126
500264
784096
773456
1186550
1272092
695610
715532
585675
1932008
213611
362594
492969
1159480
229916
527492
205452
1472034
856168
598733
688094
765492
928084
733576
469443
931783
1006900
1024152
456429
968269
796346
781631
1181002
1184972
316277
1307553
463318
282526
386850
890690
289060
915410
307292
520740
280684
972917
1047648
856694
650500
230954
313441
470044
2236760
850488
550249
2896536
1243212
561146
661589
714181
565363
565177
1151181
621530
535363
655334
569344
333712
727632
1268795
1292882
500595
870167
297888
882992
272270
605957
620049
574242
877417
738377
1315952
356257
403157
1359346
307949
601326
710006
2203860
547595
1869680
268757
346230
477539
327445
267282
253668
219810
2031976
898832
1904113
341162
461149
274743
376495
342602
447849
502193
923962
555027
1400398
403108
262953
1789664
738055
606774
835162
909232
632815
722176
1193143
991608
736122
817520
957487
919034
2569205
914047
257245
286086
1099260
339335
831302
369429
422009
793655
883437
2369173
2314231
431416
709991
466913
354298
290206
612399
950650
167952
433917
954320
3214201
3024335
451451
468520
425374
410103
1771330
624476
640988
260939
1084010
1387289
902238
624812
1190759
897620
214379
1247410
301034
1330744
470378
434948
495303
586560
750531
1119882
1039703
213231
354737
1062202
642155
409819
822966
235358
1745825
1713099
533962
1050377
1337075
1109711
2101589
713944
697091
2257272
1475127
834645
926858
1076292
1686740
330034
1295220
523357
941977
465747
960696
832625
921669
974370
946725
1179716
1044872
1204576
1014459
1033704
589318
1429551
1545386
1171639
480967
1158217
898671
704273
1057384
694209
568145
845576
908783
987747
1001190
1097384
1572366
1265936
1198546
1010737
675608
1181498
1022345
1055143
1232461
1246889
887838
1027427
1037259
670871
515633
717640
1105078
1239980
832707
607373
1691812
453107
1280605
367917
577609
476071
346279
1740320
351943
270838
352682
354958
308703
1987092
1167099
689920
264110
476163
189723
1758297
582985
1909229
652566
960109
1117437
1010352
315504
211475
878466
778429
1619742
894627
1741671
705000
1139054
1157234
1583693
488482
1470273
582852
668947
775568
805956
1191410
1000484
1125371
718169
295696
1319379
1545210
512364
1127431
1730612
349933
222488
2004651
1162708
882606
524452
686572
276519
411220
273639
233138
1619698
1713376
1042093
1205915
1165336
1515076
254728
1231396
327242
1368111
1209881
711416
959989
1208915
666593
1165624
2535920
1477123
192770
289741
664967
526173
1828109
215834
615203
215208
263804
2092562
1234173
911375
1470985
1384237
538461
1403394
1581510
1134181
1171849
729285
1042617
371929
257208
355284
332522
1000508
429168
447180
2403764
2587808
1586368
457660
1047562
1352284
1080300
239191
1303215
1284050
1409649
1104043
406999
1000003
274019
505842
297414
519493
394805
382766
204715
275887
309769
384537
480377
467092
434266
1383647
1585732
798830
486328
233084
617567
269379
391418
2070865
1652093
433300
671204
523189
337993
262961
356927
1513821
680431
266699
322216
1560016
287991
579457
801482
937251
833352
241634
249376
703055
230356
238850
812874
360043
337651
1099386
931030
731490
933202
1073445
248083
324293
366236
334386
250316
196587
2455954
608634
310334
272644
2775749
756048
1656712
726636
980464
1564981
1438602
1675231
415476
886197
417058
590740
678508
842418
800501
1094672
1222273
497707
991982
556758
690639
937562
902255
268657
238697
1890680
1639721
1161844
923419
243366
1033181
1427794
391560
1524267
324951
1092390
800309
233306
1603023
855469
1367993
466537
937513
1157871
1002126
784993
586529
550364
2229444
2027961
790149
1049354
254216
329885
446930
1502535
1185935
446652
405641
636810
224194
659349
833302
616094
727174
353532
272107
1014412
709406
596495
786128
1114146
971678
840002
615222
273404
449913
1499763
321490
1494050
504351
957102
1307097
1046930
1716143
1110650
844254
594896
1170467
202439
202880
1219447
314144
347157
234619
438686
1640154
1197435
942351
612119
1821157
657685
341410
1802535
706159
600242
960984
549109
1199048
639607
382755
243314
209832
606252
1882160
1206198
552379
430106
418715
570487
316851
548143
1926618
2077939
506852
441279
278172
582773
281772
1341807
771294
115366
1583264
277460
1307586
654696
549759
478383
269049
295258
485892
2187138
1942959
1120314
1021477
298370
197885
1264354
591812
363492
1261021
351128
359896
1496290
1244649
1678869
303736
723606
2789298
2439320
836107
250536
730808
715748
432083
373515
781245
819734
424091
563474
1217103
872856
570510
258585
1988479
1551702
455951
1455288
1090204
1189492
614930
739902
1431146
782706
520137
355419
1143905
1061582
789016
1673310
330236
1083314
1573984
199140
772807
2148238
1237077
750228
701639
1383180
360673
394449
1984724
2013598
661843
1062975
860310
602591
728493
282704
1524376
1504687
1144095
373165
1338017
1879450
1291815
1542476
862313
637185
592222
536275
453126
296188
207947
437394
1981851
811263
307110
2224155
888435
747805
733884
1344796
1354231
1258695
609083
941028
841307
1028970
279203
610735
730878
634546
591694
891532
647402
913331
985551
373205
808601
991601
1932822
890891
675290
398770
1095271
1192700
1071407
621673
529652
505548
546216
2261998
718578
2484902
883653
796400
897408
891918
674471
563906
2191393
253343
498513
306909
359873
1787460
2179667
818068
1057468
1239196
985387
528098
525302
644815
404234
324639
1420945
333126
1443484
1218515
1319066
746269
1660535
981876
470350
336521
1189573
285196
697177
1218484
1174353
874601
1010022
256374
1398762
658711
257814
1460962
289806
756064
549642
211076
687183
217759
1155919
746843
874967
197232
512830
356636
1025116
1171327
1334870
1159792
690521
758282
459770
462014
460750
229817
260477
842474
832947
1108262
901391
553773
1047947
697516
658097
243491
357102
1104265
1239749
760792
657520
400988
1172651
326897
609037
669122
1954116
208633
287627
1539588
764764
216488
919205
919913
432461
237715
516698
331710
504473
1054423
1126349
1078875
682214
762946
466351
1609463
672852
1813993
913583
713541
1367448
1640038
843772
733832
1686625
237180
205781
1847673
1142350
1576469
467414
477459
476667
343380
705870
263578
948901
1019759
991949
766935
433038
1259990
860148
2054722
941070
282496
1894554
488375
304081
280104
435361
260666
2260030
525543
329998
1739605
957994
689095
982645
1014088
811745
257338
842183
750576
595059
745691
641965
528079
535081
253848
1429284
1602787
842916
1335119
529229
292847
1819950
904721
1800663
928016
525522
190240
1049592
639814
268756
999680
526801
896547
272424
806926
1448339
403345
1824852
717934
298332
1682516
648109
946425
460666
500397
575703
527299
506827
286571
662211
726117
817850
287435
989386
489012
1229220
1138056
1219707
793758
899954
598887
976774
277530
311062
1015314
920461
1173661
1733772
1354806
1059245
1069475
1057616
1434780
535781
430611
885070
368944
186422
830835
594279
730056
365830
946421
1128609
586342
604081
414448
1029135
481833
253913
1058542
368506
468946
364863
554124
1626409
369796
822837
2325316
1271965
307542
313820
132526
250973
343891
879226
966089
325468
426763
743712
485286
261723
530306
211337
243481
1662902
795510
275975
406716
387192
220645
3149453
509893
552717
2333987
242849
917415
470578
893972
637543
1081812
1075574
280608
1027893
420646
1101952
830983
1435173
945260
949462
1023489
1238567
903812
287233
376866
1563151
459546
1243211
512308
265024
322659
493457
1336485
227639
1433777
720580
450271
217457
413179
1028338
1147914
360727
405901
232078
259420
387080
153114
205830
2299233
488623
248798
1915991
791481
450671
277184
720535
569894
310684
1159368
1003556
1735353
1464783
797759
720167
974219
222006
1711565
1732934
709160
976593
2311119
1049027
229619
301659
325080
875338
500080
216084
800998
364427
236499
1878991
1894878
670621
865203
987869
875558
380059
301457
1110945
549251
297207
287104
460745
2002992
607849
232344
2157578
872835
931545
923564
919703
247879
847157
600613
722900
762231
348966
921355
978706
941294
613883
220069
267197
1100241
1147405
1205128
1131496
1067843
865452
717902
255729
311097
378283
1083282
221081
955872
342287
777795
529005
833437
568044
913504
996901
287819
320876
1977625
1182621
379191
262926
337147
402113
426938
314612
704136
282306
322866
292580
319627
366581
4333226
349903
3556911
658333
230580
324559
710019
297282
2346176
1769893
341460
812838
374330
700073
410488
372859
1457848
1392901
751735
849584
980595
431396
1925548
457648
201073
1867564
703043
397382
713130
903841
388815
269680
304991
1949536
1942243
313416
278130
666082
903917
390207
292685
1171228
1271909
1971246
1920318
261682
1303067
316044
309810
842124
674757
860809
925163
979310
936513
1096830
934850
384668
2104459
2336177
1185689
878096
1018108
1439346
3867425
295324
1608568
534317
1490800
675893
319606
1919729
1164036
808975
230837
329934
386130
436250
1783947
975430
529376
332330
545771
2708965
297062
1524750
634230
216281
419711
1246571
471993
1439044
774329
589597
488214
601902
585544
472891
1579388
233666
1304066
1330236
422399
726178
649868
346689
184158
963570
2032265
1935090
557491
442695
207444
280584
415118
343223
1942436
2044950
736582
798993
458419
290694
988518
971577
529396
558068
574758
515021
690173
722841
791087
1063234
618445
1008083
477982
625423
594777
548418
727729
675273
730312
1487506
907416
650165
665762
727624
727199
221259
841530
253118
671093
1593735
509855
377138
232170
2204692
777607
1259363
670883
487075
296747
480372
389453
1729013
1612153
843140
599276
629865
700716
1082150
641919
138162
234217
1458127
632320
2225753
2039782
1559869
265576
680780
271279
460814
2090495
1677262
858969
898845
973675
1036300
1188368
1430048
1556497
763108
1073839
1144459
1238865
2087609
659209
1647252
237407
313681
677699
509292
329743
503189
333934
1800869
841790
1717299
293318
506585
237293
700776
406190
129388
117143
893544
737271
600798
434122
192539
291489
668206
262708
688632
1540411
682734
261359
289738
213813
1609611
541908
202067
1326611
498610
257687
1010575
229141
621198
256556
393910
481957
362663
739038
1133019
788284
1158361
711070
738255
608761
1022472
1085496
1812435
1337848
1549511
997333
199080
256893
1611793
283193
580059
477146
256300
1954985
843372
344272
353914
2184027
1670323
302042
529877
357950
231863
437892
653204
817815
1306123
1794915
1219732
727803
2382576
365675
1197442
571311
225062
1071392
776246
979815
879151
936926
1008105
2414922
2150509
215422
242988
1968097
620756
803089
207883
386561
1991827
1925819
652819
492614
938677
294501
320341
318053
2091064
403670
1808686
445462
521275
918681
353906
285592
1447671
258310
1382125
724865
906796
911356
529448
978513
671301
487066
654948
531358
555234
713001
1220496
1016029
130566
533852
284572
1119809
308304
987912
688507
851326
951946
904811
788650
739987
652530
862423
801259
651145
1216930
512328
246292
1263682
1639170
1024073
1645616
806994
793997
495722
773001
765302
1004523
1037745
601237
1015482
635088
337819
289518
366367
614026
1436169
451126
1101432
282619
445877
1012277
530348
1288302
647766
798834
274841
656245
1120393
1509531
857734
2547872
738026
2242246
251421
656356
425953
410354
229951
1225804
472687
319975
1790535
803027
254192
343850
1391053
815427
625155
811435
250187
1061333
539359
1107411
887929
527747
852287
1023142
871307
758397
271371
909702
410994
246621
508466
366952
250691
324787
2087252
1523605
765097
636003
262514
315293
339515
797979
530564
955737
862964
1021742
1263198
208870
838122
492833
441102
1245131
1005433
828659
880849
412675
916390
719025
423607
437001
721199
1164441
1183973
596154
758270
911981
1514304
1332501
1010755
282306
1625521
1275661
561091
884210
762038
775401
849339
361988
1034322
613436
908614
287832
337941
949047
656107
392739
894170
399258
970791
475202
848374
299471
513532
413457
614421
739050
434954
598063
513806
539790
242000
415719
450084
507193
301147
606336
1625864
633362
1700320
255830
310613
430158
1095335
838215
485767
847591
633312
804941
520629
626253
696093
761941
759368
1368802
1278140
1280424
382779
464771
571088
316817
823903
739157
675020
970437
1477215
1967067
2558822
1820149
715733
718750
811116
338574
371224
1443413
548817
2008814
403669
203186
221744
1069077
575472
235280
241772
325124
415071
308109
1451466
379977
315978
1056690
294812
2697291
958636
2710829
546639
1376034
331930
482324
356493
1334728
541606
1779748
1541666
1145601
832926
1895131
1240705
1413555
723741
659440
273892
838188
685353
688952
2032307
1560419
915518
825660
908667
832105
788449
972302
2684474
768029
795701
405055
846131
222113
669507
355293
741639
788469
682663
746038
865954
1510882
279379
1278008
1446365
2373148
739219
2525538
626178
322975
137317
1801863
796441
1212168
354234
1041823
768018
648169
729998
504267
637865
252689
351422
367028
746247
380032
690187
574840
317990
887361
294976
950060
1230577
1894192
343717
339043
971390
310524
292176
3068056
423124
2427692
861722
528503
719074
258684
643239
260159
1589346
601448
248990
1851977
589258
804317
225721
509627
954795
711835
327260
560285
1202963
1117623
932812
914551
842715
1333116
989161
1428090
1444927
1247591
580474
1299916
1069024
783198
911807
1861259
1581394
2904458
810772
735773
1128503
1171383
686786
773864
456215
1233394
1031266
702209
125490
676835
520820
631190
201881
1009767
490466
305488
222327
1480448
572486
437514
486994
360743
2198401
611189
257659
261107
296788
2172873
1249501
801968
1140742
670193
1014639
1182791
798299
857624
248333
477636
283991
284991
1205995
341061
124151
363200
1428151
856904
619969
326095
872696
306398
217038
1214696
382174
865460
932796
976409
1120780
462779
257412
989391
290531
579954
749754
852043
1217311
778994
583767
1763007
707991
253092
276949
709277
613863
1035137
418274
1704361
451290
1605736
615170
1070593
992992
609139
269342
951429
734834
626344
605125
362472
1012993
388038
507594
238791
1126395
1070524
501796
709606
509615
444390
228394
332480
865974
941371
575013
851119
939753
201936
278148
438457
254430
348625
1025020
294405
2932834
2805825
584147
550617
683247
1341237
1362927
285176
224465
308949
2279955
972755
2825494
1202253
715575
862982
695279
522590
240780
1500183
1863464
773302
1192379
734775
669154
852275
517204
613985
256176
859002
360488
916235
831969
865742
1228344
768169
1354839
