51720
67466
16177
22732
14909
14857
18773
16423
15744
23259
15713
13595
17428
15878
18825
29944
15954
18344
22049
16909
24250
19958
22197
14757
20029
33058
34160
30725
15397
17984
19547
10212
11145
14612
19445
17145
5672
22731
17052
16304
21393
22693
15495
16860
17047
31987
20767
21166
24271
44102
31308
33352
15954
20916
21470
18347
21813
16267
25803
18525
17730
13066
16257
10073
19834
18813
21710
18833
31092
18232
13581
15633
19698
11351
15378
23440
19352
22378
25007
16487
5299
21867
6985
17226
17159
18862
33319
22503
7011
25847
16859
16313
16722
22436
13962
27585
18599
24269
21012
15565
19491
15545
17190
11370
14735
16931
19001
22298
12982
22063
6795
16960
18082
17592
3013
14355
23249
15034
19478
19873
18873
27108
17699
16221
12973
24955
25352
24194
18564
25212
20311
19325
35750
17353
33869
26430
25378
18556
59083
63295
40192
24293
35640
20470
30365
38825
47279
35160
34225
32952
41951
4421
173877
143266
144788
68032
63463
8426
17750
12284
23028
21510
14876
24045
29698
33480
14518
24016
14977
25112
18377
28226
17549
26444
20760
26545
20958
34167
22103
22991
26394
31044
12356
19234
25757
20214
28009
31244
14049
12810
18898
27732
33549
10900
25561
27162
16405
15112
23728
18473
26826
23252
17108
18074
14742
9913
19989
26261
14309
29277
21523
41889
16918
24293
25522
15918
24767
23876
17564
26369
16766
27935
27697
12964
8328
15438
20820
28607
14133
30318
27399
17667
22608
19896
24527
32019
18508
15476
32761
24884
19421
23837
19693
31977
18813
24800
29146
20033
18407
14448
30061
25819
38162
20066
27979
8887
21269
17636
19069
27956
17047
39844
31548
20242
38561
18768
23394
14634
39730
63630
28664
54525
5146
38194
26315
19550
24946
14016
15049
4870
34690
20875
10418
17891
28249
25096
15826
5272
29254
25636
31383
24488
45998
13989
25593
15495
8551
16220
23303
33134
48074
14027
17162
33214
47988
24589
7436
18811
25642
17850
12637
26528
32094
26243
24357
27772
17260
22643
15893
30386
27746
28956
32541
33317
26810
15443
32739
24807
15742
14298
15727
28604
15914
30412
17024
19846
20765
26697
29844
28445
19329
4339
16029
29828
15632
19011
26013
19102
12122
13940
25518
15867
9326
17739
16774
11225
21326
32221
32353
53140
15988
27121
26899
42630
16178
29399
36912
41572
15997
21832
21466
15469
29340
26165
17750
24083
24676
16781
15335
29460
36532
15895
7392
16734
14928
15791
17196
15815
23976
17520
19348
18340
19141
26159
12733
20200
7893
15483
20479
28696
14055
46619
13968
16353
11997
24190
21042
18531
19902
27278
34827
30064
38555
26637
27866
30039
25625
17993
29409
21924
16601
25805
20030
44609
22491
31414
33699
26857
14034
26764
17363
25190
36766
31631
38265
19607
18449
22875
29548
19517
18302
28867
23328
20481
37626
15193
19845
13389
13719
25303
15222
18655
19051
4645
18914
13571
33210
5518
15203
17157
17770
14989
11899
15198
21703
33434
26431
15361
24825
29416
15838
27542
13314
22388
19404
18389
17198
20536
23191
22127
29055
30210
30285
27635
23041
31396
4484
27001
22028
14463
8135
27961
24467
34057
14378
17129
16857
14221
20469
24747
21633
18074
6179
27794
33136
20704
31931
14044
20665
24984
17284
29497
32640
22577
22506
13003
19712
24054
31857
9659
17680
19518
16427
25725
27187
29910
28451
18555
27837
26146
6753
28195
18729
23623
35936
33168
35792
22432
17319
28904
36604
28672
24015
21686
25967
29923
15568
13958
21632
18522
6861
24198
20413
29946
12812
29529
4612
14324
8326
12433
25574
36435
22726
23538
27870
19313
29565
19809
25299
21567
26864
16157
30989
17507
10011
28107
24527
17541
11364
16413
15877
24541
10014
15975
14135
25171
15037
33849
6429
12820
27249
11642
17567
13785
21821
23834
15849
18902
27395
20813
14604
15843
17669
19320
6791
18546
24594
14640
28695
24847
14537
22100
25690
38981
17937
34520
54013
49737
36162
18431
28921
26222
33473
20807
24851
15236
15900
16193
25198
13304
19534
22578
11506
13847
16317
18330
20218
13788
31452
10138
20345
21250
28604
28807
37829
8373
20521
23035
19954
20343
24336
9683
17948
17370
16058
43570
56244
31631
18303
24904
16309
13497
27850
12745
14853
17995
21852
7301
29174
20915
17146
33919
11571
20166
8243
34843
28962
16301
15297
18083
13711
23303
16843
14095
16795
24545
17891
13529
15213
26744
29390
18392
14948
20388
27173
24771
23101
25854
12483
8960
27432
12874
12943
24035
25792
6435
16916
22460
13106
4448
24025
30317
31640
7701
7551
25645
23877
25524
16605
27582
17094
4983
30740
38526
14256
17779
23351
31105
18671
38170
30904
15796
17614
16540
28381
40419
16827
22313
24973
13318
28033
16741
30109
19314
20980
13370
10862
12184
18318
41317
21127
13420
24966
12854
13258
18174
33097
13683
15470
25017
25564
16011
29433
42622
36325
13039
27185
14928
13686
15034
22799
6441
27891
4582
6172
16321
18440
16205
18184
15468
25748
25241
18888
17056
30169
17784
20152
19177
11332
12161
7460
30133
22487
16170
13908
26734
17216
23559
28727
40392
13052
13744
16723
48065
12714
28497
37976
24417
30196
26542
17843
26246
19950
11149
22753
27187
42095
29748
19594
24807
21561
12354
18881
19914
25614
15848
33889
18149
24898
12834
30495
13221
19754
19378
22018
22297
4149
10319
22685
14033
13445
22731
18049
32234
50282
26415
25812
14055
27147
21197
20986
5712
18993
5144
16601
31224
14649
18564
14415
13754
13970
26027
17891
16753
17575
23171
28928
28997
64870
41286
9254
20973
16306
11292
16172
30746
27078
7885
26922
20169
14599
18035
40886
19194
62257
47087
23064
12948
57640
17977
14402
13470
16613
17676
17082
25677
13447
37956
28260
17652
11004
25875
17448
29407
26183
21779
15589
25762
10974
6013
15153
31926
26724
15967
13584
25732
13530
12525
26952
11382
10599
22501
28805
8174
12008
13420
26131
16356
14982
10849
23316
14070
18730
14754
13668
26131
59919
13256
29487
34302
16407
14004
26025
15179
14976
23140
17031
18217
31118
25905
30911
11920
14418
20266
16796
15682
28628
13445
15672
16819
20842
12848
5423
19620
26882
18741
11435
12388
25360
35147
24514
28589
16119
5793
24436
15342
14295
10823
13974
25480
10243
12074
18104
25567
16204
14582
19161
18530
26225
15644
25258
25051
9560
31645
14984
17827
24949
13946
26939
83185
14912
15877
24916
13194
21136
16469
24894
17632
25806
6582
10124
13530
16043
28693
18990
26438
3304
15069
20707
13734
32692
11148
16156
23378
9388
21638
15593
12041
15905
26044
16658
15732
6861
15387
8651
35779
14612
14822
32681
58728
445401
84639
152413
161629
164947
189727
264402
261024
431618
420126
509647
763618
869673
707325
718813
1015430
728021
767544
820127
831418
850663
700472
679823
824069
402571
1012922
443372
907090
468624
525312
998058
548637
1033109
573266
1026508
1122746
766513
821819
796173
807486
775014
942929
917317
803913
749390
1043130
780860
993897
424616
980994
268359
1088307
434790
977845
957950
591374
906521
927519
658131
670834
919925
623878
697166
866813
443019
607604
662971
313784
403784
506331
513788
525625
533361
503613
433016
414043
558739
483647
617350
672116
700374
793880
716499
818100
738421
454065
488837
931762
576452
884838
672602
966937
363765
1137826
482518
1329309
204859
347629
356898
1629193
443449
1797755
624983
2018912
868406
2068544
2118365
670244
2047979
617328
2227395
2310691
902563
974068
2422693
1064531
2487825
1039980
2446333
2518885
1130764
1077451
2610143
799457
2686577
897639
718040
633486
2856667
2895920
647330
2666421
2658409
2694545
803250
2708077
917458
2723733
848264
875433
1880800
1818865
883368
871299
1769146
822494
1865522
816525
833050
1959762
870745
940689
2178722
1008904
974545
2247883
1160893
2314729
1347479
2464481
2455371
1536696
2504549
1478556
2693862
1666933
2562633
1818115
2598641
1821152
2616351
1909584
2808805
2897122
2000144
1936089
1971518
3064607
3036712
2161916
3160427
2447155
3248808
3293307
2634990
3257192
2781031
3339197
2930374
2932732
2947791
2662373
2756457
2832773
2818891
2825196
2886937
2908634
3205740
3061360
2993697
3005596
2959101
3209526
3033814
3286829
3140584
2947120
3340334
3035457
3651755
3006197
3723382
3139407
3880274
3151394
3214940
3984999
3193750
3371359
4257139
4439957
3493374
4445216
3541581
3741715
4741073
3672047
5026460
3749014
4789636
3692959
4861110
4816417
3860818
4793890
3836360
3893549
3857432
5030969
3989239
4085452
5106028
4039281
3879441
5178501
4835425
3947651
4033006
4780895
4056165
4798524
3824493
4879265
3913085
4816459
3921870
3783225
4885394
3480836
5074323
3551610
4814201
3697007
4878983
4746168
3793350
4773983
3837728
4768236
3934005
4937005
4000454
4991374
4179322
5215923
4047991
4140365
5222627
5103340
4179134
4722883
3935139
4617675
4673374
4224459
4674500
4487490
4515835
4668631
4548350
4870501
4758639
4879067
4732781
4736605
5031641
5186657
4921927
5212411
5245613
5130001
5365670
5314654
4940889
5382377
5043612
5136984
5113343
5104228
4893788
5162914
4925955
5007992
5173660
4985288
5303322
5147048
5494796
5373380
5217889
5369755
5325022
5364156
5281159
5441509
5127102
4915975
5370945
5098868
5302672
5313686
5179311
5485959
5255045
5197618
5181871
5186278
5333944
5130137
5438547
5368548
5304048
5379081
5452830
5150719
5033560
4970095
5251925
4969871
5250663
5272601
4824674
5363022
4919023
5206105
5299562
5210894
5111476
5326612
4981315
5069577
5421103
4860438
5533513
4924442
5627264
5612882
4905696
5608267
5466651
4573805
5209483
4562823
4421021
5352371
4445508
5485490
4850913
4234262
4932525
4520256
4459906
4633895
4465047
4776353
4800838
4202676
4617773
4237332
4188034
4765159
4368432
4857236
4854667
4550577
4863451
4619320
4927163
4478982
4489202
4405263
4931114
4418404
4935009
4615809
5192397
4772160
5039505
4647418
4810985
4609862
4431585
4790091
4251197
4791065
4189079
4822958
4184715
4711183
4037956
4798346
3379594
3478169
4897666
3494012
4992653
3332930
3454400
5291774
3480509
4922514
3146292
4802054
3189955
2888264
4907122
4909989
3087021
4358621
4374650
3167734
4526491
3159003
3185617
4613096
3164561
4729364
2881604
4359611
3105236
2870470
4329347
2971017
4378692
2806460
4466467
4548337
2913837
4241066
4294233
2933957
4200160
2930018
2444331
4378810
2350035
4338147
2379555
4585265
2650935
4607090
4227306
2937914
2894642
4265910
4320642
2598361
2632416
2537949
4481704
4523596
1900265
1956097
4705309
1995179
4747918
2196175
4825302
2294990
5052778
2590916
5179666
2850967
5333750
5358489
2976097
4510872
2923915
4686614
2635928
2692159
2840251
4904781
2759856
2845578
5048986
2902193
4945137
4853516
3069709
4889838
3055119
5114344
2748344
5203196
2765443
2945064
5166341
3015602
4965418
5026045
3130412
2628913
5193429
2575694
5285985
5288077
2640479
5359161
2471701
5459453
2481858
5555123
5637642
2381633
5787755
2506454
5900948
2445733
6057571
2625716
6425665
2862438
3006932
6610010
3075837
6559556
3149062
6596235
3220655
6601197
6539739
3218847
6595329
6720322
3391909
3370338
6860864
3455576
6873595
3456037
3410314
6864416
6761253
6585642
3408337
3540348
3517764
6968428
3584231
3378260
7014452
3376962
6734698
6454026
6477705
3675462
6561084
3798370
6619092
3846874
3471820
6633484
6561450
6445553
3628125
6639468
3570558
3653646
3734042
6941136
7025127
6955547
3920781
3754189
7054214
3553560
7151398
3549964
7164667
3703912
7102248
3750158
7190275
3682596
3808776
7277756
3846368
7392743
3988796
7108876
3711167
6945271
6873341
3978416
3976384
6782861
6402233
4133460
4062037
6252317
6415044
4260825
4304781
6515062
6419709
4274068
4332777
6503536
4276223
6544577
4341327
4366548
6646809
4534746
6425408
4701026
6478090
4706553
4777642
6586749
6640580
4975980
5048879
6812514
6869052
5150418
5132616
6885419
5121663
6776085
6715355
5220754
4967392
6636448
6730333
4995557
6788776
5032953
5120208
6868320
5278063
6935555
5352275
5395770
7089551
5402870
7188499
5587238
7379492
5549331
7118010
6861611
5738083
7042763
5938359
6956749
6929025
6055573
6242304
6991572
6311317
7151532
6101081
5970156
5812354
5876098
7438717
7428880
6052550
7367165
6238690
7114279
6301664
7236662
6405821
7314551
6488526
7384742
6434918
6052510
7642272
6180873
7741084
6138278
5907110
7781952
5957827
5958338
7955042
6078192
8069985
6121693
8224601
6043421
5842109
7900885
7983337
5913167
5905975
7649343
7535885
7427972
5878610
5638631
7321989
7000035
5902549
7152475
6148041
7266793
7323446
5862279
7333146
7386741
7281957
6067121
6139971
7382051
5942592
7420860
5994548
7466944
7391964
6088379
6161180
7502361
6116002
7076253
7105647
6278684
7397642
6400622
6570492
7452010
6552578
7643103
6672873
7944097
6595745
7942697
7979201
8109693
6840868
8194035
7955868
7076394
8046283
8044610
8147320
7365392
8212650
7136232
7062366
8361043
6577646
8294709
6634699
6592760
8536971
8215346
6705804
6295646
8389974
6293263
8112078
6282983
6233914
8085817
6278964
8275081
6381892
6209502
8440804
6293851
8371597
8346042
6317138
6418235
8549172
6367291
6324148
8752382
6296193
6098531
8930090
5951495
9078673
5773070
9144008
5836899
9093543
5960094
6039768
9206183
6005941
9182260
9346884
5779710
5859470
9434706
5952935
9352556
9217953
9098359
5988013
6088300
9196149
9110424
6314182
9241932
6416229
9238353
9305402
6589731
6627852
9290625
6348513
9221777
6341982
9374085
6388642
9376989
6486728
9329208
6598796
8868458
8928785
8859782
6767442
6853886
6815547
8924670
8830094
6915945
8838686
7001731
9029407
6975041
7044538
9035790
6961539
8821907
6960435
8910402
8897727
6971536
8950802
7039219
9058661
7060661
6965411
9109509
6862107
6762569
9225364
9260004
6687638
9074154
9139326
6852656
9276796
7113985
9462825
7192585
7177509
9471127
7310778
9551065
7345031
9743970
9818444
7471462
7605702
7504342
10192067
7791923
10403419
10546815
7898265
10635646
8131206
10700101
7939018
10873146
11041990
8335021
8344494
11107168
11195304
8180941
8116763
11249755
11331672
8131241
8085602
11526861
8156528
11588261
8251689
11466362
8257374
8091585
11310489
8273459
11272071
8160394
8351575
11630392
8478630
11747129
11755936
8660317
8726182
11874026
8883601
11857431
9055151
9158311
12037039
9316696
11832471
9189491
11857577
9138810
9249530
12006267
9086400
11998219
8720554
12177849
8984762
12186634
12156740
8915642
8919589
12262127
8851154
11561890
8847731
8692064
11595798
8765653
8656096
11898220
8383866
12007288
8568300
12216078
8583250
12199710
8659849
12196579
8519335
12350775
12478283
8777802
12552374
8855266
12533801
8944170
12281755
8276541
12379697
7933826
12408264
11757608
8163279
11901168
8109584
8175362
12026341
12011640
11887647
8281369
8324054
8385244
11899973
12042468
8468750
8569214
12111226
8443290
8280418
8187241
12165833
12183669
8331521
12226625
8485462
12418784
8423955
12491839
8666536
12669051
12502271
8715225
8590646
12501511
8480612
12446311
8537331
12409215
12396936
12482017
8554140
12222609
12065075
8583443
11945315
11990673
8723145
12063490
8619285
12198095
8805169
12270860
8850814
8806027
8647611
8744123
12063664
8843201
11680390
8958531
11844189
8749976
11700532
8699325
8783209
11891286
8776186
11455455
7954401
8056818
7957303
11681628
8152409
11749578
8254716
11323652
8335797
11569300
8468432
11524502
8520210
8475958
11597328
8124949
8036779
11728563
11875953
7973737
8069612
11946661
8110872
11984123
8176187
12147944
8331125
12107191
8423089
8468883
12203146
8396728
12173949
12208875
8258699
12050637
12052666
8218161
12185452
8394099
12248536
8528787
8533825
8494869
8434689
12489054
8376677
12462005
8424110
8464053
12528373
8342274
12813768
8321243
8230085
13004798
8251901
12906019
12863362
8407988
8412343
8360670
13148725
13239730
8459799
13242974
13243811
8256982
13039914
13019530
8438965
13109728
12957729
8527731
13037075
8511078
8556248
8648036
13225812
13134660
8801793
8565804
12951916
8663334
13044426
8668442
13149224
8767457
13237708
8772600
13269801
8412961
13465142
7570465
7404437
13380241
13304684
7537854
13190977
13227908
13315092
7695775
7793650
13251882
7888800
7674687
13492208
13653992
7856964
13676412
8026895
13804397
7935771
13809811
8034202
13850203
8066114
13795712
8221454
8294371
13825538
13765593
13855596
8529502
13662366
13753779
8271923
13586879
13637366
8528330
13706311
8668211
13748188
8757951
8543612
13811585
13843929
8805410
8805293
13866266
13822324
8961113
9035127
13699743
9124006
13754426
13652300
9182864
13458943
9251849
13547856
13640768
13709961
9509978
13763768
9119608
13943741
9204542
13938821
9218247
9048562
14270002
9239612
9316394
14335496
9365262
14333800
9403763
14299945
9281803
14317197
8886931
8919166
14479814
8945012
14494379
14452410
9018904
14513292
9208846
14217605
9321790
9562885
14609883
14760131
9752379
9825417
14579125
14588498
9804866
14749587
9813512
14897835
9999972
14980755
9701675
14854686
9756662
9576725
14907562
9545013
14840642
9201528
9146241
14893444
14948254
9258847
15123542
15111827
9372480
15084710
9502342
15148092
15091909
15147311
9530905
15242081
9490415
15208034
9608193
15336373
9611639
15432638
15200859
9843117
15279616
15274847
15150879
10080205
15059396
14711485
14774488
10284434
10276505
14714822
14791602
10362877
14964647
10468085
15010773
10025173
15015321
10115905
10085617
14953676
10160798
9508840
15091340
15145457
9743875
15202963
9899396
15234981
9792715
9582362
15354475
9318859
15510125
9240027
8898976
15589865
9169111
15616051
15709121
9337082
9373630
15819685
9549301
15843171
9500394
15930759
9803533
15933022
16020205
16103815
10080454
15965863
9890752
16020689
15968444
10146301
15887339
10126018
15695627
10301746
15838222
15725492
10483766
15655649
10199053
15403695
10132123
15287794
10351850
15459620
10352443
15047555
10395016
10306210
14903313
10338616
10470331
15173238
15365302
15377302
10701863
10763864
15246996
10831369
10863265
15272065
15245465
15319953
11056864
15376249
11215226
15251991
11285813
15119761
10543467
15243202
10501884
10526503
15243279
10026285
10022525
15286327
9954340
15565091
10071797
15606936
15480241
15555176
10379565
15506434
10457274
15576676
15534114
10628555
10694364
15543879
10465953
10560156
14856966
10493736
14759011
10287532
14854079
10242330
14912835
10291625
15048059
15109032
10531935
15047226
15036827
10777527
15121429
10763296
15262924
15278024
10920657
11062376
15539180
11087822
15492669
15540499
11122837
11164827
15735691
11038351
15925333
11308687
15671573
11384927
11345213
15628779
11564637
15893206
11476520
15874675
11628277
16007514
16068383
11723726
11891088
16041112
16057615
12028207
16028580
12029509
15847940
11673341
15797852
15698319
11956321
11898502
15938824
11701507
11766099
16238522
12037771
12072559
16331494
16343287
12064592
16414451
12352826
16588605
16656985
12314705
16763051
12248088
12272601
16461585
12395330
16607744
16659090
12657372
16521481
16567677
12775188
16645139
12742064
12479781
16861276
16788269
16668873
12572069
12486628
16782143
12494621
16779149
12539291
16835629
12642727
16838622
16921648
12740367
12862195
17066900
12940724
17160092
17102645
12929289
17181595
13010282
17297232
12919873
12897832
17323015
12948535
17365188
13028165
12941742
17322953
12933585
17241019
12947503
17433145
13088462
13171618
13152376
17697106
13063354
13081718
18012013
18107875
13263551
13149806
18308312
18372177
13080258
12781073
18497207
12847752
12776481
18531371
12910863
18692059
12908900
18733219
12975305
12857450
12286661
18866994
12459352
18707247
18873792
12580311
18793717
12877101
18987766
12944753
18943649
12758823
19099919
18619528
12952279
18434809
13059879
18525723
12901386
18246801
18322937
18402397
12648452
18093087
12698132
18263098
12775531
18237480
18292091
12603489
18399742
12536976
18576085
12643027
12712195
17895403
17856374
12714053
17667720
12506152
17729038
17708466
12690750
17456336
17453376
12709244
12717529
17636089
12589484
17271016
12657865
12444728
17426780
12214086
17622360
12205386
17377768
12120842
11997778
17556742
11881185
17578794
17609157
11924075
17805490
12075459
12156822
17976535
12194816
12254182
17999511
18137775
12544024
18059834
12729119
18120097
12744876
18320436
12913775
12976848
12983932
18513434
12791027
12703135
12720998
18562924
12670534
12655779
12744071
12833984
18851835
12930821
18752987
18649158
13004282
18763289
13197712
18617255
13293660
18760315
13427759
18816615
13427877
18665725
13595511
18519350
18379238
18393534
13708887
13988964
18780227
14177402
18652743
18558655
14318951
18636808
14410236
18830236
18885817
14452039
18974776
18925232
14589937
18946930
14612946
14676435
19085525
19108464
14908720
18779391
18847725
15001237
14915974
19101255
15070678
18923386
18581474
14774163
18477391
18571062
14914814
14903109
18604110
18479067
18510960
14863511
18497225
14817050
18596258
14891541
18337323
15022725
15174973
18501696
18365056
15396245
18463979
15308661
18395453
18034679
17970770
15417184
17934455
15510719
15366591
17782309
15155096
17641409
15243015
17593801
17594179
15390793
15408377
17733183
15217166
17698498
15247283
15201581
15283875
17786070
15410479
17826984
15561216
17960600
18054203
15484557
18217926
15771274
18305599
15735269
17958081
15895363
18160144
16044434
18311776
16105537
18200147
16065594
18119550
16088823
18336383
16152863
18528921
16376374
18530722
16465790
16431169
18474761
16364236
18490056
18234599
18331034
16741315
18074693
16764779
18101611
16912309
18186186
17111076
16850413
17949370
16950038
18135241
16987317
16269492
16370255
18194785
16626125
18448121
18541490
16742862
16810177
18664065
18614854
17111634
18442246
18473286
17045511
18447826
17229667
18527107
18605306
17490992
18580285
18561310
17245809
18502070
18458622
17314516
18680387
17182262
17096515
18441119
17121145
18621621
17329116
18691264
17476657
18571044
17551793
18878667
17857453
18715126
17867385
18751838
17592508
18840792
18895190
17796983
17592831
19252556
17844806
17608386
19419711
17628546
19435768
17900478
18004102
19716680
18159890
17932831
19985219
17992540
20030888
17866186
20133963
18108259
18122438
20329354
17866770
20407856
20449464
18038610
20641524
18314720
20670679
18298865
20849768
18438390
20984984
18538820
18560556
21156347
18419707
18585135
21338368
21349456
18594506
18151467
21388167
17964753
17923956
21643932
17990399
21655069
17800022
21728513
17805757
17959188
21825732
18052539
17919161
21941854
22059724
18143551
18100156
22243066
17994612
22352660
22498784
18377517
22676379
18568504
18453379
22813478
18274014
22895101
18242986
22964507
18242656
18034335
22869846
18034736
22805773
17860326
22871564
17649419
22823663
17752212
22943887
22756727
17772363
22703029
22748822
17753207
17393190
22885265
17531829
22837256
17595990
22829490
17617635
22704083
22787580
22679569
17777696
17859320
22899690
18019883
17897780
18022994
23163496
18068702
23319780
23499275
18344685
23528678
23493386
18309404
23496215
23485936
18264454
23322488
23112950
18652690
23321962
18616997
23268278
18842501
23467797
18425740
23506376
18144408
23542788
18311794
23663805
18473597
23443860
18523223
18545223
23481848
18624352
18620869
23754590
18545569
18491607
18423775
23816821
18443014
24014836
18489421
23800462
18549755
23906035
18596975
23936554
23813897
18623679
18672942
23888735
23765872
18782270
23738055
23670989
19011703
23566967
18925807
23621899
19030795
19072936
23786600
23689193
19385145
23785002
19342370
19331683
23920130
23916308
19401198
23812532
19431986
19519445
23977665
24035695
19380019
19563238
24102409
24099440
19627091
24198383
19560205
19532634
19531074
24398045
24382410
19704411
24470454
24500414
19862962
19943285
24398563
19705816
24551312
19743766
24641741
24548286
19907894
19865203
24606838
20004159
24650627
19913921
24633653
19974989
20004876
24809080
20020832
24878818
20174314
20205142
24770911
20281203
24709412
20452224
24709845
24501166
20400647
20300102
24492740
24656791
20476831
24616754
20550366
20381807
24617964
24368644
20561743
24516759
20358742
20383677
20450797
24702129
24663652
20555457
20580058
24858609
20524315
20309002
24818726
24845337
20385758
20334544
25024712
20187908
24938879
20508797
25068924
20545401
25201723
20384305
20474782
25328341
25168228
25320761
25378809
20463608
20387087
20412274
25529161
25624404
20319871
25633328
20209501
20139188
25674952
20068489
25487992
20250219
25217979
20255659
24982837
24951393
20419401
24814748
20359749
24895191
20537390
24784875
24961798
24950104
20652432
25049966
20830308
24963513
20760089
24643885
20846201
20919324
24645292
20873935
24845672
21041831
25034293
21099623
24853959
20884025
25004656
20975724
24776221
21105033
24480323
24315103
24277593
24330356
21462066
24520084
21485359
24301902
24389924
21785296
21664093
24499560
21593388
24598869
21604676
24727131
24629438
21671224
24589992
21949611
24677324
22020023
24725162
24797849
22025351
22046488
24960244
25019242
22144990
24863274
22181885
24845982
22269588
24909674
22308411
25096079
22283955
25132764
22363818
25133970
25161302
22215669
22180268
22010764
25315543
22085061
22049330
24878718
24872017
22095283
25017872
22251015
24707358
24614983
22436657
24497160
22375227
24572203
24334200
22560928
22645593
24108638
22725357
23977373
22695633
23915142
22657368
23979662
22803987
24058657
22998064
24107963
22870660
22889235
22911050
24234322
22885222
23850573
23075366
23909010
23100360
23975097
23124863
24131836
23331527
24252587
24049536
23323352
23309272
24222742
23388253
23411770
23398365
24243280
23438248
24250442
23621960
23641880
24485951
24523423
23726131
24131994
23888251
23872212
24317792
23904430
24366421
23810058
24437941
23598407
24442095
24258584
23387003
24425733
23246308
24454982
23387747
24537094
23533571
24718856
23570733
23586907
24773090
23606530
23673409
24875552
23455778
25061393
24907922
23352144
24993812
23391466
25225369
23283766
23353506
25065429
23445472
25193322
23763254
25189749
23867859
25462121
23865579
25549459
25419753
24108902
25389103
23985691
25323806
25490472
24077035
25522631
25406193
25323357
24152543
25373770
25291072
24097374
25209863
23966022
25404366
24151927
25597150
23761943
23715917
23748834
25579068
25745929
24008611
25751983
23733908
25825088
23878291
25863336
25760409
24035026
25661675
24012534
25766262
24070517
24143833
25877131
23911250
24092495
24067774
26000780
24047499
25686502
25738341
24238404
25820706
24399625
25689321
24464690
24569583
25752950
24506293
25894502
24689557
26056557
24698430
24737399
26046858
24762293
24641926
24621675
26165166
26015641
24703021
24632363
24726817
25962888
24685202
26011417
25975070
26034702
24936481
26210957
24843061
26197591
25057231
26445933
26509284
25269677
26544468
26353237
25360073
26376319
26414230
25631547
25449455
25527844
26489574
25592474
26560298
25699268
26950620
25826338
26620066
25997331
25741729
25786360
26901156
25823823
25913719
27100926
26101951
27014044
26164331
26994799
27051534
26223884
27192255
26467767
27285530
26567837
27367085
26321124
26402828
27540321
26390482
26314421
26462894
27806905
27812263
26552130
27709921
26511834
27852009
26611282
27802115
27762693
26784195
27845843
26797847
27867855
26929314
27936420
27022376
28032294
27083891
28062386
26886907
28145264
26834416
28278824
27846615
27518080
27040496
27623731
27086075
27640014
27121575
26835410
27821728
27727333
26702738
27769830
27676691
26902821
26756342
27893002
26850216
26898148
27892361
27096703
28192023
26859128
26386268
28393021
28395125
26477667
28529509
26532685
28496340
26754991
28708846
26816331
28576223
26855204
26846025
28715947
28745107
26947018
26825364
29025951
26732353
29215605
26604201
29481703
26908785
26917699
29402455
26908211
29493393
26895273
29688469
27137348
27172446
29841618
27212130
29921269
27294540
30199371
30090955
27475121
30109207
27653141
30200414
27521466
30212168
30271138
27536039
30257404
27645671
30225241
27823895
30396301
30432536
27998259
30525515
28082694
30702808
28124874
28268058
30801173
28403993
30849679
28260909
30880376
28269915
27812307
30952383
31043689
27788189
31107360
30868858
27972064
30853177
28066991
30913307
30836014
28158709
30803575
28324896
30647362
28415694
30659027
28314307
28472279
30943251
28601363
30883167
30801754
28773418
30893875
28938068
29114268
31207871
29212649
31414697
31506305
29388971
31545436
31558487
31549915
29522271
31458200
29605610
31270706
29432896
29534873
31506921
29717516
31609466
29769562
31746371
29935274
30034095
31636727
30011123
29948424
30106932
31923251
29955225
30051155
29957643
32123474
29981489
32160106
32123966
30012473
30093854
32135084
31795101
30260330
30125179
32001448
30212106
32154709
30268589
32302508
30375724
32308424
30553815
32455017
30680308
30642057
32191195
32280320
30573152
30657978
32405345
30833926
30600302
32584714
30734980
32575649
30785118
32751227
32844328
30908544
32927308
30915225
30909211
33145147
31036915
33263083
31073989
33347975
31246579
33531421
31304172
33578287
31348343
31391369
33687792
31421681
33611955
31558312
33792622
33921164
31682316
31782005
31806362
34030960
31799367
34083205
34055205
34135555
31938060
31827758
34225427
31940015
34312492
31908823
31984646
33960617
33184663
31788138
31818537
33161476
32000913
32843658
31999242
32942724
32008348
33224762
32075494
33233412
31858466
33090817
33283453
32150081
33196007
32210948
32050471
32032047
33263603
31533205
33236661
31585435
31644110
31607451
33488053
33549532
31611004
33105411
31683374
33162181
31827879
33064101
31717278
33290037
31785080
31897556
33207001
32071119
33186381
32094928
33227975
32104735
33327357
31498436
31583348
33510179
31545379
33698176
31535850
33864765
31599067
31565723
33908467
31264742
34004892
31168934
33955791
33570181
33499463
31293723
31369590
33538720
33617160
33711713
31652521
33779245
31736571
33996586
31862218
33952465
32001047
34029918
31943581
33884837
31775409
33973685
33816293
31654428
33692192
33580181
31428599
31428821
33771108
33930006
31633583
31462611
33993789
31360719
33974271
34060211
31155115
34142746
34191794
31268883
34279823
34148773
31157958
31275327
31166829
34435390
31271749
34076365
30984014
34189014
34216596
30687651
34277555
30721841
34372182
34382714
30760004
34483348
30825865
34640915
30893986
34658706
34693622
31067339
34636622
30966922
34731301
30983129
34768130
31130501
34928026
31249345
35083985
31010821
35227050
35085486
31281519
31345952
35170153
35253116
31335252
31367720
35144727
35163163
31622092
35390588
31645584
35475855
31609960
35303196
35339196
31714500
35231585
35051316
31777365
35240637
31737281
35093240
35106913
35188250
31881621
31778071
35224503
31802669
35277294
31631257
35278528
35303220
35380527
31741059
35341888
31833337
35035575
31811769
35176015
32005512
35297298
32052912
35419980
32288761
35414724
35247944
32302135
35026168
32336991
35056164
32409348
34792986
32693745
34971118
32661288
32723250
35258599
32789255
35352757
32889957
35644779
32943243
33052038
35923151
35691732
33184815
33297753
35888074
33366098
35996223
33371209
35945942
35664881
33610617
35774132
33559341
35873935
35878138
33574685
35505440
33700968
35701330
33753439
35701654
35715938
33995898
35651195
34025048
35730371
33859674
35917880
33990344
36068613
34074935
35881852
34216308
35777576
34275684
35711996
35703861
35795438
34455764
35850615
34559386
34719645
36058240
34860217
36267125
35019029
36404145
34950029
36488464
34833040
36669888
35010117
36742078
35049483
36903285
34993020
35187726
36856653
35210951
36741618
36688644
35279142
36595476
35435724
36496517
36178655
35466005
36188320
35648902
36287727
35737143
36439137
35723481
36490685
35830524
36535684
35869652
35994956
36062131
36035638
36152461
36236149
36175651
36227380
36274934
36304128
35611279
36358161
35693005
36397779
36347768
35821885
35772467
36346095
35650056
36305138
35829135
35956927
36599205
36576324
35970294
36628541
36675252
35951376
35804934
36614309
35873396
36623209
35946801
36043379
36403323
36219990
36465998
36413124
36599631
36649842
36609726
36671469
36600336
36546737
36732006
36570979
36710078
36659301
36729622
36755996
36800138
36729804
36915786
36809718
37017237
36536327
37039318
36880298
36620741
36703563
36460807
36778098
36769533
36560840
36646260
36376753
36342700
36379754
36352101
36167101
36259532
36446362
36226607
36338268
36219476
36073940
36464851
35885257
36487176
35932747
36583381
36027582
36731075
36210050
36158145
36359252
36452896
36265925
36520281
36352155
36479446
36527458
36444458
36418854
36720185
36725449
36462412
36339704
36514839
36489334
36163218
36492205
36498764
36119018
36022848
36671452
36216998
36863730
36408344
36942981
36416644
36492401
36963138
36477165
37140621
36509559
37309325
36492451
36587547
36642925
37486042
36520539
37549018
36621774
37526793
36779597
37770727
36689964
37699134
36699304
37587320
36946782
37797254
36954177
37012911
37924509
36998615
37780556
37124005
37908954
37218715
37287736
38052785
37825949
37421047
37871526
37511515
38146674
37781069
38316597
37884653
38175678
38237749
38046433
38297700
38225591
37844433
37908254
38428588
37985867
38076323
38482522
38482998
37940945
38435698
37948324
38399277
38044249
38416511
37940036
37672499
38612192
38679056
37602626
37756878
38862880
38967616
37929355
38807758
39087768
38022836
38042250
39174677
39245727
38006235
38183142
39247315
38234799
39197044
39131561
39221387
38536340
38562751
39256296
38561921
39353314
39242455
39288080
38750780
39253557
38742487
39435298
38818914
39494283
38873087
39555865
38841770
39508095
39640164
39078335
39116025
39841742
39057522
39851257
39244008
40008057
40045369
40078358
39420158
40253877
39528334
40442995
39674941
40571413
39624480
40401229
39431022
40389583
40334923
40349396
39514063
39663650
40637922
39598513
40706894
39176925
39080677
38870160
41010355
39001610
41059736
39118865
41222539
39074874
41299890
41365098
39374266
41328246
41529026
39745318
39925914
41712898
39977265
41850385
39963023
39976308
42125375
42192254
40085773
42258235
40092591
42084266
40055596
41750275
40059065
40129619
39679672
41952568
39719950
42141718
39681911
41828933
39788829
41951336
39982054
41929798
41773063
40246856
41496976
40451191
41418953
40617648
41438181
41383346
40701262
41481724
41023949
41382962
41411629
40889992
41512949
41322878
40938229
41415957
41013225
40802006
40779133
41684131
40848754
41591391
40976538
41407820
41143022
41309283
41713362
41148778
41674878
41251714
41355944
41816702
41435921
41289409
41833519
41993044
41475961
41431002
41966945
41503992
41575698
42233297
41559100
42321529
41408914
42327366
41460874
42354038
41172185
42468131
41090353
42499287
42550049
40762319
40812312
42631129
40771935
40487937
40516913
42867952
40585867
42997843
42884627
40576528
42468949
40719824
42469727
40717158
40660086
42351732
42325361
40777032
42378321
42418837
40973895
42546496
40887524
42572956
41018361
41056598
42802464
41109787
42869449
42914070
41158348
41331895
43035174
41282330
43087691
41372531
41282212
42921269
43154138
41531391
43192092
41585694
43073271
41383558
41160669
43330376
43386834
41115430
43593186
40477240
43446809
40399220
43498498
40677624
43645430
43594032
40619219
43374678
40628945
43468774
43459073
40745286
43599508
40808831
43512141
40969778
40804301
43629752
40760302
40350793
43576708
40350842
43711929
40250794
43756314
43794408
40529180
43893728
40406968
44073732
40501227
44054560
43366818
40609077
43404968
40457621
43568618
40495478
43203347
40676506
43446852
40695920
43503012
40679816
40677170
43586320
40764924
43572116
40664007
43473330
43550464
40848617
43472631
40894261
43669512
41043380
41061822
43842053
43790811
43867209
41160788
43915315
41304876
43939873
43926503
43942307
41449491
44086686
41740258
41846276
41788041
44357952
41463595
41595285
44534674
41556717
44810300
41714714
41754144
44857671
44792652
44564106
42143673
44732248
44730347
44896459
42279032
44952873
42355836
45071248
42313833
45259131
42380576
45280476
42558715
42721744
45508404
42714903
45541643
42882616
45680098
43007896
45867489
42806695
42899822
42946973
46002074
45921341
43054511
45922932
43254558
46099115
46160573
43449286
43263230
45721257
43412946
45893649
43123611
46082261
42833331
42872318
45880248
43066914
43161014
46101951
42980049
46175525
42971496
42977520
42947370
46405176
46462154
43230306
46643385
46590777
43224854
46601391
43243532
46609864
46589119
43291978
46834788
46817640
43559449
46765827
46822778
43691605
46948238
43491992
43541048
47035775
43249337
46374944
43341910
46550613
43190514
46733938
43249675
43164208
46734207
43096464
46818702
42842336
46376424
46263434
42862146
42939125
46347986
43018375
42984195
43031389
46527428
43052760
46401259
43156642
46420963
43105558
43054685
46592130
43060235
46643119
43250205
46696872
43325269
46812358
43476342
46853270
46828061
43619154
46789817
43552935
46906539
46943212
43472115
46761300
43630383
46890484
43692477
43503690
47082621
47005113
43291162
42932639
42811389
47309066
42967968
47127247
42941851
47181367
43034860
43193621
47065837
43119919
47138413
43004910
47206011
43197158
43285759
47442139
43227292
47457723
43385467
47637447
43095317
47722900
47993999
43443041
47891858
43603512
47321273
43326672
47330631
43215454
43252994
47399257
43373343
47379542
43425502
47473817
47363211
43611586
47413532
47486490
47480714
47396757
47294314
43921995
47373122
44025685
47534350
44090038
43651952
47597820
43632254
47412417
43773419
47406132
43550593
46999944
43630980
47246787
43737389
47356820
43902316
47590200
43942067
47672700
44068535
47841012
47682550
44151157
47556558
47433112
43643310
47503459
43798746
47657074
43924346
47594173
43909285
47687180
47717456
44195061
47678951
44240376
47796810
47868122
44410423
47770777
47953818
44591931
48023680
44778763
47749797
44889345
47847942
47722347
44893774
44738769
47630989
47676410
44763962
47825065
44559951
44642675
48098194
48158107
48123067
45043579
48200828
48267415
45129893
45302137
48278241
45367987
47935482
48011352
45529522
48210600
45716849
48350947
45822046
48543686
48366408
45927781
45814769
48272223
45975492
48090451
46116250
48092556
46318784
48406587
46462663
46452194
48101404
48158768
46663652
48346026
46650591
48233362
48319402
46928113
48308327
46936687
46891733
48481829
48472803
47044247
48555429
47086158
48756240
47176017
48440707
47214424
47149909
48527678
47245322
48333180
48528108
47258522
48724400
48727672
48526644
46954242
48376666
47050259
46496802
46462814
48554329
46311318
46378361
48822015
48831632
46446365
46606312
49114748
46697397
49128613
48982748
46807984
48939721
49016844
49060196
46855321
48958267
46943112
49141604
49032571
47158619
47028136
48924730
48993763
47224952
48796699
48721668
47090061
48681075
47106712
48821741
48891602
47116566
48778682
47159080
48711071
47188684
48678490
47160194
47072674
48965926
46888715
46871077
48717696
48822816
47062357
48805149
48892435
47200147
47294157
48944928
48993377
47487256
48811563
47471738
48959657
48783361
47558381
48813924
48760661
47458450
48506433
47630354
48583333
47550176
47738180
48667757
48293585
48284514
47991178
48321997
48046933
48403922
48125227
48494229
48391250
48217993
48311911
48260766
48299250
48134974
48443657
48532222
48279270
48600715
48440664
48268402
48343627
48670299
48201885
48044235
48798076
48881763
48035030
48239258
48682372
48738989
48099137
48100629
48872993
48091913
48789381
48185862
47857790
48874247
48829612
48047831
48964737
48890082
48373883
48708130
48244186
48596561
48298996
48371204
48642660
47950787
48740001
48009212
47956168
48869105
48822887
48284574
48931377
48173074
48204921
48284128
48482351
49379888
49397484
48703013
49608127
49010249
49735007
49135694
49217618
49913963
49348659
50042794
49428243
49761963
49489527
49777475
49636865
49752182
49844991
49309912
49846994
49446998
50028017
49573328
50200684
50190352
49386720
50315532
49567963
49500625
49670980
50254599
49393798
50296745
49364447
50237848
49444324
49364138
50329154
50409305
49465715
50278259
49587334
50344484
49680927
50484240
50248327
49739140
50372605
49759774
50464488
49932079
50605608
50032809
50704599
50259788
50547663
50193483
50471057
50606177
50339419
50734078
50406227
50796702
50493489
50588680
50355238
50535632
50618846
50372694
50425963
50023816
49864150
50545739
49787632
50277430
50324281
49936345
50406233
49980021
50567045
50643367
50249250
50778339
50440316
50854646
50519772
50968098
50550008
51104841
50592708
50493898
51270044
50593757
51356020
51334372
50618750
51284598
51289051
50564266
51418199
51441333
50849299
51624400
51710226
51108881
51802375
51198026
51266004
51876817
51929573
51420417
51893101
51384387
51475928
52151952
51614558
51586304
51626710
52100951
52098089
51707076
51676170
51740116
51765855
51843039
51589148
51728261
51610426
51663507
52007434
51863379
51912331
52192558
52035090
51847323
52211008
51358928
52155386
51375495
52292402
52273959
51536439
51632849
52205850
51873290
52489455
51923146
52112175
52614889
52236068
52531043
52245130
52411472
52657540
52533839
52492695
52596267
52535340
52596812
52379566
52967582
52566807
52818466
52677875
52580687
52312430
52676991
52197021
51766670
51954430
53061360
52001084
51606670
53014119
51759278
53204252
51866223
53395291
51924795
53544220
51961415
51971286
53817959
52063767
52184169
53913725
54202912
52459772
54123035
52633613
52559589
54121768
52616542
52784610
54167299
54105166
52856421
54087617
54245157
53134347
53935792
53101172
54039341
53979960
53442863
54060679
53625248
54043381
54120666
53691856
53698647
53902722
53983903
53617669
54161318
54109209
54073361
53811961
53746678
54060750
53938474
54258224
54023900
54346318
54082875
54049505
54528272
54186890
53492643
54347579
54308591
54099799
53652035
53854164
53924111
53703224
53694417
54017318
54045360
53842990
54124019
54002055
54204080
54335650
54202300
54377778
54013721
54477143
53735011
54133361
53637718
54174211
53681060
54401919
54032061
54617359
53914175
53975751
54910508
54096466
54059628
55097836
54008736
55008977
54162925
55196100
54362405
55095127
54447639
55173703
54242437
55146037
54302553
55219154
54312913
54285148
55440702
54386856
55239344
54552512
55180324
54326220
54312004
54505562
55452147
55360437
54520493
54463859
54402108
55469798
55553351
54408819
55658129
54378632
55810977
54639041
55912531
55853317
54932724
55819391
55118300
55831934
55603272
54750240
54835616
55703095
54893270
54845300
55921612
54757567
56144872
54930673
56163344
54896289
56390098
54914174
56493668
55087327
56429577
56467407
54998638
56588427
55051819
56506594
55191390
56279733
56015753
55477728
55993741
55521183
56175416
55589537
55559000
55705825
56552259
55689439
55635742
56501937
55363865
56577285
55410083
55425260
55429544
55260519
56894291
55294975
55220605
57075867
55398800
56741031
56175522
55295585
56365298
55318891
54814907
54840785
54896851
54861096
56679647
54866719
56855153
54869406
56931677
54879343
56908681
54901928
55002360
56883445
55010089
56940144
56867669
55075102
55151425
57183927
55327812
55325685
57270365
57457712
55379043
55446507
55614830
57537684
55304549
57406217
55329743
57368092
55385459
57481359
55278471
55240287
55402687
54929566
57589346
54999498
54921002
57852705
55069919
54894072
57940778
54831198
58067205
58254217
54927288
54889503
58326137
54785374
54857479
58575906
54971703
55101396
58573177
58668724
55179191
58729031
55219275
58875034
55364537
58965042
55551148
58978541
58875946
58830729
58748778
55662738
58742139
55772313
58415763
55827645
58377844
55777625
55987954
58566734
58586732
56136218
58705836
56395409
58866844
58918465
58983736
56677964
59059001
56591642
59077184
56776120
59181208
59270340
56841636
59154794
56913583
59302801
56997295
59274168
59447345
56878006
59327663
59360835
56889994
56622274
59475866
56672292
59529086
56822746
56859342
59573361
56973978
59755814
57078754
59658521
57227919
59849766
57298860
59650226
59697420
57495251
59721444
57588239
59581366
57686317
59589245
57822502
59754506
57731393
59841390
57857629
57814277
59952596
60043100
57999249
60157173
58113400
60223729
58354930
60308944
60388382
58345958
60577837
58247654
60646816
60558871
58424302
58486067
60755365
58620606
58561966
60943482
60953030
58662310
58816911
61009402
58863551
61196017
59027179
59203895
61277146
61224774
59380090
61411146
59362523
61505129
59464897
61691117
59186944
61760880
61856271
59303832
61740695
59358440
61213327
61297497
59710487
61471900
59795914
61447441
59991832
61419938
59954669
61639517
59994675
61613377
60047837
60082111
61783110
60136626
61881238
61788761
60300047
61727746
60356049
61785021
60486001
61870584
60765046
60737455
62013449
60702075
61842160
60718697
61950652
60689940
62012374
60727342
60454026
62272066
60626296
62271406
62420331
60785177
60796120
62172795
61942525
60822772
60896341
62139011
60831224
62357071
61007398
62511107
61140164
62558481
61287820
62629701
62583093
61417056
62729412
61605933
62831991
62788794
61687493
61862883
62869129
61940262
62967765
61994793
63063423
62080772
63142753
61890477
61795995
61872480
63515428
62155812
61875012
63797734
61951809
63531609
61997480
63399297
63376886
62095090
63065880
62184187
63193383
63171629
62384914
63267355
63356766
62433884
62168869
63446238
63590821
62410148
63600130
62462153
63767143
62650789
63952343
62823682
63977656
63963327
62692300
64085741
62793234
62837651
64036789
63037745
64042240
63112478
64050941
63126295
63776868
63449638
63236197
63411476
63469799
63510788
63401642
63458305
63451235
63461965
63315786
63398751
63358792
62908052
63452165
62811748
62861675
62570300
62904923
62843311
62926097
62868090
62948666
62920930
63250633
62998983
63304903
63315108
62976469
62967828
62992977
62940968
62782165
63672959
62878316
63452631
62574348
63378197
62704731
63192127
62784567
63251697
62982340
63226694
63086995
63319057
63277032
63305153
63249784
63181053
63201784
63381906
63436748
63375246
63141847
63492991
63237160
63653847
63336438
63609836
63418475
63530232
63508082
63601512
63472772
63693852
63626880
63729795
63898461
63819504
63877236
63915667
63957703
64029534
64109921
63868503
64054594
63946599
63988837
64091640
64042734
64100617
63889441
64453436
64030950
64283953
64032174
64139260
64315422
64351568
64577323
64533423
64569548
64623922
64669389
64427508
64367519
64655879
64686941
63782173
64768093
63920365
64868169
63910744
65067552
64894989
64151852
64104665
64726445
64191955
64727398
64224969
64837006
64319788
64710307
64500404
64801429
64736733
64767967
64936959
64974732
64963903
65081146
64994729
65219093
65124733
65410731
65173740
65390430
65100078
65435326
65305734
65524833
65597362
65505645
65623777
65609278
65699115
65748136
65840125
65839088
65858462
66042042
65955164
66018912
66357676
66167840
66097922
66340188
66077865
66493517
66199273
66327004
66597178
66257936
66639985
66248335
66422146
66271795
65976390
66279468
66364345
66251236
66442896
66313239
66392034
66235498
66485927
66040485
66075366
66208912
66082987
66192441
66172022
66207010
66337905
66467834
66487481
66506125
66622503
66551063
66818498
66481589
66591060
67017684
66203893
66899734
66109431
66063452
66115866
67146174
67193649
65958539
66026788
67335499
66303400
67533129
67633825
67644575
66414369
67621007
66593960
67726553
67812226
66623243
67992452
66701504
68083372
66699919
66877758
68188358
67075241
68385130
67014528
68553167
67056881
68644853
67059818
68693258
67061966
67072075
67135869
68754985
68067608
66938450
68011071
68080695
66950062
68156065
67994377
67025379
68063690
67076481
68153951
66926769
68209403
68200480
67014706
67067972
68202702
67128677
67055098
67019096
68325216
67042036
68387097
67069832
67069876
68550450
66975184
67020127
66980614
68818882
67065686
67335170
69206531
69209141
67478369
69385971
67318220
69356939
67478119
69418495
67457430
69213160
67631241
67702192
68651474
67598842
67550941
68638481
68742813
67767380
68787865
67611404
68923942
67607223
69015502
67661253
69050107
67811185
68916923
68742945
68746637
67950717
67988401
68856973
67995712
68531917
68111600
68721877
68217309
68606677
68164266
68372223
68422637
68160082
68441386
68618388
68507768
68576105
68614390
68655123
68487201
68750926
68758003
68690711
68739830
68647719
68759732
68813143
68990931
69126923
69104277
69010384
69132426
69200053
69049120
69096487
69152197
69571894
69218170
69277626
69610192
69601999
69024031
69590218
69219637
69355118
69760863
69385869
69749591
69474804
69889908
69566449
69828192
69492040
69858607
69797072
69646155
69834965
69847704
69926389
70043415
69908364
69916148
70199339
70063909
70276144
70159596
69920900
70407956
70334693
69781744
70333275
69803444
69765971
70357765
70265969
69834895
69946214
70575361
70036653
70378517
70434016
70147747
70267595
70296160
70296195
70334814
70255421
70477897
70340620
70230173
70497681
70432670
70200063
70470345
70563312
70283832
70279692
70381313
70330856
70468363
70439615
70625657
70281596
70355714
70726448
70765396
70474351
70313529
70477447
70356652
70353956
70598813
70493381
70664549
70540758
70494806
70522731
70492188
69887867
70469670
70050787
70338093
69890010
69982824
70477172
69927345
70021674
70752283
70153169
70914658
70331616
70927982
70411046
70695682
70991233
70899944
71059521
71048932
71030163
70842028
70841818
70810715
71289244
71285315
70968255
71327277
70989644
71550613
70927622
71714645
71065747
71898206
71771838
70891916
71751244
70749868
71654759
70931571
71584374
70948599
70867873
71838049
70945406
71033868
71746195
71174848
72023651
71211566
71970569
71251206
71752017
71055573
71973927
71173289
70959427
71854301
71015483
71956956
71054884
72072703
71184884
72251295
72118469
71089879
71134328
72149733
71032645
70677059
72302666
70640313
72127157
71895280
70608819
72034213
70804733
72133015
70848637
70796746
71884320
70693836
71542001
71000725
70766508
71081372
70781292
71143804
70909771
71198368
71314813
71074019
71266306
71250186
71280924
71406726
71567185
71523717
71734973
71691940
71730106
71883066
71689271
71915827
71280215
71354366
71689323
71306995
71584535
71587480
71644835
71423855
71755428
71327510
71800202
71521649
71753849
71521759
71600820
71661916
71716926
71753439
71737720
71721447
71819777
71851447
72050471
71844251
71705066
71777431
72063974
71908035
71913275
72222904
72009921
72353112
72201843
72306855
71953946
72229653
72186758
71878419
72176473
71921804
71947950
72115403
72005433
72097868
72013362
72074470
72128285
72024350
71983118
72079301
72123947
72318307
72177716
72254908
72351151
72368704
72124799
72150414
72363881
72250854
72270582
72426325
72428789
72457721
72026655
72618840
71963310
72044260
71993440
72729464
71995090
72185632
72903052
72116662
72962615
72840779
72658135
72243936
72747221
72426504
72325461
72004792
72417539
72485190
72049714
72396230
71970660
71907895
72504681
72551256
71931484
71941000
72615627
72782456
72091214
72770892
72275152
72360158
72969480
72415356
72871471
72446833
72889805
72152959
72176243
72914324
72314556
72959088
73145628
72447401
73017236
72564354
72971789
72693792
73016666
72784197
73085017
73047700
72980249
73127674
73083841
73208610
72884308
72909858
73243681
72760395
73246672
72996166
72549681
72625247
73068346
73137272
72556098
73220341
73310943
72712657
72788078
73482142
73478227
72896831
73461225
72976115
73164978
73631892
73562235
73314298
73204845
73716973
73108560
73745850
72891079
73534554
73086580
73560816
73104332
73689937
73122689
73119477
73003506
73954411
74097092
73168988
73312902
74286552
74105453
74152052
73615134
74179499
73482027
73542159
74322244
73572083
74244030
74307621
73615509
74335612
73688463
73781043
74591847
73816352
73746878
73665450
74322089
73719689
74354438
73943769
73972070
74209372
74057501
74338754
74028575
74110065
74160274
73898467
74135892
74142256
74150864
74177254
74288389
74086857
74417691
74240231
74596023
74237718
74626029
74313153
74189465
74606821
74250303
74803714
74854442
74259583
74705668
74260003
74476045
74324597
74659241
74657142
74459916
74361789
74445201
74252810
74610202
74416524
74254418
74996261
74288620
74716685
74470403
74774431
74369013
74212307
74813566
74355380
74391001
75087216
74454303
74820928
74351349
74355528
74701536
74447341
74206973
74626579
74168365
74679978
74357400
74418184
74299323
74533109
74427960
74297905
74512948
74374563
74529599
74439112
74683681
74523677
74640658
74545202
74513278
74657410
74345304
74930001
74602096
74785367
75002060
74777756
75095343
74710566
75188161
75201712
74766136
74530962
75282703
74658515
75371642
74499340
75441409
74633758
75487542
75639173
75547478
74996562
75603463
75643478
75493437
75042250
75401122
75056829
75538035
75198580
75639350
75267065
75556358
75392818
75349078
75334554
75256831
75447684
75238449
75265565
75352191
75396213
74926272
74939336
75526724
75136142
75402356
75007393
75502829
75649102
75235460
75707915
75549481
75433972
75479535
75493342
75582860
75312355
75196039
75882399
76140044
75406484
76211751
75464273
76226140
75600294
76301004
75701472
76263842
76184985
75569323
76186253
76234457
75635325
76182031
75545947
76162124
75516777
76235046
76416571
75712313
76379437
75878059
76352401
75882124
75944696
75889951
75947125
75861217
75921466
76068155
76255760
76024523
76297873
76133045
76372687
76164802
76520176
76267726
76452441
76310291
76701452
76198343
76755407
75831586
76687702
75801837
76835876
75877979
75735877
76858929
75220527
76870818
75261705
75281415
77129004
75380615
77257613
75398306
77350486
75426112
75617804
77623813
77535949
77435223
77484659
75612124
75442624
77524008
75567829
77575486
77695467
75701987
77637541
77603137
75824666
77779967
77780374
75914746
77816291
76008427
76082797
76186268
77628750
76165603
77689657
76272126
77809481
76363178
76459179
77972107
76330839
78131617
76340990
78323791
76497618
78362830
78418306
76409006
78425107
76184561
78565203
78524554
76307517
78449558
76449950
76439520
78652433
78744450
76634012
78813147
76440584
79006080
76616716
76378148
78939531
78965466
76636704
79050604
76808793
79203526
76816792
79357259
77011311
79505732
77052487
79629437
77123503
79696490
79680519
79645853
77490837
77515074
79700777
77475664
79774026
77468777
79778172
77473620
79872254
79869372
77489417
79927790
80019768
77758833
80162721
77858002
80360941
77857108
80348689
80427116
77891778
80526327
80558129
78025768
80658121
80831303
78310596
80585641
78234569
80772412
80811246
78484536
80972139
78526850
80998986
78553613
78410575
81034730
81129071
78595722
81247896
78790126
81258342
80993335
79063419
79135528
81055100
81042088
79320261
81093150
80837043
79584230
80870539
79412034
79421982
80867742
81016611
79713397
79649585
81165472
81130351
79658713
79683398
81365271
80978167
79873676
81051939
79888045
79865378
81069812
80046486
80040882
81086697
80066561
80026231
79570668
80723397
79482493
79577797
80902732
79554505
80787324
79808827
80748354
80744929
79630450
80705294
79706380
80764369
79680408
80821637
79684857
81009644
79812620
81177722
79952205
80092952
81467051
81562179
80184469
81432984
80121581
81378616
81462854
79882473
81528525
81617527
81691551
80165265
81873759
80261738
81901045
80287745
82004147
80457029
82118603
80655702
80596212
82050345
80616814
80548345
81535361
80838800
81589743
81001068
81720086
80850209
80804056
81799788
80815010
81957469
80596791
80629404
81923218
81929918
80666196
80705956
80614243
82172144
80702313
82234256
82275226
82321708
81105533
82186821
82213144
81057669
80686435
82070704
80693322
80503389
82130603
80533874
80659125
82162608
80718600
80706279
82194781
82118328
80772098
80689426
81828901
80891898
82097295
81839050
81003475
81050964
81917910
81221518
82004420
81346645
82024397
82080508
81419979
81295521
82243904
81052463
82429450
81250416
82446489
81284073
82265316
82266097
81504639
81619293
82430308
81587760
82534047
81643665
82532726
82632920
81764753
81878434
82893241
81897682
82803112
81915845
82838159
82846742
82011933
82912004
82116811
81898442
82996024
83060215
83023761
81851480
82681065
82524847
81761303
82613759
81881456
82875882
82172705
83162123
81990256
83106539
81683355
83283892
83370614
82035003
83552351
82194885
83386622
82171783
82268067
81947893
83532439
81907969
83328639
81831238
81876244
83342828
81826892
81881628
83549016
82023082
83719145
82089721
82165065
82233115
83922521
82261295
83868944
82447709
83830524
82634632
83993024
83926893
83999331
82822826
82893845
84171485
82647024
84119489
82677401
84080304
84212096
82730137
82852069
84339113
83033987
84528926
83102917
82957955
82970328
84731222
84920305
82952500
85013912
82865535
85088194
82950877
82619925
85140103
82904066
85072078
83068266
85175588
83112026
85345680
83283709
85423607
85389909
85431775
83478476
83234447
85468627
83149330
85751160
83273127
85386513
83017130
83054162
85233570
83201886
85226026
83144471
85342222
83128579
85354422
85411948
83289076
83329031
85298640
83410329
83417396
85557474
83528207
85756687
83564718
85931845
83694364
86022238
83519852
86169714
83502043
86122515
83667836
86265779
86274625
83795160
86274161
83985900
86318215
83949509
85924749
85982717
84050264
84108096
86094147
83631090
83642412
83698186
83700261
86464169
86454704
83520348
86099773
83291875
86262237
86147751
83458066
86226479
83594302
86309679
83730667
86470505
83676447
86652242
83866620
86609625
83863585
83956688
83986027
86869981
84173005
86827778
83980273
86874493
83630354
83511686
83571862
86814781
83766478
87000939
83860487
87132596
84043215
87189730
83793452
87150540
87122806
87035233
83667046
87071835
83822195
87082891
87172097
83905767
87174489
83854521
87247074
83979144
87381567
84082677
87411770
84047057
84107388
87212549
84203143
87183430
87271249
84266436
87094998
84343861
87249011
84327546
84337701
84250330
87253705
84190440
87369314
84191384
87447573
87525064
84326188
87488222
84446211
87673259
84522710
87521679
87600548
84457613
84524599
87786718
84601843
84549496
87680171
84115373
83446620
87762962
83359258
87781710
87842757
83608536
88127921
83738028
83812995
88193218
83719058
88368602
83805119
88555642
83897910
83967425
88744798
83832551
83883450
88798227
83877906
88857191
88742856
88525016
84008722
84072237
88308235
88438861
84229828
88449087
88497122
84231371
88539883
84254166
88572017
84312620
88837359
84396971
88903073
88736347
84532575
84618509
89024536
84691236
89111338
84669175
88854746
84682772
84775632
88720227
84900066
88863612
84636762
84749230
89159737
89236998
84764185
89437399
89419379
84955699
89588040
84971258
85038165
89470846
85192091
89634821
85117915
85085570
89723935
85079405
89881704
85203361
89982722
85069424
85212483
89922031
89995028
85333981
89746429
85410004
89975241
85534319
89000931
88969924
85679872
88976322
89009206
85832668
89077022
85948159
85462950
88961875
88716553
85375552
88741067
85348680
88965291
85501694
85700731
89105998
85770824
89186949
85720592
89299701
85740282
85896964
85897409
89453616
89514946
86065066
89343814
86145348
89621005
86058229
89737969
86215133
89701468
86277109
86376090
89753696
86391538
90025453
85832546
90096876
85909891
90122704
86014788
86102325
90215509
90268820
86291445
86429947
90150417
86447120
86480982
90431851
90431792
86617478
90424939
86773768
90510440
86976492
90295108
90388667
86746760
90094312
86897426
90142364
90086135
87039514
90014747
86514246
89961895
89985301
90061820
86806673
86862220
86893236
89974708
86936840
90027710
90099466
87156127
90171725
87196310
90312689
87275102
90141763
90133885
87414431
90201425
87585625
90375613
87685371
87769536
90356159
90395621
87946434
90483959
90579714
88201694
90711654
88369477
90716829
90595794
88522191
90755057
87999657
87205395
87080273
90859897
87137090
91043987
87185900
87122229
90972775
87311189
91176858
91024053
91032470
87588856
87593546
91159159
87636960
87646552
91103332
87370544
87440562
87295205
91174956
91030686
91208033
87591562
91106491
87552366
87521985
87550449
87568676
91576930
87677265
91681446
87724335
87636793
92022448
87882098
91939204
92029201
87521628
92114863
92162557
87634678
92113943
87493912
87453906
87643144
92503492
87706627
92493256
87751017
92579088
87193416
92741399
87287395
86867077
92756170
86325210
92949760
86419372
86367305
93042510
86410200
86336791
93342620
86111594
86152702
86076242
93426771
86045638
86027335
93579993
93566045
86055294
93428609
93328406
93379892
86300794
93399241
93489609
86417562
93499729
86481935
93586691
86472661
86462553
93875349
86519252
93789766
86313186
86515964
94019567
93817283
86651348
86550282
93811011
86459733
86453504
93449429
93440363
93264710
86554164
93265016
86342459
93396692
86340767
86283676
93496873
86362999
93598839
86591587
93764641
93842238
86527360
86555805
93920991
93995761
86623841
86859404
94272871
86848727
86839391
94430941
86870475
94599000
86926995
86929067
94594135
86775271
94630765
86887935
86731946
94506692
86747240
86828623
94456632
86832915
94348635
87007155
94521508
94598292
86910802
94486386
87017526
94376715
87015894
87067827
94228135
87077819
87051216
94415665
86690337
94543293
86761276
94558098
86781398
94590401
86843478
94464790
86632862
94488583
86789351
86852736
94589487
94565092
94703637
87108240
87144699
94562823
87113327
94723458
87252034
94882923
87238811
86985307
87176474
95135333
87030180
95216307
95276727
95362564
87211305
95451182
87355256
95585308
87538069
95537884
95492222
87711437
95347040
87873188
95475995
88046565
95652367
95605862
88187001
95448456
95450307
88452106
95483594
88309197
88265971
88275657
95876223
95961958
88272610
88321471
88053312
96327958
96433411
88318141
88312794
96419872
88396345
88058639
96596441
88046778
96578680
88128257
96659682
88031403
88123649
88201196
96865861
88256259
96315570
96352696
88381483
96429923
96488471
88358171
96213010
88338840
96201924
88441132
88532130
96392743
96334381
88614229
88295995
96523669
88365304
96516144
96579340
88385276
87914154
96769332
87955531
96827277
87999797
87944815
97076697
87963801
97245186
97296087
87776163
87856271
97329425
97353758
87762360
97261609
97272669
87595934
87693726
97284550
87702047
97293240
97409216
87941384
97426893
97551986
88171301
97733773
88327027
97806312
88462246
97801431
97629855
97524395
88511344
97636001
88641345
88591393
97616785
88244084
97793280
88404178
97800635
88391686
97839919
97897045
88506437
98078175
88513331
98270007
88422967
88490330
98435182
98519766
88419135
88306528
98803995
88459362
98988102
98871175
88452319
99023506
88594397
88207314
99046566
99225845
88256143
99359104
99387295
88342852
88376814
99556093
88376985
99454316
99530622
88400884
99406027
88469470
99347394
88606911
99328176
88597224
88589933
88346372
99369112
88484728
99470786
88372074
88353278
99754366
88332212
99929295
88488870
100037610
88406017
100058973
100087659
88684957
100097399
88628350
100002884
99774508
88688316
99552699
88890203
99731885
100005823
89140964
100069782
89010980
99868030
88962403
99971593
89129027
99856966
89171168
99913099
89246269
89280470
89311516
100028449
89404504
100104942
89597537
100117574
89728545
100181087
89726448
100305283
100282880
89792446
100333920
100579847
90041634
90110065
100802356
90379665
100810829
90557462
90455225
101126555
90256377
101325923
90273292
101034969
90360604
100849000
90270662
100667794
90190556
90375027
100836477
90541085
101080889
100998745
90696641
100860132
90722344
100960340
90815489
101031827
90668778
90680979
101189206
90603748
101194582
90154604
101339423
90432658
100901637
90473029
90532777
101180376
90561320
101400043
90519277
90774290
101432735
101449963
90846533
90930905
91017179
101352781
101420973
101358619
91273839
101409969
91249080
101509840
91282250
91123696
101671142
90714380
101695698
101669991
90832936
101684231
90465429
90390776
101793507
102002727
102027010
90690045
102099108
90887441
102477179
91076387
90843024
102560587
90918873
90898720
102684667
90692748
102797768
102984506
90865524
103056545
90994797
103258131
90976639
103330631
103286996
90949381
103316276
91026252
102983940
91049758
102832109
91047853
102834700
102770552
102847453
91169726
102945009
91104225
91019573
103037550
90947316
103205161
90925730
102819666
90915438
90987448
102793415
102962197
90911570
102916333
90697800
102998527
90704003
103068250
90687875
103183604
90734514
103185355
90833615
103306463
90737544
90629155
103442508
90630881
103541936
90869547
90870905
90777844
103867037
103794800
90584549
103963822
90505600
90353180
104297975
90507932
104358854
90043410
104483047
90176883
90092276
104730060
90067191
90102625
104601920
89721195
104347146
89666767
89757317
104523075
104517935
104547283
89641389
89746267
104702233
89778261
104766005
104861992
89680909
89762292
89812456
105087984
89895417
105373727
89823911
105443197
89895839
89989778
105570778
105609144
90175818
105613899
105629136
90303001
105351522
90288036
90200329
90228040
105288310
90392220
105461683
90312391
105709737
90507778
105799954
105901049
90699331
105896841
90696265
105904484
90591483
90494729
105996573
90420241
106066237
105993697
90381815
105928223
105926824
90519040
105834951
105621755
90474209
105688012
105728675
90382371
90423737
105772136
105752208
105819279
90606849
105857328
105988579
90653379
90696441
106098118
90624106
105932388
90760811
106061715
90805318
106100281
90887583
106120249
90835401
106113951
90890838
106154405
105649766
91009163
105740455
91052658
105662559
91052588
105674501
105767171
91073231
105928251
91194607
106069491
91246081
106142968
91452177
106166940
106212988
91637791
106013756
91778983
91870055
106077115
91877101
105771572
91957854
92078056
105964771
92018426
106071728
92201757
105977867
92203669
92348500
105724060
105652879
92369244
105631163
92470930
105701512
92376680
105713412
92511302
92560217
106077708
92481996
92477688
106258218
92513041
106344869
92530607
106388978
92703369
106247620
92752720
92368586
105767827
92455272
105962311
105951198
92490203
105960307
105920039
92570393
105730287
92401568
92495153
105863097
106043679
92283242
92182219
106242302
92317038
106350878
92472231
92485105
106343461
106202016
92704451
106282085
106277419
92518648
106356401
106351763
92479730
106434955
92754526
106626035
92827861
92791729
106150681
92884575
106238232
106307716
92978061
106296670
93144060
106483199
93265944
93315555
93191607
106698751
106822156
93239067
106882239
93409694
106949900
106941856
93504394
106648177
93640239
106735447
93517236
106746018
106674736
93563653
106860077
93381040
93408738
106895850
106155720
93569064
106328474
93696938
106336384
105706150
105520872
93957864
94050025
94118584
94173790
105657479
93985081
105754806
93981291
105379633
93907243
105447285
94019968
105515219
94209232
94367121
105749425
94474117
105795124
94244598
105804568
94347628
105988544
105502887
105585498
94617209
105118897
105209237
94980545
105269340
105279935
95161716
95257603
105070476
95317514
95231603
105251619
95327487
105548398
95388024
105704214
95593775
105791315
95506358
105960112
105938367
95510210
105868269
95296728
95476236
106214958
95389517
106095702
95447536
106197547
95520344
95605184
106162693
95472390
95547696
95363503
106275714
106366316
95478461
106417330
95732671
106150563
95710529
106012094
95813405
106077607
105895441
95982911
106093985
106080062
96107503
106110687
95930675
106289780
106144534
96000261
95849980
95762327
106397088
95782232
106479681
95950805
106597868
95858185
106578156
95662162
95755027
106891003
95761900
106901173
95773689
106864889
107001215
95872232
95616435
106799876
95683009
95768235
106991053
107026166
95325623
107120664
107286676
95441182
107172265
95351594
106957277
95507990
106924665
95685554
95373846
107173198
95444879
107087731
95505721
95276444
107277225
107362246
95197177
95219342
107345709
94811901
107360895
107412422
107348647
107276117
95028483
95099655
107453392
107609488
95364067
107479902
95436641
107358848
95212466
95222281
107547462
94736490
107463066
94916011
107543074
107524802
94906241
107465023
94881352
107215148
94964976
107126959
107171337
94836176
107160773
95017559
107206931
95029816
107355193
95024837
95105857
107476776
95202409
107664392
95340718
107771253
95512685
95438788
107481069
95494098
107428511
95575062
107354610
107358716
95889050
107214154
95933588
107269009
96106381
107193033
107196829
96141841
96212279
106911121
96307778
106635432
96424162
106732413
106691903
96350608
106826877
106881318
96429096
106865509
96585801
107011119
107056759
96711346
107234965
107291573
96877013
107169586
106984556
96783492
96766319
107268014
96822294
107258949
96877636
107312412
96949845
107384344
96984701
107457485
97095054
106815439
97002271
96896618
107012049
96948017
107132661
96686573
107087633
107164342
96847582
106923786
96706157
96759539
107158266
107106412
96884996
106999043
96520253
107076055
96511292
107206962
96776059
107577819
96930256
107701401
96894771
96773427
96862683
107843767
96963406
108015555
107907696
97182933
107955675
97194858
107763679
107932756
97359840
107970584
97384722
108040147
108081559
108156859
97743601
97675987
107991568
107713348
107795204
97828779
97895467
107955382
107891422
98142969
107879774
98238456
98231496
108063613
97911870
107627184
107782342
97944567
107960642
98139932
107677082
98099475
107963521
98225215
108159762
98194662
97922629
108223340
108138251
108300179
98103693
108359621
98116832
108259938
98160694
108340303
98159403
108693231
98420203
98404771
98459073
108956501
109143991
98748922
98560115
109282903
98631618
109261140
98876161
98906766
109614085
98892320
98786870
109856112
98979772
109831578
99080126
109987646
98972872
110063458
99248078
110226556
99210712
99175826
110455637
99030639
98628511
110440351
98811150
98672029
98631046
110602833
110651690
98819806
110824791
111014546
99071195
99220446
111001652
110486758
110403786
99348069
99348030
110599928
99235698
110559363
99206324
99401173
110785125
110958833
99577994
99740615
111140798
99692153
111096266
99776409
99626318
111278864
99644578
99609015
111512912
111596638
99901510
111795863
99570505
111639521
99759619
111702117
99763512
111814757
100044831
111514460
100082444
111578332
100281350
111505479
100288187
100263266
111679718
100227774
100306701
100331366
111998803
100392675
112081363
100574872
111959892
100730792
112166328
100801269
112291586
100829095
100848031
112107782
101006333
112184346
112158074
101298297
101296115
101380881
112461502
101236726
112472298
101336238
112356089
112289365
101380995
101185642
112274132
112215870
112167230
101200876
100780885
112267054
112096690
112067167
100919849
112155970
100966317
112155170
112162716
100762978
112262470
100879977
112341136
100979335
100915179
112304615
100970863
112462122
100900076
100872952
112304503
100897917
112464943
101061579
112406863
112275476
101234006
112274511
112237322
101480874
112354350
101512100
112520095
112422002
112459006
101508640
112393198
101501617
101379830
112575098
112469204
101598342
112327867
101376421
112429901
112412517
112491317
101666363
112518525
101286224
112711865
101391254
112713002
112698568
112590808
101351171
112618275
101538238
112708598
112793483
101116645
112858819
101031004
112848908
112885910
101087089
112702503
112570301
101311275
112665549
112784914
101418243
112797730
112785563
101559233
101583916
112751378
112915945
101631495
113042307
101517248
101587548
112964842
101518743
112933245
101233723
113110192
112548203
112489812
101315052
101392377
101255357
112494579
112555358
101433633
101499178
112649176
101680463
112732154
101768840
112834035
101741365
101732557
101804856
113033690
113182616
101774038
101773522
112902752
101812223
113057774
101748105
112969830
112997774
102037049
113287249
102027656
113274586
102173101
113362415
102156272
113230987
101988510
113283509
113208220
113287769
102354033
113159777
113089177
102433799
102287047
113285834
102438470
102227913
113384587
113522395
102323325
113413344
102324944
113512649
102070057
102265526
113649085
102408731
113709994
113501730
102424656
113550771
102504485
113502963
102481343
102534735
113541054
113557422
102536562
113177173
102594444
113081948
113085779
102590160
102456445
113154718
102166890
113074714
102152585
112406753
102215579
112590832
102404873
112484279
112631253
102699563
102509568
112605733
112672688
102665437
102812414
112960220
112908509
112901359
103171203
113058262
103073436
102427621
113201754
102514919
113371363
102671664
113332432
113394041
102765977
113286978
102827055
113071873
102834485
112473282
112505061
102881817
112583066
102861332
112271522
102946685
112280796
103107634
112283681
103168710
112401590
103124169
112401764
102855244
103088361
112358780
112228831
103022585
112121105
112175482
103156102
112216879
112216104
103340239
103200853
112487887
103048633
103045494
112354695
102815561
112648016
103004998
112797967
103024540
102872573
112860867
102934512
112167694
112243746
102951933
103035741
112380061
102964637
112322454
102912548
112284923
102879443
112518945
103036816
112013198
112115059
103039267
112207689
112225199
103326140
112325712
103508902
112449069
103198124
112435509
112585439
103434363
112531883
103601253
112624798
103639544
112582649
103767284
103740935
112812859
103710500
112972604
103725821
113100148
103919592
113083146
103939593
113076087
103974834
113159895
104016292
104017010
113094792
113022440
104184987
104251137
113126043
104159617
104149943
113282881
104173042
104173970
113391717
113576386
104286550
113455394
104386874
113618242
113708303
104680885
113822967
104782370
113879287
104788700
104350940
113994477
104547682
113519513
104531419
113603618
104376349
113837892
104564378
113789684
104532187
113847461
104624383
113958983
104748929
114110715
104603290
104583031
114257718
104726256
104789354
114515770
104984116
114434854
104931423
114520238
105095462
114434878
105377127
114538147
114534809
105428981
114700504
105653644
114796456
114684690
114474948
105832219
113973040
105878267
114140626
114228852
106116540
114281895
106224122
106258923
114152550
106426761
114287139
106519550
106413461
106449660
114366679
106372698
114476949
114381319
106035393
106092297
114514447
114584785
106208420
114598471
106293939
106254642
114753593
106279763
114737327
106444486
106344734
106352065
114995113
115089470
106299547
106231575
115252658
106135020
115216038
115307338
106266222
115466438
106487243
115631936
115690541
106386690
106317385
106245189
115870678
106361456
116168575
106533142
116229224
106703427
116268639
106800111
106860830
116351877
106822452
116194464
106887554
116371958
107010355
116345065
107208048
116470117
107381536
116512640
107360984
116586466
107434245
116834293
107484218
116824148
117001824
107452370
117044211
107548180
117173123
107658785
107715567
117330649
107892419
117615332
117613416
107961639
117779087
108150109
117865551
108213026
118042708
108261436
118203584
108358957
118254370
108459694
118175968
108568084
118231903
108532708
108549840
108521154
118489263
108510835
118491817
118552211
118493589
108851636
118224892
108830486
118310517
118290591
108928270
109024501
118287911
118217487
109199515
118331494
109369321
118458679
109448947
118541090
109439506
109426880
118680309
109491550
118741872
118826588
109802613
118751407
109693405
118775224
118822934
109872680
109728612
109784382
118974611
118704071
109661354
118836755
109733936
118970015
109741478
119185820
109836399
119201104
110031904
119390918
119467719
110224926
119636405
110317706
110460476
119753753
110452136
119737861
119892545
119873122
110714605
119624391
119609070
110805046
119667769
119654825
110849222
110900302
110916068
119840709
119883100
111068916
119917481
111127263
119797406
111332562
119992344
111524968
120149982
111657238
120110035
111652375
120074386
111690408
120111116
111817817
111854275
120167477
111941976
120222906
111983170
119941820
111842265
120050645
111935139
112009343
120234995
112112329
120208866
112295636
119970385
112266560
119994969
112085927
119778171
119876044
112240491
119778864
119873335
119789442
119836941
112393140
112427552
119488932
119316506
119407290
112622867
119276578
112636343
119321622
112725520
112810470
119582168
112859300
112773235
119685478
119751333
119680313
112847497
119765579
112976867
113068787
119866500
119815486
113037431
119897609
113001741
112983177
120056814
119994044
119903638
112961948
119679928
113183350
119986417
113245398
120075968
120053150
113245366
113096333
120240737
113277427
120260841
120267334
119908773
113478052
113738369
120106335
120197789
113820919
120200993
113869373
120168446
119849114
113949821
119538945
113894401
113856638
119576907
119642384
113955556
119937185
114095180
114264726
120083623
114142786
120118955
114328927
120221920
114410270
114512133
120299361
114445497
120317985
120060560
114644894
120055076
114605699
114624256
120044849
114626661
119917670
119760829
114823639
119826333
114891458
119996559
115122149
120143941
120202624
115187070
120185113
115333957
115434112
120268100
115413158
120178663
115486805
120264282
115600029
120364472
115675074
120557992
115657705
115648757
120485406
120386157
115465938
120316309
120237566
115628743
119693690
115642058
115474326
115558400
119719863
115622792
115349251
119941803
115272736
119899709
115566768
119995315
115640196
120184355
115509333
120071007
119945382
115196247
119940850
120004761
115374235
119806352
115448341
119755719
119616385
119683365
115616059
115478438
119941528
120023889
115671866
119769710
115763906
115805347
119862839
119949605
116006947
116150091
120197265
116073019
120298071
120338025
120422580
116290354
120515422
116257693
116293199
120261153
116024547
120282957
115952629
120522089
116069311
116168947
120757620
120727566
116426201
116448479
120594737
120656542
116130743
116138925
120760283
120862846
116516229
120950327
116627413
121043036
116770730
120927189
120592689
116972626
120390191
117022124
120489664
117112915
120686918
120676409
117044918
117084119
120711649
120698893
117187330
120859593
121053545
117568516
117405781
121235252
121212221
117657787
121300014
121398102
117787671
117938762
121521129
117694337
121601021
117794320
121762128
117746778
121754739
118013850
121760350
118077350
118064713
121809090
121752712
118258947
118384006
121884428
122053559
118601572
122115668
118640160
118544000
121894479
121957420
122028321
118812657
118762862
122149651
122232538
122105303
119001999
121978513
118828984
122019763
118781376
122062866
122118977
122219847
118967917
119134120
122372134
119007118
122457022
122282937
119173062
122134276
118555838
122146774
118346011
122227219
118251351
122335199
118393991
118438902
122120598
122021629
118162508
122083748
118255329
121797922
118528162
122066094
122120686
118643729
122202850
118696888
122218520
118834861
122272924
119011435
122310913
119176685
122581486
118950448
118990933
119068921
122574656
122643179
119095007
122718787
119042534
122900778
119223323
123171417
119307326
123236266
119477256
123059375
119568113
119659526
119329118
123330430
119408314
119452009
123249140
119576576
123398411
119682075
123188981
123049913
119690582
123103684
123096665
123184414
119999638
120058297
123335892
119999619
123356846
119843152
123323681
123254952
119901236
123351734
119550054
123138466
123176355
119326200
119266601
123346350
123286508
119223187
123257293
119355867
123071054
123245659
119484731
123137877
123314971
119518826
123471595
119661510
123513534
119589223
123501585
119723676
123605527
123312246
119812108
119852820
123121359
123189300
119929588
123364074
123310120
120205836
120254321
123126948
123184533
123095070
120592915
122992942
120660852
123184530
120630186
123278179
120757129
120949888
123440945
123358764
120949480
123371272
121036488
121127513
123403313
122773867
121218558
122851742
120850360
120587993
120644450
123022765
120171786
120128042
123034978
120298116
123217503
123412043
120358673
120388800
123430679
123414167
123338722
123340152
120604406
123432442
120737751
123486904
123551370
120854182
123535049
120902126
120629631
123772720
123854922
120820960
123641932
120767154
120613049
123601958
120482246
123319766
120669510
120712997
123262255
120878021
123411041
120794575
123136428
123113428
123135179
121084755
123250014
121144690
121142443
123420398
121194619
123511521
121481800
121558379
123790649
123885576
121632538
121584734
123646314
123574961
123663895
123451707
121635742
121732386
121726705
123490988
123581816
121547102
123650909
121615193
123873222
121681552
123825299
121479245
123898435
123959916
121737649
124302499
121886192
124311783
121910497
124441396
121841214
121752256
121697712
124678437
124740797
124834222
121827478
124745769
121656885
124810790
121817502
124894469
124881197
121881753
124851898
121989217
122000566
124885361
124897467
122262546
125097825
125102906
125078184
122356594
125118462
122326647
124965170
121974225
125010228
122092390
125310482
122203164
125353048
122241623
122340638
125470282
122431147
122472006
124758520
122532523
124790711
122411082
124851590
122431939
124910425
122529233
124812719
122740087
124708649
124726005
124678535
123008107
124937968
125011359
123277662
124920856
124994814
123165966
123237079
125017999
123425720
125281059
123166206
125343434
122910351
125401728
122888592
125495245
122814801
124933504
122787596
125072800
122816159
124964553
122996588
123018520
125107743
122992074
125167693
125000964
123071698
125104591
123181119
125144852
123259426
123262331
125354230
123326594
125403303
123257917
125527119
123431907
123445601
125663936
123539582
123576344
125583256
125696390
123869984
123913429
125739726
123962776
125806999
125898214
123967181
125993165
126033004
124037402
126198787
123895141
126312733
123998001
126364574
124062152
126378301
123948610
126546914
126735745
124144415
126938974
127023569
123914157
126999598
126893758
123874300
127066311
123897700
123748453
127165698
123796589
127210440
123688609
127379481
123712819
126866191
123689771
123543079
126942048
123500070
127019227
127059004
123742746
127151451
123934057
127020260
123839915
126962026
123895097
123974772
127049584
123937838
127141380
127310402
124083913
126725714
124089233
126749308
126778586
124408418
126951318
127048052
124540604
124558253
127139844
124595983
127236409
127151733
127246906
124421863
127411804
124475061
124497540
124681474
127779203
124755626
124749706
127967045
125100239
128197764
125265291
127849860
125401842
127395805
125402706
127444171
125508052
127347493
125451518
125235622
127496982
124983840
127303748
125034782
127406700
127325557
127332773
125160011
127324236
125305318
127372196
125272738
125196538
127398567
125328628
127375928
125390989
125238239
127482365
127534405
125527324
127594874
125709306
127678320
125788556
127772151
125754294
127954264
125739170
128132503
125877291
125885201
128172576
128281992
126116465
128462722
126157623
128528062
128469118
126324400
128515620
128661092
126503031
128678017
126540321
128691205
126700462
128813220
126702366
128857846
126891341
128740235
126808272
128693478
126770919
128787495
126822760
126497317
128631449
126418237
128920146
126451117
128905705
126517243
128816147
128897615
126716191
126834032
128931549
126903165
128979612
126742784
128843424
126778089
126729285
128986097
126739155
129163845
126627921
126597606
129186009
126633367
129168923
129262534
126807895
129318941
126280856
129139513
126422497
129296865
128711049
128483247
126804259
126762556
126844875
128476690
126922759
128450431
126974236
128486179
127263413
128459487
128619612
126769377
126620514
128636288
128695364
126891624
128772794
127079866
128875875
128658814
127054421
127062069
128809521
127236471
129067228
127341341
127342078
129357983
129491176
127413088
127471341
129768319
129937769
127647619
129821219
129809526
127663803
129851845
127534824
130022996
127464617
127540079
130056925
129560135
127592395
127527052
129750259
127353046
129917983
127405028
130012704
130142960
127488637
130201466
129869783
127576547
127631420
129792387
129984725
127758773
130267531
127892524
128067039
130118341
130069111
127840114
127798833
130046643
127741936
130167011
127931409
130283310
128005307
130361957
130292529
127671328
130254088
127815592
130325397
127984162
130340604
128013353
130451492
128376226
130624080
128345984
128305613
130559072
128371391
130554782
128330624
128319278
130646248
128281179
128321162
128294904
130855214
128360526
130982479
128337515
131162899
128045131
128151750
131432028
131534328
128334729
128426180
131375702
128253502
131460415
131373629
128337308
131428557
128516334
131552408
128390959
131681001
128451727
131762852
128611215
128763850
132222047
128680637
128590701
132417651
128584185
132341022
128733323
132457867
128584629
132452387
132568213
128885234
132621422
129071606
128862250
132425670
132273329
128988500
128766124
132351567
131874991
128962011
129061253
131947922
131902982
129250946
131970250
129193269
132069787
129384984
132169191
129293405
131732635
131693587
129632478
131968898
129719360
129767553
131985178
129817264
132271350
129967670
129962400
132467492
130081449
130169976
132441175
130118729
132384218
130271617
132208243
129991012
130085795
132085271
130049246
129753988
132235095
131496407
129924511
129421716
129526516
131889551
129560409
132124585
129533032
129220295
132256318
131795683
129357321
131698699
131622107
129534815
131720593
131837705
129714639
131714534
131676638
129819168
131639415
131571344
129834029
129832487
131410169
131561099
129723654
131526706
131711978
129876419
131753076
131713483
130138501
131582324
131606384
130151264
131618568
130324568
130276572
130253848
130249643
130294382
131810279
131793255
131739176
130582117
131785014
130188931
131419116
129560593
131323188
129427396
130749775
129498211
130578142
129686969
130618421
129445042
129289734
130730449
129343071
129507699
130855986
130783900
129479264
130861543
129568489
129747495
130812072
130586820
129503799
130675341
129635283
130865932
129739066
130946928
129625678
130942039
129507834
131181698
129763003
129814289
131377788
129938732
131489055
129985708
131412421
130118785
131611228
130160934
131710082
130039305
131806750
131776436
131490813
130111837
130152554
130079715
131771985
130041518
131751541
131797854
131620612
130305723
131691378
131706006
130433257
131831963
130402056
130342853
131872813
131851371
130553212
131934740
130420623
130464015
131923389
130573343
132059194
130659204
132149782
132232603
130710935
130659142
132365846
130827977
132419592
132307172
130775185
130766547
132486600
130908311
130976722
132563904
130702655
132650525
132563140
132618998
130767516
132558261
130973849
132786620
132842196
131114325
131098134
133005058
131104426
131277876
132793721
131067482
132921200
131123031
131201682
132854998
130692111
133051750
130588323
130316424
130401700
130270631
133300653
130318765
133433401
130133144
133456666
129922231
133512487
129920422
133332591
129983724
133358962
129802462
129925071
133619302
129704959
129558278
129393561
133877680
129281497
129307066
129431320
133976401
133996360
129324214
129154300
134161953
129193419
134110051
129207815
134183587
129191819
134367268
129325876
129342405
134342949
134447201
134505907
129625187
134527264
134329090
129582971
134359512
134200609
129644731
134182941
129701360
129897318
134320025
130061397
134426585
130031592
134620322
130125888
130012854
134370091
129881630
129865573
134515582
130033200
134566356
134614415
134480215
130236385
134145268
134276679
130635157
130473270
134436413
130040749
134402939
130229793
129894836
134526500
129909620
134602812
129984397
134638569
134711325
134859949
130123379
129894834
134693886
129758035
134794818
134661395
129921128
134521475
130109742
134553881
134621219
130271760
134630745
134346589
130464866
130496969
134519096
134599634
130635966
134873066
134891937
130822456
130821005
135162290
135424489
130962646
135719641
131149764
135784266
131265170
131261110
131305302
136119827
131372116
131385398
136204811
131197136
131290750
136231075
131372843
136309707
131117766
131187409
136490785
131339556
136521325
131403619
136680837
131312345
131373072
131120989
136959768
130831903
136795089
136893831
131115997
136824281
131176751
136965453
130019806
136606639
129920077
136688644
136761663
130052527
129784822
136832166
136646132
129715943
136748624
129739378
129803617
136659073
129828660
129661946
136939667
129365591
136989554
129321399
137091500
129348564
137108381
137119229
137174284
129431435
136907056
129720181
137024453
129861560
137130143
130047172
137248158
129948857
137341597
130236219
137512257
130007704
130089240
137619738
137560180
130123387
137482224
130251782
137316882
130138942
130260310
137390165
129968192
137601368
130145023
137543722
130149075
137673008
129566241
137835928
129485917
137761682
129307686
129319579
137763205
129121130
137626459
129318235
137605828
129465820
137899439
129619253
129509198
137869282
129604282
138095590
129698408
138102192
129354112
138196080
138190430
129536442
129533464
138483327
129620697
129697144
138511134
129694717
129687551
138704679
129712867
138639362
129399464
129353648
139024109
129434628
139226779
129299312
139361274
129222020
139458564
129386699
139464684
129615016
139678458
129804102
139719131
129986814
139669016
130061266
130051962
129930450
139745656
139836181
129837749
139908545
130012996
139645008
130352793
139725610
130453644
130554622
139732073
130487583
139744710
140027626
130837050
140039942
140127098
131032738
140116412
131023921
140282927
140376054
131130085
140412235
131124489
140518123
140584669
131173524
130969716
140471637
131043798
131100662
140630206
131265550
140618339
131142889
131086604
140613358
131046082
140482107
131033961
140424479
131084124
140597818
130641672
140745014
130891062
140727440
130967989
140939515
131120924
140952949
131276502
131338031
141161136
131469466
141234253
140634388
131465741
131123556
130798048
140885029
140526652
140642418
131132539
140833872
131291581
140989486
131402229
131551347
141127702
131577528
141080958
141156972
131665941
141191940
131677726
141224880
131848040
141308822
131701026
141271850
131410779
141466260
141351710
131413679
141350619
131188003
141425242
141507798
141565298
131401912
141693458
131733272
141869897
141667319
131924008
141544593
131811957
141631518
131253535
131204906
141814286
131139202
141958886
131293032
131382813
142073257
131573944
142156860
131308439
142227451
142291320
131483896
131571043
130981573
142570178
142674859
131212836
142678802
142720971
142401495
131234851
131231407
142591251
131383433
142665644
131458162
131377185
142960434
131518040
143008746
142839586
131659579
143067803
143047406
132027407
132092304
143281893
132269381
143338505
132237945
143413540
143488470
132205399
143408942
132384063
143569149
132579952
143424309
143503901
132765204
143631458
143569289
132929944
133006035
143686770
143753269
133041248
143953821
133218880
144028567
133288531
133264932
143882929
133465942
143759062
133498301
143903108
133479934
143910530
133391503
133481552
144061685
133379278
144096546
133554754
133567570
133574395
144222074
133366019
144008411
133490172
144030435
144110439
133685072
133703581
133706332
143996162
133743294
144118868
133907547
144253581
134086652
144438274
134310198
144336857
134333288
144490322
134186110
134205370
144676882
144659772
134479802
144595142
144584273
144658752
134690722
144839317
134592635
144862961
134609051
144836881
144712104
134791535
144685086
144473111
144534425
135181876
144585749
134709291
134700099
134622788
144862543
134709561
144616671
144308972
134554324
144218825
144105381
144193080
134712319
134894877
144162647
144161274
135063551
144122413
144128539
134798004
144085832
134967659
135128607
144188485
135090328
135187442
135193385
144496326
144561722
135339976
144623006
135527872
135321739
144925681
135332437
145112173
135392644
144853863
135251320
144930147
135435621
135389127
145071229
135411735
144892540
144847483
135657854
135532892
144942371
135505088
135436337
145184249
135480064
145225124
135432841
135507868
145338107
135565382
145487188
135632445
145340573
135792579
145499651
135981074
136096541
145777616
135992790
145809174
136172189
145834417
145864401
136361222
145854736
136474233
145986095
145916070
136507609
145965771
145776380
136746868
145578068
136802696
145599440
137008033
145762767
137005168
145908237
137166383
145827858
145809789
137267576
145872495
137401327
137493224
145940714
137444708
145803261
137524509
145842317
137589066
146032298
146224709
137557090
137288288
146101240
137391872
137325931
146346201
137312203
146387786
137420558
146582785
137494592
137500077
146615604
137648693
146804465
137574584
146828942
137667754
147116124
137294288
147241739
137543712
146990654
147021187
137649682
137517495
147204095
137369799
147287713
137406569
147234998
147292250
137531609
147308418
137562497
147410592
137472199
137466761
147492834
137226253
147579881
137495587
137604244
147954419
137477943
148233775
137592355
137601144
148286859
148253422
137717640
148296637
137705593
137396461
148454451
137424422
148553426
137505948
148708233
137566782
148799899
137614271
148858696
137754156
148836652
137710532
148846926
148763413
137886832
148780066
138081218
148951780
138368011
148999609
137995846
148977842
138022271
138082669
149184690
149186167
149239750
138287931
149193213
138478166
149368684
138439018
138228456
149414522
138320064
149374570
138296508
149273574
138253049
138158252
149354530
138171258
149547692
138042624
149636998
137906623
149604606
149773836
138135424
149617651
137966882
138152504
149734127
138108237
149714184
149761734
149856838
138478791
149536707
138535870
138505505
149684164
138472843
149738926
138766053
149827248
138882011
149689200
138899477
138944473
149818229
150072613
139265543
149775402
139236976
149934193
138880517
150029922
138567301
149946169
138677987
150008343
138733853
138587434
150023198
150064966
138782441
138766545
150259633
138851018
150366815
138584906
138717280
150625327
138751441
150661031
150730962
138885985
150832058
139085871
150562211
139126706
139186673
150749084
150822709
139318176
139513416
151093591
139595993
139260953
151262286
139152941
138300383
151112502
138357939
151189231
151276250
138487134
151550745
138547366
138632891
151437557
138588192
151503271
138569128
151554413
138801506
151438470
151244013
138942003
138938572
151456980
139088165
151649122
139166416
151701904
151754949
139142566
151891800
139187823
139225692
151936111
139125757
152063409
139197967
152208364
152065992
139258509
138855446
152155451
138954205
138961858
152292615
138459715
151994233
138653272
152054071
138781625
152157729
151923248
138842965
151985238
138926856
152082425
138947514
152094643
152103462
151921897
139107911
152010833
152004667
139305717
139395966
139455451
152031147
139518146
139471376
151905493
139492940
152085129
139689639
152161793
152204104
139955274
152359114
139886787
152393831
152457075
139407223
152274853
152249963
139617705
152341333
139495372
152495578
139566414
152537229
152755368
139691163
139627859
139534357
152932111
139583955
139669654
139678619
153209936
139845403
153385402
139732788
153492953
139875454
153515531
153462686
153378153
140161386
153430540
140320654
153562515
140697379
153754854
140558573
153671788
140740942
153856212
153839375
153781826
153880211
153739008
153557475
140925778
153616593
140993609
141063632
153870012
141089589
153985454
141166626
141115807
154014863
153927274
141287644
141470371
154193597
153946969
141589951
141651170
141841994
154438560
141804875
154473793
141563253
141629861
154416375
141753227
154543500
141663116
154122696
141727507
154203714
141753651
154205700
141768618
154299605
154320221
154366648
141585125
154453510
154463419
141733129
154407630
141669294
141780309
154796926
154955183
142076052
154859865
142245993
155088145
141908855
142067318
155251815
155132269
155113283
142215452
142296066
155246833
155250857
142455066
154890384
154966030
142650539
154969818
142771013
154958485
143051113
155142621
143123815
155215766
143311526
143220816
155089955
143229840
154980483
143411205
155235172
143458186
143455575
143278345
155362835
142851286
155458013
143029128
155607793
143221888
155578308
143303793
155871168
143355676
143449286
155965783
143439433
155762865
155632416
143361260
143020193
155538358
155560530
142657030
155187002
155084527
142754097
155157365
155036988
142808695
142986100
154857049
143018486
154728470
154848063
143101509
143196110
154896598
143167827
154988528
143226219
155229105
143428522
155200098
143619787
155373526
143814607
155355376
155230037
143780094
155316586
143960562
144063974
155534838
144099340
155706021
144231912
155581025
144247313
155434920
155605744
144443840
144317107
155729445
144478994
155769856
144569607
155891349
144625036
144687111
155386517
155536128
144755551
144934829
155544222
144505436
155624893
155551744
155224892
144761697
155516082
155618283
145032786
144918201
155629758
155573772
155216210
144884630
144958304
155399588
144993535
155391817
144918875
155483412
144934554
155474135
145004681
155761754
145066406
145127667
155883728
145241219
156177400
145405856
145457685
155872067
155963919
145292073
156253195
145645431
156357544
145756840
156434736
145798921
156622279
156821856
146132532
156533303
156548392
146183530
156575691
156650194
146373083
146549152
156905241
156928577
146697510
157171548
146961450
156927940
146988581
146893195
146859493
157063924
157074301
146843591
157003216
146777820
157099432
157211694
157160054
146953544
157168903
146855501
157109302
157167718
146962602
147058472
157487197
147001370
147052256
157629261
157697525
146852103
146947862
157713915
157745625
146825551
157843604
147056249
157872484
157719568
147044250
157905902
157693360
147372811
157757675
147502614
157932384
158014774
147744172
157934726
147375008
147527240
158048292
147583964
158139353
147520973
158419436
147579650
158454086
147636977
158502276
158549260
147833005
158646306
158739975
147823744
158768451
147866883
147790841
158800017
158860511
147990257
159056854
147861291
159044115
148009681
158175856
148199332
148121652
158461836
158526624
158611245
148117710
158796481
148189157
158924116
148268574
158987718
148516879
159154324
159199111
148418304
159240956
148666785
159242961
159127708
148748023
158983401
148867109
159037598
148905376
158896500
148635581
148719019
159059075
148798331
159191825
148778519
148427902
158999483
159264412
148731435
159560256
148880717
159551395
148936058
159641469
159729981
149042947
159867301
149144778
160055672
149364517
160158488
149466301
149647954
160407740
149760598
160328010
149821354
160564307
149837536
149997003
160657374
150014701
160804079
149849037
160835595
160989170
149871008
149684114
161184474
149739581
161230999
161172821
149835406
161165146
160730064
149932417
160741037
149831670
160502235
149650553
160700775
149809996
149747480
149602483
149490123
160936976
149168052
160877718
160783298
149040607
160752878
149068492
160726241
149172532
160854016
149238090
160952932
160976473
149421679
149480399
161156078
161342394
149763919
161229638
149807180
161321482
149807597
161456025
161394824
150000890
161570626
149898847
161725000
149862992
161521783
149856053
161563977
161460296
149806594
161289404
149806838
149749550
161288867
161328690
149918825
150087856
161586468
150216608
