772475
1035642
1049890
1630682
2409677
3295559
3183836
2779800
2338106
4159417
2537862
2129500
4411897
2049999
1990973
1673787
1113863
114490
186690
134120
5893771
30945
5297099
4983601
112218
5314427
562444
494560
325147
6116346
675078
5957426
5953470
697279
606998
609658
5887101
487560
5017533
4809624
118266
4536285
5325280
289960
100684
276374
384033
6384085
60509
99268
6818501
6771547
6397301
6147897
6034369
230506
281218
7083268
170924
7207604
259335
7165625
7946777
276221
344883
335984
51228
27461
8735290
434780
41614
9073607
9255761
9260760
390692
333792
9722656
46781
9634288
172660
9496276
9088334
8671336
918937
9134682
1210765
8526980
8041692
1292735
7411590
771868
6917310
7050038
6348061
5813466
6266547
2185083
6234568
4344842
5191027
5776235
5139313
5398368
5552222
6773477
7797605
8285783
7877370
7967918
8234922
8427520
9269196
9377780
9403420
9450389
11092009
11669158
11782089
12557041
12317955
12865332
13515167
12736072
12692195
13017149
13348011
13595140
13511745
13672076
13837035
13992422
14040967
14420124
14562059
14392441
14607540
14532813
14605559
15202872
15632265
15903111
15415505
15664111
15991984
16055030
15804854
15765262
16799712
17011488
30417040
18161286
30575859
30713343
29925295
18598193
30234018
19257105
30425670
29883128
29949789
29784495
19508209
17921538
17641905
30233860
30805893
30931309
18957448
17970424
31565161
31050664
18151448
30934641
18445607
31353394
31027940
31177045
29158498
19388471
19106167
19114545
30435501
29927707
29375444
19318096
29372491
19636311
29639515
29735377
18910222
18849402
30220101
30748683
19457694
30940767
30958368
20177965
31623870
20655874
31321758
30950949
30990025
30966179
21784046
31355747
30665754
30693747
22147641
30927663
30881619
23062052
32046259
31477370
30579051
24396389
31416770
31341457
31415957
24506443
31273667
32694184
32598413
26956658
26387011
26536217
25966133
33770080
25829897
34006042
26868560
36047876
35546877
35507632
35141528
35676261
35185982
34324429
29338992
29477327
34860556
30220944
30455247
34107814
34242605
30997391
34288267
30934160
33717946
31815374
31559129
32002384
32211841
32159460
33018410
32604108
32556812
34659245
34795837
35134637
35451952
35313845
35163786
35131960
34975212
35187371
35041501
35068800
34863080
35473225
35609266
34998668
35140759
35149208
35332901
34344974
33820651
33607869
34350316
34507618
35116092
35569983
35875590
36529475
36369142
34966982
35473779
35490855
35713846
35489447
35716927
35504069
35123346
34635107
34577646
33846474
33353069
33703451
34733595
34650200
34354011
34342147
35171666
35385396
35015605
35406549
35551944
35828685
34880571
35094073
35935109
35823583
34207398
34351471
33203780
33312547
31252286
31189761
31187408
31324051
30938672
31353905
32027738
31230013
30335685
30720373
30296717
29659642
29553612
29608784
29313045
29615467
29191235
27136136
61461344
61306829
27139095
27204692
62160545
62065253
27194515
62314513
62255272
62735055
63114614
28716076
63643478
29481073
29516675
64049518
30197459
30493141
65532355
30847352
30091556
65705538
30210266
30046915
66237477
66185842
29822245
65911223
29819446
64878381
29564990
29419364
29414753
63629712
29387092
63730210
63617757
63106677
63263717
63345382
30233151
30290746
29073413
63700374
63605913
64015549
30622075
64614455
29853568
64413958
64364364
64179189
64045932
63752099
29401712
63847440
29386702
64388120
64342465
28959397
64356874
63681824
63680596
63417654
63423484
29254813
29833100
64167923
30520142
64988688
64737118
30990624
30659194
30601790
30788775
65153146
31161557
65223998
64955297
64688579
31632653
64728927
31483428
63474856
63634871
63460679
31915684
63674113
63985884
64046261
32705472
63766594
32809840
33041027
64313526
32290096
32278940
32162916
32231444
31742718
64094340
63893847
31612744
31724081
64160968
30774872
30699083
31627781
65581584
31607945
31490956
65735837
30682974
30779607
30891991
65821482
65670582
65927476
65782089
65957042
65534039
65626267
65549822
33070999
32947678
65701973
33761526
66937996
66805851
66876376
35260133
67157727
35308865
66396233
35577334
66365719
35595405
35288561
34771340
66845860
66816770
34738747
65941774
34803845
66180844
34976873
34297222
66312440
66126212
65206409
65080124
65041037
35387059
64437151
35502540
35959464
64017172
64132923
64201621
64287819
36634928
64616790
64769845
37169156
36658868
64951057
63966608
36999443
64228298
63786849
62865556
37741181
37640702
62040917
37378302
62241512
37165043
36337926
35559298
62227322
35988953
62893213
62305062
62329045
35638602
35171107
34748943
62188228
61756140
34926681
61262364
35163348
61474155
34918070
34619463
61329310
34601248
61577884
35182514
35186905
61345438
35692455
35769009
35316702
35220129
62256916
35029519
61768337
61796923
61702402
33644000
33735336
33179034
33296323
33082203
33264044
32529617
63418314
62958303
31308244
30856100
63221726
30777849
63578810
31772545
31675137
63641804
64008465
32259491
64291329
64312508
63838655
32438690
32413419
64235169
32096660
64635695
31726273
31496643
64962496
64552502
64457939
64038547
31387350
30999250
30974218
31039542
30902099
30923196
64642084
65115401
65459739
31817161
31621309
65489450
31148269
31081212
30153768
30054710
65459849
30095214
30207923
65438678
65381668
30896734
65468683
65298011
30925057
28934554
28601645
27269047
66169258
26460773
26044032
25810623
66846764
65823593
66144820
26537400
65629304
27086983
27119116
65587782
66349395
66421073
65834992
63892398
27858558
64056660
63442324
63087143
29003870
28820217
28859312
63985808
62363163
28248904
28831349
63249164
63320315
28621813
27561715
26980634
26965938
26567013
25841938
63936144
64053164
63362354
63260658
63032423
26501383
26422636
63740304
64040526
63858650
28615366
28079951
64095693
63662944
28632365
62408923
28603943
28360768
62647723
28480172
62341969
62184281
62543618
29131509
29174798
28799590
63597227
63232760
63036493
62829497
62752233
62506771
62426611
29402377
29835419
62229142
62367891
30096484
61984823
30008165
29917353
29777471
29656053
29293521
29397844
29736658
63150176
29776630
63184057
63045080
29611353
63037565
62963357
29610094
29039613
62963668
63120532
62813586
62994590
62961397
64041012
31142107
30886313
31075591
30928399
64763452
64537762
64758331
31269702
31064535
64017754
62767417
62470800
61835060
31316105
31089161
61857767
61764038
30016513
62320303
61859600
29865355
62473546
30491736
30602025
62792725
62784910
62389248
62200083
62248284
62232504
30827087
30802133
30756507
62804409
31773763
32118360
62556158
62708392
62328025
60744210
60542059
59998220
33201998
33269307
60665128
59899023
33714125
60054680
32714012
32692539
33146554
60627393
60510582
33448329
33468603
33423890
33293125
60719633
61251891
33718646
60122627
33215793
59280297
59236728
34033600
33632022
59567726
33802167
33898381
60218568
59959714
59734187
34229731
59199269
34961884
59937330
60086664
59941804
36103102
60445708
60431817
60552678
60521783
60471136
36545311
36079210
36214948
61800608
35705801
34376884
61396252
34989670
61548298
61427175
61477207
61545013
61851608
61899902
36989500
36619265
62172376
36219119
62159236
62424159
62437711
61862113
37033374
36965440
62254466
37159051
61431666
61591005
37921471
62549878
62557289
39318822
62393412
62351820
40063989
39329718
63235467
39401193
37248035
37732871
63644165
63426030
37104571
62896668
62646240
61584544
61743260
37267251
61863144
61811298
37535102
60575061
38047534
61001087
61176965
37966906
38162841
60850263
59618794
59259377
39588072
39681640
61391394
39425135
61358264
39132832
38957107
39095199
61740768
61318534
60848804
38908926
38904921
60125234
60096366
59991077
60275398
59821072
59437299
59429980
40156159
59763079
59228802
58481742
58460868
40726040
40370264
58049318
40267620
58432009
57558579
40922457
57861365
57796358
57481489
41738214
41809510
39570812
57374507
39705500
57301039
39668876
57247999
57743033
40885788
57896952
40801573
40729542
39749255
58506923
58412577
58444514
58552950
40767964
57825047
40656775
57960513
56882110
57208318
56363009
56258736
56673080
40979664
40439573
40569118
39418456
39468668
38934729
38779369
58262829
39370617
58852496
38494422
58332930
38597336
57809348
57605494
37809039
57039559
56887725
38240124
38238542
37887896
56834942
37518808
37317392
57454903
57170813
38636611
57941125
39295299
38877072
38588819
58406163
38125327
38088142
37979861
58773232
58717466
38250062
58873262
58964876
37807570
37014231
35826205
59140610
34698442
34994034
59622297
35050697
34289413
59931419
34467913
33986316
32085513
31936974
59542513
59627090
59413415
58017592
57984700
57751192
32810639
31911508
58123741
58129153
58029372
57793241
57837557
57629499
57725559
32978400
57215408
32825457
32019684
30893303
56841354
57155876
57361112
57456670
31148555
31089944
31007701
57604412
30880880
57547912
30608280
30516465
30023887
58260161
57379985
57651129
30585726
30117360
30294805
58511950
58760405
31026627
58533370
58019503
58009770
58051380
57833911
57719301
57380834
29849181
29156735
55830184
55200354
55148263
29277936
29199821
55998454
55601013
29804026
55818403
30047170
56194767
29849706
29876265
55332558
55653723
29021566
55603358
28642282
56122511
29674663
56562034
30016461
29155930
56243910
55574026
55823992
28881562
29065773
29051774
55913303
55594014
29745160
30017374
56524724
55446994
29364661
29144699
55904593
56084318
29591312
56255943
55484186
55441101
29797668
55453736
28654020
28440696
27327584
55012135
27459417
27384881
27648520
55347447
27995139
28095630
56635190
28095467
27574237
56990062
57093138
55803190
28685602
28381158
56191962
55954277
56121305
55902170
29179376
55696294
29037064
29090851
29021780
29445012
56027455
55980495
29492821
55492941
55412980
55148812
28842668
28226435
28804057
28591849
28340648
28460586
56961130
56931586
56398568
56488889
56210996
29824929
29886274
55961759
29658334
29991730
30041294
57039448
56878845
57227458
30762380
56315848
55607086
30783160
31460398
31158046
56625756
31376584
31671720
57258717
57277153
57187860
32297839
32445407
31218683
58062179
58008275
57874541
31782245
57822632
30854123
57853377
57233201
32595587
58289908
58704824
59111614
33788902
33839500
33101865
32968918
57601413
57491825
56927216
33390637
57098397
33769067
57426984
33818249
57839793
58299193
58674811
35125857
58416268
58258071
35212936
34642919
34577558
33738868
33030819
59454388
32791328
33280161
59957004
33084411
33107999
59585559
59509065
60433179
61421803
61294940
61080844
34722877
34229733
33989849
61455960
34338535
34151193
60871836
60676220
34627501
33621680
61373716
61056542
33365882
33342594
61249379
33320909
33109207
33159788
61326932
32941803
32434851
61324998
61597608
60902963
60939226
32970851
61259554
61348929
34360944
33904674
33395004
33356472
62210852
33786987
62147709
33917230
33748471
62420875
33690282
62090956
33622191
33264058
62401408
33231641
32682580
62851381
32620299
62828562
61534090
31633796
31674586
30901055
60864441
60611964
30817908
60278211
30858056
30975373
30991452
30735360
30037342
61214542
30166023
29534793
29515748
61293290
61492401
29917423
61233783
60163607
60150482
59442717
30584403
29071986
59707536
59228275
59202450
29271345
29117351
28802561
59649057
59587384
59128405
58750458
29479368
28516197
58635898
28468568
28014934
27999451
27710920
58785397
27444772
26872363
27316702
27573185
27023256
59810803
59585874
59619660
26999443
25202210
60051372
59986204
24476037
59673575
24442294
59983433
24263676
60380759
60627422
60328430
60540007
25447843
25309353
24828595
60945653
60559522
60695355
60397004
60143075
60083931
59888670
25850904
24675886
24581404
60292588
24342639
24155036
24190607
24178319
24287931
60113166
60223962
60186326
24892733
24672422
24683942
59736328
59621868
23024505
22926552
59922312
59943351
24440795
24370990
23985795
61376894
61695240
24561411
24484638
62472734
24266097
62561572
24286423
24203460
63095628
63000035
63181230
63369191
62581274
25033780
62579474
62235232
61892673
61960052
61609420
25639926
25025229
25028135
23810197
62137699
60914426
60678842
23132543
23154455
60650941
23303703
23504751
60978770
23545633
23694093
23753838
23692707
23494683
62071740
61813164
24305180
24645417
62796343
61567837
61680654
61299368
25333548
61734504
61436448
25912631
62060749
62073214
62137522
26449998
61900123
26539319
61788460
26973307
27314702
27233710
27142660
26767454
61457122
61098899
60713667
60646422
59785709
59596670
59384727
27552076
27692669
60847558
28811433
28735118
29029751
61666748
29290796
29121036
62224328
29455677
63065468
29812513
63056938
30152979
63833279
30607064
30355042
30249015
29799649
64095607
30081635
30385212
30181947
30230268
63495812
63633037
63776181
30956639
30493434
30356300
30681507
30663867
32002301
66025556
32276144
32274803
32156747
66908830
31175440
31142604
31118508
66588202
30175635
30282896
30153293
65953934
66541940
66172513
30939925
66394527
31181636
31387119
67371693
31988084
31932646
67310041
66908544
31477523
66817668
66886089
66092790
32077953
66389185
32799424
32471979
32528478
67110533
31081909
31054055
67030657
31206815
30235130
67095865
67031529
65882905
30717492
65591773
30860648
65309750
31126700
64819457
31060378
65401943
30599050
66174960
30620892
65839739
30864187
30893639
31026644
30963937
30957012
66591737
66064409
66352880
31749820
66083704
31832800
66331522
31488842
66857109
65566004
32058218
32221135
32219263
65460479
32201196
65276204
65304192
31696977
64618497
31457376
64160018
64758666
64534753
31322687
64428529
30992936
64364363
30024744
64276526
63399653
63410215
62978411
62470398
61699309
30163173
29751208
61405063
61309590
61343419
29670210
29756552
29966877
61241277
30179895
61372667
60922746
60929773
30064879
60435240
60355007
30143910
28890481
28992782
29176457
61006686
60712466
28820476
60807524
60963730
60786206
28869713
28607095
28189966
27761628
27597165
62289667
62298620
61551281
61129925
28379818
28459587
61569433
29035758
28836949
28703901
28687845
28461326
27639254
62504348
27732405
62819491
62902614
62974094
28125476
28010394
28162905
26835104
62628366
26164427
62952118
63037442
26727726
26916295
26948299
63281265
63559518
63662215
63694549
27939936
63762383
63630430
28584632
63025984
28644284
28550334
28505181
63291184
27641590
63171373
62904272
27784525
63173489
63115885
27887326
27160148
63106927
62839493
62918088
27923943
27219873
63254124
63166978
26917543
26254682
26454660
26319345
26295401
26349401
63902940
63758698
26671261
26798652
26203763
64624281
26751634
64987986
64781550
64544389
26865360
26819889
65316352
26941250
65154919
64251942
64101195
63873806
63078292
62949301
26838306
26658709
62652569
63168979
27462230
27320135
62077842
61726400
61034718
61587155
28015651
61517127
28452726
27780019
61949450
27762346
62079132
62429434
28564440
62700524
62917179
28290770
62926793
27943493
27892585
28034964
27694679
27381554
63250851
63711753
63776069
27237167
26927390
26940012
63293276
27453572
63930621
27401024
27732166
28144866
65385782
65278308
65404033
64213552
29357321
29321372
64684557
28698972
28768587
63957564
63809682
28783769
28741375
64172386
28826192
64797985
64188901
64279220
29346882
63947301
64051476
63910299
29257149
64091048
29673459
29169455
29261488
29039156
28201539
64701703
28362416
27954998
64948388
65294258
65172401
65162611
64670289
64509354
29144112
29094189
64707475
29086324
63256420
29082475
28793400
28576631
27978001
27909215
27732785
27749333
62767633
61839572
61008150
28169080
27439173
27245653
61062511
60370181
27447392
26358574
25584110
25147701
25095556
60431330
25773986
59509169
59637850
26196330
59800527
26040555
25741847
57713068
57071101
27143266
57539618
26334350
56879682
26555608
56477945
56482097
56295798
55423076
26798032
54592975
54699184
27035199
54706698
55210603
27632906
55164663
54962237
28087645
54415449
28174140
28612769
28048077
55165354
54883719
28315205
55121034
28634508
28065714
55497557
56074917
56038627
56218875
55695997
54953442
30061704
55246444
54614663
54602733
30258502
53974673
29947916
54349311
54644643
30309455
30209241
29584872
29620200
28567152
54457133
28067650
27833591
27521509
54533101
26660746
54016578
54027776
54312077
26783136
27199127
27188214
55111942
55085254
54486993
28078702
29766742
29817917
56723799
29569837
56570958
56636297
29773540
56695432
30235648
57299161
29685600
30352949
29744189
58334366
58464045
58749668
30114813
59182550
59185874
59637862
59465067
59032974
30087930
59008121
30560633
59181474
59462956
30730841
30984386
59811483
60175025
31419000
59525299
31471077
59428789
30926241
30363398
59994568
60400189
60979491
59556071
31935228
59601048
59559624
59918816
33053358
33201612
33145850
33353729
61071169
33407216
33323009
33547894
33614797
33265467
61443136
61140391
33920731
61784143
34625547
62193467
35127070
34982570
35022544
35466179
35492920
35602728
63355267
63159940
35575731
63387082
36077360
36194821
36317657
36749510
64305444
36935830
37081715
37400002
64787376
64694728
37100804
64613146
37019547
64765272
36934822
37186706
35849711
35677077
65031100
35487909
34882412
64678079
64554863
64396402
64204510
35563813
36028174
66300236
66313813
66005943
36211940
66027071
36350711
66043836
36204220
65928748
65785331
64546636
36365255
35824637
35487532
65071100
35658658
33585051
64351019
64035641
64033950
33170190
64204462
63689289
33480656
32674182
32846595
64250179
33474521
64635504
64639099
33869354
65346160
65232225
65184211
34800974
65565970
35037334
35423869
65888525
65823771
66031934
65993538
36383242
65666975
64978294
36902321
36417213
65183846
36324255
36426132
65368169
35739796
34252487
65474369
34582233
34121481
65174323
64869270
65296822
65094620
64727552
64836085
34972686
64731727
34833839
64597497
35028045
34588997
34545955
63362050
33972795
32646465
32035812
63777724
31699308
63661213
63693668
32139911
31676062
31604929
31767812
63833320
31878585
64289021
64760022
30493729
64305981
29225951
30005538
64931151
30210538
65136048
65150897
30235045
64998309
64761792
64681195
64883520
63849446
63553120
30694030
30827191
30424928
30236912
63665078
63983198
64541320
31460205
30884309
30107348
29582729
64800607
64812345
29765179
64523502
29747836
64657152
64139921
29736063
29735540
29587996
64646951
29171830
28700491
28785065
65375295
65116277
64862753
64317713
64016637
63822859
28967167
29394445
64705007
29647868
64809841
30386974
29961225
64964854
29757626
29290194
64280023
29219476
28911400
64442953
29352301
29335833
65182715
65145750
30241836
30356574
65952803
65887733
65768642
30128420
66134903
29142033
66265823
28958770
28831034
66147309
28489579
28344722
65956426
65731930
65739222
28630244
28978064
28651567
28761223
28738812
28169329
65939578
66073604
28445151
65977273
65207091
29027994
28208754
65096441
65099184
64763459
64801174
64877358
64639120
29040965
64552729
28071524
28027187
64936199
64810203
28521296
28128133
65734952
65409343
65347110
28875892
28738668
66038981
65848333
65842296
28893354
28858768
65904933
28560963
65043110
28513697
28414332
65407054
29432752
28758743
28527660
28142489
66669861
64608879
28314500
28532100
64994249
64835039
64781868
28312934
64403105
28553731
63416874
63303359
62979156
28747506
28556462
28334157
63189754
28289909
63234486
62821040
28871478
29244920
28875892
27947716
63997683
64018274
64489630
28647935
64081526
28072711
28402843
65135387
28554170
65100528
64970104
28698891
64893094
28605708
65040282
64498633
29197317
64170155
29536009
64017978
64451804
29393360
64610371
64886613
64776848
30214009
30291131
63282172
61868348
62057885
32078879
63251051
62668454
32478105
61152633
32706406
31966241
32097152
61284425
32766745
33033775
33006721
33087445
32490971
63146810
61451873
32281296
31944174
61210745
31900113
61698220
61848989
32613338
61876964
61171340
61184721
33486188
61652014
61630951
34020835
62338003
59978614
60370085
35007072
34963216
34432015
60648172
34596591
33673084
34000301
33458894
33097848
33786245
33756069
63128972
33975153
33967793
33699413
63376665
63228593
63474085
34477749
63652659
63102714
62770200
62798092
62951340
34872840
63061777
35190146
35183066
35349163
35212836
34499814
34944528
33793015
33752772
33441066
65111941
64583281
33867666
64936297
65257239
34004017
64618556
32774244
64684065
33048687
32736417
65230859
32762196
64601181
33375993
64681332
33753862
33880292
64950482
64682043
64812811
64863014
64888471
33597343
64382741
63994051
33583705
63795668
63650606
63750065
63256151
63259573
34058970
34101402
33625912
63545163
33686133
63527830
33810199
33573989
63622489
33394719
33482604
33209892
63790645
63553932
63520225
63455118
34460265
33998604
63387931
33512406
62834349
62516850
62106722
61997135
34213357
34342657
60914685
33678394
61190385
60933157
33497733
60857476
33013941
61103221
61081588
60792594
60816386
33074989
61143442
32437358
60773885
32611070
60949992
32379951
31903745
31135291
30375410
30302532
29266279
28580471
61744098
28434780
28657829
61767232
61936312
28764173
61934423
61845844
28567774
62463690
28634698
28514417
28310256
28402302
27728816
27608475
27058952
26392851
25781111
25341983
24470198
24621950
63559625
62778492
63187840
25329685
25198736
63648089
63727913
63701247
25705864
25246455
64073545
63219107
25692393
25767242
63556093
62852228
63053896
63031269
62407257
62483176
61790136
26537573
61878814
27079479
27021548
63188418
62880456
28094573
28109308
26988742
63121008
62912382
62959208
63168264
27737060
27232322
63295664
62114975
62036940
27282531
27213469
26967088
26918383
62522262
62565921
62736551
63015142
62888800
62794979
28795309
28799835
63271290
63289730
63151460
62915229
62819801
29611311
29721421
61716736
28704486
62242456
62201476
61456325
29035675
29221314
28927712
62373122
62821364
30133677
30154945
29476226
63574737
63510544
29975565
29725421
29003954
63337595
28603427
28030622
62065566
62133014
61726726
62018970
28916504
29035276
28828565
28585569
28500817
28448085
28478138
62563544
28251000
62722099
62846309
62826031
27731455
27667467
27580678
63797923
63174502
27634438
63496320
28174713
63794355
63831242
63712564
62912455
62520705
62241086
30776054
30615576
62508410
30679631
30135052
62933728
30500912
62941159
62755974
30860214
62931111
30756774
30821072
63097280
31209175
63046965
62548211
62565360
31599167
62284681
31690658
31071713
62882339
31738191
31533234
31341188
62725147
62679402
63055425
32016111
31388890
31106166
31202549
31164748
30971988
31447243
62460174
31715807
63065079
62767641
32216133
32061974
31985428
63400824
61612351
61901756
33326501
61573328
61107892
33951200
61394671
34126157
33462703
33483506
32962308
32956352
61503846
61511065
32488283
61998653
61361977
61335693
60651822
33044030
31409434
30690506
30706070
29679162
29749036
29803323
28875574
61871156
61459441
29028974
61517463
28986034
29017063
59360224
29623588
29636953
59422904
27528618
59200671
27497369
59096348
59136688
27751848
27671528
60070886
60052639
60178311
60057144
28104704
27136640
60184335
27249093
58337536
27417251
58115980
57500827
57307476
26600091
26587082
57736079
57966425
57564348
57357522
56500730
56039163
28058754
27198250
56913916
56745675
27372250
57162713
57417833
28301539
28969170
29034467
58202707
28172932
28187759
28285391
59124837
29161336
29407656
59314678
59401311
29724785
30308314
60068996
60401967
31209802
30278530
30349943
61215032
60847573
30526766
60963027
60848698
30619778
60537966
30112808
27314692
27235732
27132963
27224327
27145945
26467230
26584433
26620951
26062017
62230906
25647146
25950294
26031685
25662279
62905507
25678747
63217123
62907581
62769591
26354652
62394424
62332375
25657163
25595163
62443872
62186449
62047599
25853224
62128374
62156441
26203933
62236619
62224562
62648017
62654112
27228001
27376980
62874387
62731245
62561485
27577474
27393491
26844250
27106004
27078611
62023531
61742046
26107335
62349681
25703427
25563332
62715179
63249757
62863709
26743441
26697025
26816449
27464662
27461254
62193618
62141694
61863013
61482466
61458803
61492842
27561995
28217574
28105482
62285248
62184422
28209805
61287963
28232586
28187936
28923492
28659242
62253107
28548477
28668309
62668903
62628508
29408163
29105344
29106686
63451159
29045615
28954041
63736953
28367211
28389639
28088887
64212732
28073989
27747404
27795725
64247583
62882386
27691400
27697531
63161321
26493076
63054967
26690733
63475528
63327368
63060972
26947725
62851584
62769434
26180555
62927140
25666265
25647810
25752573
62903819
26223318
63208787
62540146
26300880
25748961
62648492
62549343
62776548
25853701
25698716
62511916
25591870
62771829
62532681
62380094
62341470
62493325
61960040
61575947
61655768
25845286
61424684
26286604
60911386
59917281
59883795
59460046
59501815
59408009
26932048
26785332
26364860
59851559
26915789
26768994
60603094
60068696
59703178
27299435
27107757
59640624
27208465
59794120
26825708
27011109
59115400
59091178
58864712
58645325
58447776
27477088
58321476
28029551
58750808
28171489
59935099
59119622
29604736
29340069
29436245
58972228
29919288
29891292
59274102
29433877
29414775
59298056
59868753
30529264
59906959
59365881
30287762
59284543
59349175
30426318
29320685
29221200
59484189
59399475
28978934
58701065
58781994
59003182
58406099
29749078
57396704
56989878
57040815
56169472
55886606
31084123
31064689
30940720
56756224
56516730
31846063
57748933
31693340
31569793
57366701
30682911
57319117
57523757
31028194
56931285
57145944
57581247
31794660
31167816
31074588
57981883
30611889
30437094
57466715
30499639
57648944
30534129
30583940
30538726
58291130
30708631
58694075
58132200
31092088
30997359
30968547
58748103
30286704
59048809
58813137
57868092
58401868
58557236
31547042
58815643
58572804
58145262
32609867
32543043
58747147
32604941
58703316
58638490
32262891
58126530
32428127
32028745
32244470
58468781
58525223
58543960
58517831
32992756
59130044
58250540
33160787
58528090
33213637
58273663
58082968
33339116
57360829
33512479
56601267
33546607
33398464
33378404
33289708
33238398
57022476
57004282
56291124
33402574
56356717
55379485
33116819
33053648
56083248
33206112
55916919
55817942
33055583
33334366
56226323
33046547
31976424
54513773
53550052
53117520
31974328
31198937
53561829
31834215
31412695
30784419
54199648
54249992
31288795
54440906
54409869
54388126
31091198
54447570
31386838
31211170
54548687
31156406
31319836
55106469
55166465
55394884
31442256
30985266
30787721
55499508
55373518
54856414
29635805
54968436
29709712
29575896
28898941
55220717
54239758
54368226
54000648
53424415
53034179
52789791
51568458
30454313
30349602
52319189
30803225
52744754
52722407
52747407
30367011
30075850
29755221
53443015
29997646
52261647
52965249
30943949
53055597
52090673
51372329
30927640
30100120
51667702
51111606
30015000
51641483
51020331
50985692
30914004
51710714
51359037
51412847
32216128
30991049
51494373
51484472
31701267
31628740
52429650
31787725
52925464
52926824
53276381
32609052
31975615
53294685
32184617
53410352
53745968
53355703
32958162
53547038
53397343
33103498
33056650
32999199
53875632
54115505
54067438
54085198
33488666
33545231
54501153
54301133
54670629
54550468
34896128
34276204
34090983
34255763
33899082
34022333
56528858
56150477
33161829
32170852
56723548
56546462
56742233
57152822
33328436
57127684
33786530
57413070
57190087
34290430
34155691
57012100
56898255
34818331
57848083
57769914
57804873
57960277
57939979
57633581
36362969
57987822
58522058
36505619
36548808
58586774
58011050
56812949
36454564
56985145
36568799
56573945
55716317
36542412
55662985
55168106
54449046
54557923
54342854
36662718
54472127
54338118
54366234
54358232
38240931
38158825
38622229
38642698
38286602
56855702
56698297
38904963
57195195
39045395
39108484
39143675
57795605
38891903
38730895
58027201
58628119
40108731
39957590
40083069
39436037
59931492
39982002
60192591
58891768
40716542
40311509
59751427
58637568
40436294
40192619
40158223
58824329
40492520
40138565
39136687
58737001
59189857
39927673
39856205
39455569
59619106
59934473
40275564
40824265
40762401
39258054
39106116
39202204
38907342
39400175
39226777
62256213
39204999
62296496
61631383
61426176
60530110
38785391
59959393
38647062
38781940
60438010
37979438
37295459
35774377
35663195
61112615
35294493
35358488
35065906
33944639
61203403
33841374
61366702
34515007
62302626
61828332
61515727
34151023
33975804
62007917
62008977
33983115
62012887
61325308
61674775
34473786
61777212
61773138
61215441
61800390
61972516
35049725
62192769
34957418
33607989
61692366
61708167
61864030
61568152
34213174
61756549
34362857
34361646
34389110
62414076
62205888
34696824
61363451
34264954
61705628
34833059
62200221
61998111
62177477
61600004
61404759
34348031
33965078
61657478
33690815
61203182
60997860
60888268
60756015
33926838
33185654
31760233
30799118
60827585
30610145
60421384
30413693
60543103
60587467
61105335
31130163
30736553
61292413
61090946
30684117
61365343
60640064
29034379
60645420
29288526
28954530
60613801
60635728
60778208
30040192
61177832
61052220
60537680
30180130
29263690
61295576
61130178
29732953
60989213
61125618
29551443
29398310
61473861
61460702
29681964
29549221
28411026
28148636
62439649
28697882
61839594
61457950
61398460
28894657
61345314
60683335
61054000
28925104
60267903
28224722
28596444
60676352
28488102
28481013
28983609
28638577
61605909
61659545
28936988
61519613
29718372
28999826
61828645
29140712
61052992
61308240
61297047
60546088
60406268
60493910
30553274
59862227
59889437
59634632
30780752
30506368
30457671
30449554
60215198
60556929
30980910
30484054
60489139
30660265
30381722
30618290
30413919
30259145
30078094
30153694
30024424
62481653
62109859
62013328
62065651
30940575
30984057
31400486
62600528
30904635
62763943
62124739
31276830
62184292
31709231
62243595
62236178
61823079
31857863
31903663
62276962
31490329
31366348
31565834
63122686
63276127
61094366
60801966
60376979
60484171
31856716
60666885
31740278
30215270
60510114
60817816
60426659
60111979
59474862
31437414
31738133
30787756
60465935
59710842
30942761
59680869
59980545
31514711
31437830
60333130
32016057
61274168
61450223
60998386
32919981
60932509
32709398
60785929
32184048
61378302
61325771
32922889
61388411
32659089
32590602
61360332
61404081
32993926
61897630
62089205
33715127
34020799
34334040
63740919
34325956
34032449
64252743
64104926
63830593
34055062
33717506
63961066
63874616
63753792
33574861
61641238
61646930
61301829
34080677
60572983
60128990
34289769
33085791
32764331
34029021
33387993
61097920
33270843
59897958
33319876
59595677
33146916
59836926
58914960
33458509
59195483
58871607
58451794
33568935
33624359
32934399
58125166
32847037
32257691
58089563
32460733
57841453
32417595
32116054
32329556
55582462
55130478
55571204
55811264
32935446
32971166
32682988
31895620
56207789
55921991
55416918
32710337
32543493
30958131
29675573
54787714
54340054
29509029
54246662
53526507
53690128
53654137
30035881
54286658
53994569
53940426
53883665
31339560
54308641
54341507
54447394
54528881
54008360
32477710
32414144
54091739
54021233
32452342
54325305
54356733
54051791
32736853
32525587
54099287
53991342
53104400
53212095
33270908
33106407
53524368
53065988
52721095
33328010
33404908
53117794
53101780
53601305
34314070
32882932
53858238
33224475
53978577
53587974
54159945
33494313
33407999
33703596
55029102
33241349
55185430
33300067
54968545
54719318
33778087
55215830
55794483
34252423
33833828
33428388
55352686
55150430
55300074
54914504
55138732
33359687
54960017
55022412
54597863
33801406
56140444
55618459
35393213
55652300
55756059
34469086
34216956
34596629
55672263
55810152
34323041
33870419
33817111
33238245
32428779
32196499
32112565
31263642
31161080
31501609
31296698
30635415
30281920
30309022
59496472
30135024
59376771
59202336
30323619
59673383
58829636
30722100
59337137
59148801
59156133
59272569
31513594
31280226
59410770
30517914
30411941
30717044
30717448
29473594
29390678
59815553
29221823
60085235
59665998
29724450
59079805
29769842
59182547
59342677
58628569
58735302
58679677
31111935
58655641
30891291
30982475
31076011
31202092
31445575
31108753
30780304
60099893
30947089
60125452
30852575
59833716
30189945
30061018
60153499
30259916
60383133
59702212
30687378
30127281
30159028
59733259
30889550
59489863
59089920
31097442
56486133
56630336
31333590
56280268
56454983
31185459
30058644
56247271
28548594
28494251
56239000
56146126
55896407
28711692
28389707
56383954
56840549
29187600
29486116
58170703
29486664
58013695
57024551
57212207
57413545
57720382
57743051
57667511
57791902
57860602
57456040
57651531
57881161
58423973
58376366
34688608
34426108
33162588
58616338
33107150
58514533
32715461
32030292
31970132
31447722
30985974
30683000
30015475
58100645
29062688
29040521
28938062
28175347
58205840
28515404
27223844
58574080
58110174
58567284
58100505
27880716
27846968
27456688
27202672
27117523
57815601
27030509
58218236
27369942
27023938
27004678
59097892
27565842
59698253
28676489
28929166
28557039
60070542
59907179
59354433
28575994
59303978
58107701
57620346
29556969
29484255
58336949
29045755
58462870
58230955
29270770
58480880
58511149
57908659
28991499
28401698
27508013
58330952
58228193
27921610
58164409
58231272
57208052
28677099
57301582
57200947
57027200
57121919
29170445
57107727
57019809
29293817
29596053
29567690
57554907
29561509
57195126
29496418
56734930
56671906
56107948
29361916
29193365
27571863
27660638
27527681
57049196
27528061
27969790
57423386
28638948
58427234
29099089
58839498
29856555
58823635
58795116
58098410
58446838
30199823
58636457
58489330
59115504
59092757
31265544
58911181
31069702
31072037
30984897
58290955
58389284
30773633
30942981
58833436
31560664
31725881
31410735
31505513
60026231
60008103
31344002
31118799
31208080
31200941
60323993
60112377
30589952
30462676
30021285
30657352
62127920
61886703
61804881
30708837
61796849
62430199
62322715
62384517
31396787
31526771
62788897
62932189
63483732
63033824
63123772
33030591
32844701
63131352
62747129
62580246
61957861
62089572
33234687
32951432
32823392
62101889
62009186
61496307
33322514
32950410
31965136
61366070
32016832
31861747
61454301
31971938
31718604
31432611
30525774
62213652
62278738
30402739
29325742
61933010
29358211
61226954
29480198
61291448
29708054
29895665
30104336
61808484
29369549
29613114
29552286
29237070
62715100
28451923
62944358
62969474
29115893
63417035
29726854
29455756
63866489
28218525
28479716
64422662
28806663
28719729
28319016
63544418
28681302
63852010
63987197
63838047
63147774
29347275
29034914
63217438
59474249
59618731
28958417
59644485
28581843
28311268
59572278
59515190
28261611
28751414
60188992
60919271
30400738
30540597
30117622
61448641
61323419
61385933
60815352
60480975
30829901
60638793
60401535
31445689
31396843
31368255
60897328
60393712
60425781
31631308
31174590
60839733
60568998
30814837
60589998
30429826
29727004
29684567
28452420
59983788
28850202
60680685
60417916
60117724
59993318
60321903
29786503
59727701
59332682
59085859
30043828
29961376
59537246
59530558
59300394
59049271
30154519
29401601
58857697
29209066
29464808
59494082
59550156
29483243
59472356
29418457
59108308
29678963
29678735
59368390
30020438
29861890
58208617
30080573
57918570
58456569
30387426
28950112
28624934
27275405
27499832
26591887
59775073
26616874
25937009
26183137
26105891
60041831
59845278
59974779
26300328
26523385
60532686
26693686
60187197
26976885
60245772
60160568
27137106
60013462
60057489
59628880
58973237
58415358
28165671
28516852
28670689
60065992
28484010
60168997
59637602
58258071
58188670
57952436
28615323
28592173
28506115
28458896
58422073
58204940
57253006
56612111
29069016
29048268
29040440
28826949
56244120
28785231
28953191
28885582
56399524
29282170
57366908
28352841
27964791
28144184
27855697
57531229
27675356
57467839
27162809
57485817
28124831
59156925
29332393
29178422
28515452
58998607
59511659
59553405
29643869
59487088
59829081
29366925
60129580
59683651
29481655
59847607
59961463
59966746
59476325
58971188
59109235
30042907
59133896
59248095
58961130
59924494
59714336
31506174
60404856
31819874
30288299
60741009
60796865
60920554
30906529
60262939
59660790
31365127
31079682
30592987
30327837
60193568
31127367
30788492
30568622
59843698
59989258
30595656
60513485
61017548
31650906
31756034
31619295
31781859
31653649
30805595
30847411
30781937
30506616
30582150
63189666
63149955
63101647
30590737
30349645
62652661
62880811
62902998
62730279
63101438
31227858
30855490
63375346
61324384
31882479
32211272
62297350
32313430
32458463
32201405
62599319
32056255
32431096
32710651
63952103
61806629
32992957
32402160
32015945
62051502
31910092
31835111
32032608
32248516
62828335
31620699
63024150
62499847
32438847
32247462
31927457
32631936
31583154
31103257
64629475
30761448
64567827
64147093
64020517
31196036
31061511
31422251
64101896
31550153
64443855
64375786
64466163
31828091
64419174
31001267
31302434
31063872
65177276
65381966
31568860
31524800
65561474
65330896
65603355
65667017
32614364
65235064
32643120
64985136
63891325
64114401
64139804
32915682
33386060
65104806
64989824
65042864
64342582
64237713
64856142
36120126
64549965
63955108
63331934
62529822
36498064
37022147
63282637
63483850
37293549
37757291
36702897
64547861
35927193
35664037
64392412
36023014
34950260
34494471
34568689
65009943
34021224
32629499
65547664
65244158
32041516
32244527
31592227
31056444
65767883
65297347
30637678
65436186
31081750
64800553
31561571
64767487
64194099
31422825
31465901
64489863
31661504
64508159
31190800
30183161
64497017
30135352
64752629
64435636
29963181
29816962
29775715
29884402
65095312
29676894
64565726
29620703
64603761
29612436
64819237
64190429
64457093
30341685
64395889
63670981
63196920
29915452
29937307
28735092
63539220
63330513
63400853
63202340
63412275
63487396
63627108
30309017
29073871
28505769
63524741
64060583
28919868
64355437
28981397
29298034
29162488
65604448
65210820
29392153
28915931
64674314
64587266
64256256
29010313
29275089
29478650
64842215
29759105
29791346
29687195
65002324
29789755
29718199
65130358
28834126
65665056
65163454
29549247
29388084
64137552
28793189
28752330
28595707
28306008
63628757
63969483
28558637
28521096
64022767
63583336
63568232
29215804
63914417
63877553
63863572
30234639
29938160
29892454
29469965
64872031
64709732
30311888
65495225
30348988
65769008
30754039
65808959
65527264
30706577
29586752
28935811
66377739
66191127
29007851
66199806
65910739
26676194
26223632
65827075
25815287
66183272
66341853
66246850
66379283
66126735
64952318
