257259
247295
342603
263135
402137
232423
261771
296414
199895
309572
36661
287011
75901
106496
26247
25644
54690
21497
29731
31035
44793
26887
29905
19647
31508
37414
54686
26834
22819
17002
28292
22775
20621
20599
19818
30604
28497
30788
32107
17641
28732
26459
28204
21772
12280
18390
6791
20116
22331
17399
15514
29211
19808
16674
31002
21820
25298
19977
25023
38245
45793
17825
24683
26658
19003
22725
15787
19397
18273
35559
27284
18746
22292
20964
22587
52993
28454
21089
18170
20164
15316
17208
31045
33854
28502
16172
20306
36905
30783
22770
27913
19238
17892
33806
34751
72418
28397
28701
15817
19370
28938
33794
36024
27636
59016
56600
34255
20345
28651
35584
31535
17302
32235
32235
20228
14938
32721
29892
18177
29420
16573
30650
24073
15472
20152
7474
25389
5281
18801
16456
28958
12823
20688
18341
32608
38420
30906
28617
17671
16366
23404
18728
19562
19423
28036
43649
30766
20063
42676
53805
44216
20054
36374
41253
52383
38752
19865
14527
11586
17921
17598
26324
26739
19786
51962
33064
63584
26643
27808
27962
17516
19264
19560
28275
22868
48312
17427
23483
30744
24129
20326
30025
25494
30733
25192
27581
18964
23756
15141
34870
25558
14196
15395
29600
15106
28531
37311
18639
20456
20256
19096
34194
28313
18374
23159
43051
250360
178401
273457
270920
228537
236649
50614
145313
325677
141338
210968
167043
278885
70403
81752
105641
204916
40067
66314
190098
79077
141984
267006
75079
706008
85559
107444
248887
180130
199103
49674
89835
163951
59187
30557
247016
82985
35805
174788
257349
52551
51844
288964
59053
58712
26529
239451
83987
11578
43667
105966
74529
88533
60355
57222
74465
40709
66935
81963
65279
136718
57694
50039
78748
91736
140919
116864
64808
61963
105486
267774
103017
131072
48565
158057
444283
298415
76647
93642
27674
396445
567127
57425
119564
217168
118511
34249
206557
120732
61827
43884
40925
142001
171905
86579
100114
86127
43602
152584
92419
40434
151422
83453
85505
311270
90390
217279
167675
36195
92507
47286
39024
261600
40238
211747
68340
65652
644067
183533
311386
79388
270817
221095
299710
129085
79297
40010
302087
137111
115689
335721
178512
211545
47184
60801
178552
465927
220797
41332
88145
168627
38913
51791
54348
251796
422095
214084
259952
284908
93973
391436
122829
56694
253827
203110
225556
102436
227203
190590
94346
64564
196909
159395
65686
52004
57810
202756
90932
67635
38010
104737
200914
209130
34262
116410
94813
46145
47060
59353
108495
160195
115850
193313
442454
73266
51598
116406
113462
112750
44282
238650
431378
356262
50434
58414
126066
89491
54444
338457
55754
53068
689030
50869
201883
59755
48564
62985
171234
65449
328893
144434
82522
300047
45821
97433
303768
231296
121037
227384
459402
136651
71381
126990
52116
61670
67088
298159
48723
57369
388619
38791
422253
99419
65487
48406
89735
37845
321122
143958
65460
44099
82713
338519
100006
66385
274887
62154
68740
485242
38679
331483
320621
24444
182507
46220
218846
47823
193569
87315
50955
91235
231543
56552
183057
369258
233786
68740
129043
31416
83917
49269
173069
63373
146676
155978
84370
44767
42429
182744
74289
125450
117199
217168
214058
58855
115035
125093
45276
234921
191790
35990
188090
438420
68214
30958
73405
798034
76260
233824
159054
105073
65952
60700
99165
63953
195181
121242
83555
205376
104979
220409
147408
48936
32040
39606
102507
425124
44942
72623
250979
46544
286948
37219
329660
145456
187651
65931
107478
409020
540546
78629
230328
145238
81956
131135
90670
238214
35077
56716
379251
43480
45237
318391
104231
180025
245763
195314
44584
187222
26458
82625
469906
49822
126982
154285
54186
189964
192017
72178
246520
65445
288004
292311
90574
83444
45588
193486
50938
686656
213470
114646
320445
203729
30434
241509
110828
159168
68971
90295
106155
140007
171233
86131
560184
279172
57839
515073
75602
104476
284870
114690
103116
49754
42469
214879
126588
211500
37350
75301
187783
338321
120481
68250
42554
51242
217863
88537
64487
165889
33635
169616
56150
140231
342919
49851
95500
244628
113893
675074
56669
212413
76988
57507
43769
165626
1085468
1067831
1075836
1037690
902158
471944
190223
290618
175506
309425
199350
83409
106130
64322
101800
475452
123879
163039
141572
86407
59031
168496
361842
238956
325629
53414
41410
388400
211732
43359
86687
35431
275052
175588
83407
61440
70933
57579
153686
43841
364268
255269
171756
44875
93114
178021
457831
446074
309050
111362
53083
319743
72117
60662
146662
138953
68629
450694
249172
685554
173030
189872
210993
221803
141566
361290
302274
44276
110238
139335
66741
104400
52405
172853
81240
156565
62905
100333
486452
413151
91373
177196
142214
100128
49425
134258
64532
76024
141543
202976
36656
71973
106615
111466
45007
357443
64807
43858
39753
96590
342926
108943
131459
169917
217803
280397
111494
176016
100235
40961
410064
129137
128444
179567
323947
122876
172578
82724
412252
159391
62689
69606
232662
32176
166536
163284
126582
156967
45543
279138
110437
230998
68121
100483
74637
278609
28257
323864
208630
216904
69316
49115
180237
43605
67740
180932
43818
78495
92168
165372
145038
105927
37789
114126
66537
222560
216987
44208
118200
251103
80290
201831
437341
51729
97988
69225
97949
285530
295968
137027
75880
211053
80605
130575
48524
624117
37394
124100
50486
131800
89777
312958
350756
169083
455218
201164
479708
129147
71379
93166
333944
44469
30932
252207
199989
346754
37638
302904
83143
66197
20301
257264
41567
35118
67828
67919
160326
248578
253247
135736
394350
126044
53520
77392
62151
115259
46734
238893
97400
134919
49081
41087
307212
68033
181266
204294
59038
273522
176974
331238
99220
274205
104567
163409
591314
213026
132933
239345
170396
223468
117831
123120
51443
89313
90974
97754
87966
131405
45581
453126
41082
364052
83302
332983
438245
187019
59314
58651
102721
171742
51041
319635
57033
40119
84919
60432
58424
66605
37934
183301
105949
307320
138177
69718
317382
105163
361508
131010
52082
322093
107762
78159
129016
173357
279654
205875
88319
328847
38928
281073
29902
91199
286050
258411
117758
168571
247016
158336
112661
56759
434453
46218
230754
55929
53311
69410
271023
140602
116837
96290
38342
151225
58729
114755
34731
62659
117895
165235
105834
52343
562362
125711
391162
375754
270358
47915
111529
59774
54638
264264
31185
71350
59377
52080
150835
177695
343948
36008
261425
95083
203133
36318
257917
185139
545978
33201
37126
67170
69713
104882
29382
93589
122442
59273
139251
116447
86885
32927
140758
84059
135904
74751
31401
49924
647788
275749
272117
76104
75552
202348
174500
93913
48507
522239
396274
77943
78691
188985
55758
55029
26014
58850
299247
33983
252925
44715
227797
80089
132892
251675
98296
197621
62958
119180
144835
252220
39956
30334
181979
405837
400919
87356
41397
72287
203328
45171
93267
299501
102686
105861
333669
278992
124199
348247
62708
57029
95820
103064
45357
49706
68806
54405
288992
62708
556562
147298
85187
102424
191013
98317
88109
174661
104862
141867
44992
106450
169373
180903
154279
70831
299248
45401
166018
50211
255642
64307
111394
188970
180553
106589
53354
37738
107875
88825
275556
41105
301955
89214
258891
139234
387929
321433
47996
35365
103176
25396
165809
124765
19903
380272
280581
479190
47792
41338
39774
61644
113408
303624
117617
68595
247852
195345
86955
103344
89950
257739
262730
149904
185484
50124
116595
71257
433618
287519
319630
306894
898531
271411
475759
297030
123449
104705
124132
94706
147127
200450
639442
147065
422859
189129
342529
259540
74198
57430
445041
75881
568528
232561
204286
281681
315121
372510
316491
425500
161139
243386
180096
202539
136929
245504
284083
297354
297292
278111
204340
66176
93216
473252
106546
133802
372703
154914
162442
122895
243359
371794
225831
330949
165189
174102
178879
142292
339932
248297
198676
172098
195190
185045
73184
211924
210571
70514
170559
183576
280568
208151
412180
390063
655045
94339
268887
295234
827174
450941
264667
180742
146318
165493
166912
562194
436316
1135001
303447
1290407
305873
160741
568249
224554
187841
136264
126254
495823
245437
134253
235327
201127
331128
258305
388137
371968
320561
368596
288931
285628
462780
213505
417144
183847
119858
95641
197212
177704
60807
67034
394014
381361
203987
207523
73621
238292
314378
262887
334533
385524
273771
239225
62093
200850
299169
251357
258115
115105
77090
165613
147486
142544
170212
118837
421665
412683
127603
454935
489187
409889
583547
396194
590911
206863
290739
191312
316690
56193
81661
84037
66908
94161
138882
145297
60676
603826
525595
139192
379943
60756
437889
195873
286149
212366
447766
202193
176930
565829
513475
492886
478662
633686
260792
501987
327864
261889
378605
310028
152870
263394
277913
489212
528142
284205
329913
767630
208915
153969
104885
144528
972647
307089
191845
121128
213215
337136
235588
242638
199757
225060
197973
709135
152839
617244
284786
325081
251313
361259
188522
167818
392858
384762
418304
235711
348704
195713
119552
208064
361638
302801
132076
520267
160569
397452
101121
167891
176140
166481
305382
453666
724392
662592
50694
159117
449914
313617
287065
281204
262493
445287
498305
711077
455445
607759
188045
233319
195772
96909
469600
433232
419823
101675
226370
633257
279734
130253
304638
105370
423742
436385
471325
129852
562111
189844
289575
144008
290628
139071
86765
91924
53850
97667
169270
176709
563005
417109
325031
88293
116310
719004
380081
296189
313530
108437
451111
274507
42176
332524
358533
231424
358969
314876
280003
324958
397909
337463
371633
178272
456079
64294
292238
493534
747970
770660
380084
119103
746161
375036
352876
440270
601602
347560
178355
532631
445133
248420
238100
121327
298625
355156
373542
205687
773890
646889
378307
231651
188031
61583
59706
506182
293370
464132
228057
355352
105159
303796
294297
287168
140991
314842
71305
287651
299129
463272
411939
270621
226394
265297
375915
163617
293455
427255
283340
311031
221681
234750
234444
167079
124198
149773
86839
93043
193218
256038
159305
95956
115261
68904
585869
186773
707255
330394
211144
490566
365501
241196
314044
132460
242543
229519
766882
743390
209829
185151
147100
69966
85216
133529
120858
164417
143289
285178
475368
418176
335456
145670
84314
92220
181001
307430
200755
69465
267905
341486
156682
176683
272166
258420
183307
159789
470620
485401
132309
282627
279355
136417
257525
229311
514305
514017
179419
203423
136676
143859
154873
102837
67244
137769
222675
688771
525136
670913
441064
121754
76884
99305
114109
98917
208859
213856
187629
215507
106175
162502
151422
148264
566926
594259
115508
444626
457350
132547
263966
1034298
989887
282672
130820
152531
153035
154370
160465
283089
289949
417280
270436
151204
125638
357676
952035
816901
634497
366817
209344
186452
95390
52237
72846
68775
74182
92386
101796
126730
116261
119701
132122
88552
252612
166223
144564
83765
64530
192873
234112
554077
174217
450091
101910
269902
236977
246930
217848
146366
72040
95121
142069
178202
164745
222538
256358
397469
292131
94365
740470
706080
123981
83447
132166
455973
795879
476476
106198
717319
777964
204251
273158
349429
322861
283880
399177
511226
353923
60044
67620
111705
183636
617502
205403
596767
217710
165066
197552
270557
190667
135837
287924
104168
75339
77044
151527
332991
252302
314427
257420
170757
139473
251442
587387
266295
168407
138014
211315
773005
189185
469578
479031
526500
793430
419311
125673
106284
157977
890960
111980
193952
845579
240624
138204
319392
251476
321963
373663
423630
236645
203178
218631
168828
408322
395201
529705
359084
576810
257859
156027
89423
83303
499133
145134
524106
316898
331584
128030
99020
390938
108653
157991
345275
187991
377755
292251
221621
343950
175094
240219
398839
289844
291552
312051
232874
205330
130166
125801
396935
85504
142022
350915
141127
159207
83548
84297
66995
90482
137041
224675
238777
140726
232437
414215
373679
434251
464869
165371
191211
112891
77630
184582
158722
348761
155377
437519
179978
69609
143092
514951
257556
627787
540894
446011
116662
79617
101189
80890
468843
181784
131695
185403
269752
189557
180948
388696
145109
238179
153357
174135
432887
378508
479261
114671
464484
150954
222132
320541
469871
419994
666653
327198
229977
424149
265174
201153
539457
501456
399097
756403
255068
491913
256177
80303
64916
56398
140886
152944
124887
149395
192432
171379
183809
297935
223671
307951
174269
136630
197811
134159
129112
237453
380439
397528
387884
160489
742333
480291
614396
104787
160826
182057
60991
665907
136262
186344
147764
104566
449692
224052
88117
67677
178473
158571
375124
374107
64532
213706
295360
214560
227157
228738
124093
101626
168134
247889
239950
319052
494256
361522
497719
476453
129259
89877
376093
429451
528521
164189
531301
58443
326669
404226
151009
52304
75113
86302
105443
762088
648446
216155
357674
297327
336910
325618
178342
73882
213516
426266
618415
626694
483599
246587
340717
284235
220842
98587
312302
366678
301125
154270
389813
407092
80055
103442
159788
66907
306294
229438
284897
314323
72740
176254
318169
365224
360835
288319
426179
827852
617567
219275
336029
682191
561678
348941
215147
177650
306616
152416
168099
145009
226428
245186
527854
347772
72540
510594
175732
236441
151627
574536
144660
439929
204276
125925
166804
138689
493538
178155
167829
503232
282227
188527
287374
109782
140649
68096
380989
255889
174332
176518
272034
226282
332658
345926
182843
146127
409783
214513
380781
309209
327221
370195
226322
327158
213253
304085
442671
408946
499379
333540
86254
74054
926761
150990
199611
155344
166451
159300
286681
1369728
652710
337465
217369
158736
174389
283418
338457
202435
479713
433762
222722
115210
243149
244483
249785
363094
238429
229058
93584
551739
163417
137552
378032
56133
89733
146932
106494
265081
194336
66935
151371
217897
370084
197967
113531
504223
293613
656305
326943
344478
74992
346667
269309
127356
112961
176875
572272
586332
262316
497517
280232
122673
482255
136393
188408
176493
157698
170667
224408
296794
358867
847651
290928
158550
841117
106327
158969
132029
122707
168161
249088
388075
301758
60102
107925
618012
233259
454891
211185
208201
303782
246472
416191
441612
250375
196446
62646
297460
181447
477098
440946
387803
455983
272524
329108
193063
307586
148998
148191
264644
145947
212846
217292
88031
130437
400493
624305
631775
495404
703671
303574
94526
236638
118678
206187
377481
347351
167289
120710
56973
117104
200851
150035
753027
640781
107416
150015
78751
64350
311490
88600
192442
226541
537426
300238
35188
74734
162819
327373
316063
111372
92895
282688
96696
357762
309130
65625
119739
662916
503493
148424
275955
149973
269219
118997
140836
146524
181563
221715
208288
310799
263492
266041
393419
236030
116047
365402
425480
394318
544185
305849
622703
212039
77956
59005
270671
294733
128748
666212
625512
38822
224222
199184
291047
162090
169677
216549
511384
483570
342752
287136
376991
181958
337768
219333
191486
202439
306140
240332
134713
71645
179251
285771
176120
1146045
953403
222171
242441
475124
433521
251892
121690
227022
380351
191048
143949
460686
229774
513289
486022
291397
814166
493333
865301
265459
92396
553116
291102
314697
217678
173587
475065
188482
217439
406848
221144
171450
308398
100590
196865
241972
113002
138586
434731
188271
518185
276136
315613
296482
369661
145945
144408
171729
338666
85839
94161
322693
305515
367397
376327
132564
115270
419615
243417
498468
425456
472167
230760
442729
468890
581776
559455
486291
141474
296130
201163
108235
44056
189720
211804
393925
77117
362864
184393
212845
104221
314499
355227
371423
396074
119635
403882
210566
157881
68558
105385
101191
301537
352546
677539
584676
297445
33064
40769
67056
76717
438471
636061
506447
1524024
327678
142340
1318878
346411
134523
390096
92555
56107
341960
164494
261221
195846
341136
81985
74045
82492
440523
156020
143618
220278
252294
229950
316598
274334
233459
286972
231647
281375
317021
307096
275259
387733
542174
539290
130956
85683
537936
255484
258406
271814
147723
327562
153475
92044
352837
120201
161564
207446
259164
299029
199587
478217
500203
187055
61727
129070
181612
553357
520397
225260
183102
213714
231779
360889
477494
311821
51187
181634
224591
512296
178498
393799
185758
476894
439628
356552
542895
114988
104805
223503
104916
224163
270148
145343
185400
212742
105664
660782
211188
288774
311506
1057692
357326
174524
601639
241190
64098
148917
156390
97184
371235
332015
277814
91132
504261
164547
407401
492526
449110
393346
255220
714653
163419
367934
207736
281509
404544
413723
521499
542010
381274
223795
689950
372651
488859
527186
651492
484009
505702
119291
75361
102698
879267
394219
156817
324813
119687
471480
266770
349622
177356
127080
414977
118541
218959
144448
72717
166590
161577
181902
192515
88220
298163
206437
295672
270811
586585
535946
740195
688592
552484
266992
567872
329821
334552
104973
114865
556271
398510
68166
183833
121130
102219
341892
201839
269682
130351
434871
458889
874786
181287
156058
62829
748018
148605
288061
435654
350642
208343
107712
572123
292790
379947
309139
113919
324497
193720
260934
164414
149742
205056
403169
218798
89074
56895
470205
392542
477066
291242
720050
294067
430821
164267
204012
112580
287007
845442
427948
348186
1078353
564453
218732
196006
72170
64409
768214
83843
735267
202592
233376
289594
196197
266651
109278
131426
162481
68338
370221
356029
256893
373094
362777
287338
199157
256452
206229
205762
170443
62436
482168
185465
291768
157495
553124
86302
312464
130108
159955
111977
135156
96718
117512
169520
291186
197160
373986
220023
248998
141974
267936
249221
302051
272957
739537
68796
687731
165812
190781
135964
231514
168648
292663
265761
256185
87551
56169
115588
194526
902711
572481
485766
696661
179463
184894
326232
209047
70494
478994
331406
191505
286660
261472
310663
454459
389570
164520
197935
170640
127257
646338
287169
891011
358429
319852
140768
116480
153846
160896
183432
166871
108598
114215
112366
500491
422718
54059
281067
251550
163376
150720
54479
452097
146827
457836
220273
170112
174252
66306
38179
336811
416948
676717
819934
852612
568649
347649
335618
167378
643316
608348
114967
94246
129214
91201
485486
465273
151995
442536
452276
52342
185795
503864
245941
525453
79143
145566
205302
369592
346979
227257
59616
424918
119753
118051
77678
75797
166221
92390
145054
227778
166695
377959
398815
99903
76419
53481
64176
69241
82658
361081
379515
66081
742526
703990
126149
124978
298552
139790
521671
1047040
938965
122436
148822
125066
91896
1240186
94541
1042529
167100
145289
312935
241444
374439
272832
167194
459762
351114
160574
344097
382725
92669
95095
107584
281884
179716
458580
238082
349611
118152
256778
156013
319359
300801
58774
258932
527708
484476
91350
338413
677545
677914
265171
655772
381126
659883
313770
512876
194668
338662
291709
150772
498138
391114
238532
233361
199666
104792
417703
225178
102070
76727
64180
122595
150272
78081
255352
247722
50478
54485
146744
402889
469248
471473
493502
143302
296574
250869
301871
283147
157923
65233
77422
77893
81388
65433
411840
88422
260584
60678
199661
159360
110530
119463
41983
81168
421408
186056
395530
187744
242012
283897
314938
254355
123721
112507
179175
191704
234258
325049
238484
330805
466121
388291
553252
570601
194629
489566
503708
216418
463998
603551
286351
490127
110413
121630
565171
164325
145756
276226
388146
324317
173388
96625
402914
218043
224723
364195
486365
462022
573715
343422
84575
149742
558723
473644
394798
371628
141544
91922
103471
131263
480206
245880
213359
549573
218739
166270
204904
109706
84494
339739
556865
557628
613915
320032
271951
307672
82121
154519
199321
348535
454425
339794
143642
152745
86279
148066
542489
448574
337758
232774
45222
306694
263215
65502
281130
163981
358412
153870
264762
313812
305890
305282
417173
235028
584564
535913
470367
77245
673381
301894
279650
322618
291111
359588
375115
425328
541561
304150
460483
179982
207268
92289
341490
233914
72473
329825
316311
72757
211546
482923
769067
794887
417599
157241
100809
102516
301012
200681
204675
410277
203465
201477
89200
135311
426071
375748
270756
212892
143341
312306
241267
86181
243735
80056
52695
56482
343094
302055
190853
120227
390191
124583
165898
502824
96587
98481
100612
78372
337255
594722
487849
149455
488618
218794
110122
146658
466157
404824
80127
372146
459871
250920
240840
305788
144410
93891
174613
95815
115430
76698
201798
118004
172353
107795
341351
277250
205759
246435
416265
291913
203774
215933
234669
758187
302992
136551
106493
73832
107701
847676
227679
449717
242682
295804
222783
441068
564636
506665
251671
554491
90956
171431
301617
220795
224087
538892
329724
265196
453669
315452
532498
459110
491616
283368
58280
212338
205811
194532
176653
381689
375766
110724
171955
179062
114960
336875
140155
197182
429419
138346
178607
107423
133954
306749
265596
278212
528709
507323
369009
411849
490696
490146
530559
269991
273740
125659
137723
737660
267775
635745
160535
330341
270804
430783
358308
424544
351908
274595
409925
299937
280995
638979
196133
377078
219033
139347
274717
183681
364568
288399
160455
63231
295383
163366
231242
337983
238996
230750
391993
187609
228917
138901
113974
200975
285006
303187
76459
63953
432817
261181
454749
318947
108435
54500
255121
280139
272954
429021
108353
402036
248153
191396
191171
253109
778057
462106
417688
81372
867519
173792
164464
267316
330582
103044
675498
328665
719307
246344
374756
143266
191833
153909
337291
197343
268840
82579
98591
109699
83670
104481
405379
266634
165015
118283
126333
123721
157256
179371
467581
355599
398648
773171
248005
266290
225382
103787
117898
733924
489769
271776
240006
132243
381384
183035
139025
131538
371774
117194
71448
300240
456464
362640
63795
64933
470536
243331
88224
312241
324628
99338
182052
323025
166527
355799
633500
390462
120650
80747
501119
176188
189154
363225
210676
464177
367349
878379
750404
673844
948424
571298
414624
296301
174230
395202
364856
365990
236063
442599
215795
134977
90519
289771
631023
511977
179308
476123
289288
175222
205882
409792
185913
181878
497057
357614
217847
327693
492155
266946
70912
362705
415377
188268
278215
204333
131165
565003
613490
230162
166564
97103
146490
801458
360402
852849
172805
445509
224726
128197
280015
492336
247440
617918
244873
298254
436190
257602
376326
274254
299574
391373
436428
138431
184919
163588
97618
885268
263547
372044
221793
966762
501448
321943
275370
281753
708756
747796
337891
176935
196500
146473
118142
873360
744666
197443
201050
135629
989952
959194
392204
241049
460717
322691
289860
517653
169938
137826
476498
410205
273914
67870
570539
277717
626429
174762
364012
97571
298920
210578
242602
161248
501633
338810
396924
216157
203334
439796
184837
59318
174896
175689
48731
212753
367283
227836
279954
289411
152699
84035
274030
376057
444239
342641
185341
551323
129667
110120
305413
152430
53051
200521
196066
266352
196450
228657
377336
178498
315092
215247
292700
237854
116935
152379
294680
327146
362391
151582
229426
627128
379426
232297
62486
453948
237580
260763
291951
288250
136534
133134
146135
74992
122477
241273
255361
136564
414812
380275
74668
446495
288854
403367
360415
176504
138323
63788
175955
215212
87798
393043
72377
520664
252086
327556
359466
203383
191039
174587
99639
176932
205675
579751
458788
152541
75489
83408
79893
77337
139765
127022
467508
415373
131871
371155
247447
582208
347316
285151
154249
126702
88860
135137
575017
261389
180611
65066
74702
611168
245889
433331
155590
262103
195660
212667
297996
217405
188677
486755
216854
170159
59558
620393
447564
425738
599969
402510
99611
201795
91572
92714
217162
235958
541764
242726
239464
59409
499534
138163
296249
305043
338553
237974
361828
211003
312341
187166
81094
372021
190831
227393
233006
578551
278528
169219
532331
232027
85240
120325
106313
83179
46162
48133
230712
228445
617967
154723
842291
281867
400100
141155
306885
165329
88909
193405
194295
149492
299929
293824
615370
371518
320584
106358
112740
80742
984120
567488
215593
122366
340817
324507
158305
239754
202277
311480
153138
285504
264078
264549
476176
310836
230732
471969
263171
89747
745716
377636
531116
531699
263911
271993
69901
80890
198017
217806
153968
470304
417239
414725
177414
258972
339948
1026641
696535
336881
271804
182896
154341
476092
237412
148423
450190
179886
306748
426640
474545
287213
592074
235492
168102
224471
349765
392885
268327
491220
358576
498605
392269
427471
215664
100395
821947
289504
582415
271434
694237
484526
405409
355163
75861
165036
211739
207449
312256
530164
491476
524406
366941
184489
192854
400331
326533
282941
484315
291995
446660
149557
140957
139936
284636
304114
402640
379048
102950
273879
146551
174598
240483
306639
113654
563259
496300
74493
101931
179758
177592
307659
479389
227880
81851
84616
39739
158426
178563
85175
94773
637282
599575
148275
118444
272721
178723
149590
343777
290381
53698
114545
174396
124584
57902
79746
486809
156928
431859
84396
53103
287263
210768
251597
117605
294699
75941
60063
89937
283350
265147
188975
314627
166267
148063
244009
748257
578308
1038258
623794
256544
390909
228685
1348328
306724
306585
1113119
230931
295964
755014
555187
51267
133109
542472
476087
178005
348443
265940
390120
286838
319538
379925
98931
227916
353527
238472
279228
308670
334529
568921
687034
362524
613648
62705
161994
231714
324047
490859
451743
597896
836013
634374
59117
67479
70829
102993
91368
182537
645915
1410529
1159641
673100
243978
98980
200922
54103
242435
156713
225126
231418
256963
191851
394271
411172
293804
281379
460281
287141
490313
562616
361920
547854
350626
60144
99147
181831
535513
166646
58973
494060
96420
277194
368859
465165
479795
343949
407597
695860
249462
675525
259164
141574
177000
73763
134565
152129
215930
122624
52716
373025
142852
416799
178307
532893
546007
209542
608492
530812
292585
484616
529946
549606
95311
260455
616483
351047
132547
113134
47101
377109
91072
123157
423583
283851
316586
309088
146281
120032
97318
308543
331390
291745
304836
272758
238720
250993
118139
109899
121780
124201
593127
459358
1005586
672991
305818
163622
675016
346843
306057
178695
76305
563832
478297
152682
250136
171220
305403
213421
243827
344907
391813
542405
389057
83475
696627
605927
270343
309027
138885
137711
229597
556662
408282
67024
58344
76352
80436
347089
377583
457750
379270
110974
502912
346060
409650
377041
295124
653754
502408
128620
113464
479044
495737
135465
152672
156504
582244
506776
188684
121417
235981
215915
274951
268124
202776
51181
294029
210965
135914
45048
166836
166831
182005
83612
154128
460743
263337
517103
265873
180524
392237
171650
132851
287072
131438
70331
82910
251120
200171
369695
261980
110015
158509
323443
158323
87285
267305
175072
140054
128255
313295
136629
359864
581886
361150
480956
198957
183700
135294
96923
66985
58277
101678
125060
457627
512713
423827
648392
690017
353451
522763
120971
91570
67992
124550
238391
185635
184091
103285
227696
193975
378913
228581
207476
576993
335263
176556
321135
192280
44820
150749
264632
200909
84723
110965
1092661
1084948
1087878
984708
906473
343888
763148
774212
783477
784586
688959
675449
653722
404720
526768
399543
224620
221631
129646
144427
77664
154607
114035
284081
267482
308321
369255
321059
416057
204968
629990
478460
259709
125701
312352
127500
91081
160207
266567
252020
406785
225430
573996
283439
169690
166306
177277
413105
92995
320613
125748
146758
159336
362834
213914
299771
258662
164821
70548
99765
151266
170455
176857
1008794
197020
830993
188998
165644
143689
429374
290388
396527
316665
276032
545685
149005
209949
540185
239422
49239
61495
257448
214229
129933
72752
547449
514296
629821
53930
655674
194789
214951
81513
123872
455636
385582
239398
287004
596020
544815
165036
219485
130172
64460
146940
714750
322962
214737
73168
685066
76726
177605
298140
268463
344457
197818
183803
273752
351043
279144
336210
319481
350611
417922
182718
483766
322625
127790
341265
153806
333073
231139
146751
144572
139249
391906
393933
107216
402416
64029
463319
288718
301655
314204
210080
181218
225614
186591
257333
351721
569685
262241
586868
305904
247381
423385
323897
201626
173606
247333
165135
258760
131657
225927
109938
99225
163114
376387
315052
203054
70623
73052
244384
372780
499130
227652
137967
159104
115953
618060
287972
368825
231838
713827
555679
134033
101253
320701
267935
378506
449341
485623
354617
617248
460597
255151
454238
119700
293061
178869
163489
240544
92347
84752
346447
199622
55114
128620
369725
364322
162350
123783
352990
108716
407314
203146
182288
394289
569304
360870
45858
105547
114086
538908
71486
181362
91110
234185
439627
804858
827279
552813
134442
834176
455093
309747
441860
150465
238123
605006
262235
144897
59476
317773
179785
193657
59886
44016
93226
409303
126868
140140
169403
389668
380690
866930
333619
870667
382005
426358
214754
172246
351795
227975
241164
458946
419454
285206
103446
727073
311366
321938
55255
795942
261040
244669
282666
394589
592446
493635
263156
244152
260201
225701
191685
190078
71424
114822
1039064
174233
974061
130298
189652
169807
118241
130323
80195
107447
157095
302416
543008
472892
463079
751321
655798
831468
392364
253308
102278
537546
364505
242025
297554
297037
227969
265999
148934
165968
326099
159303
57283
71170
178372
80459
160091
113127
205088
170862
241133
144811
568434
440009
455450
162983
404096
369142
986388
113698
165014
720545
204584
139369
342859
309680
115487
216675
513883
573693
182729
493943
362603
153488
134127
268010
179989
306921
257791
325370
213691
391206
230140
352887
220352
242814
134225
85320
124432
312509
245745
425987
334802
509360
325415
421081
239249
122951
255290
226983
404708
304650
534975
328975
496454
159574
450263
245099
63257
71548
302770
339425
578782
388954
501073
286741
171037
464688
503374
321889
472973
415431
347481
200104
500899
219733
146468
82048
324221
334419
118828
510099
567883
358738
263526
274752
493852
269020
161493
71206
152711
233437
238612
284599
223291
148769
358152
249962
316933
318240
290903
347895
78510
150653
148804
128260
301565
225461
188841
102615
508315
210263
201956
107439
136427
218027
192158
122346
218515
303410
1179966
340345
596294
452769
1518595
152363
167793
53807
696235
264942
325269
614104
448613
695241
655193
429439
341544
180144
421857
252863
280734
668748
314544
221262
501899
236365
151818
355405
287741
369318
66039
419335
156233
246536
301014
493341
469591
473426
399390
472716
488477
232222
282966
341928
270021
514341
375318
451386
418240
159728
152152
318180
217560
404841
283522
290417
241543
138741
153045
270926
344925
364595
369590
103065
249363
201211
348832
222493
288594
110996
105733
63099
399188
270760
343342
318713
264193
265424
390692
134948
363619
86749
163835
189758
153048
158483
313330
127275
52380
63170
424325
341520
103834
345556
178771
305015
175948
102756
259857
254984
1089869
364887
896123
313577
247933
170370
223342
268250
162672
176405
240907
71964
337645
392324
108986
72208
60386
582566
543093
104699
191758
64825
190573
261671
435762
349776
203928
133941
111204
100866
251355
311023
214141
375166
775131
786137
226957
907279
411658
1019518
397152
498696
424612
269829
108461
121060
539228
73834
507126
147057
160655
314047
390258
301378
382035
239582
170939
44915
318205
291123
54292
263382
268698
122400
270663
365114
228710
657727
689731
142286
193238
284195
264688
374164
320140
447652
204555
55490
56929
125306
119840
62727
78716
492531
369969
229029
126013
205998
85092
86491
201020
177055
73292
227874
767632
650501
496022
59157
88443
99817
1027441
398150
583657
902243
824245
277473
594942
492367
193180
321826
282386
37927
45221
64762
598541
564050
69939
225417
338666
935393
1023282
226105
149058
58948
57434
518810
414595
56454
80933
77088
192731
167897
52357
204981
580292
330383
647757
183161
107452
189693
103137
65088
175165
216150
225312
455229
155111
132881
173574
557578
227093
61769
76708
84055
209278
290999
189050
197573
449968
443081
338947
215011
291633
414368
495298
513206
287329
111627
113464
1015458
738972
775590
893467
271928
675677
145240
807548
273789
490222
392490
90300
84164
618973
64569
482784
111355
173293
264491
195180
247297
113428
421950
335389
273695
442398
259030
363558
334179
319059
392358
364507
252902
604211
316686
581256
178968
79760
329839
345020
586581
509904
297211
515357
154133
240135
184635
183381
48295
239656
238614
348771
475581
473196
182936
534286
275955
434953
227972
414071
217902
266606
70102
72602
54851
109055
60499
87499
190045
201211
182126
72426
264510
270960
249506
219532
51778
381436
308706
358563
486731
370768
270659
342650
141262
55821
294410
392989
516944
647484
482321
238219
250393
625006
349981
513837
241612
232480
385422
336978
262371
554043
423584
620090
317482
271034
150001
40347
203150
259841
121628
874777
696699
174894
341349
211787
221974
599318
481395
257281
569568
577382
237352
229054
178329
121372
145081
59851
522491
405102
151665
198726
462010
453098
457120
253307
282954
137948
266227
1053689
296346
109072
714205
259095
204752
412459
421832
100466
47245
303699
384641
214163
214438
96186
311482
196841
285303
269032
279778
239532
126127
234953
57355
153958
205760
349058
471859
461136
255082
79147
51617
436707
68886
295301
231714
258573
109766
95225
71653
403235
304021
115792
121414
56970
242968
346717
396671
353396
379857
259782
79457
466098
197814
434161
93345
77938
69400
109110
400957
206489
380991
215838
172455
119218
70209
330214
157213
394277
237537
289439
262788
179253
234691
177861
133555
320816
72625
72583
158858
200109
298483
300607
458465
287487
321791
101523
126423
215357
332066
376590
252284
214739
264227
355528
186859
67145
116402
726820
672456
244269
261364
312438
401565
446359
384519
237443
80337
64213
118640
142311
146293
116011
214254
198987
234655
381557
215356
348112
301362
673657
396768
253994
109808
217126
392274
482914
511210
557401
327058
452350
443161
299696
489038
118614
176275
544254
349825
343888
297877
123089
188321
145652
328012
106038
327167
63381
169704
317142
380139
384326
134657
177981
129037
529347
245483
495500
242452
263715
207775
420859
473913
783012
438998
752076
95834
74285
295686
178908
163524
211486
261337
265759
215419
570996
271992
620664
226296
228128
376917
224272
190153
398036
146241
96714
258176
167525
204602
389756
459783
469154
54443
439622
313153
201307
211493
235656
166085
81635
148465
189036
115638
62968
411029
173834
539270
193819
50515
69778
296009
536266
315742
533394
472661
675203
395098
881552
150662
949465
212984
247474
172812
244963
202179
279465
163084
310231
177249
434945
297709
583838
692060
630535
440343
799905
475258
128331
398587
515311
287032
271890
296542
142042
231300
114992
326772
234590
257845
407130
217777
74874
235958
132972
496221
346216
439281
363664
156139
285940
228496
158687
51799
365714
97375
133132
107148
83649
184815
415734
458821
160594
110281
447490
258840
330626
371023
352228
193253
65559
42851
993621
836631
506567
512620
572980
434175
269250
174071
227376
227795
44335
304448
139884
319228
240568
567273
432159
298367
422755
226391
482530
242544
358675
224493
88385
179590
224443
1079912
666418
286727
290040
297765
199048
322529
294687
456359
523664
463471
141324
546132
348800
332976
197633
293957
171783
225833
156265
387060
111575
409333
370489
471930
445046
466164
281952
206956
103182
163219
148158
363721
271233
150594
119690
57012
244783
376049
367432
472456
273423
390309
341349
202232
245309
89445
97516
296988
349187
191276
347371
116083
117298
157375
505860
243698
194483
275316
246821
61409
124648
442595
184181
219694
638434
290064
312937
269846
211621
189547
64190
89924
68832
239614
297041
444250
529836
134097
648034
280743
287198
92510
691623
360470
257361
607222
377791
637205
501458
236409
246186
255013
270678
345203
353556
201807
465018
340106
318146
391574
258377
79805
114096
345270
370271
359374
385311
141426
159829
137463
76923
68014
66999
165830
224281
178119
414748
316415
612791
282484
329514
251874
176629
245693
258024
126308
134702
78087
309563
297830
415586
424772
180460
68857
219002
453215
603367
568464
620055
323856
336884
103329
85648
581000
450432
118763
188449
121526
153462
199819
157859
466045
119931
97486
405218
137126
150456
192375
338759
444075
505945
526441
1067446
769400
66496
714039
266724
438717
93773
364126
123239
240734
322886
197991
206241
68424
121274
115676
80293
55804
246419
148112
403966
627690
461965
227966
598365
293576
385596
534037
400343
116593
259318
448464
379160
145075
415700
193560
329318
126682
260157
169594
340062
308929
292149
140056
106498
518335
168807
281587
802831
364895
435131
192953
262469
423494
216978
316825
392639
291513
556884
515955
225973
93271
77969
160716
153603
282111
166057
285422
337528
230874
264803
101003
97941
407603
419538
197764
395544
227288
247273
616809
204205
136995
376305
61505
70916
207012
194753
547927
509955
325654
209664
156585
60957
83358
497743
226553
109857
173283
113739
253533
139722
60457
120428
213132
440599
214627
459035
148280
167817
78982
62093
63176
352730
62373
458741
274591
298031
520872
493773
507847
380891
350205
234087
62961
57084
916086
238188
681388
199495
302656
138853
192503
325237
372884
432741
404220
478540
316949
429115
722537
811056
900191
960160
309582
562916
435360
203358
137453
119693
115830
148724
160451
249363
271511
286694
252443
479900
205657
248519
613575
429046
298576
673090
545442
431918
283006
156949
485717
164758
211534
162288
236363
116386
149565
221722
141229
199617
158400
214668
207573
211905
201591
478112
373180
55741
440607
136209
249276
432038
176830
72942
265410
204600
84913
206154
54745
79907
246584
99070
120392
317681
342920
416629
412014
95036
191254
170203
136664
329813
426022
434161
528600
186916
44648
53910
344190
208789
116530
106152
103070
134321
196017
376173
469581
307577
255966
62113
391030
672530
964306
475041
869854
249046
280953
290173
339075
358039
233957
177039
202496
204975
73310
197247
196712
49190
176826
69334
66637
196895
126535
188369
257650
253585
250109
395626
292041
150130
131481
428278
295518
191612
117193
131307
187292
82175
94478
44413
93260
183534
210612
269520
204632
88101
82307
457455
259399
603484
273604
319080
273247
398006
358002
305967
209098
187734
127277
151196
893228
588578
81599
71596
48747
436399
626994
510212
376110
622323
180449
261080
193537
327909
67871
317401
200709
215825
326266
263074
284690
193162
462557
232738
366760
321909
270684
192113
165763
234009
149175
600394
162639
234022
713703
160924
352497
218815
505334
480958
531476
517662
69113
333126
336039
234948
329729
255611
293423
138460
297432
215201
166737
144364
139969
157105
377020
284084
392182
127584
327558
274364
210268
409588
205837
135708
692666
445743
502359
749659
515860
343399
402010
333846
303368
139641
411141
145631
286948
57741
77990
80675
103704
108363
124966
214810
214971
336500
330651
271628
649009
491376
62021
80833
284160
428797
271810
367693
208057
173679
59416
107376
692296
412060
130115
350220
127493
315936
79931
86069
60619
55569
179397
154090
165181
127451
373572
339565
348507
715034
377568
175969
106199
131324
146195
170701
205532
198787
150929
106833
1328355
174532
337863
253039
1000604
170618
512640
335687
410295
315097
77205
327140
255658
179860
115131
221278
103792
144278
78433
114900
295037
370969
336996
499613
263842
343697
288129
512672
457502
348345
293988
210139
350009
245400
346104
421413
181583
481967
400240
145475
282390
171770
428756
293880
456104
298733
483608
392423
481375
390889
681297
450304
413757
71038
367313
102078
86717
58995
94236
104891
118068
459043
461748
169036
421418
139218
408188
266892
300305
307846
348418
219698
237921
97217
278678
223994
405970
375229
381002
649021
365082
419237
385521
374315
289103
304529
304066
123715
285098
193546
141172
323909
186885
206141
174594
127035
290647
164394
192789
264813
402236
502950
311280
629709
97037
409782
172336
240208
238659
299305
225450
197143
352429
276433
179405
193013
90605
105589
71586
65954
383252
54345
62036
409539
376858
443543
476434
253157
189980
585761
234892
396708
564864
576122
444118
446889
293086
278019
77916
160030
171700
569411
61568
737019
379369
215527
492715
617246
284690
208956
316359
171587
80525
275114
233454
424687
252562
281425
321402
481189
352084
490159
477825
421215
373840
438083
109132
101705
97979
212799
249744
148760
137723
291769
301494
57054
394612
373241
240982
372339
197466
385422
154373
767402
544462
434638
617144
167145
249938
390217
261346
282574
557805
470171
51938
535619
354062
474576
349264
232860
576969
382430
275251
205754
145646
142200
99918
592922
573886
227483
178295
137404
108857
707200
917798
383139
329131
95780
480831
149319
156219
263820
320350
366585
457772
155863
61667
83190
162136
519967
162949
401162
167109
297319
254900
317126
220028
105363
149215
189413
223572
248432
272848
113792
222616
266209
331651
488821
312434
183698
725808
238722
185196
651135
196118
338770
185409
141776
380316
320887
330908
294289
313572
388250
101093
254407
141684
138940
243399
201316
212139
458843
637405
248943
457321
319164
161709
251456
217699
92580
619430
471100
518493
160797
792559
305068
166748
200860
223784
217642
174588
218124
667562
340902
462455
1069706
698284
393424
369976
471474
456335
243212
587922
191051
165553
87707
54495
67684
228847
669844
604980
588953
398702
488545
166855
138955
166548
182749
111637
58515
540934
66039
84068
458576
251525
285554
597053
527627
80714
461123
117081
406658
82341
64352
60706
66178
198752
153710
232792
127552
239967
139766
152750
265681
416219
330448
425335
83672
131027
141916
83108
69317
587525
219727
103036
291500
241441
178740
60311
133130
147535
130264
522842
352315
376071
202328
740394
455816
122167
272358
192647
103331
275037
182010
302744
194283
346054
304939
365502
340228
198757
165168
338730
262518
151441
100887
342760
300250
136761
255385
201255
68048
101067
523831
534578
113463
353176
355797
460586
244800
358488
112947
175564
259285
271902
301815
250705
485134
386012
401724
134361
389279
278381
383442
354872
422360
173360
290415
138784
88700
99770
164426
268548
236368
379344
257038
200818
252664
224521
306324
255449
90382
445241
242609
237052
327188
318585
376791
97040
488995
119890
458418
384277
422564
462209
113888
540620
238010
427428
231887
53561
57212
74755
576504
429094
139103
445773
122648
532285
363330
430208
148605
511085
619356
375581
494730
171833
550188
290564
347548
548913
299425
197816
128594
222648
155042
290351
444660
233986
169870
162171
132168
206384
1016104
1061287
140375
320845
249010
163002
279010
278935
115142
300133
155530
212456
104858
127798
123605
128962
260768
257742
117894
380020
324720
381129
464411
283071
123393
219508
713247
359203
252258
108845
171666
233492
1008793
726566
506370
443763
452404
243361
168568
217856
483893
348345
638384
348735
431773
292110
114299
297140
249987
552368
147341
526362
175930
231520
141391
184473
236834
326802
302930
408624
253528
168891
220813
381453
299144
351427
49200
185511
82651
157408
235201
280069
714659
926566
671310
137509
57796
806732
117695
84674
101781
91226
103117
171572
132435
172085
182621
251235
243079
100711
278280
137510
128990
144595
493847
394011
390386
219796
137410
176870
207255
126781
113899
139170
265444
893940
214990
102081
71538
82367
720918
207784
376411
290931
129920
127027
153040
60968
481668
226591
490878
420081
220023
123427
979908
785616
219029
159516
270688
205248
180599
302212
390954
361514
192904
475310
295203
333416
223143
494048
259562
148716
530278
358031
624215
229479
132888
141631
501193
247798
56973
57405
134880
231590
311465
122973
39805
357979
154704
163258
99716
113726
356689
165716
200275
570421
214540
263988
194121
240560
479845
388790
50626
51886
530455
78899
524818
277678
252828
249338
186485
332981
424729
536446
512871
334320
336997
378628
395622
508284
92355
363792
242770
305190
316378
294285
191303
154416
116653
84330
165399
117610
199597
239442
355878
324039
307177
227429
157454
922588
894619
314635
168924
379646
245932
93982
218535
497878
343553
217190
611143
154342
293429
172255
178590
340595
376951
142434
318589
54298
72696
248386
73514
76124
71624
86517
97012
326099
284208
362661
141003
189565
576877
320702
54482
75780
197289
198271
84484
472470
374518
107756
105866
230043
250078
219409
155049
198108
237792
141391
109086
198865
211469
270610
443203
259896
409883
195217
185786
191093
167317
62197
65411
44823
244805
626086
417084
201661
81474
79840
575758
70604
84890
191043
197456
101195
220765
281242
196986
487725
472129
651569
294886
382620
545356
1190400
424111
885724
138153
370559
208925
179818
427173
236151
59001
409746
440764
170826
378459
199900
226122
115981
801042
464369
89058
424577
418996
792389
505667
534638
231088
430218
347736
403579
260913
487064
588943
429220
726608
409253
766693
500958
342354
251771
183326
63750
141852
156200
306481
257340
205609
302820
306149
256188
202654
248269
387908
479253
499952
155011
144834
622944
217520
139306
50402
247875
780525
285702
472724
226542
242098
174812
269964
66427
202696
165657
188649
187480
323686
596796
458254
718378
383270
167860
77659
645403
530680
191559
193916
151780
132643
140601
186892
404698
435424
668722
757532
464290
507962
205820
501839
140956
311407
62709
74925
138551
232993
281312
237926
123476
434051
297572
297623
216272
207227
88113
447560
252566
80636
194392
317434
314831
222482
165021
450366
203229
171155
362900
229955
211378
122093
115597
69302
58725
463018
116164
112000
67893
153578
157873
551393
433627
212681
102444
111611
189848
491933
132333
93942
532483
193408
135416
47532
235219
108594
261184
128538
78190
191187
297318
349642
452634
307905
590630
334338
124629
73897
532569
331467
271364
339783
462941
459504
378447
63518
329527
112376
107216
203363
187491
152889
110161
143280
172150
385918
450920
373743
327376
371554
561649
539175
650713
537341
133275
147707
222565
406666
301747
170559
404611
117950
116850
54593
92775
62634
127837
200697
268524
437134
374528
346861
342411
209652
89222
69954
110214
364587
416620
261236
169332
122397
98895
168173
510170
257014
473590
254912
479815
332534
62358
70425
122200
735951
676789
386184
149311
166969
400157
976522
674956
149635
721719
166192
474183
117422
148487
312343
234963
412092
271921
272495
238652
144233
95111
106907
369821
260127
70716
82320
423697
519032
490991
96803
89353
865730
593604
175151
78037
400237
130793
139636
428246
266052
479665
554386
398897
64031
92155
81924
89272
119157
105371
97301
900197
104975
57801
488957
74345
218860
259912
104349
74953
291209
65041
99870
360878
103172
183704
138443
116728
71577
243737
186732
65695
63158
179935
364293
354119
252792
96919
187041
236441
295031
479458
462754
467021
129578
138760
120041
478556
93000
286620
162978
216246
405721
325024
79162
700112
749980
197308
190440
310772
290996
71942
50245
88310
707714
212799
188840
180039
162672
90272
193754
239926
154740
132237
1318194
860431
515302
455306
75494
83200
257557
381327
253090
124251
1078790
356449
353923
51790
146105
151966
1238852
136769
337971
154982
132887
148284
98685
191102
224780
573020
609135
261663
511972
236427
182334
63946
521147
221803
170408
407939
534391
468239
452515
91956
512894
487695
138873
236916
694274
686477
386534
204173
342884
370587
397038
605084
322208
272420
92428
272203
83493
215231
262428
166514
307061
262837
157505
207220
240502
191760
532947
351845
407567
688544
442758
442094
236335
443568
214530
73542
50335
43225
119647
278471
204125
205739
259103
845877
804889
65354
92418
361009
289967
264207
183841
351992
334395
337532
101985
163814
522660
198351
309313
104669
150598
262044
459285
361924
74654
157995
230734
958049
375833
1107922
277593
308912
63798
89075
98344
198778
261633
264509
321781
150693
131651
158433
527278
449191
562257
221673
401113
119080
147732
390310
357231
468508
167705
406670
144721
82853
63724
234680
417619
303735
268828
132127
246737
245561
53532
233645
69710
366992
205561
253805
52555
248920
86381
87159
207750
354888
571102
696981
479030
455252
389191
68987
200496
203285
104793
188152
125059
67193
100094
1533011
164227
156081
132918
1123589
162028
281413
213226
330483
333772
481343
376870
586169
630433
751112
685684
495102
313803
1164088
604957
389399
189499
185396
276075
217224
152787
356895
80720
160708
179614
63831
84239
114947
490725
446963
128588
349548
390140
241532
181653
55281
103516
249499
219958
414449
349192
692016
404454
231367
175718
576073
249568
116437
75910
162079
253507
177032
368238
196198
244185
124524
536918
208556
175547
577023
379179
291132
338544
170813
185651
174324
346016
196328
205531
195111
139747
415047
418597
245605
322089
290646
117235
106858
166049
349079
300178
263774
483450
486797
143791
74209
65135
64436
40240
93606
611969
500072
326936
259002
324115
505407
260797
202596
245149
610906
265979
142271
450757
117700
185524
254009
333870
169404
422910
384980
188236
95481
40432
63714
59513
371424
344758
182906
327417
352113
415660
178771
165126
411913
225699
303660
146210
433096
545742
856838
278148
219885
761687
127087
110916
87566
407188
388448
438172
238988
596079
243071
258160
187650
200627
136452
387485
164872
340120
72865
70556
165308
154523
246324
142228
372808
195195
187214
355628
292441
361823
355173
123589
434555
213276
151546
142265
275678
293469
341245
177278
191697
402533
189371
214887
172275
66177
81726
172456
162040
153730
167964
332497
245374
338602
140482
62320
162029
146699
162763
684657
194175
154757
602118
220761
229988
160126
143968
141307
380298
388829
373145
381107
194875
207753
302845
221067
206900
416938
213357
191196
753413
460532
489837
388334
155303
132963
54992
97024
263064
283599
97508
96872
460839
260938
286857
95336
99222
108364
746638
360186
50993
124054
306132
133897
339993
129813
189283
183438
341117
316601
473944
294018
711922
354960
52821
532418
427541
176156
153940
327209
168670
372006
95178
213727
134375
155898
274600
245264
262496
507247
234398
205250
139115
450686
225994
51590
307653
194477
229806
380173
316432
437006
393288
461639
123086
245438
43224
52748
323667
295879
156170
178182
454751
172247
556128
227524
137841
73957
335376
407474
501077
142447
687471
648370
232125
231871
527391
607705
363481
489849
423769
116279
681850
513125
334442
288820
334480
144653
677001
407792
574772
126316
502640
164738
129176
165344
138715
190094
111233
144933
121273
342187
309823
341167
401054
232604
563761
614202
521872
504091
164262
60129
117117
177067
275200
320699
272109
230042
90766
56020
129954
110149
395443
115584
169438
495841
340060
399488
447567
425613
232247
216842
217248
114777
609504
365758
342991
374583
381706
679708
663437
558520
369665
664841
332392
353520
383692
95031
83390
301597
150715
208778
322723
269222
401205
353991
205675
411278
294268
474012
243855
239464
152966
228709
110089
220582
153503
90601
106117
333362
264329
211533
115670
127553
129547
547262
135002
471164
242311
138836
134726
393964
380074
341504
722174
245613
506744
232656
339310
207116
271648
177977
134019
141039
194358
363543
306681
602658
402690
155662
168681
218476
373005
202856
912597
718158
78237
97176
99530
136808
164115
256478
380761
315266
85934
160366
138073
412097
121195
441698
310112
223458
317366
244569
158093
256953
315569
318624
351129
272819
321480
666124
516150
314720
389476
530341
372536
114837
341413
224315
240558
284869
286443
170475
354804
112754
142429
180092
297689
475159
451289
744639
596571
247346
200082
220903
354168
468126
374687
394426
441830
205417
90539
64595
61624
68078
191950
205051
778631
435214
747166
312722
301563
143244
73501
111610
103331
887804
219269
608583
263754
468404
565342
625842
653377
364405
273608
179210
257308
660696
159888
527978
220814
438643
408828
404659
160259
148931
186176
203465
138921
856397
734721
311980
709860
266768
661030
230521
141596
74919
200086
175544
183636
438627
352212
110063
139441
409281
178356
115823
161243
314196
420911
941980
281337
615705
129239
207794
214000
230428
118599
243745
187659
235740
167520
110933
101316
177953
221516
117331
682990
559755
281726
224063
239602
418968
412171
406320
562535
277110
319050
149757
337894
158767
140850
224639
147425
502639
590062
443487
508007
811428
422239
901389
157890
159214
420821
160870
113485
335641
230839
284406
231809
188552
358088
638825
567381
201054
277149
222628
708354
525861
231041
127084
280312
286395
210225
190586
547870
574130
302304
203152
1013614
888514
148624
568053
672565
209371
106332
116252
113215
239809
258344
153600
213920
940047
190136
903298
86099
220463
309245
261697
149013
466174
214700
277781
252056
222836
118501
130510
125439
593079
533107
180043
210374
512064
255228
755925
350131
358275
533043
437471
416318
375308
141505
135997
228958
192285
296617
462353
201608
470005
189021
288452
326874
644244
350562
357741
859608
240477
286953
528182
454985
479449
391627
222513
113693
522295
244729
168592
301400
317168
268429
264751
390321
329805
289475
142544
168777
131537
99063
115182
446460
316545
121594
111344
114902
59406
238847
93735
103159
211333
118156
265208
358566
291315
287784
139073
159761
242204
149710
210291
446039
403778
150749
416886
130770
377057
136031
140347
244555
324038
314365
498140
295784
268215
138912
178800
224653
597314
449821
150744
284089
359435
269552
217328
336505
166846
190896
161119
387878
353888
99676
189931
174861
255072
108875
154077
147978
250026
361701
649240
569926
801537
296386
261166
240555
58205
953694
310131
66958
131134
232570
344009
426547
170678
136114
480185
254013
202582
79353
307616
769257
541633
269371
571660
190147
357579
93661
146905
213243
329501
391525
258492
453863
387701
366721
224894
192779
622994
374681
267932
562604
265228
181121
303822
292507
219886
146463
528171
288329
125391
61940
294143
267821
69552
511743
755058
584184
625792
441070
106862
402240
352490
364464
136921
122708
567585
174148
404377
186791
81097
70902
81202
180595
173296
299179
489483
310583
418218
240160
805379
361797
364708
55379
74767
178938
224427
81062
976846
526632
268247
159917
377609
159994
80507
251731
74865
122600
103576
96512
118302
128610
82326
264755
310518
148569
339559
319258
387666
143730
191956
517937
337987
239452
138711
118568
137462
179035
286886
482198
550686
391044
623442
110397
487618
317511
256843
445681
286856
126479
420779
581538
342295
377772
608585
382854
415132
307266
308901
306361
780361
599613
323594
584080
350433
407339
58104
54418
112982
386087
593244
764380
414434
772003
224985
299753
326043
399489
351844
81129
207318
453208
350427
83123
444519
110327
461325
182193
285660
229204
130873
476968
344267
290378
167653
630165
389740
369394
288553
122097
154464
129373
142090
603477
604894
133249
330548
83269
299834
121841
169313
244157
325461
466038
237427
162356
446081
246545
329154
690926
616937
547924
468111
255839
227847
447973
423720
357563
284299
367750
270093
284460
270979
109743
218464
319875
152217
60645
85142
103362
456146
515667
221908
237934
80347
212884
131127
348780
290880
227671
159629
229733
540919
111703
393749
183884
255987
171172
422538
303886
178844
431601
299230
183469
526786
144041
100902
115068
149401
607142
375405
434898
145510
653634
63352
129509
141731
197287
419213
317969
123944
108189
333157
283257
163440
263173
178992
128115
339106
175418
199843
175992
369797
286292
313122
427041
178228
289738
252209
232715
195935
439258
599267
595138
506963
246717
411005
366565
389605
507889
384883
284782
294976
97285
198909
161802
106694
304428
480466
260718
58515
400995
365217
100341
87147
182314
135913
246310
205901
225244
139418
292660
288760
228244
164010
69333
340833
194090
97578
82780
338516
328170
241298
177840
273868
345202
648026
705062
296105
658169
511978
213096
363749
244956
444346
169659
223116
519980
561354
600601
517499
189433
314459
267801
301604
305882
129297
285593
132160
263240
167585
256664
175071
71957
244818
315547
332576
106043
231586
601862
406242
444598
244323
968326
114520
237961
682304
158824
361254
169516
195069
116655
164547
377850
363507
496209
418696
203441
275680
394066
761666
524080
209265
214687
277266
368738
399067
173835
278508
84125
142120
110321
226484
239707
216759
292965
180608
325828
265791
446736
171887
48763
71810
494051
293557
209805
187527
124225
342149
372728
378043
449018
236803
162125
46390
148302
494670
158895
606507
319633
323311
71022
175836
489705
213133
176430
437219
209115
187919
163440
245439
214326
279810
174346
196883
109442
130979
70065
72172
196188
231549
111758
652830
238608
246891
193683
303830
179659
984082
179626
601743
262865
308921
296307
232625
97605
77868
144316
155917
103000
96987
107282
615678
193661
708018
302453
150712
714976
392985
319354
625571
59447
244959
248996
332793
58646
132819
138675
68268
146284
538318
177764
254221
484233
365474
381766
565459
400639
219348
375862
521483
606639
788350
376408
569020
344510
187348
77059
146914
110006
113871
141223
239018
169715
99551
77536
242409
586775
478832
421984
186227
416801
236939
104596
364250
284491
202462
200628
64036
237789
188334
229876
188453
156678
322069
672304
427477
833792
488001
510377
702421
474318
122857
543327
637002
374987
218164
124962
215223
323765
143788
187851
183137
1177680
271458
1265023
365533
196155
96969
104208
117527
268265
547940
294333
104948
74457
171847
714026
378710
355823
297069
222446
179560
122815
50896
68778
133916
133538
74012
59508
244737
754546
453999
732746
327479
150295
58816
273392
229743
300392
215952
159467
179925
330442
276484
183713
150153
271644
291619
532298
396372
459056
234197
180606
349703
405737
275695
446327
402976
362484
401245
173912
146241
115265
745799
708060
192024
261719
349346
293751
608922
290697
270757
543011
153979
258500
230019
175796
351571
329445
244955
286312
96580
66736
429774
360830
224407
261482
337482
232792
636414
152123
83163
50728
72444
608580
231857
76225
195562
329417
236616
72822
42297
74769
83271
72818
472265
225837
572094
149872
261946
107777
167624
396370
544917
443297
581793
404038
233435
81548
95897
402338
91371
402270
88117
157125
150556
136321
195373
154650
201606
253633
232849
199334
124577
129955
106480
193240
147731
200475
571805
563332
409839
264274
107214
265544
249750
92827
159224
248523
184740
682022
754840
146038
310054
249647
341585
167301
323900
245839
400160
354301
93504
444157
234152
184361
427269
303477
263653
298924
182695
130743
132881
150133
561093
397437
301355
230182
174447
336025
213708
235360
140502
478469
385319
271222
437942
319713
156091
464491
98119
90513
227247
176588
230572
169376
100777
140509
129197
73428
130198
257464
158864
52004
80275
650520
680789
140396
209633
238133
304911
448788
172883
361264
216463
204804
166079
357043
256344
397690
396465
76827
310195
249581
323673
653228
295258
493862
294410
257646
218462
231124
239073
183326
370059
373157
544447
474145
166236
195104
206570
172433
734801
559154
114589
408600
143550
154690
367389
142175
186572
210632
212982
138376
149203
95835
183373
212848
540172
460712
194890
205049
149229
82979
159460
173456
210277
80230
293355
231786
53780
73121
178443
252982
151141
208113
223782
183747
178849
607154
517001
509139
162229
581554
282262
475282
662665
609029
698655
615223
334755
345135
215336
169148
238029
346878
122660
386059
250178
260327
305229
359588
459140
776989
626913
395084
154151
286109
173592
483709
419236
399557
238310
481087
329894
188325
62538
366688
286436
133719
121213
140698
95272
80995
96367
81065
198109
300492
192674
476851
667649
513370
555317
738661
298236
449335
166655
74617
84415
54080
70544
76807
53115
77269
261541
305520
183662
207126
274341
164948
248466
163183
170689
217270
225793
167361
290802
139869
216005
311547
259457
283375
86920
342287
243457
221057
231741
342298
463556
364319
212033
554258
347526
430739
127316
316401
140439
82562
158304
149848
121928
171993
196147
347427
340064
186407
128156
576590
578862
139277
314163
267209
220175
275554
347160
309563
479710
584168
560213
244955
245158
842578
584144
136880
85414
255947
70117
240543
486348
276923
352675
127653
241837
136412
228666
173965
91208
50129
90310
164035
454287
486481
402682
427572
604710
356162
326574
657623
504007
254722
617723
309452
119776
101347
95716
187297
105355
272032
268264
274653
454441
371464
232256
428199
156404
241095
240120
744760
198263
392198
727720
385423
288261
748986
438172
85370
139542
153629
91418
106485
298647
937609
469395
1116400
405688
250035
377282
337749
274717
46197
424034
382695
44539
44642
247851
172034
184706
454471
199458
339255
158874
302274
312150
248926
360044
180633
105751
470520
276898
265239
50583
85941
399223
296665
81832
182705
70445
281828
255469
234184
506396
389042
332362
62702
674410
243363
116101
97395
133311
116661
104450
94941
116685
203040
164673
252824
354633
221605
385902
452980
232047
289825
244985
354900
291559
251133
411313
339290
487870
244449
580274
272810
142955
470905
301811
72313
254872
387063
284821
67380
273479
753336
728987
271296
149906
504489
341128
118164
79691
107964
90852
375128
65853
91302
62225
196878
198032
76584
665649
462167
160262
185856
512202
523416
105161
396796
456377
142908
348311
327882
254532
274512
215854
332217
195272
438486
263243
145105
163443
65132
199893
298244
629947
344998
833033
386601
260848
656645
282740
485347
255584
159856
160622
145142
264389
274681
246353
197696
285883
246228
345381
385505
317716
157866
324500
703377
606691
449971
165652
1032532
447548
470621
876330
183864
404383
206294
168225
168742
279699
144610
106455
119160
102254
372050
272455
228439
392524
599562
451467
87546
524397
310472
212249
348503
358879
356239
234865
211432
321835
325445
268958
354864
266064
82059
65579
50451
458286
90786
483822
341198
323812
327263
111148
195573
327691
359701
442215
317760
212172
258726
480764
565907
305811
174670
231080
182796
253231
985440
939171
348242
203223
314128
205499
212670
193362
257383
149757
336404
400587
115654
358161
298994
408949
605031
334234
440720
325002
340718
325657
242499
244321
88016
138058
414973
275747
236925
604572
279904
230676
425139
225003
437311
245152
376425
423559
249562
128532
541207
175640
169982
193529
285806
411063
552676
349120
736064
404897
340495
113155
192226
499364
224680
126893
301477
170240
224892
58338
97542
85249
111066
237951
288010
348386
301366
278477
308317
411733
189728
153249
133021
74511
118407
183271
137621
921531
875071
171475
388955
333078
330597
572322
145629
256067
101287
212741
223304
232114
304415
389713
284648
121344
318587
74979
121782
100106
167589
187699
199782
93997
227374
104341
116930
237800
160804
127309
360927
489436
604213
743229
855472
416437
849069
376484
271233
651596
741822
582144
285807
576174
223167
119949
380515
335337
188352
166191
165448
163343
578792
798452
346209
440927
402069
173210
177965
365014
432865
327971
57861
146777
128401
436024
70635
252362
64584
79188
93941
87522
108282
241103
311002
160911
165733
169567
84739
690577
44625
79037
851991
237253
69637
298006
115458
264518
339287
609833
379438
247564
216299
225735
254913
306411
503067
257594
427449
194247
324669
382019
232075
62492
70813
111594
234830
185126
567674
369458
205732
296233
433870
379509
730385
387881
366550
930686
248014
647186
360701
330597
190695
247046
649029
194518
143346
65302
459659
141753
166114
234794
224702
220996
231432
89823
192045
174395
701906
642554
180534
264503
190537
54798
89701
116948
787302
845244
477958
529379
204807
395896
207639
470839
211383
432293
324475
292646
570731
266400
353934
498322
179225
349089
111880
144846
50366
254132
333459
422410
470699
383732
189023
353911
122673
269579
80770
73263
70222
110853
127854
132545
152935
150157
347822
137260
358956
76395
58073
66765
156694
270361
318510
327645
262062
635408
225046
456702
133201
118660
253640
249114
303716
331287
320126
319790
151938
366434
134704
88197
108261
81069
117819
265464
755186
348559
536619
85717
120766
403237
360082
243565
457997
429749
306192
313049
476249
377586
116020
103655
125330
181976
832054
162036
100606
886544
170145
117644
71221
143356
148376
209031
490271
216919
60522
83133
67386
594131
296726
177521
296812
147684
178232
200447
172730
143554
210829
831148
295119
1225084
866016
843258
1033576
392372
257242
538910
482416
206209
557296
232606
601566
220683
184263
299776
309005
357189
229639
273262
435473
343766
443427
321597
327077
256507
207128
719689
535545
273835
156696
58573
143908
61775
108369
176683
133518
71607
347628
354607
211521
228901
118116
164630
196445
539728
452556
137317
109255
356403
93653
445400
243633
222520
248475
198782
213368
184615
343101
264916
122308
422408
488991
108046
315619
294218
53360
64135
292187
422233
365344
187878
592343
170756
177814
301537
148896
206344
170854
445339
386606
196030
209885
104742
163378
141090
326138
380957
309828
438273
202397
546019
440525
497182
722928
369970
225066
161378
751629
110996
135326
1036430
658626
609812
638179
452036
229753
299876
260085
408786
331104
283896
270632
107885
105933
238123
238659
190613
232859
442924
397879
771017
124348
813903
110734
112927
96658
102674
68561
176682
193308
64945
89723
86723
268470
359656
286082
199082
120026
725612
965221
290970
50492
692761
633935
53587
55309
90996
126562
369333
443417
137601
75429
492054
314189
631888
219613
68613
106268
106792
131024
124947
561733
289172
199527
317987
419005
590990
521322
531444
317400
183110
1024616
690299
58671
325284
472078
406926
430524
485868
118942
299771
198117
245969
173922
230921
258788
524226
362201
111215
65635
66287
285098
298053
387983
486467
211965
266447
140961
318294
205581
62033
172269
126460
75673
72373
309165
366625
581275
198561
615928
117027
213040
179660
172774
192758
144434
127072
237112
364196
225584
681275
444715
963338
490082
657937
299112
44491
160781
723379
512591
721775
239241
127425
51531
634596
335186
109476
72166
82272
119388
331806
338371
75113
359353
384273
103558
94555
848058
360365
897215
194976
61853
65916
176311
600924
193792
418399
162775
172274
199863
318811
362082
121501
487194
662580
435229
502936
423519
800980
597526
71966
497230
198490
197951
196588
250884
426171
332730
366169
187225
182600
447221
136168
117414
334198
165740
169247
192333
201042
145680
118855
120445
130041
205259
170034
227826
349774
329881
439949
415277
263613
156055
325649
547886
443951
509625
429296
127604
372731
324340
193198
164412
750665
165323
815854
284034
472763
366359
296425
78057
82984
75380
93824
87336
59365
319122
648996
366702
598675
104255
77208
214849
239830
294741
450870
308006
496146
415421
621664
473471
105741
582369
378480
85999
104138
250181
233144
128178
191347
281843
254023
172730
79098
549174
486166
245258
526489
604609
814100
551360
1244770
199031
138481
981662
291804
72567
410721
383714
148354
368932
497592
711984
449344
422385
174781
101605
379406
373131
361589
44701
640812
385501
186128
484519
180783
538015
190525
220468
412836
426527
551715
277701
632099
145569
491555
169470
116237
420846
452455
135198
555054
228059
630183
284540
353075
344186
416583
352639
178933
172968
465704
649697
354865
95517
76819
78523
603579
583053
46160
189358
270916
128161
60577
268017
283071
82084
83416
169091
193897
107966
61944
184989
437569
653908
336890
703807
709648
182555
115948
457539
423824
134011
328845
306254
228554
265867
213595
356143
352532
101423
72135
484548
334013
603001
609289
398763
137854
583156
117253
226975
535173
205491
319025
310498
241756
211180
791526
751187
562167
501148
262699
268672
180387
137431
120925
141956
205450
101939
279834
136834
174901
329761
314865
184216
304265
585270
448484
224192
118297
134473
52632
62359
69512
66024
205474
193633
734780
720751
432228
429409
148600
166613
140799
322543
343201
302840
592665
566236
532331
483736
446934
583746
1445184
995021
526059
219328
135123
145408
142843
236398
191471
171664
143845
434614
429004
58326
193978
54641
216385
97583
127895
133561
121009
92077
86496
133676
88021
70438
260857
252506
327373
109431
345748
228009
219422
222921
68383
226437
151409
212412
225971
67404
359663
302897
305108
193975
242666
693205
376000
83357
325324
360276
122290
535002
122590
604994
154836
74864
321386
240180
418262
408146
538135
306201
334365
702876
184473
187736
109378
193687
141682
526465
662339
223078
1219766
1061076
56643
195032
204861
52761
128748
234062
286486
392671
379496
447556
479000
560484
399154
515306
323081
320557
304194
185345
110279
265099
243042
146623
111695
235615
404733
330417
50475
301660
315656
450103
409387
238641
671052
357425
319358
291413
156760
225327
213094
280388
226590
134289
145033
561672
199076
503490
208201
135240
161782
199670
279953
293963
180210
56563
92776
88460
185601
207545
305139
218597
223750
341860
152011
268640
307285
316962
511303
391094
184002
107511
427404
115457
68996
73952
526144
130907
120831
236901
171261
234375
238589
222882
378450
281928
197854
294083
189129
182986
357899
461508
495298
334242
421772
809229
504272
530057
177549
204618
212756
114881
127894
74076
84653
404615
413803
103574
259819
319483
436456
191191
56563
99467
73573
50640
900561
679372
110672
162496
430293
461680
180245
91555
132612
232475
340953
392206
367615
116317
395860
303162
409042
371403
192417
82419
77864
390762
198476
346914
334604
412815
428879
582544
243804
418987
110672
68478
105833
310007
366751
314623
80354
439600
151682
133595
304460
164365
217230
100158
336073
217310
80993
101567
99725
287295
300015
95677
137014
416324
499231
386291
396750
359146
285404
506250
352823
131157
113256
96052
99001
187093
232613
244976
976048
251982
192135
1023608
260732
73925
202460
286892
696184
339486
263764
644636
69304
169756
213730
216747
125056
342696
263239
379956
303629
395029
418146
358423
458774
617285
624419
239737
123977
102926
57678
64459
637695
166898
275487
729615
442146
143218
428055
313896
160572
85487
79841
153979
124649
228994
283264
303255
231929
81486
140995
351511
344030
427161
271161
605899
589441
300436
393275
264127
159262
228161
763993
648016
369995
265941
233422
105172
185728
608510
216035
92547
83672
501961
142797
230499
273750
467429
409313
162363
101890
752828
653550
451242
465252
71704
348702
156528
312063
519374
298267
397070
157938
163991
257137
182805
427982
275971
490780
200138
359970
378049
450795
557173
238088
544191
313688
140304
242413
385805
622822
753135
1013069
703654
611219
162969
166977
640139
315588
439438
164931
82956
423176
208641
341450
336314
437744
478411
459382
990161
823312
323726
332878
235205
77425
54216
598317
464625
179878
195462
416446
491649
167678
196949
244509
372834
354884
99232
502622
416118
193599
229744
319916
205547
74419
305101
340500
358350
488672
256735
266022
131863
167318
790198
301884
220123
588564
494661
382037
377373
402068
141140
197039
184205
221944
234137
556886
238512
230769
180062
218367
893524
255120
491584
312558
263847
391700
359838
356505
262744
335386
219352
313326
371129
166637
86425
666405
562274
215573
268173
208170
288302
283797
281545
392085
315922
338482
284088
192219
256280
449542
353130
119504
689885
127142
700384
173512
114122
404401
398682
129474
64078
377008
501320
236650
271339
290359
605271
130489
135372
710754
298833
204653
420398
500252
211701
91555
480536
331055
638194
205721
74161
454179
320085
519503
511502
447489
94312
353987
205885
179692
238078
217374
317083
264401
213333
81471
353820
510744
501333
147775
620278
147633
348433
76961
98734
405346
381299
488573
187490
241737
572174
145102
312123
290938
270769
248970
482474
309753
336566
253343
150105
322560
286497
99240
458773
188411
466083
193231
96202
153970
117223
299804
305122
239229
58333
345157
111557
237588
283134
261945
185913
254828
53700
61000
118722
121880
109318
159752
142115
314457
256359
71126
104816
107610
66612
128917
491045
400515
124691
63393
71157
110859
170987
234265
276351
251774
496719
393592
54049
56461
462931
332273
70608
80469
348690
135228
362593
194751
210118
307300
263825
94046
482640
637759
522274
395990
536915
72675
123991
68288
94225
128362
125419
362281
325096
339064
352773
210634
141163
269141
127404
306265
297564
368082
342176
164701
300240
265019
247536
204996
595785
455404
309865
195115
152185
123208
377231
462991
387106
55692
120972
464027
186066
327626
293187
389877
327597
269494
134431
222605
191999
221729
300933
322134
249429
635476
439103
493205
112565
509964
182262
291211
205626
236350
133871
107615
280132
312329
268929
278238
50522
68275
139104
200506
385015
524140
568747
498574
245972
199206
68008
78752
367727
195283
147317
83016
256411
185141
185337
66327
248012
301957
299571
68737
488216
460149
271292
246360
171366
154925
227003
294578
323973
262546
340478
587196
547428
413032
614140
145729
123841
372829
221338
324306
235779
169736
194437
90950
344531
200775
325409
292740
183818
104990
245997
212589
54515
193265
156186
156562
263463
221363
455141
434015
198444
176192
215753
99377
716283
100933
278347
308742
142483
42768
985073
513008
156256
307937
276139
138582
158501
709634
724125
405424
352866
448097
415266
153723
143968
92335
216047
74491
272713
207199
229828
224197
99453
107446
52864
50684
469758
522059
546343
658292
359199
388599
112471
89099
153482
94810
97618
283518
1281267
1109234
672892
549693
233065
263519
223898
403738
271104
341100
388258
208493
143707
188097
173215
577170
182550
604773
272264
365045
173297
166668
406042
331115
428526
383000
475030
349871
357344
285646
253829
116177
209913
245412
142449
663410
532890
449212
217333
430599
276521
218407
120452
814704
637144
98955
221472
185164
117754
143953
80583
46362
61361
121347
198518
245029
113370
50986
1243484
318954
1273394
217605
579037
554969
80633
77760
89135
1085086
883987
211295
234908
95812
230140
217935
55159
430548
62929
389809
214522
237164
242323
365589
377777
253435
79434
513527
228348
260153
708072
270911
297211
98423
67882
75237
288056
292659
850639
257323
850711
289941
372576
191375
246084
225530
274456
298923
277372
287221
303337
160875
104056
522003
145792
335516
80448
67312
129074
93277
59924
173141
142345
352618
498004
392235
362854
115898
184662
182414
291761
347136
352602
253840
231573
177156
282742
256119
148531
585287
467056
457236
546129
167917
206847
338823
167172
166848
161045
372865
217217
71051
280803
220156
250202
316039
217328
588582
184558
65073
606696
84526
98248
114679
88153
85665
79777
138251
103965
119588
157401
156029
237324
644059
397685
231124
91201
702781
262554
180184
264411
209577
51260
392120
584161
830887
679535
578557
70711
144770
291206
198138
439577
349899
137252
166644
192367
396376
353824
336267
168173
275140
731914
479026
392234
202836
295173
1036028
123428
102156
793879
262847
83750
283475
240349
78851
217137
272910
318735
158523
277928
149724
173916
193181
180959
230768
214292
44899
155943
175674
129576
188130
603948
155056
165174
140258
828743
253139
280898
71792
176744
206272
649676
79375
92294
221253
177500
52433
288558
416031
222476
1147131
834113
227488
261470
545339
307726
656096
320597
295077
168514
617235
115961
538404
184298
116088
302827
133369
313063
169848
152814
273303
184169
348927
213491
169677
134261
157796
501318
421099
361646
152456
343060
308174
199671
137056
146207
68873
159704
139934
60044
569591
645896
450829
292688
48050
554130
550949
190655
234902
278158
259282
172961
122810
301381
258897
431664
177802
138842
183811
205163
656323
130339
354336
89833
144979
216278
220290
188128
377755
381259
454482
474137
176006
166504
446833
297719
193178
419883
387950
362468
284583
182322
125001
137972
76061
91492
312339
476352
326627
113762
484222
162501
638206
256739
315535
431856
822747
748437
370389
123244
148064
300095
165384
266852
173015
156776
125879
160768
199991
211581
184196
435709
276000
61549
316839
106033
289215
149577
107797
371250
350832
434514
234397
458938
154017
186325
324869
215223
71994
206577
106642
232106
314002
312545
324295
277850
613898
503990
487000
304636
152880
52702
109171
145996
153521
214440
196659
263686
370899
336864
213269
422226
163519
213814
221122
214416
314651
352169
312922
182105
203974
140399
612309
120506
150084
582901
236337
244283
117421
234680
89211
83956
142756
283684
370255
390135
207811
101674
268700
662199
677198
360626
750027
276423
241937
689297
316518
432217
417738
614308
276322
345577
153385
74987
143703
310918
338328
462477
597274
446217
388814
763605
337047
142823
71485
113203
98398
141201
855354
419722
108940
158655
173859
438730
340603
89067
103190
129384
126104
46308
197574
165928
155246
55901
58338
56816
397405
258880
197743
280789
330007
413681
565230
367026
833770
478744
470150
716989
250762
276171
215299
78685
129248
135720
67191
117664
164256
485847
276219
408509
280924
127002
204007
1159318
550859
1228417
659477
550600
78075
154211
517402
263625
102310
114118
241522
335439
164493
97969
77383
57748
223580
257386
102920
993087
147193
159856
1025534
127703
110243
212489
82139
100157
84447
339888
507947
407605
157759
89167
66759
639269
133689
202030
62716
200143
326551
314923
110872
223096
237622
213498
170612
115628
107335
111343
1054701
276459
1098454
183899
99757
163290
575912
381492
104529
153495
83370
447865
457347
307118
272344
470441
479621
376313
101451
136656
637081
206745
235032
636652
252568
132991
374235
97813
179776
53012
230681
212326
113579
115931
76707
540466
568480
332308
390944
269246
283162
303256
306949
86895
161699
182528
362876
380284
152960
200222
97417
348580
369772
91851
74131
378367
112533
140110
73908
54310
107467
749859
439029
672587
655146
641788
700589
448099
613458
295502
149734
140935
91104
91981
101691
441721
443490
86162
55970
258971
259358
95463
192208
153205
340210
334322
288886
274244
325563
349959
228657
165625
250576
222666
376132
321634
412926
286503
218499
352293
534625
188822
62888
552189
453246
559349
638707
708669
299435
213262
104168
93046
68554
165019
145830
222199
140578
236099
255803
243888
374226
377799
272881
297173
213857
178462
110077
68008
58684
110338
102409
115310
372030
254608
375833
382911
494759
510807
133555
113113
65271
446830
220324
254720
203000
662349
167349
429685
236383
119346
114981
112173
164471
558986
533233
55794
280773
61958
162243
160071
206499
509165
257718
120782
372052
772037
443967
108370
148671
521501
284919
172212
121958
57655
292239
254310
74328
205494
246658
87767
61793
89947
83547
72423
381918
422075
171626
149840
355893
351055
199148
261012
182065
178183
393337
283727
156085
620244
205752
251250
105281
612846
469959
507810
753101
289250
525050
251665
145870
79847
623849
299628
307673
509028
91479
64186
234848
196779
263165
305865
418038
624354
627435
656689
324799
477397
197027
440272
348916
297095
228592
404151
508488
543429
453431
561595
187847
120855
86293
316372
510355
410546
399322
130675
207692
537623
163296
452921
243139
135840
498041
423708
616947
343602
60337
58016
101104
347772
143210
103940
229879
75596
72507
180790
169462
131126
123616
284339
232294
544636
270402
761222
385509
352169
206432
286403
175489
465947
509191
99810
76005
78392
761074
123668
170610
234502
947752
328560
356802
267458
237362
226473
125698
150110
153472
208671
125329
65613
57767
65707
236315
175289
385351
291199
457083
388143
530141
480174
405404
219725
304460
211406
157609
310805
293967
275957
681509
240386
440169
327853
154462
181711
142247
100715
169090
135041
73297
114318
276783
236317
424243
191834
296383
211956
216131
240519
255068
142231
116661
201281
670313
543159
349303
227138
137607
181408
233607
219832
310486
256449
160988
439346
412560
325163
169088
311608
203860
238949
257988
275713
128269
369037
233617
126117
471629
440447
165006
180366
112433
115312
618615
181934
641184
165496
117247
127401
190237
149718
335472
223115
417657
245773
72400
75021
164118
316171
289217
115543
86897
135804
408844
167776
350098
325033
362589
434099
210599
105986
500746
58687
265494
92586
100004
120086
119930
54517
121893
121614
164738
314232
301683
395003
308377
125133
104527
135413
118672
195336
200649
344871
390449
347795
201104
184627
73094
93524
528753
292911
203572
192636
442078
408470
103443
211040
436970
448119
256251
142700
77062
141133
157194
420467
374584
440254
710544
549446
621790
550500
85513
87031
50883
112808
130242
81624
59155
53244
796101
772809
327272
288485
419703
170629
89653
58922
314697
277746
332919
521845
327460
291098
493341
215571
101934
172916
62786
260913
437439
636902
450042
860237
288993
704646
213160
458346
286795
322031
77689
170563
73985
150383
189103
191309
166055
82113
56061
57349
214490
309622
360905
233617
120718
103999
531701
317236
114140
260312
243013
145408
198735
130447
76697
225652
61008
83844
91877
246163
229748
262058
259964
92147
177150
277758
191024
82425
439579
606211
577696
525509
58490
207793
572112
417830
150953
282623
728333
563837
505253
226099
236344
479996
67044
137982
240192
149066
333603
253194
267576
140825
326115
214339
121050
299089
236775
170076
349294
211737
248201
567169
253359
397260
280724
188502
250338
510903
287910
232789
92347
728693
184302
351277
135101
151808
149996
145103
159388
56879
67320
72911
157270
326754
161858
218613
65623
131914
137404
274712
285248
238605
88743
371708
243749
358601
246645
170611
596421
231648
195296
67146
83606
89955
684001
106373
116317
65800
398889
286933
284894
327372
116867
417597
316504
227020
439647
309000
507243
180960
566089
150272
240552
433875
418103
433725
497796
130970
94985
156917
181876
120966
272191
289906
144705
857698
801087
362656
289038
588850
543818
88407
88307
294653
119657
442835
195400
270292
57722
224207
73779
82636
228112
307664
156425
90834
381632
398017
63532
59858
202648
97051
125866
75709
226528
111378
108935
112066
126477
148392
374424
537895
584371
439428
251809
129485
44715
402633
222100
389008
451070
302569
344137
115948
336688
154087
101501
231972
170471
197914
191814
204318
166472
538401
392788
286704
216278
95770
185907
227108
198216
113807
60925
223916
703953
709273
415927
206477
244962
292753
148609
111706
74123
282736
170770
158721
284048
54065
67791
77598
137174
251133
325965
179443
88837
555017
249650
200498
968546
520870
612961
217197
633685
60958
232269
88086
114296
205517
219368
372447
348081
83776
143424
477840
326792
455268
271575
118972
128542
64315
100431
256856
287285
385443
371175
442339
288945
292626
114084
162040
223605
392081
242537
171141
136891
166803
746084
687160
678656
507895
710542
121872
387079
167565
206569
523163
522096
139608
670518
853686
403461
129957
620085
141178
660246
239485
277969
160747
422437
391195
239124
257760
105914
186484
125744
141750
89977
323029
111268
132834
279613
126095
246917
344881
422918
406466
215635
278531
115010
127203
93083
145115
172269
79169
98946
235772
146266
331481
354372
423909
392522
339711
187545
107889
102024
261339
227947
211364
154690
141153
122296
107686
309522
262954
166982
232968
231164
386635
256524
442171
274300
71166
87780
106892
109212
434012
431390
273954
251160
275195
291403
405912
530662
473952
269016
566918
250721
283643
165085
159073
332540
274513
469703
400457
447422
306036
391587
258900
245987
111585
102757
53855
59398
343527
192407
129683
341574
361951
268189
128492
109797
412690
728583
570865
109479
547206
85662
180816
192463
410121
286720
67447
203376
197535
160989
278847
287642
354428
484088
345772
286324
542550
359942
420927
321896
259425
135370
118823
62459
46044
54093
268673
310187
183177
163010
835438
169812
685463
181803
140315
220631
196454
190885
263796
324629
234438
374290
154572
376112
167795
199040
194695
316712
231046
431363
261883
88043
303407
294681
336874
96778
425270
191903
448246
225485
233228
151565
177758
136895
112603
267466
257278
180321
159966
311264
341410
335014
199789
476009
245862
337633
165099
78157
143142
533805
252162
208629
578366
244003
306730
285944
143364
97322
228385
161763
303816
217496
156951
355976
307895
575168
656193
674999
269611
721922
170819
99855
367626
177681
434876
364909
406953
190643
335284
81717
202609
258118
194258
488682
235960
595177
276508
317302
191421
327959
152550
316509
247516
145231
351169
397960
335819
272132
130955
417241
63699
199899
152297
146370
368781
303524
462957
314083
230488
152686
119671
72339
79342
469754
517102
561886
101754
735993
324532
68736
154841
320466
260607
158921
106520
675629
711329
148101
188738
191871
311935
229055
236992
226650
362459
311502
52444
54798
144955
105750
214785
163544
221459
162854
62589
106207
141251
387298
377143
129805
346274
312692
327661
376048
512894
338167
495829
231171
180700
912210
861362
812050
139891
741228
71820
258061
202620
68187
116643
338370
261801
422226
201484
224460
124387
150335
768000
816071
825269
906488
126631
328016
187241
216419
263137
298603
160194
340151
82654
265192
98751
193948
189007
242988
146178
102679
70405
131242
502518
401135
316604
337957
249793
198095
280098
275873
481890
433776
177534
240934
477820
602279
651356
530049
476637
380834
200087
153926
62662
79969
324260
343493
136154
172615
113710
316404
217195
204230
196585
435986
249156
189106
86336
102247
200745
320172
222527
393475
253994
556003
264415
306400
359201
590270
440056
267188
258283
112867
206737
215180
214838
544059
192705
412709
87245
207826
467606
336810
71443
327057
299078
283956
458109
522228
330978
608784
406703
160460
172337
743868
446866
408921
938224
262103
347704
386978
420530
432700
134213
89848
258645
193241
97573
269340
272898
314296
256202
269884
421962
259817
213052
470623
533049
416772
602513
390294
401920
437601
147943
158676
482577
533038
293328
507265
74793
77725
68563
525924
97850
115480
92324
291202
251029
253768
131273
171194
558665
471099
246375
173123
223339
93010
75166
49148
150837
180464
133183
129207
316872
450427
187534
66991
150223
413372
348803
143664
310527
275104
332547
827669
368511
220811
875729
138357
206583
147452
165155
149459
213887
143897
223737
173612
243964
101868
351092
243433
169867
137384
331062
613287
409528
341619
532427
181010
517322
485812
486187
78132
729223
357324
257367
169049
142768
459059
273391
324029
337008
199506
326112
276294
91504
103020
136290
347539
337730
202190
176463
286808
274417
166084
213220
306641
338391
239562
279301
286717
361057
403860
387028
142746
115995
213523
400100
230622
56558
113069
911806
784186
410298
348437
234755
235981
236029
137599
166297
846517
165864
620386
192982
194039
139845
175907
128077
146937
239272
167075
141429
121110
189915
468569
408883
127804
393159
112718
88576
288989
190748
215599
574594
454826
54354
143620
161643
827536
147281
763849
232154
126085
300051
139786
385378
244584
347918
219826
235860
155764
141039
508711
308763
102480
240040
211451
212195
305791
689731
391421
234077
73937
190557
834478
363483
314263
278785
210835
195428
297911
140089
109686
174588
252003
226253
225685
64737
391614
432181
489248
511572
447279
366519
446405
356504
260780
480049
406449
501522
297618
107012
471109
368007
501804
866382
453332
819299
573859
316138
240845
694451
453767
368658
681139
373404
291454
265947
306403
173129
213847
184663
170874
183932
134968
170500
279211
371375
330919
148472
478804
121951
470532
94096
75874
91347
288234
208606
201686
184872
400476
322932
572355
323209
508150
128230
446322
235482
296443
214433
185647
186968
553066
401567
80591
125069
367824
199520
337318
171709
141379
318545
327939
117541
90730
319244
410528
179979
90890
910742
888944
149516
331698
222747
476888
230341
66968
335463
618140
721968
671854
283057
54640
46862
72936
815207
170102
167464
266580
196781
426704
430189
271305
250640
55212
809105
830252
161967
85278
351647
384479
153399
57451
619710
342410
718064
466463
278810
163236
53402
192568
110756
132814
121150
176234
140332
355596
353194
458568
406994
467646
835745
588397
307907
138197
131343
132178
132395
169984
250539
287526
239606
118662
347899
125473
119066
132254
61483
167276
230176
185500
338600
154305
190618
181099
536836
120102
197502
152224
116902
86849
539235
309350
223927
191955
345053
194063
87745
331807
202426
159400
131144
114863
137918
468626
371711
490663
333725
158497
264115
290623
408433
484652
179021
131943
76151
541259
155701
225652
621831
228243
243167
187382
95959
115678
251831
202470
429773
319927
237199
101620
366080
254471
272525
269938
198833
189730
227791
190506
175677
182711
132591
356469
429751
113410
124407
521056
911333
633713
339108
148138
1072853
128188
390776
302423
346855
310156
94747
305193
167477
276780
253950
352893
546105
421458
276591
105413
98671
151978
121117
114089
133146
420592
429228
407706
391631
490568
169672
1026185
253604
268964
106376
938706
346860
281264
209593
263840
349257
232130
58680
53517
304150
199885
430162
241950
295821
159172
213881
179908
319436
220794
56675
62039
353623
242551
386267
216505
333028
202676
90661
45566
225901
316567
125303
510687
67885
198390
235697
692001
317862
216544
208351
229092
143479
356775
369149
227571
83887
496978
499464
226714
239593
408854
454518
262477
229146
258983
299533
159038
46587
383229
489205
270166
354930
287094
218320
196027
357295
351492
138824
416773
187694
329844
215489
178388
163069
288073
267897
57062
85680
215731
109252
221707
161342
127739
52236
226399
109200
223229
155772
195093
340497
509327
280848
88763
494140
483538
84082
213398
196916
66024
111064
146899
274349
298806
71181
150996
116108
89314
251786
294004
445137
400153
220371
582882
100546
440430
217535
259439
232686
284847
145260
206994
202258
356564
264813
55784
71843
236616
431332
556492
680350
440026
197450
105369
533421
367454
440524
260228
144611
71716
717648
420468
106157
202294
121110
94047
268043
108064
117904
71374
102676
231194
373813
259928
483555
297295
539195
276291
175956
320428
202419
269444
380651
418589
503059
141206
387541
131549
133220
312298
321959
104679
261816
578919
274774
110783
675489
326413
188107
200295
167428
59990
91530
177095
885003
309929
892361
360608
215145
274110
135009
355218
276078
600162
198095
245672
108171
93814
278497
245607
48904
60582
975925
201107
206697
61712
116141
802528
257979
317076
189157
285938
564397
854329
805453
230430
798463
333227
282557
184687
66307
107720
820704
405627
139710
270900
384979
319092
484199
357711
461502
848292
420269
821914
503345
527798
169029
426931
101044
93892
250254
307109
383922
474181
398647
257339
196616
153485
146154
245534
212119
170406
368060
166779
162903
263889
157016
182648
143449
193907
93439
133734
285271
345603
379074
447866
223013
288389
187677
275591
253154
226141
254695
196713
127993
114862
233159
242564
163252
747693
728951
92898
283320
629961
505077
522857
671948
263163
91675
290837
273007
194927
186775
338186
184148
219451
51545
212863
201123
275248
202691
104699
330993
182271
228608
261598
124078
414463
372063
223196
576634
361156
787754
362424
336358
335289
571598
141496
528375
238336
343042
356016
119655
80230
105878
154529
586620
454170
482237
810375
334766
210614
149513
172216
95057
171940
166224
151009
246328
169266
54223
468491
248930
239337
530215
332270
402679
461205
158106
410854
270569
246347
221237
137977
108581
201138
299323
224000
178483
452299
177365
466135
124056
60223
158070
190006
299622
320275
370373
401860
383593
382703
552502
214406
99044
121666
1168916
113943
1039689
144886
158122
166128
151551
153090
188548
207527
229745
193420
193000
104692
149570
102940
201212
175201
158050
111123
157798
284807
258442
308986
410711
230496
205494
88222
241641
150605
391198
402292
422880
516924
321246
362178
447370
234096
127044
554115
75380
73725
190679
731762
367684
261941
548851
300298
117907
325837
248051
250780
531981
360411
390385
414455
438931
484993
373618
283860
371618
107838
114016
98695
60959
78924
347268
263907
70881
144128
274042
441330
270847
409712
109671
65722
42315
197240
237877
569218
389216
161289
143116
55321
53162
178207
220070
116406
140419
427046
489589
749359
333459
179017
999893
179224
388922
278297
268403
512647
434480
208019
95606
139604
163579
135130
319633
351459
158336
106807
426386
360858
527624
209108
426987
140548
181853
100206
79943
211250
200619
209176
489317
265635
536545
313485
426126
283017
343000
110574
159729
241688
226826
138751
381968
261598
302096
317187
476268
328417
313445
615904
265277
113170
108907
537999
185420
241260
181054
227130
205796
196986
184260
210628
289463
419210
394407
523321
583769
230837
1079602
394958
540055
1174404
387282
551213
785104
614482
152719
172340
1215156
347204
412322
218608
126296
67695
1401255
218535
569970
276885
170322
424740
116705
405053
393604
580602
