724920
487047
176522
450633
464193
709124
1045473
1310448
1110469
515117
1877159
1695128
1253746
1753731
1444472
1800250
1361481
1306277
989303
528610
230736
15052
48678
146112
4728183
4838275
126916
277432
209282
5373644
347177
591558
511121
721268
826402
6669818
803522
533717
6803256
107669
6137628
115486
6426479
191478
198615
6053119
175877
6740039
115426
6899030
7334962
145046
7787618
95663
7894981
187480
7765421
375294
7949914
291158
560307
8999320
551480
166618
229889
250890
141252
291477
10224038
137467
10178857
161142
100628
59159
71011
10363048
107483
84864
11050116
298817
209655
411163
401055
13089807
107747
135310
50935
14557517
15176569
15437896
15347002
1431415
15611542
2182880
2107083
1630758
2098645
16503175
2327056
16489767
2677484
17051261
16641996
3636536
17958583
4330576
4920641
18827735
5924348
18732245
6315386
19165239
4464909
18663992
18629434
18782613
18350974
5558034
16359864
5673742
18506999
8171228
8162865
21292988
9235051
20754644
21812098
11696127
22167580
12206241
22684953
22712645
12439774
22901348
22892361
12497920
12624863
23783133
24047535
23921748
24429136
24693467
15520529
25203388
24924220
25304190
25550718
25025468
17159028
24662556
24365291
24523526
25207742
25474130
25566194
26721519
26982159
21133737
27346090
21906401
22428523
28604827
28410877
27885501
27933447
23385010
28145560
27552941
28071669
24885366
28600702
28444416
28846435
26628190
29820164
29904424
30795835
30456011
30883761
31279324
30498875
31544416
30679724
32545398
31973697
33144175
32350134
33179862
33241715
32227637
32216117
34141080
32715544
32968954
35282747
33342583
33731274
33623859
33362927
35339190
33555193
34281003
33417418
33665966
36464656
34539823
37011146
34952573
38163807
35548609
38272199
38454929
38564229
35763775
38737982
40026295
37882981
40062058
36592587
40258619
40386832
36716865
40116198
40419101
40362153
40463736
40431834
40166134
37408751
39932148
39386707
38947943
39004970
36742665
37858288
38367442
36478755
64255105
64792180
64979277
65299529
65653966
66209610
66756685
66796202
66879122
66753914
67185405
67208899
67202765
67114073
66803764
66554790
66923443
66572406
66139668
66595015
66671885
66771545
65664747
65296879
65494977
66199854
66927984
66777951
70138268
70178504
71019367
71020041
69750403
70905987
71243242
71112142
71655380
71957781
71731902
71577397
71079810
71266581
70595026
70534148
71527596
71373456
71720232
71454080
71856282
71889943
71984970
71673323
71133759
71383148
72344737
71353602
71420753
71568753
71716082
70191637
70406795
68841357
68799105
66908560
67502713
67737986
68121017
67739777
67855372
67855830
66992735
66596068
66419453
66003612
65553267
65667583
65741675
65492681
65464166
65265964
63875594
64271763
64154071
65167117
65353616
66557944
68036871
68009826
68194005
68057178
67675543
67909342
67665987
67139217
67559422
67738562
67604608
67673086
68567739
68493690
68719637
68665809
69025110
69295356
68885586
68546483
67904838
67922526
67987952
68121678
68365105
67823323
67731845
67523538
68004199
68192129
65916201
65949809
65917806
65776639
65991231
66730975
66624572
66521210
66509665
65489141
66650168
66566998
66582332
65952030
67267542
67142712
68516917
68731650
67456550
67566273
66905466
66910363
67627737
68532413
68640927
66674163
66812673
66230536
65903344
65864587
64204444
63907416
64288633
65173991
65179185
64765515
64767337
64699890
64513643
64385148
64404553
64556761
64918008
65179234
65342602
65497791
65607731
65270875
64512602
64666260
66254662
66532253
66821767
66335307
66267110
66638597
66689786
66561003
66738078
66773516
67054374
67520206
67117647
67365269
68220909
68798478
68723763
68363128
67222325
66392809
66282317
62736727
62584537
61694802
61592369
61460123
60270265
59948469
59719622
59379470
59088589
59314495
59643565
59915743
59792654
60322397
59824660
59063683
59558090
59617494
59741831
60045343
60001561
60570460
60718368
60168413
60718558
60149454
60237152
60575342
60553024
60859674
61020371
61262843
61536285
61257663
61108556
60068896
60077161
59655273
59387865
59179085
61424669
61734985
62209607
62227028
63097300
62786264
62619096
62162392
62151721
62174926
62843779
62860499
62891060
62740726
62032153
62279503
61095696
59675337
59643337
59382080
59498300
59487573
59298866
59221299
59233309
59332401
58932695
59160262
59131119
59359928
59502492
59549104
59488056
59193629
59522519
60526861
61360682
60967390
60948686
60844255
60809838
60383478
61028572
61083016
61050680
61404853
61309444
61378547
62171407
61854512
61880866
62583655
62786867
63408729
64280911
63785184
63760738
63537866
63784775
63950438
63753708
62172058
63634821
62652849
63267003
63693098
63818819
63699460
63552387
62810584
62263271
62351614
62272717
62559931
62669732
63293099
63495550
63646268
64258334
65579769
65370381
65444549
65215094
65649842
66574601
66703755
66881546
67048138
67004065
68051201
67707457
66866795
66155660
66312234
66995466
67897713
67160976
65867754
65312153
65202339
65675369
67880401
67595800
67404698
67385981
67306106
66941080
66747843
66098325
66184123
65885158
65132762
65626249
67218802
67096177
66878782
66791133
66776632
66607480
67015134
66976618
67122350
66974333
67842323
67873188
69004933
68601297
69042894
68661759
68260570
67856487
67785409
66922922
67039487
66776522
66285537
65758186
66251674
65632413
65783837
65070979
65537092
65689876
64946099
65659427
65821269
66849482
66876127
66581762
67088114
67079168
67067849
67306124
67348755
67591583
67668566
67656635
68014730
68299704
67202718
66864791
66670880
66675814
65903806
66591221
66796106
67300055
67576600
67910401
67115014
66470514
65958303
66454431
66465720
66394538
66515481
66412584
67683154
67605077
67800433
67443303
67823995
67640116
67652515
67095547
67248737
67508215
67645893
66582797
66718420
66455428
66416767
66314248
66165702
65286809
64573795
64500080
64285115
64334469
64185348
65153839
65638238
65822922
66693556
65920904
65511231
65699441
64956944
65475345
65440126
65133217
64054997
63234208
63310332
63548498
63482943
62916078
62752001
62862332
63073953
63134877
61615617
61724043
62084458
62459353
63055194
62913605
62821753
63187908
63375249
63290822
63713432
64229061
64465162
64706650
64482141
64531701
63920806
62448751
61744450
61920132
62239849
62056511
61085669
61049567
61734837
61653243
61445005
61283245
62643331
62324128
62870444
62417483
61736033
61568661
61627721
61647639
61179328
61534835
61389567
59038185
59121860
59720487
59470923
59610167
60210024
60149385
61395015
61148561
60934598
61092587
60394378
58955831
59472299
59548574
59916964
61082940
61215993
61058870
61203982
62025021
62739571
62477272
62647394
61789837
61577174
62112976
61909667
62023384
62328404
62466793
62775287
62793550
62795949
62811451
63653846
62959426
63606137
63427837
63464119
62903916
62695833
63263439
62883545
63012858
61561252
61211515
61436158
61558766
61522002
61789035
62502992
62559547
64063983
64299459
64535151
64182604
66001636
65789179
65930877
65300205
65750039
66222243
65724689
65747629
65269953
65176107
64557665
64990737
65322885
65725001
65255768
65261986
64922877
65530336
66497646
65185964
65180468
65470820
65598305
65125102
64961032
64984313
65313127
65149407
65150155
64946285
65063228
64996024
65528648
65667213
66018854
65696294
65758053
65710545
65772354
67029311
67441090
67986502
67851651
66983760
67014946
66113344
66635541
66706293
66446440
66751329
66942136
67553395
66877065
68584544
68587679
67743708
67443435
68023317
67861177
67714500
67499627
67736796
68547007
68661475
68474396
67460463
66829358
67225855
67460279
67470071
67296639
66817070
66271610
67475194
66661864
66945749
66787899
66707379
66701625
68202397
68123388
68080475
70636270
71451761
71355188
71344497
71840212
73553495
74578400
74616621
74263435
72831638
72800442
72015599
71918820
71944676
71575300
71942072
71985299
72043993
71518105
71619952
71675990
71673702
71251117
71669764
71960035
71284659
71357168
70131731
70214897
70570549
70344730
71741740
71671269
71214389
72253833
71991254
71977274
71728115
72741991
72541214
71777257
71300832
71061470
71589698
72980589
73184234
72268783
72392136
72304530
72443032
72751367
72730627
73107185
73474594
73259050
72428189
72376816
71836592
72197053
72371825
72286816
72450424
72003719
71639510
71217876
71867097
73248943
74061411
73643838
73350329
72900041
72214651
72827549
71671179
71174170
71702949
71822341
70626049
70698601
70730360
71196470
70606017
70233867
70141886
70012457
70404952
71246941
71402850
71330966
71127617
70532748
70949017
70598801
70789502
70317213
69576491
70169141
70189810
69969343
70486126
71543464
71992541
72787662
72362033
73246508
72829233
72836389
72744449
72661064
72865726
72871628
72738651
72787860
72532598
73590199
73538515
72232930
73193695
72544663
71725072
71458206
71400927
71540660
70922287
70848486
71127849
71357520
71586487
70981401
70836565
69241451
70199985
71482351
71786768
72704192
73020862
72942588
72898310
72715469
71823081
71668573
71999866
72222021
72603063
71331711
71280194
71341928
71274083
71758301
71648030
70171461
70190313
69397129
69520814
69973676
69856420
69902345
69797280
69892244
67341389
66941731
66832391
67060392
66856806
64833842
64234193
64626214
65136946
65499250
65571538
65846936
65745980
66088227
67194453
66739381
66850476
66853006
67144795
67002169
67173991
67015881
67568012
67334829
68530877
69059973
69072571
69621799
70043968
69702235
70678945
68950980
69431476
70439422
69633002
70345947
69686230
70084760
68799300
68852868
68662475
68398483
68900098
68400241
67765362
68390517
68847972
69178896
68725746
68887576
68766841
69386329
69198193
68890053
69109845
68987542
69019672
68788058
69666901
70235130
70462972
70571052
70606780
70960403
71724420
71287259
70004059
68770952
68822382
68833685
69398814
69237587
68570525
68189129
68732865
68329590
68157623
67317317
66376317
66909936
66803685
66966135
67421108
68316122
68241341
69258327
68239507
68313162
68363766
68280328
68246203
68058282
69457695
70499616
70310415
70546384
70413876
70373343
69914408
69804155
69111683
68672547
68389376
68897402
68794058
68782206
68796005
68841910
69133625
68508884
68200706
68230079
68319429
68874711
68103415
68321124
69159634
68098308
68133246
68145126
68342538
68476360
68543813
69487754
69343516
69655795
68992659
68302969
68496577
68588877
68675448
69971284
68984117
69002282
67715621
67456529
67510458
67914856
68090240
68929446
68994246
69232529
69804255
69459281
69999614
69718272
69615649
69823831
70014212
70447646
70662393
71216117
71378441
70807434
70297898
70204413
68939868
68851220
68808782
70833143
70721840
70712830
72009678
71665233
71793505
70884962
70633802
70380182
70191061
70093383
69809057
71258472
71192852
69945367
69855089
69785324
69822168
69707433
70117034
69822492
69944461
69893807
71543004
70002893
69848303
69903362
69584529
70951227
71418279
70461082
71509724
71187714
70111149
69843829
69324360
68971853
69157454
69315935
69314986
69171632
69206587
68202483
68432609
67678290
66822111
68560409
68313648
68961833
68377650
68159511
67574828
67732679
67892712
67663196
67578877
68088962
68092767
67281487
66559824
66250203
65981068
65780762
65623866
64772152
65112038
65225080
65098788
64789045
64620213
64251053
64187776
64527373
64660048
64059428
64003238
64057764
63997121
64753855
64391565
64917872
64890085
64741445
63739934
63794644
62301413
63048715
63126707
62734075
63119279
63094129
62907993
61339191
60128705
60408024
60114743
59717980
60185504
60820207
60364788
60197946
60542411
60464504
60134861
59819507
60392347
60264397
60576576
60311797
60257728
60667466
60394515
60557533
60842963
60285234
60803586
60109072
60711191
61671922
61491751
61362543
61494400
61603723
61042346
61449891
60859156
61085773
60791697
61164618
61024019
60969651
59015419
58697897
59163081
59738646
59742753
59821057
59267379
59268882
59519069
59650696
59473221
58531791
59503107
59013890
59554430
59840679
59916371
60296077
60388324
59972774
59438010
60043236
60363614
60390481
60416285
60639188
60637401
60440963
58291513
57625958
57966297
56527642
57014563
56975154
56908663
57454999
57559981
57521786
57964969
57867938
56852849
57119631
57905873
57962142
57908357
58097681
58009791
57658866
57936559
58429301
57947817
56998004
56808041
56690994
56565278
56753462
55465648
55087814
55417328
55312731
55420358
55869764
56097498
55834836
56781784
56510960
56836761
56906717
57020375
57471058
57977248
58260919
58596258
58980168
56829810
57157665
56508939
57583111
57429399
57097522
56914792
56948875
57682336
58085268
58817147
59278441
59406828
59520270
59776094
59879855
60050980
59995226
60498918
60043723
60376928
60783866
61254517
61197630
62192305
62113777
63471269
63103693
63872772
63741402
64652448
64639927
64072840
64400516
63732822
63700360
63639344
63727346
63643816
63919852
64069496
64437924
64901284
65334382
65755343
66694485
66743632
66698124
66318300
66980113
66978399
66858860
66509277
66435479
66455253
66310547
66706755
68499934
68162393
67565368
68102842
67897773
67958643
68040945
67658617
67880310
67982601
67185843
67280653
66545673
66556104
66397783
67731674
68322907
68418676
68263407
68386875
68716558
68601625
68643624
68653331
69209625
68837191
68909346
68994753
69617640
70047125
71045967
70757189
70658185
70795519
70831404
71027266
69913348
69808769
69175804
69456901
68531106
69930413
69402747
70088175
70053355
68939317
68778229
69090454
69682165
69326099
69950445
70021471
70167058
69850241
69827641
70169128
69968096
71761377
71578909
71426126
71160756
70915335
71161297
71107838
70874681
70752607
70311767
70382373
70239272
69862949
70437172
70481631
70570446
70291511
70205719
70302550
70421715
69898217
69657788
69246674
69338703
69057102
69693082
70091220
69591867
69499286
69759472
69265516
69087756
69242975
69366667
70604206
69851145
69648047
69683404
70173211
70218674
70130741
69868503
69141540
69263917
68706910
69020891
68413739
68425252
67862910
68022586
69301783
69670005
69734585
70531972
70677763
69523137
69155370
68581036
68660575
68576454
68251213
68086873
68488688
68454984
68558639
68045164
67584103
67559320
68517111
67586821
67615042
66312309
66453110
65869722
66726021
65795356
65855070
65674813
65024686
65060781
64784108
64887577
65042349
65703065
66183309
65203841
64680693
64763349
64168985
66662768
65670882
65647492
66288548
66769524
65962181
66490956
66323896
66394585
66369936
67103186
67474312
66642138
64657808
64655811
64968861
64482531
64534232
64494115
64345994
64401405
64332274
64009707
64171483
64285920
64383730
64822989
64920542
62659972
61979560
62054322
61837750
62242947
62599671
62348924
63237826
64327635
64118118
64735566
65011932
65349180
64514448
64614757
62885386
62381374
62658587
63247915
64099388
63912024
64093172
64700581
64608152
64268814
64089588
62816711
63160478
62323938
61967595
62157424
62674603
62390415
62067486
61659250
60701908
61585939
62063889
62135081
63610924
63417652
64127109
62637079
62893315
63066563
62786625
63042315
63903969
63354378
63229263
63672808
63724847
63668181
63991000
64016102
63284243
63208268
63589777
64279886
64569444
64740096
64515268
65464749
66242010
67644663
67558145
67967143
67377191
66528284
67395406
67781136
67228308
66943710
67278404
66590200
66560374
65171406
65360307
65271582
64788696
64351538
64426365
64169346
65271956
65739702
65453556
65430153
64880026
65206948
66212067
65944162
66123160
64884065
64940027
64836071
64610693
64361686
65480788
65443681
65682144
66352813
66706406
67267796
67634365
66937916
66578257
66899106
66986226
66971840
68736783
67786583
68381250
68656086
68865949
68674109
69265806
68679612
68943480
68970324
69139509
69471145
69330002
69517823
68922053
68730726
68247270
68481759
68742877
69014414
68490559
68523067
65875617
65984687
66191442
65722753
65402477
65585343
65366666
65196979
64999359
65150610
65376502
65487699
65574777
65585491
66243182
66018642
66012414
66329473
66724860
67884561
67895075
67741381
67701674
68094023
68360572
68340391
67756009
67219070
67175038
67330141
67730354
68183227
68155896
67979035
68138641
67258540
66237028
66212736
66267267
66387690
66123383
67261462
66896690
67015779
66947328
67065483
67193339
67137675
67057667
66664277
66246913
66468199
66664718
66725328
66628742
66908740
66728921
67394819
67407210
66798008
66841815
67659900
68056898
68398119
67885379
67403558
68203706
67033517
66942511
66233570
66250732
65881092
66284560
66341086
66259554
65581996
65601338
65909743
66444776
67502479
67377100
67229963
67397200
67072657
67090796
66552513
66433954
66750909
66577039
66432450
65360488
64735838
62866193
63143598
63352665
63397317
63330485
62415719
62220289
62084393
62339653
62717793
62727174
63057505
63045053
63207321
63229269
63201677
63113403
63303887
63472364
62880510
63087109
63037253
63445775
63625381
63339461
64001676
64296850
63931049
64045019
63467604
63737558
62607720
62322250
61755081
61750929
62119473
61394053
61178801
61548573
61368891
61493679
62424143
62107356
62512768
63147641
61363943
61358509
60757950
60456187
59984168
62043440
61300153
60896115
60601746
61334450
61839348
61711061
61690582
62541544
62730939
63859284
64026771
63998965
63968371
63613532
64626414
64263881
64051776
64416743
64454015
64611649
64866843
64759676
65357042
66163165
66388136
66484695
65879486
65822824
65919682
66140944
65834790
65704575
66147134
65642382
65311768
64522154
64850755
65363924
65975098
65456302
65479605
65551080
65489111
65435537
65692229
65893624
65375340
65210535
65362992
64702580
64652631
64560404
64316807
64054064
63508948
63563955
63562914
62893867
62679826
62668467
62647051
62534691
62543348
61717162
61990835
62256116
62148202
62194794
62730960
62613779
62690073
63864694
64108056
63484292
64240643
64419915
64806126
64316331
64069814
63798387
63709199
63978323
63212563
63385662
63775426
63722227
63709330
63927589
63542704
63839242
64339359
64036323
64243956
64073120
63224466
62232351
63141833
63352092
63961318
63868814
63991912
64241493
64313565
64300413
65241884
65204900
65423551
65652071
66438985
67021540
66804944
67078189
67012362
67000110
67560933
67550216
67549247
67199116
68214974
67728706
67818884
67711023
67621528
67584703
67558981
67362952
67721278
67045357
66680991
66878514
66926609
66774421
66954159
65848443
65319024
65233261
65093571
65533409
65180706
66100809
66158832
65457586
65562525
65171783
65356777
65756203
64749530
65182913
65792496
65764824
65817355
65885614
66122829
67212604
67497519
67196665
67200569
67030585
65897820
65994253
66188897
67283493
66871894
66165746
66304579
66723899
66398615
67120623
66286755
66215542
65352917
65103938
65092364
63953211
64299513
64334697
64134470
63659982
63819976
63644630
63765523
63439953
63126191
63277376
63013980
62862233
62620450
62372655
63442396
63503122
63442529
62996422
63000478
63334503
63230834
63259649
63120614
62830416
62749188
62305594
62404746
62398240
62786699
62546929
62804638
62826222
62685633
62120096
62309572
62265940
62834624
62706471
62797798
62591096
63089857
62878729
62603621
62604025
62815703
63599933
63376390
62491021
62532117
62347422
62148323
62404364
62344556
61599192
61651300
62132973
61156383
61546873
61511147
60831472
60548209
60382113
59835397
59949422
60134676
59967321
59619754
62118315
61781253
61413689
61523817
61921172
62018795
61991391
61781035
61077084
61016441
61182056
61062824
62423290
62238177
61328103
61158444
60147476
