837143
1177283
1038596
1244273
1388126
1362326
1720907
1720640
1125010
615538
809513
749318
762120
1339725
1056407
1743460
1312277
1784833
1106805
326008
2083262
2315370
1269781
1539184
1364756
1652276
2311149
2262056
2399411
2022809
2078403
2061771
3220361
2412596
2638541
2594182
2874351
2964050
3001624
5210744
3578512
5243620
3589508
5511796
6086248
4650601
4371739
4423264
4216071
6953190
4003086
3975996
3654599
3171493
2940145
2745459
2593836
2376341
1759066
2095306
1280662
370726
619306
1402412
566160
524176
679006
683294
1151112
14833141
579248
519863
14957550
15107102
323199
14978247
14587798
14459852
14639577
14805796
14241486
843345
13846379
897932
1817976
14436697
14353877
14338452
13974312
14056872
2342459
13317298
13427182
13502624
13590342
13610807
12991391
14012534
14190177
14589504
14854272
16653980
15587059
15411888
15973859
15856686
15033226
15092560
14913623
14942341
14699702
14523420
14682756
14758881
14640998
12546957
12549113
12303884
11529740
11610098
11648040
12746381
12181627
13649282
14206437
14023486
14931356
15690451
15305564
15187466
15593671
16010532
15931484
15788491
16105011
16309479
15613686
16678681
16246391
16158536
16024435
16216487
15782436
13898513
13619467
13634495
12648270
12529367
12221808
12165293
11684440
11492551
11096188
11114500
9988627
9722555
9491521
9042568
8704580
8760636
6914861
6920775
6896571
6722714
6752529
6269542
6004309
5464545
5725668
5804818
5521238
31047076
5410471
30922726
30685633
4974190
4879694
30471491
30173138
5304451
30316026
30057923
4272406
30221569
27999061
27907870
4423420
28094464
4762919
28058250
5179644
6057435
5617410
29574528
29565701
5632673
5667664
5948624
30325279
6227744
6285091
6378626
6330816
30851359
6509764
6303973
6403570
6464744
6121754
31511788
5859940
5313855
5182837
3795527
3818933
31830902
3966499
31818530
3764027
3748314
3650373
3793111
3809680
32331837
3871285
3486727
31699978
3028209
2635207
31639333
2204655
1995734
2061128
31847895
31707659
2064951
1205213
1268421
32133881
1240783
31541021
777504
864199
1079630
32408399
913125
448772
151118
139025
33407259
33383067
33373150
225678
145017
33668527
33874348
33398181
32750440
205901
33039697
496836
33247915
33507001
33349598
33338725
32488507
32010705
31590279
146724
31350706
119809
31002888
31447496
31228145
31026662
31224862
406935
32161085
244286
32124008
327693
32050996
470861
152924
135332
412695
195812
33784066
33741594
33591446
33471408
33444275
33718573
32785043
555717
457018
192256
33458522
30813013
31164499
31335786
31573978
31916103
32167741
32340932
32618435
32269217
31644867
31795197
31554397
2896349
3334596
2890462
31597024
31438894
3003160
31977378
32542683
5085171
33730686
33483231
34229396
34043563
34033028
34053303
34329333
34404475
35048322
35195537
35330079
35597985
35746888
35838516
36246657
36508205
36967667
36125784
36053037
35420723
35554413
34759928
34182641
34022517
33418614
33377854
32993629
33227323
32927810
33029358
33068086
32656481
32472571
31792421
31340289
31423029
31499962
30959695
31439485
30984063
30487279
30895473
30991133
31121086
31384768
31262580
31276989
31410711
31302431
31198325
31319140
30855430
30747789
31439404
30967996
30092782
30111632
30432153
28679181
28820298
28882067
30778220
30891586
31231916
31297791
31223841
31237317
31061915
30813044
30959844
30529908
30477298
30494234
30227987
30303510
30323244
30267095
30922882
30375822
30702744
32923761
30192273
30034961
31872812
31832096
29221865
29297839
32046071
28677257
31679570
28703447
31768669
28632191
32257778
28910158
28379139
32503745
32543864
32305801
28132674
32149421
31540778
31599153
27899019
27748077
27752889
27407996
31839692
27228635
31669533
31525521
27495590
27199176
27012649
26384289
26607285
26574728
33158674
33053876
33505860
26710910
33518739
33541551
33522341
33763483
27516532
27606522
34434720
33880006
34084744
34199798
34303359
34769595
34668539
34355427
34393877
34514793
34517862
34811808
31461278
35166559
31011931
35726148
31758150
31852387
31639693
36388886
36218465
36286692
35862998
33592273
31817226
33814498
33409523
33659104
33445909
32328932
33529533
33639256
32971699
34345357
33430968
34021682
33606832
32919752
32988709
33977427
33996605
33376003
33500191
34181395
33817990
33549602
34094918
33881603
34273525
35360856
34735086
34964655
33350874
35252637
34299710
34268872
33738524
33539250
34147705
33713528
34214182
33953453
34230834
34114200
33378976
33388808
33595390
35503254
35593060
35383166
34488972
35221397
34433310
35528347
35727525
34787457
34647166
34259570
34325958
34193046
35082191
34979986
34314519
34398068
34337151
33826506
35524754
35406244
35303176
35212376
33499460
34138212
33551926
33032759
34424099
33580282
34993020
33083547
33472743
33632132
33269744
33144660
35707992
33786108
36900671
36975531
37121022
36898897
35062082
37983312
37405260
37191453
36079421
36259495
36528277
36514254
36869890
38025332
38012711
37635181
36320946
36808404
36379264
36238031
36146469
36079681
35343757
36091494
35643032
35084356
35303014
35473635
35296272
35521102
35540674
35244206
35214535
35027087
36387295
35120043
35164143
34898109
35260849
37541030
37398825
37346304
37145014
35645416
35719497
37736429
35538548
37791460
37873245
36119413
38920635
38907540
37012605
38271309
38752469
39069157
37260307
37167388
36575513
38462575
38238510
36974794
36469962
36582709
32607763
37680678
32612438
31644978
31477899
37971542
38061854
31540146
30884012
30266517
38368799
29786897
38207158
38498835
38313255
38470250
38224813
31530384
31352107
38780115
38724404
38420732
31519969
31527728
38373467
30480950
38436020
38447136
38071625
37908172
36891197
31721026
31291220
29990334
30358679
37020622
30847093
37619269
37522449
31021687
38028760
37960029
31190740
37899817
38197043
37812605
37974209
37768760
37422482
36559551
32592336
37507129
33081311
37666434
33404467
37850273
33469553
33324051
38086525
31830087
38442126
37997133
33042318
37467114
37002642
33013272
37148765
33734288
36776515
33914382
36558775
33822714
34043612
34431552
37200280
33998057
37215161
36913001
34139246
36899546
33316113
36829064
33253048
33406172
33486522
36159511
35956831
33968280
35971020
35956046
34087484
34340783
36619517
36829618
34275866
36629290
34205329
33858922
36633542
36925096
34152721
36941054
35011007
34732734
34263974
32972343
37220427
36683552
32052194
32066425
36097076
32176796
35116773
32212566
32006003
31260236
35333687
32075544
32214045
36377161
36155263
35967814
36019681
36124716
33591066
35005058
34996590
33716125
34980279
34490894
36552488
34415906
36606699
34875308
34961976
37008147
35690129
37873274
37855269
35908083
35845989
35515279
35689842
37875691
36228785
35392755
36239174
36063126
36312900
36726572
37176480
36423534
36529282
35834278
37332167
35233694
33656559
37013318
33693598
37292850
33767637
33340240
33432601
37794754
33628605
33736533
33880814
33858211
33571532
37660719
37695478
34235079
34645464
38605775
38273223
35525619
38630926
38833775
38823377
33783020
33793309
38934655
33376764
33322953
33516155
38259043
38188168
32903979
38083285
37348980
37307061
33733804
37097850
34375568
37740312
37458744
37630709
37034611
35111479
34475033
34122083
34404447
37974538
33327307
38782438
33101094
32924345
32737791
32640181
32575186
31291849
31427707
39817564
31262700
31018781
40977123
41012897
31697790
41119482
31627157
31293438
31307536
31575382
41507672
41427340
41165288
32296959
33456372
33264002
33152955
32753315
32605569
32151563
42516012
42617501
31771017
31713054
31638388
31267073
42488298
31104249
31259274
30794561
43389113
43348788
31301858
43252931
31086358
31542184
44023612
32109938
32066950
45266077
32318972
32264280
46047328
46148488
32371086
46268588
45262900
45537685
32815069
31287982
45364042
30921081
29861372
29784519
30043234
45465613
29764402
29065371
45462476
28869759
29048014
45381878
29641600
45938100
46114935
30010701
30084347
29566908
29419037
28108145
27998595
28253588
28247849
27942323
47013170
28157553
28031173
27986177
28076874
47157029
27795138
27898380
47401207
46665152
27737033
46646761
27722368
47106012
28114394
28050425
27302335
47279259
47169250
27313474
25866626
25459635
48049006
26934255
48510695
48162447
48320899
27272071
27337589
27712713
48202770
27187796
26347001
25873833
24751326
48726215
48759890
48511896
48421553
25626626
47867276
26138668
25874982
25335024
25104629
48335683
48475967
25502575
47686868
47756536
25706917
25783801
25696156
25931871
48527755
26484427
47536022
26325889
26560475
48578457
26038846
47974406
26129383
47990398
47822372
47811031
26255643
47852284
26585301
26504849
25684296
47098355
24836895
47481778
25559845
46798265
25875497
25705391
46292969
25598152
46316603
25902772
46330711
46347776
45851774
25850187
45310522
44515537
26528180
27364124
45156548
27480183
27149394
27013845
45452539
45225061
27482128
26950884
45022161
44049777
44063499
43015863
27403332
26886505
43104996
26255724
42858469
42814336
42811367
26810035
42694958
42498328
26959199
42197731
27294142
42702564
42695438
42245485
41818291
40858998
27199957
26574553
42137737
41934156
27393123
27491142
27910924
28143123
43162159
42154151
41315647
40406391
28580030
28355441
28261532
28229561
28161271
40079690
27508499
27087675
40110176
39977981
39209749
26890030
26814944
39456144
38844719
26863041
37007869
27724878
37860367
37677611
28138977
27697242
37680657
28660630
28899581
28995455
38367437
28869794
28747183
38624654
37878339
29481678
36973915
36235314
29771101
36740296
30180973
30202302
37110083
30289318
30151277
37130988
36694549
30340651
30365414
37061745
36514331
30732109
30681689
31127460
37261380
30083981
37173992
36497976
36872860
30557485
30579532
35495620
34753931
30569549
30628094
35257489
35654607
36255135
36004243
36015647
32650854
36468429
35205201
34516655
34527520
33249074
33183142
34541596
32497768
33838748
32165570
33261171
32309867
33564494
32504099
34002854
32584794
32313121
32167349
34518581
32212421
34480415
33053729
32959910
32313372
31984550
34545806
34401782
35272501
32573677
32293810
35158052
33987651
33778628
32386090
33233796
33422218
33111467
33351648
32815684
32546121
33544395
32862091
32541113
32620500
32758309
35372679
35236618
34336765
33967805
33458908
33449029
34039755
33746154
33552967
34518948
34126392
35593593
35388510
33656006
35761418
33626398
35842789
35747524
34578737
34598868
36534824
34169521
35679224
34703362
35253833
35158382
34270783
34221972
36044685
34872350
35924194
35772040
34895568
36114159
34578997
36011104
34259814
35448704
33470379
33321884
32422081
32490280
32147111
32131702
36951629
32247285
32265918
32349212
32006864
37429348
37768036
32506711
32672005
32653381
38115674
38110322
37788679
33232349
33227986
38192607
38413063
33788822
32672824
38816958
39399617
33178613
38507394
38524978
33552349
37287442
32972244
38532314
39358764
34604589
39309224
38311938
34510078
35157928
39113165
35683464
39865889
39945609
39963065
35780398
35619007
40338267
40386421
39445751
35503644
40095674
39289688
38797925
37026738
36964621
38931648
37330123
36971026
36958626
36526944
39653941
37102876
39659637
39722624
36550454
39149137
36590769
39311775
35927964
35850060
39281356
35356329
35876068
33989804
40285981
39811435
33777591
40274315
39164601
34254781
38864411
34596039
34356818
39464294
39069308
38959673
34587261
34320153
39239434
34350295
38411778
37916251
38170422
35394590
38606278
38370409
38021596
38022665
38014178
38118333
35872337
35925248
35528707
38892951
38793881
38582317
38883663
38813953
37905055
37892000
37124597
36667883
37242143
37056588
36264534
36433619
37200626
37038967
36142629
36366492
38013090
36765283
36474907
36546939
38521769
36029935
38898254
38923665
38388882
35962747
35449457
35526706
35133405
35784445
39531810
34450625
39477714
34302224
34100513
33237437
39811673
37998254
33453755
33408334
38423163
38628090
33177352
38404182
33974409
34010228
33135384
39718988
39070997
38003724
33617208
37993541
33526505
37786822
37688895
38082253
37061798
34232246
34102949
36751077
36693317
36794435
35858461
35539996
35984682
36716250
36627118
36763111
38502432
36138507
38791914
38303518
36283168
38210181
36350497
36422045
35831096
35708102
35704255
34851072
38748517
34765456
37747300
37438673
34852342
34905857
37070287
36397938
34234208
34058651
34053375
37353181
38284307
37788212
37492699
36984792
36395397
36000557
35987575
33778405
33538724
36209510
34929528
34253790
34269717
34328003
33464125
32732850
33829954
33477615
32990686
32729382
32913208
32846960
32778668
33040412
32896264
33086066
31259734
32360519
32437078
32256127
31732592
31469635
31931070
31691036
31720711
31497854
32140636
31495799
31320285
30920207
31767913
31691951
30917277
31730553
31498854
31579835
31102874
32216273
33129862
32396747
32249505
32300799
32403759
32552040
32910609
32741454
33724455
33420005
33015525
32848508
32582812
32574617
32817374
34025354
32160248
34206805
31982590
32237914
32408850
34580701
35061607
32926345
33175092
36056426
34785722
34272445
34493960
34215494
34669303
35406321
36642284
37626678
36419191
36018653
37024876
37132699
36526682
37484463
37114117
37049576
37198036
38046297
37140336
38359173
36954781
36360959
36105154
38090263
37821569
37493867
37562102
36875497
37006807
37827352
35745843
35727175
37994339
38299220
36292009
36296219
38426926
36190251
36163180
35946701
38581232
38348494
34352065
38226751
34502531
38221907
34612011
38243981
34752283
38485184
35245453
35320390
38856966
35317776
35363110
35378425
39278336
35248305
35189040
39502308
35263774
32503504
32431058
32285873
32119346
31828578
31590048
31416702
40101199
39210887
39941689
32238875
39876489
38996869
32403263
31617538
30728386
30752745
31025925
31043477
39564680
38848604
31365698
39552961
31811389
38143839
37794183
37274641
37422462
33139423
37666603
37498047
33062987
33083899
33023389
37615871
32871049
32795004
37566009
37351783
37294288
37331055
37316990
37394797
37351118
36798614
36725460
33470032
36653428
33772863
33592990
36990499
33536560
36977416
36025067
35926776
35037523
34910654
34503142
34084486
35668940
35538260
35249435
35378807
35699280
35087996
35681833
36114681
36506949
36265242
36742957
36425646
35917071
36522384
37731523
37505920
36964738
37049947
37505633
37151534
37801644
36388054
37604638
35345099
37217869
35406724
35540108
35000616
37755237
35241820
37966523
36679765
35289526
36532307
35682381
34852889
34873748
35951222
36145794
36168339
34190682
36521633
36311756
36073594
34169036
36054340
35982445
33404308
35679708
35410434
33604748
33712071
31284602
30340428
35806132
30043687
35791186
34363183
29598074
29044842
33896209
33475162
29403869
32767414
29558159
31558715
30934343
29099698
28538647
28537579
32090912
28595000
31590186
28848239
28807507
31951428
28839557
28340598
31394866
31121671
28175906
27861311
31135315
28164956
27828250
31946547
31317931
31143119
30913420
30797249
29817097
29833196
29022393
29973961
29094806
30412429
29347181
28896667
30760170
28201434
30921107
30579172
30923654
29249446
31200273
31155175
31341922
29323225
29396085
28513343
31631700
31807668
31900037
31907917
31850864
29706341
32119561
32035822
32435369
30656764
33096594
30401842
33196954
33754383
31521343
30977453
30961780
34430645
31581794
31642413
35279865
34634044
32287568
34607492
34489688
31884202
31931309
34863375
31691278
36003604
35713655
35691921
33151259
35828529
35650321
33799290
34517188
34318484
34295481
34372094
34472885
34486464
34806995
35305370
34642793
35176814
34466387
34218365
35378612
34377286
35535667
35385653
33478731
33438870
32214988
31640008
31368507
36094846
35965819
30547183
35446707
35401236
29593655
34896439
29671110
34976007
29668215
29812848
29544236
29427382
29127400
35517630
35605345
34646771
34911890
34465906
29580026
34140558
34062401
29436471
32564762
29602669
29466572
28938042
33242099
27368442
27945905
27954669
27654274
34044429
34742762
34185639
33348899
29150858
29392882
33518302
33652748
34101508
29992817
30068356
33720027
30103697
34233132
34561242
31379047
33765000
30489455
30946802
30915756
33912523
33871066
30742901
30660352
31058110
34423430
30570525
34292789
34085804
31206595
30262478
30403563
29430305
29225043
29271977
29314435
28734401
28400920
28777933
35972001
36226306
29838993
36225763
30645518
30629636
36938884
30554741
36665626
36824512
36582931
36511900
36274849
35824287
35228199
34959432
34925783
35069270
31721293
31216848
31504855
35760015
31539520
31661510
35728886
35399760
31507005
30931715
30369054
30407145
30112406
30171683
30331032
37447715
30601782
30563132
37362930
30236916
37576175
37332673
30355753
30449631
38098594
30317097
30256268
29446814
28667938
37623905
28197627
37417387
27987261
37300804
37597208
37773841
28786329
29135076
36901712
35731661
35770090
29129537
36086213
28592542
35735532
34798249
29058946
34722673
29471497
29077774
33955767
29087076
28935616
34098692
34329219
29463910
29445598
29404457
29341327
34489644
34905252
30170186
34621717
30425437
34375591
34350761
34478520
30549327
33246419
31304244
31219226
31093930
31149219
31075903
31295150
31248424
31465865
34427978
31672861
32297429
32057720
32003766
35142813
32157686
34830757
32304939
35149300
32679231
35442300
33358524
33397311
33327938
33084879
33216553
33420779
37173810
33259161
37327845
37006567
33470275
33624036
32888390
33082058
38832574
32853758
32759015
39719651
39418900
39466196
39839953
39898488
34316063
32976515
32878200
39941997
40132698
39808443
39770089
32929584
33862994
33947562
34263779
34328874
42406689
42442804
42548796
41878123
40964938
40654720
40554136
40323567
40359050
40540194
39952740
39618979
38970332
37101358
36525913
38758179
36780501
36582382
36482956
39515559
36649708
39289179
39236194
36737484
36781409
36993930
39398653
39093304
38846595
37283544
37573853
38917761
37615218
36967440
39098899
36964371
36945965
36911596
38810361
37980555
38009142
37658159
38388048
36882314
36893967
38025192
36368327
36775377
38628167
38800458
38608532
37292926
39033447
38832140
37891300
37842275
37839069
38131854
37874362
37988103
37644746
36142037
37502352
36458093
37697632
36752348
37684132
37076024
37493492
36867921
37967709
37769721
36450832
38532964
38241509
37223215
38242304
37099355
36787833
38956815
39264510
39197591
38888217
38102283
37690363
39221049
37996911
38117087
37799569
38734575
37031488
38966623
37195617
36851577
36463069
36682602
39339044
38725199
37164186
38783505
36709256
36303287
35676108
35649337
35713413
39256484
35620052
39486969
39205860
39233881
39078060
39075842
36119581
38992535
39046480
37764772
35132686
33700442
33608342
32896599
37720467
32374054
30532075
37814236
37276310
37199549
31487606
37519295
37855491
31752472
38264916
30682350
29886612
30101787
39181830
38928539
38941791
30795085
30461491
39041589
30023777
38497909
38584289
30270208
38706664
38613339
30163654
30155646
30169619
27870058
28044076
39065940
38528500
28429774
28405126
37528834
37676887
37440797
37603670
28631713
28245331
37812044
28991811
29105164
38150979
37963060
37807107
37684510
37062749
29471155
29662776
37418804
29686395
37195535
37117600
35492139
30514136
30351150
35866801
35914188
30225375
35501233
29700088
35242809
34797470
34667818
34168525
31436618
30314095
31912407
31328622
31407910
30747887
30059854
30066645
31507644
30298043
31364620
29655772
29164867
28962931
31790279
31925518
29203305
31894770
29648459
30240032
29716709
28979055
29008466
29388711
30623794
30621587
30069843
30473429
30480764
29881276
29906516
30833067
29907319
30828456
30963808
30641113
30287827
30115498
31328450
30657180
30492706
32304198
31316877
31289208
30810787
30449673
32802088
32574484
32405356
30703338
30485315
32854017
32814469
32006970
31133351
33032662
31613531
30894130
33186848
30419944
30061396
33631834
30571985
33060982
32995789
31261927
31068544
32996728
30684270
30714140
30231734
33935180
30355483
29791422
33331748
33374855
30402843
30168176
30642773
34869133
31313985
31373199
35385679
35732031
35704457
32298894
32003048
35528992
31888832
31956393
31735788
36115422
31805938
36610721
36170705
32003785
36144316
35458155
35822429
32899278
36452719
33187793
36830892
37209944
37378623
36528351
35884061
36081449
34538962
36319082
36571573
36505445
37164183
36058320
35373751
34344524
35831387
35295356
34832003
34705721
34971035
35137996
35076439
35075122
35480830
34947947
34993866
34673881
37840785
35031483
38225001
35224623
35020401
37639090
37776721
35056201
37674976
37296810
37296099
34725960
37269859
34814604
37407677
34597715
34611714
37678946
35046122
34436296
34519038
34654647
34974748
34816002
34860337
39806155
34832529
34346727
34373267
34269322
39795203
34245303
40362736
40095988
40178392
39563801
39976880
39254567
37006919
39585039
37194536
37406432
40074204
39237205
39281658
39567994
39205097
38384055
38066659
38443892
38427656
38279472
38090538
38901975
37872099
38803508
38154806
37875939
39136229
37676870
38776113
38459085
38412659
38197528
38224173
37485989
37539313
37666920
39186682
39163130
37097037
39120485
37398197
37348089
37729006
35890785
34772355
38549923
34625897
34923025
34949285
38754668
34074409
38890000
38790146
33917840
33212404
38756268
32834340
32082478
32270030
39019239
31819671
38610519
38161377
31820211
38372221
38009776
38085413
38500893
32362468
38482635
38155652
31795190
31721835
38311137
30241889
36991593
29532550
37553879
37182246
37131865
29882588
36920495
37124594
36729179
37321641
31826979
37031863
31602338
37372596
31355219
31330095
31283510
31036441
37792484
37403438
37156763
31352243
30986982
37994975
36596748
36575455
36085548
35484853
31280108
30883649
36065346
31097951
30651763
30832380
35470598
30749357
30751817
30929013
36158398
36395090
36208798
32075672
32350612
37255301
36866525
36462459
32159806
32362562
32101873
32117020
36702915
35932440
29756297
29333160
29142213
34562561
33436501
33277959
33012096
29527734
29389172
30193268
30453041
30551558
30405140
35132077
34364271
30565558
28552049
28449180
27862102
34544813
27630308
34624473
27656183
27543550
34845148
27735239
27664673
26746408
26386698
35418993
35573890
35583348
27145474
27430674
27414554
27428335
36873762
27504507
36411645
36192922
37154939
36897902
36800767
36746812
36525239
29806896
29409551
29406407
37348158
29363268
29405994
36870844
36812318
36277268
36073318
35603638
29447161
35515665
35442657
29682643
36534422
36358724
36344538
30194363
30472562
36925166
29855854
29783819
37539984
30188729
29870795
29767893
30380440
37682487
37338159
31615791
37431205
35702877
32018922
32060497
36003439
32683105
36182281
36263686
36338882
33142497
33089263
32984524
36690773
33023847
37169913
37229863
36367931
33913068
33793429
33908536
33856889
37088727
36596002
35737957
34345808
33927728
35966172
35813271
35872578
35837355
35288085
34894045
33241411
35211152
35223470
33869234
35355236
35291955
34469737
34991813
34704093
35298869
36375478
35536802
37095974
33764232
37044196
34065346
33900068
37167401
36594900
36472059
36471708
36540715
37033229
36831008
34507950
35606010
35905321
34855508
35530901
34787567
34784037
35066130
34441539
35778675
34684889
35596361
34766620
35830878
35550282
35392574
34923039
34562049
36213080
34835404
34562644
36585205
35051391
36989195
34001877
34336831
34533707
37786269
33862689
33892932
38281160
38641064
38682955
38439474
34997100
35055771
37425199
35418287
37477702
37132894
37233226
37084276
36817527
36509565
36315339
36356396
36791195
36312696
34760058
36621312
35785204
34692081
34275621
35897776
34177846
33934259
33753382
36739066
33653786
33627596
36978470
36730894
32817700
37117774
33488728
34028430
37786576
37681340
37719897
37830801
34048750
34166880
38687217
38137433
38149735
38125506
38107793
37487763
35154199
37569166
37354779
35607761
35649987
37737362
37427253
35154395
35225763
35588268
35739376
36085996
36174678
36104791
36089206
35739119
36708788
36839749
36838947
35441679
35395167
35299227
37560505
35378349
37675460
34653384
34650824
38769921
37969151
35717877
34989535
33521211
38547234
38565480
37846467
37510623
34921989
35287326
35399093
35562138
35481636
35426175
34454038
34201792
34593230
34545383
36263664
35622530
35433703
34741115
33868115
33900571
36004722
35575938
34982574
35811266
35104904
36466882
36357490
36029348
35418876
36140800
36193947
35900929
35170268
34185616
33690435
33226886
36176230
36140449
35996532
32843823
32162188
36338591
37143085
37402213
37009474
33383706
36923772
36335634
33306933
36728035
36399288
35426461
33964436
34713003
32996354
34413764
34561319
34920787
35021951
35311158
33886954
33124371
35399794
32915382
32395273
31107872
35315306
35461515
35537007
31642255
35456598
35443487
35429532
31365632
35408855
35287232
35116027
34880758
35615633
31579513
31020842
30808660
35476546
35498038
35662636
35556591
31611470
31507594
31184049
35302918
31472281
35738079
35120024
31460966
35192571
31584292
31846479
35545266
32439161
32368295
35946685
32940095
36627284
36579078
35103744
35162946
34980858
34158032
34000758
34322035
34716560
34747630
34901786
35130694
34993494
35548044
35131095
34962579
34672617
36448307
36359555
34396709
35816924
33648892
34036108
36482824
36459902
36152244
34523769
34296332
33454259
35498395
33906595
36072763
35306813
34858168
35606305
34545659
35232173
34111563
35330254
34478711
36118411
33744355
35857741
36383811
35095460
36871613
34724451
37036570
34807938
37417066
37672193
36154665
35904733
35555953
38900911
38861827
38887023
35990054
36124189
35559482
39510210
39599448
38970449
38553995
36141584
38899587
38794111
36628229
39028179
36687934
39339195
37991408
37976852
36642471
38112192
35713487
36710506
36114538
36537272
36596929
35581187
35551170
36978701
36581975
36231533
35904962
35586696
36789757
35722349
34937983
36720424
37136719
34832478
37394800
36137111
35281753
34869298
34970273
36326417
35156068
35756931
35267017
35969075
35581109
36076199
35796832
36231797
37269813
35607828
37501533
37639829
37687560
38195378
37327255
37530141
37762756
37681168
36758778
39052842
38191140
36982995
36910425
39677653
39209049
39638030
37614237
39644697
39620328
39659846
38127498
39500900
39179125
39087649
39070724
38656948
38884894
39405447
39076948
38786375
38128155
40288419
38331923
38730025
41068713
38109464
41405362
38466814
41813170
42029147
42903151
42740616
42749837
42673878
40526440
40004815
42625023
40242868
40100739
40320391
39690104
39805227
39297254
43410247
38224300
43899960
43734872
43547649
43554062
38542525
43210955
38186033
37814587
37689727
44020275
37383991
37427110
37746098
37571270
37400010
37059036
45063137
37000465
37367313
45081831
37555936
44868912
44026140
44010070
38107491
44975308
37691054
45036077
37529351
37249489
45154547
44967897
36490554
44252992
44217942
44635300
43101442
37753912
37324632
43388246
36731111
43160535
36880741
42703082
42801728
43005559
42936080
37294628
37164835
42389219
42425201
36399278
42349579
42387325
42376804
42382577
36854978
41616280
36758984
40654269
36181390
36144874
36248330
41254909
41054199
39866738
39719341
40163772
38620788
37770635
37595484
38932637
37795324
37488765
37372622
39624608
39264078
38361860
38457679
39086070
38730682
38799629
38652842
38788421
38866544
38849605
37824971
37828042
37815710
37272128
39120106
38847899
38751412
37553767
39056665
37246348
36928278
39053553
37346423
37284676
39388492
39049008
37011303
36458091
36153156
40074959
35758699
35484477
39830415
40148099
40490956
40668333
37235689
40545626
39730221
39397811
37210638
36624958
39562091
36272532
38991530
38792537
36369373
37115528
36531308
34875996
34791433
37010747
36272244
35766040
35742117
36089042
35385587
35319493
36141966
35690890
35853905
35240501
34006263
34052585
36428170
36319997
36708826
36957612
34463059
36928707
34400386
37369295
34424556
34024728
33700828
36880330
35801415
35016598
32220558
34962727
32456382
34459989
34142385
33433985
33469679
32520814
33478514
32446034
33847255
32274536
33199606
33019694
32807397
33293193
33263756
33146437
31964535
31933158
33445749
32705332
31959495
31883313
34678250
32792107
35398000
32960528
34695024
34739668
33033200
33942023
33087720
33018814
32968584
32441669
32110093
33151173
33119931
33416870
32290867
32928530
31815353
33549187
32212095
33053098
32673721
32516567
31395744
33646747
33452914
33477345
31870617
31550593
31141325
33509668
33190427
30848161
32801207
30661361
32891724
30066206
29546761
29371947
33145618
33376747
30041110
33659444
30526489
34001704
30656536
29576822
29875636
34698616
34652101
35390789
35240638
31110170
34866354
31154892
31022694
34919603
30994220
35987428
35683520
31297860
35748987
30953088
30869059
35684038
35158176
31218262
31347143
35512255
31920114
36304042
36224505
36072621
32668269
32810420
36431921
35814123
35115997
32485581
34936729
32577153
32567190
34817153
32347038
32164557
35261745
34915823
34499409
32178218
32388359
34340378
33034261
32470063
35366796
32878619
35941984
31266504
31359953
31175172
36596538
36300414
35675300
35733693
34926115
32074319
34857614
34156847
32099189
31905505
34366730
33979750
34067585
32668477
34047051
33027632
31691145
34623915
34383773
32087771
31669462
34384725
31459193
31329010
35056220
31863886
31101181
35647876
31431745
30897162
35836131
35175063
31320307
35190742
35297325
34751840
34549525
31596912
34365900
30999479
33724078
33910531
33389471
31187571
30797280
33669752
33495669
31028476
33263825
32716288
33062556
31495635
30759446
30464978
33270192
33256228
33283078
33868976
33829230
32032218
34629240
34575281
34451137
34299579
33544543
32897511
33145385
33401625
32687091
33155687
32007506
33214738
31613369
33200877
31648188
32692243
32086384
32394826
32396641
32362810
32580671
32705743
32542665
32205093
32022060
32858079
32924190
31891543
31716530
32045896
32542065
32102132
32023701
31968835
31469077
32572214
30977461
32145294
31674824
31526515
31736037
31955553
31827018
31204917
31536534
31313530
31255842
32664714
32620090
31730569
32489724
31070375
30791822
30767245
33064545
30318690
32657090
30160289
32812872
29011287
28957857
29174315
32996883
32934213
31971485
29095848
28842420
28959085
29534010
33281245
32155465
31989242
29742483
32422290
30187342
29480880
32875092
28914323
31920391
29091540
29050562
29072115
29243026
33022613
29348657
29292267
29227940
29080318
34055357
29213810
34218293
29215932
34014385
29012459
28918795
28551255
28623981
27333251
27021838
27351847
34749731
33780117
33740294
26713161
26402802
26384948
33756540
26379538
26535590
34475673
27020314
34890084
35483967
27810218
27207352
35593568
36122223
35670129
35764360
35827423
29118313
28520817
36334770
28574752
35738954
28354471
35186123
34236012
34974594
29222104
35145229
35263285
29594566
35430080
29232355
35149765
29403403
29143108
35422624
28803671
28837020
28675493
35306348
35408714
35366947
27442363
35227918
34672189
26617550
34753794
26480655
34854672
34234864
33547346
26952464
26940355
26935324
26989158
34092308
34170888
34024348
33915670
26909452
26728428
26504696
34437326
34533119
34518908
34582842
27215640
26979618
34468618
26806223
26853898
26545368
26513327
35263820
26224126
26845520
26711396
26680450
36103987
27679749
27799844
27377520
27269597
27518819
37714119
37430176
27417855
27762881
37942833
28035555
27453032
27332484
38061506
37742367
27182705
27077451
27178820
27010200
38174947
38061880
27136928
27072895
26990306
37972470
38045611
26906148
26760886
27074444
26652697
38694192
38677597
26055609
38682939
25576182
38912123
26136624
39458194
38832620
38796320
26845158
39048217
26778102
39114847
26792788
26678315
27129918
27456434
40159288
27599177
39703917
27428718
39715737
27553761
26699322
26462838
39517852
26658674
26787636
26882744
40280590
41070317
28393066
28405752
28492355
28334313
29076231
29032112
42933459
42938733
42991476
43027355
43195717
42995693
43186465
32687399
32393686
32547383
43839910
32275189
31638479
44125598
43922852
32215609
30050413
30269972
30099316
30276808
44725647
29563002
29525470
29548115
29719060
45140826
44829939
29828552
29895040
29885975
30129886
45713118
30032168
44704098
44543808
44624493
29971993
30381392
29623481
29621260
45505174
29943094
45054297
29905288
45140998
29716033
44405522
43513664
43014647
43549883
31353906
31267209
43056758
43273507
43246727
42824710
42076443
41902005
31877710
31845321
32124066
41765468
41826274
32189001
41300168
32198790
32232986
31822963
31091984
41478000
31384992
31771035
42225315
30926673
42225658
30956698
30956819
30874817
30823799
30527564
30388419
29887250
30292586
30280250
30125361
42777142
30152887
30075036
30072682
43367322
43280370
43289447
42481070
30691589
42593318
42590614
42469539
31669366
31468998
42765571
31101160
42802729
42452078
42617323
42855492
32131423
43151709
31667864
31631317
43466906
31629115
31757904
44035307
31946750
44144574
44069338
44718894
32265104
43881930
43852429
32518434
44392831
44403073
43719223
44251845
33263091
33321807
44442606
32652205
31873836
44391075
31685537
31566710
44464549
43811619
42483539
40858559
32375603
32261986
41551138
32493835
41211736
40739950
40890555
32764870
40572329
41067949
40762005
33730837
33832520
32090451
32324100
41596617
40609167
40551841
40494943
40451460
33629107
40036555
33677573
33013334
40208128
33056604
40501421
29779502
29683032
40161218
29355733
40204847
38613297
29229676
38561511
38371256
38492454
29900591
38089320
37347821
34080267
34173126
29837600
34130937
33955750
30327989
33866165
30619822
30484555
33271915
32874703
32109153
30572424
29743638
31535240
29660970
29652580
29273362
29456399
32239312
29246663
29177086
29543858
31898913
30201492
31866284
30246858
32660061
30811053
31824786
31524259
31345929
31617688
31347796
30490450
30500609
30922428
30611541
32512819
30602090
31788814
31608235
31450611
30981603
30162698
30188898
30463707
30182258
29688124
30580657
30391048
30303160
32070139
32226375
30720482
30484917
30767723
30733259
32656210
32362632
30772821
30666195
30529638
31743542
34337008
34040465
31993405
33793273
34144235
34398007
33748763
33531880
33276914
32652537
33845383
32404840
33073548
33073786
34841313
32606819
32288656
32100485
32068928
31496032
34879963
31878206
35705313
35261571
35273490
32007590
31853236
31683360
35804791
35675015
35765918
31983856
31993205
36740563
35692962
32187361
31933224
32087075
35747444
31447045
31237600
31812722
37654466
32562959
32725069
32744797
38626907
32992886
38018877
37867361
37651556
37458487
33445504
37419761
34102322
34806129
38154290
34808952
34808000
34769529
34408855
37510662
34421008
34403150
34456762
37706729
36787032
34400935
37136626
34287093
34204346
37503321
34446714
39196434
34875283
39435393
39913609
35437848
35113221
35403236
39364039
39417049
35214224
35106130
34915131
39874223
34842899
39187723
38166395
35188361
35377512
35265205
38651262
35753345
35274184
39279342
39290805
35154937
37922569
38278922
38238434
38092753
35945706
37841914
36436220
38690175
36878814
36473103
36494985
36411016
39109473
36496949
36446477
36444862
39132391
38290531
36711792
35786174
34916091
33694887
38392534
33193279
38108235
37860206
37995248
38043290
38321162
37856661
34270539
34211521
37961416
37983923
34459749
37850394
34370094
38701923
34762515
38866240
34930477
38372985
34541867
37852790
34957226
38129673
37606369
37258182
36030974
35908032
35984365
36104311
36647227
36749388
36709833
36764462
36680777
35927403
36613052
35637572
35006289
35782917
35079899
35737648
35306619
35053007
35423855
35093696
32939453
35538142
33162704
33265082
35935697
33053769
32385043
35916753
35872153
35654249
34314171
34095792
32990384
32893196
32574856
31236906
33131192
32706294
31296667
32756356
32202134
32602259
31544529
31880849
32978740
33008973
33030021
32241061
33286726
31905028
31885172
32063128
30899706
34012653
30943805
30199296
28628892
27349816
33887399
27373214
27586749
27606830
34642409
27979612
34861206
34926144
34637684
28463275
27083358
26827477
26192686
26227512
26244438
26154348
24521619
36133179
24569276
24348708
23933227
35619873
23985660
23456061
23720994
36219556
36030461
36140717
36296693
35926879
24899433
34912939
24183689
34584128
23698150
23525731
35004913
34176441
34039153
33886526
25071693
33592026
25141830
25096023
33854390
34137031
34139635
26611281
26383050
25663229
35335032
25647610
35257235
35644133
25819995
25996766
35785614
35419874
34955207
34816633
33728117
25863760
33372046
32998176
26768853
33992491
33827838
33938944
28122935
34801813
34590822
34401102
33962160
34058541
28850369
34011217
29218829
29179689
34138644
29135161
34170263
28923015
33802344
33219020
32855223
32944470
29641688
32888246
29871076
33103184
32773452
32590420
29139228
32782245
29195320
33328600
29443457
30072947
29577758
34380266
29558448
29315123
29386104
29256838
29405179
35229629
29118289
29259200
35826086
29219276
36185811
36214634
35501211
35571922
30419828
35481188
35369615
30238374
34880083
34668440
34793770
31235413
31014444
31356037
35402695
31581282
31315954
31497809
31755371
35688490
31988624
31958583
35274761
35291123
35138194
32589910
32569092
32495996
32889596
35784334
35930481
35556189
33827070
33623412
35857993
32886110
36097892
32653193
36292323
32790530
36490453
36351430
33070284
36771514
33518244
36303624
33317760
33467040
33638660
36635590
33906196
37023996
37047609
34599789
37348467
34668958
37251003
36789103
34774236
37154116
35165980
35164493
38150335
35385953
38246856
37579270
35231438
35148163
35106859
37924363
35100588
35567379
37599773
35361957
37803259
37920331
37632210
36188483
36442750
36476492
36514413
37005927
36165218
36242407
37228525
37218753
36162442
35747639
37988451
37824087
37797984
36884242
37043295
37386713
37495471
37322673
37823288
37686702
37362612
37696973
37105932
36643557
36937469
36492539
36564809
35187043
36923258
36649829
35969596
37117622
37067884
35749835
35382328
35098560
34914930
34607629
36243216
33857250
32556615
31797956
36711074
31726401
31553103
31939702
31867940
31621404
31194299
31088754
31147119
31090339
39111676
30524210
31541434
31252098
31619729
31532639
31529359
40645534
40844524
41040572
32196115
32574867
32531960
42822732
42572218
33180782
32067842
32023877
43263334
31192586
31457222
43910664
31505059
31326820
43468258
43418177
31399353
31550648
31103561
43947472
31000950
43522362
43396143
43815308
43950389
32051784
31325962
44868247
32301153
45113232
32456243
44634889
45046106
32663727
31793985
46024671
32766282
46005141
32654565
32689151
32277875
46412399
32149264
32074820
46913893
46774727
32116922
46684345
32147481
47329033
47400119
32679276
32522062
31480453
