33651
48856
16848
13583
22551
16711
15152
14111
14105
15746
17161
10763
13480
13554
15602
14187
15424
21007
14192
22673
16400
16497
16949
14436
16347
20936
15928
18863
16658
14457
15590
14261
16105
13255
16093
15258
13958
12875
14872
17900
13149
11923
20228
16932
18026
15726
12059
18955
21663
15324
12872
12419
14125
12971
18282
13613
13600
12693
12729
10640
11800
13180
17268
16299
31028
20994
15144
17427
17585
15136
180211
282527
1057880
100406
142149
34331
599790
198938
962924
1034455
101443
329492
124053
243552
33723
661844
45950
1197329
48127
222807
1186189
739551
67947
113682
397222
254988
425693
235675
164374
272624
493401
86907
75008
940120
45334
56305
134591
290766
192335
737413
202338
572242
483751
623192
198596
184560
28798
523975
1055149
39733
222913
335183
453819
439624
310243
158424
206614
2317582
222329
1296055
151296
169685
458653
559670
987536
232519
179445
111228
1174324
511743
678797
458061
31818
50495
344924
122237
157788
396513
108638
256298
863643
55564
56935
68184
294711
515774
536581
742255
166835
506419
297438
293199
806139
805685
856552
94702
295052
387076
212229
774115
906244
514157
39439
456506
249948
122373
547846
202787
254667
757922
91685
388358
25249
608379
447477
111279
368989
114639
506418
885289
149661
313357
86773
1218279
400886
180986
948439
836051
1187262
264187
62369
866291
321313
215658
219022
722673
47795
722362
952442
108446
434790
507995
178286
114755
86183
557805
484891
217998
171168
114282
663661
147401
385542
656304
346995
262063
248170
401981
760345
487375
47171
551668
163977
162713
192765
274835
81232
280207
154458
103115
170266
2059270
1120138
208184
158435
248773
492287
186058
697060
478369
757099
2729336
77327
152845
137022
255537
39976
302380
92626
25958
43001
598387
223130
462642
546792
217457
735537
194065
232725
280946
896518
1385934
196536
335300
369101
375017
569789
96703
234402
336888
311558
195197
220927
1058134
613404
48018
202242
90028
37775
34971
59524
328782
118123
275640
44538
454222
99727
65133
320709
114088
52640
337475
126164
382269
610842
250103
188510
50598
215485
677497
666541
901463
245082
579371
1604205
191690
65006
418850
1900636
313608
147494
856354
691579
200975
709374
846931
325854
194242
49763
745486
208465
932664
1078756
584210
97942
127866
678712
433535
272552
179139
156174
656021
194906
459448
121878
101610
177862
498654
1214208
581108
1185326
61095
37241
812417
227131
1173715
50981
734176
269531
261151
41550
548856
442105
376953
645600
169592
187633
161035
345771
455395
167161
81536
83094
634004
219482
275135
470548
641632
3074809
2726671
1536352
917085
1476990
2185101
1933263
2301062
2506788
2389432
1831994
1331784
1569386
1836510
1932232
1128432
1073417
1349436
2144293
3103340
3069972
2180310
2024239
2732618
2852164
3505277
3573248
3170351
3391328
3315127
3303257
3028499
3127191
3465113
2666138
2268108
2640954
2252175
2567054
2564375
3071798
3163939
3313322
2707286
2399904
1783146
1610937
1760109
1703225
1502000
1041256
1126139
1037409
3376187
3086173
838241
980380
657272
682174
1233124
1388322
1262112
1992099
1685360
690050
827206
1274258
1477924
970164
1699178
1947021
31492368
1273231
31745716
31744018
31963039
1266279
1009457
569389
32377109
32432247
32123928
32035440
1141507
31944136
1707594
32406844
32233758
31973429
31185018
31088250
2098881
1531252
31372663
606381
704605
29886331
900605
1010901
30760795
30751139
30844198
31188363
30846745
30771635
30160328
30517480
2217623
30493445
30385083
30404980
3091170
30299021
30150027
29722137
3304608
31199224
2931951
30976283
31046283
30876288
4162261
30531120
4413013
29633417
29774772
28876488
4852237
29540135
5379992
29237446
29195528
29099921
28796947
6119514
28409317
28435693
28001841
27719300
28197906
27987748
7311893
28007667
7461703
7883568
28497306
6600715
27938539
27996714
27699189
6883469
26556628
26595354
26578235
7328909
27027213
26464670
26503972
26384663
25870423
25376342
7771167
25214044
7725112
25775026
8582830
8713475
9364228
27090075
27239198
9111963
8734349
8569324
28334421
9210389
28973068
28388246
27700415
27929154
27550478
10359364
27931096
26676895
26505383
26878307
26691797
26745468
11604278
26906727
12628741
27709769
27816165
27926784
13765011
13448902
13592222
29445225
29306883
29837834
14015419
29642346
30431479
14644689
30342735
30195420
29763049
29497125
29546927
16157210
30997875
16681257
31605747
31694319
31818450
17434882
32161184
32046616
32283741
17454714
32471280
32174218
31702640
17626043
31968595
31866220
30560525
29783180
18023068
29866940
29259174
18418782
28891647
18056703
17433250
16854049
16948431
16793592
29213508
15658264
29496603
15587251
14848246
14596861
29711087
14650140
29416128
14909727
14949522
29586112
14734990
14594368
29610419
14561285
29432765
14057601
29416957
14130926
29498185
13204671
13221815
13199580
29801989
29651875
13151777
13177846
13255921
30041225
11010150
29459350
10930124
9681885
8330448
8094892
30358050
29936428
8395763
8389509
29575117
29481277
8559004
29626224
29801460
29805429
30089742
9848562
30347615
9395846
9410071
9374964
30300301
9571907
30344026
8940201
8864889
8036592
8003634
31579418
31651911
8000880
31744675
31625916
8012361
7146897
7446585
7534335
6649055
6721513
6803389
33393536
6702728
32622009
6281176
31563335
6456945
6667186
6351956
31899872
4990788
4108500
4270873
4012528
32290431
4601773
31793234
32070215
32165564
31822085
5481161
32432569
32827272
6386283
6408580
5484207
33581457
33201771
5676168
33097110
33148251
5885307
33261993
32375036
6165929
5941238
31978759
31969384
6318311
32282850
6689165
6747713
31046208
30656491
6367998
30883104
30523327
6582914
6831395
30419156
6371121
6356819
31301116
31248805
6186772
31432249
31671668
6747337
6516221
31784569
6766612
6090798
31001375
30167523
6815537
30093803
29862185
29630677
29437082
29356590
7688964
7816093
7797178
29557634
8019568
29566280
8853551
8654601
30705039
30579333
9057167
31137876
8752460
30901089
31091706
8332359
30928668
30898077
9200956
31442476
30669377
9023800
30769872
9314232
30784498
30701226
9399861
9577786
9932225
31477456
31520402
31577605
31143548
31635194
31603474
11547201
32288781
31999877
32454239
13247003
31752589
31425582
13531104
31483303
31672688
31424902
14223642
31849475
13582363
31867446
13728002
13718084
13254661
32280015
32176548
31661397
13164337
31774160
12957377
30882988
30840569
12979255
13130574
12456443
12045986
12091668
12057923
12066293
12184837
32311111
12436962
32310911
12512947
30720952
12586220
30897063
12592332
12723344
12846241
31287223
12552942
30647752
12603082
12129424
29734187
11455894
11154204
11400662
30105695
10675034
10774219
30081393
10578138
30217812
10376568
9931407
30828068
30277146
10619729
30550682
30111581
30032031
30065826
30166145
11113305
29766821
29340886
29291569
29208816
12132974
11916291
12195325
30248374
12914071
30982588
13776325
31543507
31006483
31117596
30318069
29784030
14927140
30111892
30498870
15675089
30765757
15429772
31540938
31025446
30793494
15035320
31323931
31637526
14977148
31926491
31818715
31889418
31036910
31087542
30178308
30066213
16163070
29879919
29959300
30054156
17265052
31562976
17390259
31714193
31750016
31714528
18463077
31562593
31784962
31962055
30946073
30612879
30752138
19052883
30787444
30197163
30142407
18366895
30372060
30475913
18639704
30356932
30306237
30417798
19645550
20446389
31325201
31099887
31263039
31115266
31165960
21147532
22141652
32005209
32095368
32578113
32040036
23174034
32242416
33016164
24559677
32098264
32193984
25072195
25311395
26244026
34332201
34279666
33749550
33778877
33513719
32950130
26889290
32807622
32863244
32068393
32172088
31487715
27886524
26862085
31545741
31919628
27401021
31874198
27461080
32009331
31799515
31962444
27930463
31940807
32172408
28101860
31114671
30137879
29091170
29703906
29819774
29803173
29911341
29742952
29513775
29723849
29124267
28866358
29802056
27843111
27847447
28332211
30352246
28257748
27722994
27600943
27562779
31273815
27835282
28033022
27896622
28014644
32233660
32561565
29450103
29464109
32378371
29531125
32749003
29844362
28358214
33198699
33057135
28432094
27578993
27467132
32707031
27604532
33299107
28221157
28490761
33919156
28957675
34267188
29493744
29857623
34747901
30217828
30637900
35614103
30707145
30077256
30096668
29469795
36550042
29454948
29331698
28435620
37531398
29479052
29206281
28975271
29136675
27787262
27940548
38444287
27488124
27082321
38756359
26840947
26070092
25926917
25857701
23714388
39465858
25046329
40947874
25306297
25408166
25379540
25029881
25052430
25074963
24798293
24852561
41813920
24905280
25063428
24522129
24440343
42448121
42914721
25620202
43806638
26791720
27293390
28213104
27684068
46601509
27308879
26895821
27281092
27312325
27393152
27566944
47151389
27944547
28073698
27959581
29597402
30294826
30201092
29783767
29829947
29900364
30024525
30086936
30034843
30110560
30129820
30086409
28996317
28350546
28820590
28672000
29079852
28836979
29018187
29643434
30114170
29144077
29010938
28598550
28158149
28898013
29516879
29058441
29831670
30293966
30048359
31073548
30999366
30980332
31641857
30516825
31404242
31584195
31656711
31905165
31718083
31742742
33204889
33483965
34198012
33999089
34316265
33982625
32642231
32469949
32622388
32673069
33508090
34464802
34378565
34634189
73353197
73211270
73300536
73272676
73682198
73950714
73544607
37078884
75225624
74743398
72998525
72860899
38528828
73297886
38280130
73810190
38939578
73306696
39101129
73424785
73360048
73743357
73299832
73229412
38954331
73829821
73808542
38605243
39010201
74886037
38429897
75994623
75754287
75605329
75032164
39169019
38962973
75326229
39003877
75193848
75174811
74544208
74252091
74197569
74205777
39834755
74424682
74511565
74451671
73890383
73688612
73658699
72920741
40882451
41409645
72804155
41436748
73105266
72206565
71855500
71681418
71191696
71249891
41895926
72050145
72051996
71180598
42384482
71614436
71196386
71000490
70294920
70456628
44009395
71117750
43265343
72721945
43046478
43537312
73176874
43449586
43460799
73630374
73360676
73243684
43489230
43697139
43725051
74392038
43764926
74497435
74580900
74600360
44483553
74602762
74507175
74446137
45640317
45568314
45268380
45671570
75902199
75759779
75411470
75438578
75396180
74651157
46007924
74686558
74691601
74762120
46200785
74614674
74711042
74700030
47069503
47369211
47683898
47542617
47077376
77341810
77115282
76442731
76618786
76409078
76269406
76121892
76175145
76065447
76926570
77575553
77467066
77068724
76542415
76216513
75776344
75492383
75612198
75430336
75497254
75637410
75397747
75416720
74170290
74234996
74027531
74301592
74484915
74367284
74491256
74605714
65611584
65911292
66314836
67069757
67099355
67316868
68417470
69596100
69787576
69842547
70595857
70912641
71411607
72312700
72494026
72510810
72592295
72608937
72904987
73191235
73169656
73298585
73574333
72881772
72369618
73770538
74095467
73888821
73562762
75011291
74885575
74638702
74513155
74812846
74941870
74107438
74357422
75066404
75268105
75143104
75171812
75037445
74415035
74636703
74522542
74935542
76535802
75500817
76372452
76396206
76309324
76204886
75621631
74877694
74831539
74652322
74842312
73509744
75032598
74294207
75138432
75380569
74699230
74588766
75143444
74110896
74182860
74563656
74436477
74836923
74081713
73418031
75151483
74045310
75072270
74153041
75143536
74440462
74176223
73970180
74536907
74567828
74498259
74295901
74241943
72747678
71629821
71499158
71299760
73141880
72689089
71380396
71013674
72075206
70814829
71007651
72925701
70576594
73116726
70788099
73871132
73687803
73739138
73426158
71024502
73244904
72536002
71511951
71624654
72083145
72153012
72512174
73344846
72655878
71318169
72795175
72573781
72072066
72802434
71075683
70961895
71505451
71363308
71446869
71491933
71617864
71505088
71595588
71038303
71491785
71798095
71660507
71580314
71754838
72039222
71372081
71861092
71487644
71886827
71935645
72171146
71836859
72122983
72660836
72457153
71471940
72452262
70182593
70677723
71274094
72859868
72134175
71382144
71700206
71547166
71719702
71381963
70388999
71967028
70202420
72121371
70006478
69775156
72591914
67214151
72938456
67462001
67284147
73018396
66866181
72943171
72974423
67234388
72920689
73102765
73280906
67804722
66654603
66649383
65503954
73776711
73972565
73484892
66197737
73337903
66374106
73606269
73844254
74043066
74541640
67864258
67453378
75113866
67978755
74620680
74722106
67997929
75127491
74518967
74741559
69450409
75336831
69536996
75416286
75300840
74779542
69522883
73369137
69954205
69583381
73074052
68689019
73219231
73582769
69664299
69428307
68647553
68445345
73925147
67773747
72921200
68433012
67064364
66640649
73271173
73001572
66707890
73429029
66632678
73201885
73369442
67285355
73611542
71984667
71873006
67326097
71859157
72538989
72565057
67869897
67386901
67707019
67795412
73703512
68058414
67392787
73534200
73759688
68007800
74653608
68709248
69187388
75243169
69186807
68983832
75682447
69026865
69099666
69367186
68685880
68351383
76563759
67585429
74222682
67146632
66187318
66058397
65599998
74435572
74317001
65443356
65506486
74431799
74118139
65825643
73747683
66016324
65241100
65091682
63864110
74059557
63952026
63700146
74248157
74471848
63670839
62919102
73697743
62918783
73384832
62375566
61796074
61268617
73854605
61545038
61729150
74271822
61901376
74551863
75118640
75480310
63040476
62874617
75957306
75765611
76099932
63756165
63799766
63176996
76938120
76877059
76858453
76887227
77321408
64285313
63976477
77357637
77274741
77390149
64501888
63845172
63590005
63595260
77312575
77467604
63869194
63721723
77662276
77589153
77502608
62900168
77499720
77239878
76651416
63004001
62422806
76912026
62536785
62467141
62423664
61773113
61068017
60776715
61053220
78629820
61995904
78096773
77148117
61990251
61937546
61764982
77728914
77768318
77664811
77589055
63213638
62125126
77965535
77138334
62711279
62502635
77419083
62665240
77713206
62840944
78457235
78722136
78663886
78548143
78478071
78276504
64927180
64726879
78355744
64251122
64159488
78033849
77881370
76630254
76018296
64793970
75599060
74935798
73315201
72833920
73024988
72548234
65937789
72432338
64716548
64128287
72695368
72611320
72522034
64442410
71468553
63808995
71508965
63949869
63255864
63222391
71447878
63140781
71697836
72225228
63670598
63914037
63908641
73102531
64285356
64653214
64153045
73543499
72925097
73434307
65178746
73215135
72890493
65872030
73268365
73120988
72640090
65285414
64737639
64040019
64155408
64462239
73399082
73131088
73312507
73396632
73709210
73809569
66285459
74132041
74533820
74619380
74954078
75147815
67581468
67700357
75202117
75180334
75362208
68403040
74525233
74587466
68244306
75199315
75365569
75419971
75265576
75726711
68682790
68721281
75769646
75486645
74334794
68466243
74521949
74636104
74831872
74922718
75098826
69253292
75029781
69257925
69398054
75365606
69557271
69629441
69196407
68705104
76389751
68789536
68582984
67916356
66920532
76763919
76214410
67947587
76449279
75535750
75202264
74804143
69124097
74279032
68621785
73686090
68656748
69014915
68347770
68255564
67974065
68333752
68258641
68018472
68332905
68390761
68248898
76460280
76601831
76778099
68587860
76892947
68171136
77155765
77116021
77138938
69034840
77252229
69287921
77383488
69657725
77762044
69630781
77792247
76512734
69706475
76595972
68184447
68393390
67821405
77387942
67964081
66607848
77362781
66666856
66409313
77828622
78029151
78011987
67120769
78417205
67305552
78519261
78757744
77856266
67864444
67081442
67037584
78522486
67208959
67301221
78678762
67328680
66760676
78443611
78745406
67451664
67725158
66874889
79484230
67021434
79184140
66754817
78963267
78982538
67229330
79475517
66072280
79446007
66851125
66882784
67209227
80886038
80739927
67616225
67856462
67331343
66504163
81515167
66998050
82078159
66613907
66560162
66373272
82223393
66529114
82307535
66442127
82313482
82710779
66956147
66915237
66669679
81608504
66601605
66686298
81728557
66815200
81423798
81466969
67491783
82006858
80974468
68086630
80389920
80399404
68422821
80677918
79811540
78890475
68977501
68789953
78638488
68725461
68734141
68750903
68743451
77858936
69183133
68530628
78477029
78535634
78131549
78003269
69436572
77231220
69245217
77128437
77333030
69681458
77561170
70054618
76350764
75899180
75462600
70619418
70138235
70027208
75332428
69969447
75126469
75007433
68858096
75036553
68926163
68209030
75345175
74930583
68333473
68240499
75080768
66961709
75344790
67235804
75512042
75685789
67503585
67522260
76017578
75627583
76097436
68475170
68498221
68313873
76784962
77047969
69184809
77286502
69185400
77680398
78178603
78455422
69998408
69873852
78561168
70272154
70121121
70127653
70185068
78120943
70178508
77799328
77880097
77729869
77464319
71253086
77518493
77072945
71347068
77010221
70413936
69698109
76568888
76166066
70067677
76212855
70273539
75806978
68814919
75939086
75454706
69071826
68709883
68607652
75778566
68890295
75796223
68924823
73778807
67319499
73804470
73930209
67709952
67522493
67494187
73394314
73552531
73531314
67997679
67166209
74467611
74676056
67751781
75335416
67993708
76069170
68339248
68241900
76552148
76642901
68442482
76866659
68907499
76990901
69907172
77438741
77331317
70563949
69765368
77577010
77441684
77761851
77493091
77621491
71267855
77573273
77304988
77441543
71560867
77540289
77510144
71531350
71214459
77684287
71485800
77973508
77372032
71113706
77818366
70865503
70280371
78052124
70424851
70548823
78217583
78313902
70984045
78643626
77822442
71290235
77808208
69985541
77604336
68843966
77255249
76920497
69271733
68557837
68133506
77105547
77412699
66853369
66704212
77502110
77727453
67050539
65251993
77811704
65540235
77998121
65366340
78382348
78742151
78346540
67646668
78591361
78683692
67781819
78203211
67895933
78108420
68003777
78368479
67934131
67995196
68200263
68370494
79291079
67933891
66712835
66562688
66532950
80587994
66524126
66545853
66579531
66650833
66412922
66077917
66006296
65533760
82102749
82224520
82308498
81947670
82025039
68219576
82507781
68488514
82897493
67829336
83330968
83488613
83037909
81732869
82046897
69171013
82178855
68454465
82543038
68585343
82669473
68418353
67459841
82968004
67154316
67010387
66769280
82946521
82606613
83007703
67664330
67288608
82530994
67584308
68088495
83493794
68730427
83299245
83228401
67745347
67606471
67276312
82445770
67523713
82636302
82823408
67910490
82381045
67738360
67881063
81950480
81785263
68309096
68315498
82057958
81730227
68224223
67975996
68021386
68196755
68029116
80249262
67700847
67457182
66474071
66145414
65937398
80847707
80357821
65515247
80640348
80454293
80514442
80545276
80654689
80301885
66613983
66608304
78569692
66951977
78900160
79116688
66620122
66575766
66645283
79394511
67420235
67164045
67089004
66346292
66365419
67112326
80529587
67285980
80527741
80266555
67801235
67893579
67450849
81068087
67676582
67309770
66454954
82355976
82046220
82176953
82172217
67695813
67588618
67954819
82706235
67992434
67926182
67400693
82802724
82514072
82440902
82124134
81931142
81689641
81163779
80649707
80343905
69633341
68797281
80615204
79466433
79715561
69486233
68820499
79792907
68727521
79955661
80128518
80182333
79921567
80006708
69289152
80391665
69439413
79925115
69358807
79995882
79676549
70681504
70481119
70119317
80027199
80165237
80441824
71008880
70729821
80894886
70677078
70752212
70356587
81401763
80718121
80080668
80245438
70616908
70754246
69528088
69490512
69185584
68252021
80623022
67794528
66484240
80710615
80729697
67378581
66980205
66962019
81656298
80769863
80505154
67648469
80299597
80374752
68283564
80426248
79873041
80171924
80255454
80141701
80215683
80519945
80811606
81083664
70860560
69894717
81140515
81017514
69724694
80828047
69647247
80861965
80456030
80530691
70144788
70337959
80867150
70416865
70392425
81426595
70708988
80858259
80554114
71089818
80560615
71131663
70716494
80209422
80374412
71270192
70659295
80413751
70134508
80123056
70904224
70987276
80127192
70229963
69901296
79990882
69260675
68737743
68285565
68387712
81217243
68348284
67977271
81550603
67273141
82185021
82272764
67794607
82391639
68518178
67085525
66446923
83582636
66184746
66174977
65901510
65464157
83461785
65657503
83663859
65634754
65524626
83010349
82934238
65700173
65084377
64547530
64122754
83077015
64126205
63906757
64189463
64137709
83358818
83498196
64072630
64072801
63568687
63595821
83972047
84870698
64248824
64014755
83532422
62140035
61649260
83090269
61828861
61687376
83700421
61948227
61929374
84481823
84607635
84857349
63230920
63115797
84955628
62875011
84502601
84694196
84799303
84765013
63726597
83976993
83767646
63899644
63754321
83964022
63472675
63375848
84120989
63500254
84098055
83560559
64270002
83503677
64366251
64676088
83852532
83981534
65278098
82943387
83045075
66122249
82232198
63409884
63048008
82308341
82338147
63125633
62148812
62050566
83467359
61700372
61483311
61685358
83606674
61466657
83126347
82745690
61938895
82750499
61948626
61317555
82959761
61404360
61036245
83126448
60279532
83043659
59971847
83436797
60117495
83778242
60247982
60176046
84046726
60222594
59944257
59804915
84334087
84439916
60087583
84281710
60128428
83723190
83410190
83274240
61047805
60508236
83623100
61109833
61079851
60742977
84057763
60886687
60663692
84855690
61053678
84284470
61408725
84605704
61546517
84607249
84808443
84707874
84430028
82632297
82520996
62667747
62411158
82529663
61166388
82334755
61784720
61582601
83054395
61553022
83271452
83408475
62156300
62163369
83244482
61753248
83550894
61770931
61815389
83643167
83546681
83227507
62621204
62503946
61836296
82758491
61936147
83404507
62106052
83267813
62122689
61898666
60901051
82954011
60871790
81791650
61366090
60136435
60554207
80867975
60242209
60242907
60493776
80241393
80311332
60886596
58660704
80006650
58793708
79560820
58329058
58825205
79629569
58723766
57924974
57643084
79036027
57951208
56614038
56572261
79393748
56756649
55780673
79149542
55707384
78979526
56514089
79154858
79342766
79486303
56904163
57025935
78736790
56168443
56254368
79158947
56925196
57428364
57518716
80455793
57674623
80442668
58299005
79722424
58921818
79969610
80397457
80337911
59192704
59119826
59080086
58560449
80734464
58007663
55253674
80812938
81335256
56048308
80681293
80963641
56403313
56651694
81286832
80724049
80673803
80889327
57608034
57043474
81393474
57058494
81493602
81791577
57841826
57150744
81787182
81000585
56868837
56890387
81286965
81060305
81340925
81414424
57868017
81482398
57411799
81678442
81643710
57986489
57953724
57187805
81710510
57547872
80896976
58103087
81320322
80976198
80982224
81009173
81125578
59393143
59662606
81506297
59852605
81798122
82124833
60752961
82082465
60771402
82308453
60267053
81853568
81905938
82339096
61703697
82605800
61699918
82326922
60345192
82191625
82133113
82175429
60131814
82264170
82226564
60358916
82906910
60623104
60825972
83049525
61410304
82985941
83051119
61602931
61615880
61221952
61132127
61465632
84032420
61466703
83566252
83405798
61820944
61769625
83773134
62195462
83917390
62353987
62136694
83976514
62055218
81867011
81894535
62197980
82146482
82279030
82431020
62534335
62826221
83105135
62925281
83190894
63705868
62869714
83120021
83060112
83100536
83141527
82557311
82843372
64857486
83062984
82679568
64582902
81448252
81468566
81598300
80805495
65938512
80318152
66186749
65998324
80909622
65907733
66291575
81748409
64887486
81948238
65359581
65204995
81921799
65340482
82665131
82714459
82633242
82242449
65711303
82360889
81718442
81021388
80605553
66632459
80439584
66822887
79986340
79437938
79432888
67389856
67355490
66624319
66427734
66180493
79673404
79687042
66247226
79097775
78983251
65878651
78288684
65911156
65838728
66379673
65610349
79113926
78676798
77585207
66299191
77597646
66319528
66403393
66212677
77090734
76142041
75616843
66564075
75460892
75479314
66522301
75588168
75483592
75453835
67481957
67062609
75459727
75479806
67382208
75863399
76160239
68002166
76218642
68067386
76697470
68141675
68728504
68350692
77449376
77884346
69253492
77698967
77793664
69132457
69186539
78117030
69667687
77426595
77342882
69771850
76843983
69810407
76691767
76773317
69262149
69096354
75782276
68692803
75977377
68723975
76376807
76518552
69451264
77008403
69697695
69533116
69160367
77433440
77317176
69089258
77450971
69171541
68059541
76899561
68228266
77035694
77118014
76758526
76530202
70232648
77126965
69945029
77117513
76453439
76612257
70270705
69492745
76670172
69009146
76833318
69470832
77073722
69158938
76912704
69524193
76916504
69755218
77143051
77117370
76237910
69665854
69627991
76545969
70613141
76825285
70336453
69635510
76622510
69646678
69673477
69707773
76427746
76303934
75199686
70118245
75395019
75526675
70160897
75617237
75868627
75970182
70798671
70331244
74927998
70386981
74898719
75002447
70694777
70584796
70256439
74325686
70400190
70206733
69850393
69383731
69366107
74483358
69585385
74494725
69886613
69694220
74146864
69855398
70180616
74250126
73650931
73278470
73633620
70686665
70766859
70734301
73371646
73134281
72515977
72228400
70528350
72019669
70272065
71625251
70387623
71511495
71592201
70905853
70709338
71792650
70423619
72127323
70260930
71612068
70301778
70829512
70636989
70723862
70139112
70234331
70652811
70036360
70184678
68980230
69337835
69466047
69252415
70125136
69333117
69185711
68386018
70724079
68071776
67979450
70564812
70124465
67276895
71116759
71061521
71257505
71308513
68371302
72066502
69278534
72068431
72165457
69147464
69319907
69178099
69254503
68376912
68307448
67861212
69060870
75052948
69578241
74449385
69632698
74227559
69698876
68397311
68063192
74766762
68061862
67023786
74898976
67036678
67071261
75692121
66180222
66274105
76306027
66759175
76420845
66608872
77187527
66998399
66617165
76925914
76931770
67811786
67448546
77435411
67403551
67149676
77672180
77790617
77787728
67986899
68111612
78111644
67773545
67803306
78657383
67877752
78724845
68260032
78958014
78851893
78810244
68526436
68095514
79372256
79343803
68510213
68649887
68373283
79639366
67516444
67222176
78509853
67215458
78793508
66761184
77806856
66561288
64700777
64558468
78174334
77946632
77996450
78313233
64147503
78457492
78266345
64275453
78023268
77427024
77409424
76836050
65194987
64900249
76223922
64459497
64512565
63866671
76389395
76040624
64236997
63192631
75919801
76166597
62696509
61708816
76425066
61405059
76118885
60958636
75966768
76052436
61436626
75848191
75986890
61671265
75530411
75743829
62032188
61969706
75768143
61358495
75927605
75427114
61129607
61315246
75515685
75660687
61685480
75894894
61176783
61136175
75470765
75669234
75686239
75661200
76165516
62007478
76338504
62516835
62446944
62731765
62362341
77052490
62269145
76297524
61486376
61632709
76563039
76902719
61868056
61297804
77088030
61902032
61441441
77667756
77049440
60877364
60919611
77138172
60085265
77373132
60332020
60264728
77215992
77199189
60041366
77202369
59676289
77377931
77064574
59736486
77251161
77436230
77486173
60000321
60001378
77976534
60318212
60419656
59639958
78201946
59251235
78436316
78636430
59818349
59988971
78900039
59687053
59457003
59256427
59208127
79321262
57549608
79474601
57572850
57002850
79828545
57402589
57178277
56782828
79392479
79174189
57189029
56938834
79627242
56917294
79627378
56516392
56605695
55794754
80115612
56052739
55905145
80473485
55884401
80685985
80612936
56760694
56700336
80819894
56481622
80884331
80944277
80885968
56624594
80839259
56766449
81208084
57467343
57354314
81534427
57160861
57347256
82133953
57540765
81586049
57431563
80415510
57628938
58034758
57961737
80727231
58165522
57682841
81524709
81588616
58335389
81127293
58529284
81212378
58454185
58127617
80620294
57511921
79716963
57667928
57663535
56985631
57012975
56810915
79332228
79117764
56373056
56481036
78999364
79169958
56383593
78494510
56346280
78474763
78498202
78687280
56916739
78694656
78579843
78048843
57211318
56686869
78314727
78280839
78379509
78179597
78364366
78173292
78509517
58811929
58610171
58396569
78340231
58208439
79095667
59725546
79167677
79332846
59880370
60018305
79748879
60450631
60094836
79605360
60088883
59282810
58068284
79827307
57223127
79802289
79045290
79408720
57125883
79416782
79587540
79349805
79647324
79402428
58602919
78888805
58854936
79002328
58950824
78822280
78941509
78865126
59330021
59252796
78674421
78448432
59699808
78531252
78523034
78399269
78119910
77750068
77878461
59642558
59509086
59829239
78440947
59308988
78224766
60140520
60388075
60322816
60503263
60229967
60302379
59903967
59882234
60077673
59619096
58777398
59413643
57967695
57929462
57895818
58136737
57099185
57007808
57759089
57608049
57221387
57442733
56729928
57437464
57966209
57620191
57707584
58361439
58917575
60475826
60402839
60448248
60690456
60613413
59667994
59051132
58718461
58906789
59175553
59177945
59234662
58677976
58990568
58688706
59056044
59093241
59567301
58981946
59278350
59480997
60376914
60298694
60034781
59885850
59895649
59643229
59729665
58006086
57366395
57906705
57957380
59551699
59374308
59439180
59319052
59018792
59086578
58320904
58308869
58331690
58459728
58861804
58033781
58134105
58203020
58172388
57698806
57594407
57907448
57633529
58186904
58436163
58386266
57772573
106787201
106625134
106502199
106347259
58478131
58580522
107099904
107569293
59720953
107869544
60306735
108021863
60608354
108090961
108136011
60550107
105869479
60545973
106100173
60795589
60474861
105840011
60607606
105223300
60960788
105062662
60421828
104411360
60370319
103188941
102817189
60354155
102985693
102024501
101941409
101530735
101281170
100595818
100183151
100003227
97081196
96795183
96678449
61285142
61374247
97059919
97200316
61317598
61008401
61434067
97934042
97629025
61845941
96493275
96886375
62245187
96970226
96088839
96268261
62684039
96419375
95715494
96012320
63317751
62708775
61892856
96246423
61351895
96274820
95935089
61441881
61324275
95854219
96024841
95981234
61875781
95882769
61630224
61588607
95852862
95670442
95651582
62257726
96128080
96187718
96280974
62693123
63112547
63080239
63212534
97298805
96299154
96316650
96401920
96226706
63326013
63171491
96074620
96059456
63397622
96461177
96429508
63824567
96814977
64253749
96598493
96282974
64293180
96466898
96689317
64571009
64654120
64513468
96989506
96616762
64909287
96550337
96561655
96618576
96065049
65440460
65535071
96003457
96255347
65675137
65491055
96238479
64839062
64005149
64274035
62110514
96729537
62265388
62173922
96598670
62369213
96762285
61241618
96366947
96707559
96271782
96310774
61708373
97039616
62242959
96297783
96627846
62397909
96744839
96757723
96314946
96341132
62987194
95577826
95812002
95811998
64191484
96489484
64390566
96656767
96835966
64792435
96494176
64570821
96454765
64069313
96055254
62853541
95519718
95668036
62768732
95901643
95197029
63816771
124950595
92622870
125314203
125041003
93361652
125370481
93100399
125682010
92180702
125344916
125213326
125351424
124905927
92494073
91704441
91360287
124019593
90518260
90835099
91137124
124649041
90850131
90977080
91106198
90778016
124854584
91228471
90659131
91029555
123604208
123730597
123395325
123370121
91394927
91051092
123562760
123592179
92118501
124150542
92579026
124095687
124005227
93123653
92903843
93122095
93180770
92322375
92288587
124913416
124863776
124554829
93119602
92682103
92678776
92061145
124452712
91299066
124764011
91616433
124652854
124713189
91646744
124934384
125127406
124763987
124478367
91864520
91224574
89470484
89202214
89187217
88855569
124522441
88684182
124492936
124658624
124777984
124015770
124095207
89710428
124756967
124470642
90864989
124611266
90494002
90156373
124437846
123916687
124131550
123670185
91138139
123268153
123049682
91466051
123107361
91753725
123066887
122957983
122944089
122435534
122164636
120525460
120059681
92538225
120151460
120378850
120176567
121093283
121170058
93865558
121355909
94450063
94279577
121684053
121630011
121880644
94935518
122073365
122045463
94783937
95461934
94784255
94156225
123793498
94087497
94090520
94068324
123706632
123708298
94540793
124214887
123907843
95300786
95552388
95935688
95973233
96466220
95867330
95932203
94326189
94117673
94173439
126213450
94301765
126439499
94227165
126054062
94162886
126204697
94308889
94266974
94192096
94221519
94384930
127514934
127175397
128007543
95909589
128510891
96602408
128241074
128420512
127877192
96828701
97075968
128269724
127988458
97347744
96808428
128480965
96677862
96576794
128726130
128032616
128058779
128014600
96144777
127862466
96144761
95994739
128241856
96370812
128248301
127977877
96764855
128262663
128397844
128547291
128499828
128395586
98251887
128427115
128435743
97761042
97071604
96966367
128923705
128754992
128700974
128662872
97491935
97618468
97603620
129537357
129421729
97775298
129575317
97728538
129593022
97902636
129968066
98164108
98212464
130295487
98240607
130249335
97174110
130431471
130372539
129940552
129770541
129190189
97696426
129273689
98016517
98219875
98350365
97748489
96636458
96632286
131414822
131380193
130890787
96565042
96879307
96915608
131369711
131237877
97682063
131070906
131083671
130893302
98561091
130637449
130661394
99035665
130626990
130548696
98302782
98496934
131198053
98945433
131616600
98907798
98001581
97962506
98170315
97900423
132667458
132763227
133226498
131495104
97876479
98120500
132141545
98307874
132328850
98311610
132429264
97956329
98154190
98525165
132444438
98664213
132728726
129009403
97911482
129385138
98067253
97597313
129353937
129121882
129243817
98094996
129176650
129192547
98729038
129351797
129344956
129627293
129067895
128833689
128863718
128708810
128561726
128240065
101419148
129367816
129332266
129465600
129454860
129359587
129314946
102984998
129717962
102915089
103010971
129073468
129327366
129499535
128024046
128121664
127037128
127167412
104730599
127166148
104528480
126967872
105486856
106250433
106063256
105221981
129212394
129008370
129050307
129256436
129161268
105681310
105099352
104616775
103910670
103988414
130918117
130953643
104995810
131034160
130955146
105202192
105309414
105449671
131775690
132316088
132242412
105704771
132543044
105055133
132668723
132446642
132641684
132696085
105677845
132623206
105762680
133044258
105556356
105612064
133257257
132237073
106036276
106261786
