35963
30720
3987
4291
7059
4473
8794
5996
37283
47050
16645
3516
5154
3831
5791
3666
3057
3926
4196
3379
3382
9776
4281
3849
3623
3601
3211
4313
4482
4119
3714
2862
3503
3936
4991
3512
3791
4990
4160
5156
4904
3385
3499
3710
2722
3251
3035
3645
3261
3026
3445
3610
3576
4558
2950
4151
7770
4167
3325
3366
2998
3010
4112
4063
3635
3062
2782
3934
3345
4114
2848
3301
3365
3344
3242
2879
3162
3656
4148
6858
9368
3513
3216
2722
3458
4809
6584
7136
3598
6115
3587
3594
3291
6338
3436
3506
2754
2871
4768
2470
3888
3538
3096
4390
2810
3529
2838
3339
6458
3510
3628
3357
4096
4209
4167
3973
3057
13065
3208
4172
2909
6810
6030
2020
3468
4342
4046
4067
4519
4134
4535
5543
4708
4067
6410
5143
3962
20779
3450
2869
4491
4367
4090
3627
3879
10303
5751
4407
4466
4085
4234
2444
2893
9513
2825
2769
2778
3334
4548
4241
4350
4709
23420
8712
5455
4303
3338
15459
4737
4009
4146
4460
5764
3878
3638
3489
3628
3686
2787
2186
2538
3188
2468
2445
3511
3683
4546
4160
5511
4199
6060
3888
3737
4109
4428
5695
5919
4319
4289
4573
5660
10541
4561
16987
3917
3971
4176
4487
3252
4128
3364
3476
2723
2825
4259
3177
7314
5956
3540
2651
8709
2845
2737
3100
3079
4398
10523
5125
7482
3681
2460
2865
3540
3073
3574
2758
3054
2942
3433
8654
4335
2473
2689
3057
2774
3807
2744
2709
8447
3772
2501
8723
2559
2591
2454
3173
3426
2487
2433
4074
2174
2457
4268
2503
3338
3312
4264
3884
4254
3016
3468
3180
3743
3477
3008
5913
3011
2711
3025
3360
4430
5121
3052
3875
4076
3114
5218
2968
2807
4983
5408
12184
7081
3381
3472
3859
2609
3325
2874
2387
4069
11933
2475
7598
5878
2598
3146
3668
2995
3274
3834
3318
3917
10280
10477
3269
3286
3467
3602
4774
2897
3645
3358
2720
3187
3533
2727
2970
2810
13569
3385
17678
13102
4469
54
3075
2640
3066
2581
2670
19183
12479
16534
3118
3172
3535
3621
2541
3133
2663
31525
3181
7825
2484
3386
4287
8833
7488
3266
8476
2645
2890
3462
2668
2682
12201
7578
4528
3303
4626
26863
3773
4100
3913
3830
3883
4633
5161
4748
20329
4459
4463
4311
4645
4289
5548
4930
7517
3224
4121
4267
3810
4347
4054
4440
6303
5778
7303
4769
4462
4358
4716
7048
5234
4858
5208
6052
4793
4724
7884
3484
10689
4105
4640
4108
4620
5930
4879
4805
5718
4612
17564
4118
8926
7692
4824
4733
4664
4742
4327
4109
4622
4282
4317
3869
4870
6438
3782
4170
3521
2967
4393
4903
4701
4403
5215
4706
5944
4321
3772
5698
4740
15764
5334
3917
518
6339
12851
12765
16230
57693
24642
40997
47502
24556
46371
65314
121173
172014
73619
60113
13919
37444
18488
25125
170750
71112
70006
47876
14887
12473
31164
65183
53983
87007
96982
49003
24704
52098
15513
142344
87179
122400
31858
11534
29789
150889
9355
45935
55200
14865
394978
30981
81086
135627
34184
62054
50457
21739
57937
128556
62900
74361
109592
67345
161803
206610
15150
57312
39920
19982
68108
7001
154964
151490
65174
45346
60468
11618
10942
218072
218215
21709
107170
64204
180788
109816
8482
11743
68530
11314
14278
117112
190270
67213
31182
22514
25454
75691
41330
9929
34919
361345
9516
62926
92417
158033
116479
69902
14899
26812
11830
121081
8338
30940
11934
89672
16834
299992
57832
18227
120998
48153
12343
78372
121211
116099
55883
47258
28831
69126
39258
26361
49275
54502
101427
85540
75917
38935
122696
103181
250494
23525
64598
47181
51024
14933
10430
63701
291606
56121
162888
105482
39781
7076
34215
85034
64672
21503
66584
48148
40838
39332
19083
60200
21295
217910
16512
134537
21643
45898
124912
141021
96227
114108
36789
34417
12024
14845
25879
150150
33134
88244
128228
12337
71548
14361
8794
6865
43998
8441
68060
128180
167799
233566
227169
80227
93955
54730
9485
99384
171723
141378
157456
21119
7299
135064
96977
16565
40790
39071
11250
62511
81596
73823
27765
227315
70741
50532
143065
218706
79577
13062
8679
30713
72597
153565
23155
42938
44354
68597
104747
25678
206321
341130
35036
23908
70959
49689
33846
25384
96820
67516
137391
7658
48736
27243
67133
32937
411366
68660
238640
231726
234035
32712
61325
262778
50385
7769
93834
52378
168009
54076
21576
21276
82510
113712
37631
41917
108284
8079
192490
50573
237699
89110
208854
43112
38088
201886
52163
105990
20444
72818
199608
8095
21577
134571
53386
27252
35841
201943
26757
23184
54261
136382
26935
99390
106979
6664
29232
19089
79950
22187
29877
78077
16550
37094
35206
75253
67811
50134
7572
54306
42631
110855
105057
55385
196992
10845
206831
29186
79163
27969
21114
40367
139089
30100
33337
300849
8475
207777
56673
21233
53318
158684
107363
91292
24401
9207
10187
222820
92898
216804
59952
28927
67993
36422
28895
112959
130757
92353
107834
145359
31860
131365
33206
7383
58499
119747
99519
91623
64721
191888
10577
51009
25694
17554
114815
86951
19815
130014
9291
153677
95547
16590
124968
9210
158112
100949
7109
56127
61602
11778
125658
34705
7376
53376
32701
19961
74138
91405
59282
215740
48401
56596
109821
59770
15514
96847
40813
40215
85744
54919
8724
138668
33588
11832
168247
27921
132827
105141
205133
25148
31463
75646
148934
25205
6809
19293
38919
158953
15426
145495
149913
61489
401665
14766
156124
36643
137606
82753
88032
94558
40742
39533
56237
16046
75786
38729
138941
20162
33758
21419
43915
27641
60694
16374
9225
116833
109953
150272
57324
73795
52799
78642
23438
269614
19994
274011
63979
8111
7253
79231
42010
50578
77022
187164
61703
27973
42344
8444
91983
187592
146923
126109
12811
49788
28546
27448
138391
33159
31059
26181
22087
66810
83866
161837
8234
126008
44533
95711
30064
119945
91599
271829
16680
16883
41250
40683
37752
8453
37133
57562
21594
65153
53319
36301
7872
73375
39495
62035
31973
12331
16778
315341
132517
114596
10556
42659
113974
84986
39577
7997
247083
197792
27009
32688
95781
15917
66618
22504
7752
48949
103151
109080
71461
21593
32698
65745
151815
100000
34515
115029
120288
27757
10819
209461
19337
21724
201451
83422
112576
27569
109943
45860
72299
42490
25715
21049
162331
28732
6662
41906
171823
17128
138653
48012
63368
23498
34330
18902
139612
32005
134037
40149
26777
32595
74882
59258
39971
49722
49947
147571
37035
60902
6321
74813
206156
7999
8723
50871
153251
19916
57414
23394
57503
22792
94246
20468
10090
28134
50183
95925
86185
17887
45631
9856
48048
44732
136306
18379
143657
40462
119552
57620
189510
155251
20138
26046
50595
9456
87713
60213
6790
181727
134680
230122
20530
16173
9636
27728
50464
136229
46520
31211
115028
94025
33709
42278
40431
121433
127020
63512
83601
50024
88517
41868
18476
51473
7027
155474
21811
76880
6113
7703
125300
79145
34144
41062
26655
23267
14057
60256
107991
29408
35274
42702
36822
9999
129895
73805
16223
72012
193786
26163
256084
194549
81399
16069
104729
52707
106884
22626
7191
102694
36809
28908
40477
84361
17112
41465
164568
48504
112714
95389
55296
19966
33379
80210
13894
23665
15962
16748
19876
41251
110008
33816
28289
58869
40774
15300
90321
14710
53576
65971
133925
96089
22456
74789
112622
14345
12551
62419
85879
55549
70217
34617
46600
44564
78461
179471
14111
65191
12732
32135
61582
99579
42552
131410
62518
22069
21560
62079
59445
136047
148468
523717
46377
28066
24519
120087
26650
97916
49740
38450
55873
37513
94661
38656
49090
65912
83325
109894
23727
80602
15961
45068
73323
10426
114711
61636
65233
35322
36731
39856
18527
165407
31044
224699
6889
157071
33419
80611
226994
83383
16761
21845
67071
134357
26204
24131
88407
32155
186009
18057
20967
27506
11434
25274
55665
28316
46758
10388
28413
34051
178954
195350
56160
77508
10785
156648
34582
165187
43326
50891
78047
14482
7645
116897
156262
62286
212697
60883
10022
46573
125411
30559
67956
25963
68165
175308
28729
93784
25915
110776
23029
139347
16624
157795
86199
81914
30057
68550
22893
29425
160677
34967
10965
18485
91828
109157
32082
141456
19079
13460
41794
165611
12597
49772
346337
125670
142501
7297
52191
63332
66049
205075
20158
61143
33244
51287
72867
104434
35106
30684
11185
18630
41242
60035
120470
123476
14380
61751
25957
36700
57202
175005
9680
152771
14901
95760
95835
62600
86444
166310
27930
21121
148502
14243
64946
8182
46750
14601
68859
146536
84188
242284
138456
21998
110614
178089
32086
88511
58063
15368
13971
242510
124252
78278
68654
53044
85787
84362
218186
37183
17339
130021
131528
32243
25950
160843
9897
16685
63245
96081
190792
52587
91582
81888
56067
13547
31021
65413
13179
10755
46258
23826
66572
186726
52690
143333
13641
55906
28620
41502
9694
31763
116592
135801
37922
13353
63100
89897
8800
162188
46985
8676
27690
62553
68105
65569
93959
124719
105017
81228
11495
29991
181572
34308
44798
226582
144428
43922
14264
374931
10042
160841
135867
37999
264107
46444
62268
31753
79243
40662
41265
23069
169224
29634
156873
21000
68405
53519
80918
54144
70705
119692
112045
136733
54152
34318
91527
22084
28511
133563
120672
41843
184342
184583
6091
157636
113072
39891
145613
28947
59340
40713
83257
74827
35737
74388
33921
78011
28256
33451
58257
18633
21793
7150
23634
34882
69201
61346
8314
178103
40775
19829
11637
76980
50714
84929
29190
35171
29310
31920
171411
13387
186426
18355
19515
121995
48454
30375
122192
92941
41895
14395
25573
41209
40458
81084
10434
21681
55156
113589
46906
36384
106133
62421
17872
33260
9333
289966
115594
131022
52202
35358
78905
17246
13834
203503
33831
31579
253881
37831
99261
16054
226846
31261
80917
27239
34978
44327
39734
6547
23518
43657
63461
292561
200074
39930
23935
34997
23836
23974
31859
14618
83756
22164
81532
16078
37056
39075
29835
44702
261251
30544
26729
203048
30080
45131
21087
86702
475516
24256
39510
36540
168004
109732
128912
98734
33428
22745
24046
35120
39540
16481
123974
7764
29730
48092
166405
85411
49937
40087
16344
9937
155275
24920
28445
17222
18942
43895
147458
91358
98357
201912
23137
185976
27809
96292
11456
128433
25913
18606
64884
172368
38485
98458
77058
11352
7774
303718
12782
48694
12930
18896
44464
198972
36081
308715
224221
6938
61464
77277
22659
124232
146052
53012
137324
62719
254515
168999
41147
52972
101789
65657
37554
40561
20915
98021
18827
22498
53870
8738
16595
69429
64511
62794
72407
14457
71682
16409
44123
51232
78130
56999
165128
26983
34381
51634
69571
19538
64267
32177
122809
90765
6831
42482
233593
29650
162352
60951
20263
38165
240964
36328
32593
74725
69047
48674
13170
134610
22293
63581
14960
55747
170768
44934
59848
36026
66495
51024
141185
53548
219700
123497
81188
47619
30182
33660
124335
39537
56640
135009
125883
32997
32138
18021
87392
36373
15819
61052
57876
35569
27476
91936
6627
111430
54537
78474
63200
74946
126727
40968
78476
80635
22068
39209
19200
116341
20243
49802
58682
11311
24917
12386
21012
32587
19306
60715
79953
59179
7081
36122
165697
186625
42757
61802
33851
8541
34406
27492
62037
10212
14853
143519
66638
14740
123887
61940
78834
7154
9378
56868
95785
10253
21743
158328
73007
6212
209095
62833
43779
13365
34985
121946
102768
68231
134729
20285
13775
21162
32241
23077
28582
109417
5861
31153
13535
126134
167553
32465
88819
247391
61323
35202
28261
126818
269279
171578
22268
42719
31043
8639
55698
42370
116726
78371
96117
195044
83328
19563
152993
35151
27804
51234
55389
57106
12900
47941
123127
147154
39110
170119
41654
27281
54635
203169
209238
48543
18873
134954
91255
28150
151014
7393
27718
29744
56095
68588
22901
82804
82785
22404
64839
46245
16438
73845
193795
25010
71249
95024
24960
66279
12461
14418
34362
144698
39295
35785
21533
109152
62651
18102
179705
159116
90922
79802
75423
98434
293721
106609
26168
25088
127425
146970
8876
45945
195964
254606
109030
65329
54217
64543
58159
75610
41793
15436
164403
96580
184737
9360
8323
30134
5967
7505
64515
87608
133489
35570
21072
24154
54072
148373
125494
20099
132629
95035
287829
21332
89342
78499
248402
41873
98069
68640
21853
45782
23594
20204
62797
14805
105901
151303
280598
112972
128508
45293
130136
74899
195535
72303
55471
66125
36675
18865
80414
7155
48524
20516
10384
135327
27369
22200
73483
9132
60124
44222
105977
47248
16496
8575
33997
68003
36174
21584
59818
51709
125570
11871
73622
99374
67419
10144
7219
67081
55784
58826
184057
97152
124498
120755
23679
44661
139545
98893
20482
20960
16935
60126
48533
163919
55712
35147
51787
34143
41706
110882
62549
53744
238150
28081
82263
84885
9731
82797
19669
71944
12431
87352
107394
20407
67481
51159
102215
93788
38672
33664
31746
18767
29110
44043
9330
78823
406933
110562
180314
47890
148010
159390
36862
14621
10346
39992
14118
18822
32985
22176
15308
39474
16554
88902
277528
10828
114444
177570
35481
53785
72393
27167
36398
60517
18348
64587
51010
103802
90846
383918
69584
13716
31684
42944
40759
23736
86302
112843
76987
131995
17385
195717
29738
70430
165288
89939
42613
90695
17188
24275
61954
251371
113676
140458
68453
103439
66292
90809
88891
127487
59744
23740
18241
16010
58201
190556
128808
118744
29710
390332
17815
35209
66744
272349
47585
41785
63756
307781
13983
52226
47523
25823
31908
11810
26090
28670
74414
72069
23951
60223
6667
118315
148682
15897
31536
11405
33686
142390
138122
9958
120095
25127
43982
31768
44495
86668
131961
44947
36280
27318
32559
73390
43152
121131
95701
110419
27510
102968
33065
37435
98408
96409
44731
232350
158569
8159
43127
85871
128973
6871
11402
312487
33029
37838
22551
16877
176712
242234
408888
13882
6905
35538
119409
52703
77846
81742
72204
6385
21523
58847
16360
103320
93418
74693
59157
21296
15721
13646
61784
54170
154798
40167
20837
55405
156452
70215
87806
31817
82328
41311
7918
130473
12306
9705
59648
156639
162056
50133
13741
11804
6925
20049
152797
54788
51966
9708
192746
69072
132891
7110
33696
61697
32076
85540
28472
19723
86926
27187
23358
27496
89373
76321
125793
104982
115972
10587
21648
173077
15809
36628
12775
26680
199017
139545
90806
90195
70206
31651
76991
92280
17394
129416
149414
8311
155069
139713
83008
35623
131500
65524
33268
31422
354611
172173
110567
170092
128013
165075
268973
353817
442444
379350
477184
457540
518058
660197
592397
766012
809981
698482
747129
969471
995615
1257385
1356793
1197708
1270555
1346082
1547405
1349073
1683450
1486574
1564560
1860530
1592685
1838559
1639719
1578448
1725130
1718005
1813648
2208437
1851154
1796006
2411708
2480675
2534158
2003793
2060508
2608943
2067655
2060301
2048533
1947670
2019810
2681887
2065289
2134777
2727697
2200173
2947481
2228679
2251965
2316004
3083065
2893775
2985147
2500674
2583227
3154057
3218027
3173427
2832911
2968868
3451115
3041356
3521272
2977572
3050356
3056638
3079174
3718702
3706698
3891517
3146089
3240112
4063737
3326505
3373701
4130820
3454074
3442309
4168005
3493150
4242203
4143957
4080385
3517993
4087930
3551738
3533097
3380578
4279443
3471087
4216458
3482862
4228556
3450541
4314019
3542974
4257624
4247348
4223338
4162315
3997779
3634172
3565807
4105390
3633009
3678821
4199317
3505485
3620412
4483468
4447360
4505851
3798664
4544423
4535037
4533545
3976570
4089709
4660170
4147586
4132304
4075443
4134179
4225921
4233265
4903085
4393601
5068379
4388115
4386941
4482023
5306184
4575626
5250216
4501990
4531503
5444629
4507279
5504240
5508049
4431500
4417568
4412308
4443887
5650282
4417966
4267988
4256491
4177134
5815764
5765945
5632431
4357118
5719158
4334851
5814787
4398009
5773690
4295494
4358366
5951805
4447325
6017267
4446811
6191750
4612284
4578489
4585581
6331724
6375898
4748140
4799940
6327906
4898938
6421913
4952020
6444029
6522777
5039922
5125487
6673330
5254864
5330719
5326194
5333771
6975548
5227369
5175178
7062613
7023649
5340733
5393895
7171335
5359110
5361373
5313084
5402809
5371567
7360703
5441322
7473012
5596691
5499980
7686925
5346750
5412464
7937617
5585014
5578701
8035428
5525007
5497715
7889885
5673515
5646796
8176647
5736877
5800467
5814747
5911020
5795280
5824275
8599551
8563808
5857273
5815507
5552648
5302736
5464419
5494946
5490399
5472803
5475304
5448419
5385710
5429563
5385649
5347994
5316120
9228679
5435297
5384381
5412953
9363160
5483497
5430840
9465603
5609400
5695040
9651891
9583702
5724881
5764223
9853249
5859941
9880419
6131289
6094053
10102978
6278537
10033611
6257986
6330763
9996378
9807375
9605761
6470981
9760686
6547711
6752709
6581391
10114650
10081398
9933858
6720047
6730757
6683983
10112448
6758001
6731818
10212799
6502952
6598933
10482772
10411984
6723381
6647745
10579639
6733183
6817099
6747691
10769836
6815408
6950986
10955417
7153337
11062935
11029656
11099133
7229135
11128806
11198118
7351373
11290504
7420631
11336229
7469495
7362141
7298431
7213831
11440631
7351959
7421129
7408150
7451595
7430440
11893732
7525940
12054683
7552161
7554677
12212464
7589729
7702043
12400135
7808174
7839535
7748101
12616008
7872212
7875943
12799825
8053921
8095091
8175222
13097902
8254916
8428471
13396463
8439613
8397676
13258974
8469908
8667570
13441034
8728791
13720295
8805996
13666061
13731181
13909141
9025772
9084833
14002064
9275342
9213140
8900643
14104522
9091284
9187142
14440737
9368579
9371175
14346529
9523177
9429859
9492688
9505267
9580613
14986883
9853504
9712707
9712845
15098418
15066511
9765753
9640213
9448508
9468322
15260546
9559984
15303100
9474113
15389850
9443051
15475004
9547680
15508454
9730801
9781606
15698989
15714025
9728928
9816635
9875201
9763063
9845975
9922728
16066013
9883436
16050579
9807588
9672654
9759240
9771071
16316211
9719643
16489701
9886967
9838695
16662604
9907188
16569654
16588118
10089617
10288485
16956295
10484672
17020939
17235306
10740083
10717473
17309876
17289712
10798710
10878921
17477075
11023177
17563769
10954996
10917693
17695624
11022970
17857314
10989416
11006411
10990880
18069401
10912888
10804213
10816008
18271872
10784666
18292312
10843443
18342741
10970273
11020201
18313289
11089944
11156927
18474046
18564347
11450908
11542913
18777461
18779395
11726889
18755931
11607423
18833217
18730016
11750843
11832536
11830009
11886235
11841936
18989048
11881261
19038725
11957939
18952996
11902945
19040984
11995789
12074183
12128067
19330663
12080030
19317826
12145573
12323546
12419700
12481158
19806745
12656661
19848510
12664335
20028048
12864540
20132224
12893524
20217207
12974275
13050932
13120001
20128746
13157989
13312122
13348197
20499829
13445870
20463961
20535730
13520469
13501772
20675317
13590204
13607448
20606030
13631699
13540047
20749437
20748962
13613349
13594493
20709382
13688184
13772877
20886577
20985266
13819308
13765463
13771558
13801540
21022092
13864504
21182522
13751364
13934302
13927144
21467627
13910690
13873008
13743284
13703054
21560816
13794079
21659659
13824184
13898225
13979674
13948422
21882947
21963835
14039770
14115959
14136709
22235213
14093457
14238120
14233946
22633385
14400773
14497473
22828459
14509957
14602135
22933665
23004370
14623266
14616473
14604334
14642305
23143151
23187672
14768985
14849256
14897631
23379685
23215768
14846393
14837496
23309246
23314759
23261672
23304033
14997248
15160908
15245932
23583711
23567453
15395685
23640805
23559911
15478842
23543325
15660225
23527756
15726636
15822663
23681429
15907451
15765699
23806302
23804074
15786955
15960976
16133285
16193069
24147407
16067749
16073841
16143306
24336547
16227054
16102288
16082836
24532141
15973338
15970442
24714035
16070636
16124880
16203265
25003212
16361301
16227202
16204571
16250303
25234679
16095069
16264670
16219131
16165928
25548279
16175636
25811180
16420857
25875914
16599832
25937366
26018778
16514175
16472398
26114423
16565024
16759263
26304248
16846060
16779456
26348522
16734501
16597559
16635051
26400231
26377442
16709741
26391017
16773244
16824781
26575044
26615753
17106676
26780559
17051062
17002995
16985765
16879403
27017473
16981885
17097465
17144626
27272814
17158079
27194236
17220700
17367751
27423977
17415501
17427455
27601256
17531481
27677905
27667284
27616547
27666154
17575875
27711363
17606852
17715405
27799693
17795716
27888442
17821051
17920346
17882326
17836871
17773824
17717593
17667463
28277769
17604050
28279043
28345378
17665462
28385625
17526656
28477535
17533081
28524316
17392073
28622965
17381267
17474824
28821920
17593972
17612302
29084538
29038043
17702373
29196746
29124869
17697427
29183452
17789799
29357289
17959813
29441655
18123687
29572016
18193070
18252268
29560406
18311067
18204949
18220046
29749442
29680124
18288861
18295408
18285056
18350921
29817882
18424474
29741575
29723629
18398867
29807486
18559552
18301523
18273027
18269966
30117337
30093023
30031929
18362674
18446996
18501853
18560330
30323651
18395456
18417159
30350262
18522504
30383518
18410601
30397717
18390907
30449310
18334356
18410221
18340887
30742124
30802639
18544315
30723781
18541806
30812500
18451098
18489627
18556758
18490749
31105255
18422204
18427192
18520349
18363359
18414587
31362750
31459877
18287958
31548063
18323439
18473762
18541847
31794877
18539365
31795154
31806878
18677626
18662423
31954413
18745165
18623640
18664252
32153960
31998871
18750061
31955848
18785527
18695015
32057822
32077091
18702962
18703232
18765920
18905811
32238097
18838595
18818436
32332348
18901617
32393036
18829864
18880718
18827063
18868767
18897194
18875035
18946120
32965998
19039750
33063464
33009382
18976769
19004477
32994129
33085353
19099880
19141444
19321925
33376326
19334840
19177692
19174644
19195962
33458156
19195824
19263442
33705368
19432064
33889388
19444587
33868641
19501061
19668585
19735218
34095282
19496121
19534368
33986827
19611599
34059522
19695038
34048529
33940148
19699364
19650037
34072739
34022797
19840859
19852501
34168515
19947663
20033364
34259384
20065023
34348861
20158345
20164565
20040271
20217427
34641451
34370608
20293757
20128585
20039154
20063182
20157496
34656843
20273363
20234135
20278472
20482342
35026959
34963957
20667049
35026867
35078687
20839133
20825337
35173604
20984705
21062162
35470226
21075817
35549374
21082114
35622035
21091699
35576242
35662251
21273240
21172875
21246364
21207484
21281548
35946054
21263888
35944766
21207227
35993112
21217624
35996082
21255569
21175596
21273901
21313597
21388543
36546561
21481696
36596039
36630909
21428794
21453574
21719135
37295212
22003275
21997689
22051976
37398285
22045007
37405157
37418299
22111421
22183843
22211385
37586786
22199476
37576943
22280810
22322227
22307604
22330562
22399981
38058053
22447786
22413282
22344020
38216962
22467303
38297024
38372611
22605673
38397270
22612043
38363100
22580139
38471714
38462306
22629461
22722527
38467075
38526213
22684845
38509129
22720664
22802562
22819919
22915420
38890327
22867571
22941992
38979791
22929514
22890456
39241275
22981143
39270418
23061625
39230402
22987854
39266506
23112013
23196324
23263028
39442074
23274192
23279997
23358293
39485035
23392149
23485487
23517201
39742168
39757751
23742193
39962283
23789830
40031331
40150058
40210367
24023812
40194472
24113309
40362000
24284176
24253393
40556860
24346841
24379622
40489057
24439242
24489030
24585331
24495910
24555892
24475994
24522286
40987869
24566873
24668188
41025652
41078520
24731494
41153994
24875967
41132963
41218991
24948631
24969886
41210073
25043367
41344860
25118760
25096243
25143894
41411819
41412791
25243172
25245283
25319360
25328209
25282549
25362954
41637785
41579687
25392832
41519549
25481806
41628123
25490391
25472451
25532207
25485394
25632516
41989438
41941294
25624905
25656138
25682193
25770207
42133227
42310747
25948134
26139372
26306837
42639953
42710322
26484669
42994068
26603196
26647740
26606193
26589335
43231710
26649520
26724399
43464521
26923531
43560348
27088985
27143131
43982317
27375503
44152227
27550675
27713019
27729831
27822093
27859903
27868244
44586986
44498162
27990409
28047378
28005408
27997300
44783884
44865723
45033093
28375149
28434454
45136463
45111738
28631789
45277345
28824889
28871951
45566020
28965925
45754685
29221735
29303992
45943239
29433769
29501524
29457995
29412796
29401497
29132298
46441186
29231294
46591390
46526593
29397762
46605611
46734710
46791345
29795886
46808243
46891415
29847356
29966030
47279887
30137456
47309144
47312432
30146921
47380728
47353218
30346000
47538554
30418569
30621950
47689468
30714394
47569238
30848851
30831981
47881383
30762536
30790531
47971932
30740071
47835255
30738073
48013935
31003825
31021069
48205083
48153143
31016904
48229950
31035944
48263066
31001697
48424688
31039707
48344387
30988326
48512317
48482335
48533109
31137280
31210528
31144135
48721539
31318692
48880930
31500950
48970724
31646761
49259270
31788698
31740908
49423211
31843304
49337952
49513596
32021623
49602254
32024732
49476861
49466954
32102928
49404739
49469089
32276306
49652757
49851760
32554591
49865376
32701184
49988626
32879579
50083010
50173754
32964619
32823681
32885664
50250427
33079136
33176044
33227707
50605999
33060015
33230026
50878899
33284523
33318216
33262655
51120423
33142086
32670585
51173393
32755810
51272925
51354256
32780012
32850934
32788451
32672932
51459856
51395867
32777583
51454168
51264801
51243273
32834027
51396389
32809830
51489102
32859987
32750084
51759832
51603434
32933668
33019748
51889666
33174445
52039474
51973705
52007220
33406245
52162183
33578349
33662441
33702475
52315349
52403553
33898389
33978521
52552578
33918473
52606418
52691820
34083957
52769574
52587943
34230761
34082555
34181982
34022983
34131431
34188420
53058805
34200218
34286966
53205455
34343457
34444777
53486786
34533357
53553076
34701499
34780538
34771730
53691858
34832462
34906754
53865411
53784474
34897291
34981507
35052996
35042157
35125872
35148156
54152423
35145489
35232449
35295780
54304210
35373314
54380706
35440773
35355261
54557242
35326085
35325730
35506866
54853879
35668572
55042956
55030067
35844292
35850418
35898837
55497242
35995145
55500505
35932043
35931035
36030563
55714050
36114853
36124100
55952522
36085450
36171226
36187328
56194185
36191951
56201989
36162599
36170187
36220313
56559723
36151960
36067486
56623176
36150529
36218349
36282409
36308882
57011052
56776840
36470191
56946838
56905395
36647670
36719556
57158860
57239509
36992421
57301599
37043178
37133532
57150863
37331963
37351290
37430539
37506501
57537559
37591460
37520649
57644978
37624661
37712053
57786255
37801493
37845089
37833472
37977236
58017515
38058242
57988031
38056831
38079516
38200628
58158129
38175939
58167467
38331369
58369608
38502458
38573512
58405233
58385082
58399823
38645301
38606081
58439683
38772326
58615151
38814771
38875100
38959734
58730126
38961611
39150872
58870944
39239922
39311112
58663655
39485747
58787938
39602817
39552007
59263785
59358957
39836181
59355312
39898571
59394336
39919656
59487799
40022520
40176200
59464251
40121587
40195446
59490420
59645322
59579746
40407983
59670817
59757909
40600844
59629581
40694574
59670796
40643889
40597378
59762124
40710162
59943933
40911851
60074720
41001803
60049617
41092158
41134606
41223210
60339733
41304107
60511417
41324936
41352341
60580005
41349417
41376062
60653429
60697946
41570774
60882815
41713538
60888556
41811633
41860021
60962644
41873975
41885126
41782575
61341523
41953441
42018939
42011829
42055950
42072259
61686057
42144185
61812321
42191961
42202520
42306881
62041304
42344735
42429024
42492890
42461156
42201993
42162933
42091533
62383236
42071904
42051111
42147251
42191616
42173769
62769847
42169993
42268919
42247557
42101426
62909337
42203891
63144515
42480676
42512547
42686857
63550974
42782981
42835204
42691034
63921900
42775940
42916745
64210049
43077756
64368842
43262495
64385266
64465822
43370491
43498070
64722710
43521869
43597329
64798998
43777782
65051223
43967535
44099984
65346128
44238866
44410377
65704147
44470249
44512943
65978752
44570672
65992855
44633594
66089451
66116991
44617982
44781367
66395348
45053177
44990612
45058341
66696046
45144076
66757359
45233005
45118169
66859205
45195823
66948227
45470280
67146464
67096596
67290325
45693135
45704151
45669679
45721777
67573963
45754589
45870539
45926944
67829973
45978441
46017166
46107487
68136612
46160720
46031707
46219456
68290073
68171399
46308705
46401787
68304318
46600501
68505903
46624441
46694196
46746102
46898975
46908605
46896766
69099914
46967455
46998763
47004994
69365016
47173076
47207110
69645979
47326640
47302923
69827013
47496615
47556536
70115687
47634888
70207551
47702427
47673632
47666645
70295334
47753699
70307927
47813775
70393665
70443348
47929858
70504030
70602958
48174305
48392571
70969322
70806970
48550150
70785717
70835223
70896832
71080220
49047108
71175420
71229268
49281170
71399875
49474858
49537381
71514021
49579008
71579034
49754144
49687688
71590468
49786429
49878971
71627187
71636473
71516287
49947632
50035649
71894131
50220581
50214213
71969604
50277096
72065727
50443122
50489610
50524437
72154604
50495506
72060380
50751647
72210672
50665824
50521283
50706593
72334759
50763845
72424321
50860058
72463352
50938776
50959745
51015300
72813300
72915328
51211915
51292838
51313649
51398201
51411715
73168695
51515840
51520018
73397896
73343190
73392767
51659163
73472470
51808010
73553152
73597665
51995692
73562884
51813854
51880336
73599762
51819526
51871152
51960916
73762779
52053629
52151925
73968021
52095555
52227653
52194185
52121960
52196282
74336836
74224549
52334435
52186004
52251704
52348984
74405644
52420338
52700181
74854306
74902023
52884236
52851830
75010675
74965650
53140023
53241570
75227047
53388511
75283645
53452337
53518048
53679978
75752664
75643480
54049157
54047182
54204083
54271076
76143607
76195041
54463095
54310791
54362718
76711995
54364032
54490367
77140726
54757125
54678629
77296707
55001349
55014393
55192982
55372435
55454643
77775270
55582246
55646867
78074380
55816059
78259759
55738045
55799528
55868238
78629005
55820423
55803713
55964798
78882169
56322208
79254865
56398897
56472566
79274973
56552865
79367511
79529150
56775065
79577347
56815578
79614958
56813446
79901894
57086741
80000087
57215139
57024566
56819205
56824211
56460950
56476256
80407908
56567939
56583155
56583320
80759719
56643477
56730492
56804394
80885271
56876127
56809623
56567473
81194717
56697763
56701261
81655236
56993628
81636475
57179132
81932146
57230300
57279294
57250816
82108981
82071864
57181551
57268595
57270158
82254870
57322321
57360552
82427166
82543274
57511057
82417604
82495279
57508251
82594790
57701389
57766933
57848883
57852835
82827807
57816812
57794236
57946496
82990231
57992637
83165757
58294720
83329176
58269511
58158455
83479951
58318960
58355292
83635253
58301962
83796615
58422355
58612402
84014224
84095579
58809945
58763657
58716878
58744739
84379680
58704523
84452210
84525481
58796195
84695800
59028600
58979135
59097311
59126175
85163215
59393236
59365637
85369479
85464399
59428829
85434733
59433033
85427945
59604809
59486024
59581009
85794412
85993690
59799117
86244081
60139830
60130841
86412800
86392740
60218528
86568092
86512775
86567488
60549832
86709380
60621812
60678730
60731358
87013273
60826058
86903653
60903782
86962847
87220432
61277688
87296210
61173653
61107688
87361459
61001148
87539209
61206687
61292327
61371948
87735854
87665442
87637173
61379179
87800266
61528196
61553753
87708766
61702816
87995868
88083289
61903164
88157312
62064459
62124309
62140857
88324293
62115602
62182745
88490606
62282593
87968430
62307570
62329073
88136683
62425710
62489200
62502779
88373966
62482226
62437202
62536458
88478869
88456850
88348506
88536404
62760664
88639302
62850628
88803813
62989594
63184109
89155805
89117647
63458549
89252003
63338495
89419270
63598476
89446947
63698132
63687291
63814042
89817802
63850395
63827115
63808000
63868539
63774942
63823147
63627432
63700355
90235130
63847789
90511483
63922736
90571094
90722806
64211673
64299578
64408568
64309620
91059404
64394031
64550130
91018018
64844856
91304269
65020761
65087557
65040549
91752568
65204954
65090519
91967434
92126117
65511861
65575348
92324715
65758347
65668143
92490410
65850700
92616698
66137371
92866422
66096328
92965352
66294300
66290050
93257239
93210567
66154552
66134417
66182761
66282901
66105652
93562465
66175999
65968861
93852831
66172051
94013942
94198232
94223476
66443995
66424868
66520513
94416540
66719692
94541042
94402786
67017671
94403877
67213415
94589172
66959696
94876791
95025508
67214677
67252863
67355093
95223283
67342099
67337212
67285224
95592658
67338276
95622921
67435556
67492816
95873489
67535315
67607826
67899533
96528969
68085545
68284384
68484039
97316082
68744010
68843706
68801126
68650389
97845290
68851739
97944942
68815022
98014079
68856879
98178920
68880469
98341389
69064100
98477092
69144057
98456262
69331225
98542753
69528055
69587150
98560249
98381861
69663905
69669798
98563225
98758151
69934021
98941978
70123113
99116124
70011963
99293842
70247649
70215217
70233783
70439956
99891521
70522422
70686295
100170905
100133452
70596825
70668404
100390428
100390093
100437077
70738938
70891772
100767850
71038103
71019410
71098040
100972485
71443072
71620825
101426893
71766202
101345055
71859093
71931228
71742692
71912595
71838125
101896610
72027515
102094991
71893634
71929375
102331812
71999189
72191932
72098049
72242000
72170217
103027026
72231248
72245408
103055921
103135998
72425823
72454106
72548889
103327986
72616089
103481877
72804619
72877373
103735851
72959015
72796283
72883623
72896618
73070711
73058077
104425330
73039800
73220870
104720510
104850841
73514832
104935093
73576271
73678200
105112592
73742574
105468406
74138667
105491025
74304745
74439303
74419105
74495175
105970148
74428120
106002192
106091136
74500150
74472969
106236984
74517773
74609024
106319820
74622971
106602423
74814843
74822935
106788596
74955515
106953330
106823124
75148226
75068987
107015826
75355871
75421069
107142174
75470516
75497481
75651706
107482769
75654950
75836874
107643279
75856437
107829487
76119616
107982603
76255195
76477054
108344359
108251530
76559710
108346437
108383159
76735019
76593442
76843256
76861995
108935561
76941437
77026824
77017777
77100038
109218955
77162942
109366408
109449827
77403016
109380993
77662234
77926265
109928811
110008185
78206616
110164584
110179292
78295599
78449141
78480699
110477080
78701257
111064978
78928651
111116529
111241997
79169951
111318229
79324624
79334326
111501633
111588256
79508578
111640141
111591318
111647379
79799720
111832091
79977665
80075366
80258605
80537004
112609301
80564492
80758422
112797678
81032036
113068011
81065165
81130542
81182682
113351109
81404147
113465802
81492275
81484843
113661663
81534654
81718603
113840891
81651169
114108710
81508240
81563824
114309510
81645737
81740453
114321530
81806768
114352638
81835986
81838191
114416563
81999382
82203078
114886640
115069174
115109835
82597858
82633618
82609823
115294140
82771929
82716873
83016262
115811819
83068988
115956112
115989094
116182474
83558696
116271646
116442712
83754863
116502939
83781754
83880578
116674305
116829316
116975286
84224283
84294927
84488811
117333303
84483404
117502895
117568941
84789752
84883819
117776296
84985333
117910337
85054969
117941455
85081439
85033202
85094349
118044429
85042469
118177685
85099871
84978258
85004553
118332464
118232136
85043400
118405118
118489027
85336634
85223715
118610214
85419585
85510528
118895894
85629399
85710761
85630635
119177457
85651206
85744531
119341929
85925406
119504621
86019511
86199284
86267626
119967425
85985549
120117888
86105429
86271889
120237950
86324526
120138578
86450318
86478408
86574325
120416675
86446921
86338903
120595799
86343985
86417615
86493530
86490000
120945169
86658869
86724603
121035876
86704552
86733050
86907687
121383760
87105037
87154871
121774243
87136933
121816245
86901094
121956584
86970944
87053264
121972902
87201527
87384061
122453946
122525802
87676977
87651400
122733316
87817638
87936780
123030858
87837435
123118492
87994145
87953456
88035603
88167445
123358519
88264575
88412435
88501471
123794294
88418665
123926273
88584798
88663651
123825303
88728644
123952454
88822775
88896412
88870375
88915676
124223164
89066915
89115398
89044308
124700941
88911722
89008275
124846300
89019368
124879006
89149908
89188856
89175257
125242701
89171259
89157332
89078290
89116066
125428470
89211912
125504495
89306979
89294055
125659052
89281801
89315359
126001094
125924328
125901915
89667601
89671779
125869579
125934788
89808182
126009759
89997874
90053937
126295117
126342057
90453563
126482747
126461446
90591009
126566127
90769866
126747054
90873315
90924609
126701304
126699958
126627681
126549945
91078878
126680045
91158067
91246640
126777880
91392854
91440652
91467151
127162992
91547221
127192734
91544763
91423136
127232498
91392933
91465651
91456481
127417640
91538764
91632025
127706036
127815197
91743054
128003725
127919238
92024837
92042564
128099002
92306774
92183198
92292254
128453875
128552147
92489677
128542775
128465963
92674284
92745519
128581822
92710452
92754853
128774954
128749729
128804953
93050277
93122869
129096736
93155032
129300520
93326928
129568274
93431557
93413305
129749284
93425339
129811183
93504271
93658532
93700428
130173541
130111511
93799097
93959414
130391179
93800085
93886362
93950069
93933057
130750249
94107030
94193491
94225864
94163570
130988033
94258966
131360644
94484899
94546316
131507290
94646599
94504767
94659654
94756790
94787326
132054615
132101884
94983439
132003684
95176877
132011335
95200070
95233097
132179675
95247723
95196310
95263499
95159109
132378968
95309469
95214574
95277385
132601505
95299186
132265582
132226634
132322731
132286893
132144641
132237589
95582121
132120153
95680953
132114601
95746550
95957842
132436125
96067365
132501948
96101147
132696105
96216012
96297043
132787353
132725538
132787659
132861777
96350498
132921230
133074054
96612472
133139732
96802694
133329199
97053685
97146190
133559079
97218891
97184265
97357528
97417659
97375176
97427488
133854609
97508622
97535620
97735776
134167685
134200823
97945668
98115192
98216028
134687589
98368673
98477444
98547655
135136495
98700705
98671308
135224751
98752155
98813047
135460428
135557419
135691688
99257937
99452421
135831380
99521914
99420912
99592410
136247490
99720555
136289687
99917498
99966251
99970199
136649314
100065629
136679759
100354343
136952218
136942580
100363940
136950295
136973469
100550989
100631173
137188842
100777047
137270422
100831147
137436055
137465969
137381917
101315386
101344916
137620802
101362322
101433056
137913900
101456485
101652410
138073237
101840778
101682039
138224380
101771791
101850916
138334747
102049297
138493766
102226062
102313914
138658849
102497746
102687365
138937604
138932882
102687567
102664761
138980122
102796108
139239157
102939032
139419876
102998523
139611110
103273475
139570528
139630691
103662093
103731321
140044172
140101787
104008412
104072243
140278544
104304031
140432294
104239633
104207574
104212937
104139704
140566208
104142631
140772569
104256396
104305023
140947226
104238184
140921698
104321679
104360700
141121547
141083332
104560150
104622795
104708387
141269160
140901584
104964050
104848313
104810649
104788675
104844333
104944335
141041473
141161596
105203295
141209880
105497166
105553775
141221400
105798823
141499816
105893905
105909510
141520280
106110929
141671082
141583132
106310766
141857706
106481454
141812692
106575324
141965312
106722923
106772919
106692834
142248024
106825829
106885353
142451967
106931541
142690379
107063843
107090657
107149584
142723827
107174627
107115161
107028386
143163034
107175772
143314649
143437277
107335841
143371977
107457750
143425803
143517036
107655693
143527353
107697564
107785435
143679387
107952250
107981816
143885494
108036096
143953389
108140832
144011820
108316432
144040525
108410781
108600361
144246715
108683145
144439957
108665400
108701391
108752401
144598857
144519894
108777483
108843819
144703743
108863617
108825527
108931050
144913314
108984930
144928112
109180161
144901446
109549481
145257297
145301798
145387792
145461327
110005056
145550908
110153795
145665200
110188641
145816774
110358392
110443356
145882827
145805145
110525237
110528783
145957439
110695016
146125320
110541024
110567614
146402400
146404703
146452595
146368009
110848681
110935089
110938250
146561013
146630165
111123526
146684716
146622719
111186028
146450913
146343457
111322040
111423527
146714414
111574839
147007426
111739589
147154085
111753745
147116585
111821304
147169087
111977538
147260639
111839156
147343998
111932167
112060566
112239282
147734257
112208132
147858611
112391436
148072321
112582681
112683318
148466938
112828771
148582818
112938443
148690738
113029685
148975398
113272363
148757430
113361289
113420645
149041109
113536959
113572671
149394703
113806539
113859255
113912982
113995695
113802550
113847814
149767548
113841321
113864015
149995642
150069552
113942889
150268685
114133135
150453350
114305813
150514036
150602366
114495697
114609538
150894075
114636922
114649072
114710849
151077022
150992740
114714411
151180884
151458324
115021389
115193200
151787178
115423289
115505288
152079414
115794481
152356214
115867543
115745898
152371868
116015433
116200147
116296955
116288887
152841980
116519425
116499557
153032578
116470597
116436310
153235365
116576801
116568122
116639629
153499854
153503353
116799695
153509779
117168932
153810387
117227786
153723718
117289560
117431095
117608864
154075411
117684999
117734862
154328425
117733223
117724512
117757926
117623148
117709813
117697604
117630300
117734278
154478964
117949876
154752524
118024583
154949559
118166331
118202309
155049679
118203320
155188972
118371214
118406824
155404780
118633372
118616384
118726637
155797711
118888416
118939923
156185037
119229538
156475667
119381568
156673141
119535440
119712180
156995384
119779586
120063201
157393794
120025453
120043850
120074812
157779198
120020043
120204672
157988939
120019268
119947070
120019361
158322229
120193721
158707076
120468880
158790003
120570954
120758034
159091479
120840623
120851213
120912444
120810753
159362147
120866814
159403602
120927363
159554511
121009486
120976544
159699332
120984757
120772853
120764279
120721847
159892985
120920403
120946211
160338540
121136510
160320197
121099034
121073704
121103200
121278211
160650574
121522332
160872174
121591891
121654020
121728673
161063817
121876442
161281235
121961433
122005469
161496628
122008553
122015387
161648938
122092307
161706469
122343074
122425779
162002859
122598353
162100335
162088505
162266149
122845618
162220424
123094274
162437386
123110681
123298715
162617854
123284093
162790432
123398919
123548145
123536046
163170080
123556952
123623216
163271710
123540812
123477969
163432890
123642217
123745109
163660998
123930535
123939538
163915590
124050157
124053057
124080993
123985322
124072462
164084806
124016403
124063125
164285609
123949788
124046707
164525314
124427982
164679875
124470505
164805434
124512924
164881809
124566098
165031407
124687350
165021311
124766647
164971798
124854009
124931419
165235807
125083904
165302078
125174624
165239411
125291081
125287519
125072341
165412783
125173608
125218685
125395397
165755496
125456515
165900679
125479377
125597356
125528579
125605611
166127951
125658572
125794133
166482252
125956536
166645264
166654529
126161777
126160471
126215724
126233779
166947490
126387493
167225334
126679719
167322153
126783866
126783234
167521943
126916475
126916706
126947610
168011559
127077701
168490881
127363025
168617686
168718573
168702105
168697939
127696483
127810612
168907868
127903467
127887636
169292869
169375104
169349711
128154912
169516442
128278865
128459688
169780087
128639402
128532376
170069185
128588366
128577776
128613241
128769656
170262871
170344371
128814680
128878810
170414305
128935860
128891261
128879221
170477617
128864988
128898393
128836782
170810414
129008615
170923445
129017890
171028739
129109255
171172480
129330347
171400034
129451128
129413212
171570961
129361865
129368476
129501393
171579285
129446812
171731891
129599788
171787665
129688381
129834402
172033740
172194741
130119776
172066046
130224016
130148229
172416778
130325825
130277416
172550886
130171075
172750058
130367496
172899356
172896249
130521362
172975889
130539108
130494454
173034595
130575494
173209770
130713983
130882289
131035666
173406874
131120224
131201092
173763809
131456058
131487712
173893641
131574547
131766873
174168473
131843895
131996116
174449361
174388458
174494087
132108486
132184502
174751326
174766513
132465854
174942255
174915127
174886082
132802972
174975032
132839145
132774119
132859416
175263258
133015943
175359409
132968760
175650306
133242959
175827236
175847855
133493440
176012256
133780846
176197401
133972215
176480272
176568535
176626187
134198782
176819985
134352968
176908111
134350931
177013551
134356512
134548580
134538445
177132920
134730082
134629706
177219550
177367859
177359512
134862704
134884971
177517382
134972964
135038194
178006588
134934471
134803064
178143834
134964688
134832442
178171908
178213471
134890629
178289755
134777557
178255756
134819436
134850220
178539204
178538610
178725855
135061467
178641826
178611041
135241997
178678685
135278428
135364700
178871016
135415452
178937970
135472702
178976684
135467466
179019054
179083321
135655213
179100268
135790322
179316960
135822496
135999053
179612286
136199447
179990030
136579899
180260240
136750075
180375862
136726463
136823349
180543743
136890080
180489725
136942576
136991292
180763409
137006781
180858849
137271161
137365111
181230905
137405774
137455779
181396697
137455187
181485879
137540030
181606283
137724893
181876500
137829038
182111783
138071140
137967576
138011061
182410108
138293670
138331781
138376523
182872228
138488112
183090030
138665089
138607986
183372576
138794270
183401153
183524705
139089966
183643764
139183781
138933724
139095750
183919734
139190694
139464817
139517227
184409032
139607869
139701485
139897566
184766173
140060333
140087542
185123788
185109646
140227589
140146664
185583958
140317263
140323946
140494285
185855629
140782903
140797431
140851307
186299101
186489297
141149756
141296210
186866603
186920382
141580580
187015080
141865888
141869337
141838251
187261637
141970576
142030734
187379363
141942400
142017534
142033912
142210367
187947655
142392170
142592688
188095933
142853905
142933825
188278270
142992957
143162017
188554774
143191905
143294486
143355531
188955714
143362336
143581457
189182556
189251379
143781253
143662368
189560971
143815144
143916792
144003634
189738446
143946313
144047238
144121629
190260699
144338896
190320196
190358908
144372868
190515497
144475465
144546580
144553362
190809267
144640151
144706193
190993558
144804665
191007661
144898005
144817617
144913649
191184555
191181032
144975486
191209240
191297210
145073068
145121087
145240800
191526772
145248329
145497532
145553087
192000810
145473589
192087829
145598971
192227832
145657345
192528414
145881449
145792590
192683796
146010833
192971766
193173179
146375569
146277747
193254366
146285601
146334209
146407296
193342417
146557100
193524690
193525594
146759992
193589069
146850960
146944628
147210388
193987005
194071654
147304789
147381934
147433861
147530579
147629227
147703761
194738604
147844170
195089230
148121852
195140377
148416501
195450026
148421617
148515521
148628309
195847069
148661885
195975544
148877977
148980772
149157464
149188340
196544340
196617497
149284269
149367492
196722117
149552036
149656505
149642694
196846410
197011888
149862695
149864558
149850672
197181733
150036515
197238169
197325927
150324724
197478986
150407331
150423986
197678080
150481651
150536175
197777673
197921529
198008397
150749010
150444340
198045801
198232910
150620577
198305707
198344604
150885684
198416791
151222166
198605109
198704773
151405507
198763609
198757960
198902384
198840147
198849533
151759779
151777650
198999608
151935923
199129341
199287608
152149274
199223477
199324544
199380208
199449697
152645355
152825044
152799231
199801126
152867330
199971271
152886422
152775775
152940481
200277582
152912440
152972819
152992781
152892156
200593352
152888090
152797458
200658542
152833571
152876612
200821596
152899413
200976710
153159056
200919225
200913765
153199856
201116522
153444357
153497804
201089595
153408240
200890164
153561238
153644427
153603880
201259904
153649791
153738795
201245646
201496201
154023850
154030695
201396132
154191480
201577631
201541969
154140333
154174929
201620394
154266256
154290783
201792815
154273930
202041121
154341096
154386088
202095858
202173167
154567195
202438578
154755876
154776778
202439853
154970108
202639736
202649713
155117699
155305025
155226433
155291352
155195498
203132780
155354366
203288878
155405728
203379273
155481968
155535699
203529775
155564110
155737898
203794146
155918788
155937987
204154606
156125027
204266346
156410482
156440314
156568343
204689826
204873947
156737442
156890010
156939852
205153893
157041835
157112893
205433531
157238934
205585051
157417897
157589485
157574344
157655689
205795065
157745471
157806566
206274503
158102263
206181872
206250254
158393229
206290503
206390825
158634369
158719351
158798541
206713319
159062656
159002368
159058470
207265865
159246245
159428295
207528191
159520156
159557262
207630242
207593451
207686221
159655575
159515133
207733719
159602880
159484793
159588380
208034523
208041680
207950703
208021115
159866821
208158630
160134640
208208339
160316443
208201254
208308628
160464412
208492404
208496012
160638266
160645503
208628633
160658428
208622528
160541308
160798439
208998747
160874868
209060553
160901472
209234204
161236038
209474911
161319703
161394762
209647159
161486006
161466152
209809756
161473068
161501647
210167015
210269575
161971474
210329660
162160885
210480807
210642780
162349244
162614871
162620244
210977265
162573577
211070093
162595987
211167066
162548795
162636466
162737803
211560213
162913243
162982630
211682116
163024220
211912184
163003757
212112248
163198156
212151268
163334538
212222492
212519891
163628439
163817414
163874590
163854245
212803728
164029006
212997860
164099456
164109046
213285089
213208924
164366342
213453890
164545518
213462800
164615647
164595143
213813330
164789194
213999545
164876332
164968325
214083041
164888038
214183582
164985402
214433937
165373400
214588149
165420986
165509850
214795638
214800915
165617586
165700472
215036938
165993586
166271109
215531038
166364138
166456758
166647576
215927098
166671723
166755370
216174582
166845953
216218169
166989756
216340326
167028130
167196283
167252946
167429185
217125921
167454916
167516988
167596548
217242885
167682818
167557696
167635639
217430196
167786071
167613944
217546536
167684038
167759162
217829769
217903828
168055388
217996020
168292724
218157861
168395213
168441156
218321195
168623050
218348642
168610210
168645795
168781822
218651742
218753603
218790295
168947678
169004558
218942233
169069182
219029086
169248171
219139452
169322238
219258722
169517008
219330440
219432226
169715419
219764764
170095681
170099542
219987013
170282506
170342208
170532151
170604637
220485346
220746720
170921391
171089566
220947747
171086017
171208322
221168273
171267702
221232099
221323042
171363725
221291624
221330455
171604408
171604110
171691280
171729551
221889101
171926439
171965389
221756715
172063175
172208974
222041539
172311700
222244835
172567579
172722156
222572914
172865781
222807285
172784884
172814822
222905915
172874779
223007868
173138831
223199625
173147371
173329724
223679428
173506144
223779994
173288577
223791256
173482515
223973506
173626249
173585703
173677084
224316921
224209658
173949332
174049079
224473698
174220217
174305209
174395847
224819686
174569968
225018209
174642501
225299777
174795855
225399227
174712408
174667453
174650252
174587192
225726075
174882180
175063918
226169435
175157405
226370305
175021784
175200971
175261274
175451544
226959044
175492799
227014513
175540592
175485962
227155513
175586093
227320226
175761413
175809844
227492625
227505587
176056748
227647110
227481283
176136034
227403727
176310677
227534458
227205010
176540643
227345916
176760682
227454151
176686657
227503020
176788057
176842510
227615262
177005256
227696860
176980621
227837363
177115436
177187905
227931585
177282956
228092175
177361298
177434293
228160170
228348123
177552753
177566435
228453384
177763617
177845510
228615410
177867904
228719260
228795895
177978541
228937487
177896340
229002362
178044679
229194910
229216772
178075888
178167179
229271917
178358030
178380511
229558651
229578369
229529674
178679084
229477554
229411174
178842922
229513842
179189913
179292381
179463092
229985764
179710691
230261209
230367598
180060006
230327847
180059922
230488216
179945335
230641993
180166726
180256810
230873642
180434498
231037955
180532078
230908535
230866264
180502297
230964170
230878597
180891011
231087101
181056789
231108628
231105985
231154289
181204903
231234994
181461538
231306304
181639392
181641008
231549344
181721082
181585993
181643836
231704936
181618561
181656623
232086845
181849566
181740629
181794166
181517440
181616790
181462235
232525873
181291575
181386755
181511554
232931256
181576184
181693633
181578852
181751228
233560957
181865034
233731924
181995602
182045555
182109159
234075968
234161566
182427481
234254248
182482243
234332273
182666556
182577874
182608442
182679604
234730126
182626625
182730249
182747802
182743638
235118072
182743780
235291790
182899497
235308097
183003317
235356231
182994030
183048881
183068509
183155156
183323937
236015129
183261676
183438375
236267854
183558459
236658370
236705981
183827175
183973762
184061501
184099400
237139056
184247683
184530142
237400860
184664812
237565544
184848497
184733381
237817055
237948292
185034025
185131884
185209052
185391143
238534069
185428371
185507965
238928111
185744975
239131598
185943575
186020058
186018610
239268628
239497894
186348200
186447862
239686211
186443119
186591553
186686553
239897211
186766659
186725299
186910060
187038604
240337520
240468600
187224054
187277670
240748727
187587657
240902535
187675995
241042315
241139464
187966506
188061814
241267248
188192929
241527129
188308374
188390041
188472896
188559264
241911342
188515524
241891817
241972519
188689963
188846238
242130200
242135077
242231169
189244119
242498537
189503717
189541907
242757054
189389081
189357187
189438160
243012776
189390015
189444451
189515667
243278597
243236149
243324126
189620797
189638377
243436569
189920326
190011731
243889398
190186941
190366737
190412894
243969679
244040411
190570840
190659252
190618865
244309830
190664706
244504624
190818106
190861206
244746786
191135721
245150189
245419723
191641683
191736009
245820523
191887169
191826886
246080223
192081990
246175670
192120131
246280036
192289056
192373160
246363150
246563121
192670286
246760114
192954634
246934584
192941289
192894342
246980883
193076157
246895096
193213551
247090440
193280058
193376585
193428999
247346965
193695044
247697777
193812701
193983140
247951729
194148573
194275553
248092533
194536849
248490263
194708477
195149748
248973228
195298512
195426754
249115650
195577259
195753674
195785878
249554811
196050401
249949139
196244068
196343137
196383619
250383551
196577189
196670914
196800058
250654823
196878410
197061606
197244202
251108145
197178412
251264516
197251171
197304220
197107233
197187747
197210751
251648938
197288281
197483343
251857194
197663026
252136956
197728856
197766804
197916468
197977253
198129501
252726430
198287734
252891141
198474326
198665859
253368866
253312107
198955479
253420941
199017311
199273254
253576149
199369974
199656379
253842908
199850893
199938767
254203725
200072677
254280288
200336610
254404114
200347525
200295616
254799578
200497701
255039884
200611172
200797322
200896586
255527000
201091729
201183508
201038350
201167652
256012314
201162335
201176234
201224691
201271659
256282018
201205752
201467963
201514487
256812623
201555806
256856318
201839654
201916052
201860124
201846672
201918683
257524373
202285224
257521864
202358484
257713677
202632132
202706163
202808556
258198313
258266501
202978026
258365694
258375316
203114777
203207440
258521640
258621230
203375864
258974932
203768495
259018511
203950813
204112630
259377500
204134087
259372667
259325537
204382112
259539091
204493484
259614323
204553430
259863328
204746983
204918169
260239280
205015746
205064059
205116655
260622461
205304333
260437910
260501725
205461948
205538008
260887859
205532710
205584731
261050278
205789341
261211105
205916320
206019660
261434410
261566005
206378881
206518119
261958493
206713392
262043789
261863378
206830420
261956962
206897525
206917882
207078778
262477503
207233055
262735778
207388346
207434315
207530119
207667989
263302791
207713851
207876898
263778169
208141818
208225891
263984629
208297408
208382032
208372713
264133203
208315154
208391237
208452897
208388966
264615284
208684762
264991207
208872410
209065869
209234583
265380467
209345375
265775743
209329190
209360406
209375149
209369367
266178335
209472588
266557182
209872159
266588959
210096768
266955727
210286731
210325477
267084668
210273630
210312759
210375384
210567672
267762852
210695822
210991476
211203455
268377210
211456991
268785189
211662866
211679275
269054297
269019854
211991642
269198515
212300314
269490081
212537723
212493647
269709454
212673482
212685824
270082320
270089677
212739218
270047437
212835547
270256918
212973819
270481639
213247710
270674034
213496285
270858267
213452944
271257130
213823284
271449609
214014315
214260755
271820205
214453483
272036019
272217444
214702422
214943768
272489337
215038350
272594768
272515491
214851872
214996827
272972694
272970475
215276440
273031038
273028666
215422118
215459159
215512878
273379727
215346415
273479531
215438878
215462086
273548342
215420356
215560723
273843505
215801011
215827726
273775040
215741759
215751186
215799222
273994290
215969324
215741248
273831041
215845010
216130188
274220444
274396454
216299689
274524924
216577961
274592061
274611541
216749192
216772147
274718302
216832469
274912433
274987389
217013426
217034019
217130779
217293521
275269757
217501239
217468113
275538553
217517289
275821171
275911385
217998978
276089910
275988350
276064623
276213755
218334344
276383293
218508403
276447108
218724595
218738911
276819278
218865079
276908401
219033378
277272043
219264726
277345663
219124483
277383926
219236865
219429500
219402070
219478857
219439395
277919432
219505481
277993671
219524641
219476801
219490637
278193596
219526750
278250553
219684574
278450079
219855459
278567674
219865114
219866391
219835075
219997003
278845293
220054959
220244996
220312503
220408036
279291160
220462372
220804906
279768870
220773732
220840661
280031679
221028753
280034394
221083363
221255998
221321942
280420114
221465713
280591123
221517487
280618204
221682257
221762781
280986486
221869395
221916843
222035549
221995523
281422800
222173644
222247232
222113297
281711400
222159253
281834990
222319078
281902632
222367594
282060532
222428830
222618554
282260781
222577554
282534205
222605138
222502018
222574647
282738521
222674988
222963045
282975820
222963939
223104580
283355289
223158330
223229169
283392797
223204690
223314220
223406885
223486582
283661582
223663375
283953079
223608020
283935161
223705116
223909971
283930955
284001267
224153551
284163264
224584634
284482260
284543974
224663332
284699248
224688221
224693287
224765324
224909109
285365215
225033919
225206124
225275744
285662631
285764334
225554728
225445779
225524738
225615207
286235066
225545742
225810874
225906417
286652580
225848092
225938714
286753316
225896384
286812659
225990631
226087539
226265919
287245977
226257495
226173426
226240223
287514758
226323105
287777211
226524267
287973025
226703901
288165127
288269194
226923674
288333775
288366993
227091427
227153602
288896772
227382193
227364745
227512585
227372927
289021702
227276643
227149410
289108179
227287563
227358526
289390766
289390891
227635363
289678646
227711671
227744440
227900612
228075039
228145144
290364477
228221877
290513292
228336865
228388791
290855999
228468743
228568800
228412063
291092156
228510328
291156805
228495073
228558842
228488217
228602250
228656946
291731959
228847349
292001359
228839058
228834720
228920629
229085497
292141682
292152572
229047337
228992368
229297920
292530993
229289091
292701710
229362598
292779391
292972902
229630184
229747643
293230277
229843356
229820087
229927231
293459090
230121801
293819248
230362557
293988414
230458712
230729448
294299248
230750644
230922614
294776201
231100758
231186739
231259929
295138369
231595706
295525334
231873740
232156169
295835434
232324646
232355993
295957835
232399020
232574147
296239755
232657514
232740084
232836008
232825089
232623931
296634593
232745571
232825200
296898650
232797748
232879577
296928683
232974760
233146947
297307829
233204746
297348278
233244799
233420781
297697832
233482157
233570059
233517551
297922253
298084461
233755821
298173463
233788497
298182849
233966381
298231008
234151414
234165501
234225091
298382846
234126231
234127223
298670468
234301057
234275818
299000534
234545646
299151557
234530632
234708529
234682530
234531026
299736040
234729319
299731005
234800444
234846847
234920811
300008960
300015799
235004160
235126089
235220622
235290965
300613002
235568559
235610142
235631499
235670136
235767209
301227382
235943624
235904314
301291616
301381536
236089957
236129854
236158322
236161289
301906837
236139643
302004911
302195691
236476595
236642654
302456827
302427045
302685912
236981460
302833870
237282420
302919896
237465734
303097800
237309263
303257973
303380056
237625184
303570524
237753075
303747061
237932719
238020073
303802270
303825063
238190805
238231763
304141946
238424707
304175037
238474188
304360942
304555796
238925297
304822624
239018378
304898760
304836035
239112572
239234503
239231497
239295316
305227997
239374317
239562116
305539086
305523007
239852169
305742184
239946484
239942153
306034043
240079018
240061580
240146504
306130767
306196301
240258666
240312305
306385417
240578220
306572568
240578792
306736334
240965941
306908994
306754874
241052072
241229770
307203624
241405140
241344904
307225580
241620056
241684710
241681515
241759760
241861481
307698473
241973954
307781555
242005516
307897479
242008627
242159657
308070428
242225126
308386701
242515558
242468359
308516308
242672338
308745349
243038471
308997449
309127179
243167071
308994450
309139353
309152052
243554103
309327443
243719551
243900961
243988557
309791640
244168198
309992596
244402592
310415678
244559265
310518932
244623709
244670152
310697919
244865527
244650923
311177922
244881710
245027136
245204047
311530262
245334560
245423054
245456954
245501924
312069024
312077554
312117453
245817644
312266409
245893519
246088923
312454434
312467356
246161617
246324885
312608135
246490034
312885378
246692612
313086833
313221063
247057941
313453733
247350901
313366891
247372159
313519054
247407489
313610853
313707634
247570118
313875423
313960030
247807432
314137065
247966595
248068002
314304430
248087958
248260574
248278120
314780929
248414662
248486893
248657446
248753660
315353558
248919198
315414844
249031378
249036654
315761813
249134645
315820633
249177447
316012669
249269176
249200867
249190547
249273078
249166707
316239310
248824818
249083707
316525368
249266541
249156200
316819381
249170243
316967003
249319068
317236618
317181176
249580293
249774957
249612856
317509421
249696848
249551902
317682104
249716074
249777735
317871350
249836022
249925743
318021982
249904525
318321337
318413999
250301104
318553255
318757752
250583294
250651670
250316056
250394569
319017010
250562204
250585135
319209177
250562571
319181749
250641587
250424325
250524130
319342543
250630706
319541750
250735923
250941964
251149630
320217775
251196057
320253127
251277338
320540936
251493242
251492199
320543986
251570652
320832043
251741393
251916102
321120243
321144518
252172035
252167474
321152820
321312353
321321428
252519587
321310655
252557329
321346695
252577707
321468758
252789866
252792782
321772350
253065325
321947891
253222144
253320317
253447024
322423135
253640084
322707310
253729347
253812923
253902452
323131581
254292608
323420863
254400061
323599724
323773547
254677762
254762175
324111587
254828494
254916382
324218214
254915156
324309001
254742137
324463782
254937204
324636374
255020753
255157448
324844491
255291201
255216808
325114445
255276416
255303906
255345745
255429992
325410552
325548851
255610695
255597654
325797762
255803441
325901598
255875530
255842494
255952477
326150876
256052868
326333613
256032317
326378190
326453340
256402834
256649973
256583333
327133766
256731376
256888010
327341652
327583705
257065413
327857099
327938753
257443510
328025016
257650048
257841204
328373194
257932024
258162406
328594707
258362564
258444405
258467326
329043786
258650312
328941879
258763867
258939992
259095981
329534637
259037876
329707629
259189714
329931925
259338290
259594758
259413508
330291758
259469623
330484121
330657138
259764333
259764419
330792092
259918388
330922861
259993058
330986360
260120629
260219597
331163734
331133932
331276005
260338300
331371708
331461470
331540590
331631138
260589850
260843855
260954074
332122173
261229239
332384156
261507062
261671267
332845087
261828109
333037458
261994013
333255396
262072353
261936443
262097870
333513204
262297348
333770747
262433195
333966208
262638002
334121592
262650172
262739248
262836630
334361410
263011443
263287859
334950845
263303942
335106946
263682001
263757955
263882856
335566023
335788836
264160526
264357619
335813142
264510525
335820331
264604754
336119661
264787235
336253754
264997768
336534385
265059719
336444855
336532537
265345152
265492897
265620504
337364125
265663340
337369021
265622961
337530273
265917407
337902107
266060563
266129764
338269682
266341950
266163381
338520161
338684147
266534180
266617250
338784068
266666704
266754989
338938906
266615648
266652423
339025779
339196179
339328986
267033195
339227837
339314044
267191530
267210267
339344858
267212574
339492615
267231110
339767370
267624309
267885937
340204891
267962987
340465001
268041827
267987545
268010632
268162719
340837751
268536765
341319175
268833298
341521021
268987144
269046135
269108900
341783356
342076576
269427725
269613715
342460127
342374289
269815593
342506073
342565274
270209337
342517834
270253250
270315503
342736644
270367889
270487686
342755496
270479835
342860213
270490257
342988523
343068128
270702701
343328695
270874172
343520882
270643599
270726085
343587735
343650580
270782660
343778706
270929622
270993074
271038439
271091227
344074605
343978393
271280974
271355052
271346310
344090525
271383393
344149123
271646547
271736095
344383869
271808920
271893963
271797409
344676781
271767516
271855263
272147401
345136471
272216823
272408440
345495937
272641120
345752970
272692975
345832337
272895662
272960543
345927891
273123598
345924582
345975405
273242311
346156393
273386000
273470671
273536222
346291008
346236977
346405986
273990308
346501236
274013710
273978686
274034483
274169678
347073108
347162284
274456929
274462460
274566072
347425252
274764550
347426727
274772685
347596712
274879720
347690625
347728857
274940056
274630044
274590565
274556639
274442884
347967923
274625243
274622998
274714225
348341491
274900602
348553347
275051649
275130834
348718119
275074583
275099521
348608764
275086916
275166734
275250636
348780207
275420461
275310697
275411254
349054883
275509925
275677818
349410098
275975946
349695795
349572591
276148081
349658691
349853577
276295452
276492904
350243029
276512303
350338755
276672682
276740862
350613270
276810277
350723982
276943827
351007411
277175694
351283848
277457341
351645379
277568431
277653239
351691981
277798150
277745296
277626452
351891065
277611668
277702636
277730115
352361142
277910738
352160701
278004707
278061053
352369739
278145304
352465632
278224252
352503019
278476316
352754217
278664553
352884216
278728602
353178406
278932830
279053392
353365925
353381407
279244939
279291046
279376622
353676990
279478010
353683549
353801179
279789374
353759365
279941103
280032217
353986598
280121051
354274219
280291812
280253515
280345548
354466278
280333629
354634731
280411239
280484186
280502018
354791620
280784103
280837876
354993711
280919629
355306891
281156442
281219650
355585231
281297426
355782181
356059761
356149716
281803465
356168251
281887499
356305654
282141319
356319177
282037653
282017261
282097129
356580617
282258941
282356612
356693152
282549110
356944489
282566115
282681579
357263106
282868051
357231764
282831852
282770627
282782628
282977261
357807596
283174453
283412320
358160965
283427242
283564164
283628556
358422133
283820691
283907735
358756780
284038400
283958377
284055593
284232136
359249266
284156694
284162578
284294317
284480177
359884101
284654174
284634891
360314350
285068707
360527264
285251522
360647792
285408441
360577041
360663852
285518256
360752384
285657174
360918718
285849248
285852857
361112518
361295558
285999515
361357800
286180896
361748321
286473930
361922634
286455965
362111476
362312489
286751571
287034169
362616305
362693492
287191472
287282211
287465203
287467065
287653556
363173967
287538520
287633917
287709515
363565755
287866420
288019490
363949776
288267532
288326351
288354534
288374874
364520902
288304452
364603018
288379971
288502799
365057854
288403583
288609558
365352225
288588567
365540077
288753830
365579941
288870939
288980341
365880169
289008415
289020216
366140893
289187453
289155109
289302164
366490690
289392583
366414283
289475344
366471653
289653289
366752978
289824946
290002250
367004780
290046158
367204473
290205925
367273519
290303159
290354768
367458207
290596157
367508900
290793871
367777967
291036007
367852289
291090432
291096831
368042773
291261966
291274673
291035671
368435911
291128607
368622761
291309607
291428841
291597704
291695145
291875941
369400532
291976642
369342503
292056282
369423252
369550254
369747256
292402555
292443168
292442287
370112011
292508516
292572526
292493653
292682774
370459078
292809192
292813123
292799215
370802656
292896420
371093892
293166876
293262780
293435816
371547769
371537911
293816675
371724223
371814621
371893198
371827680
294217604
372011247
371933608
294372252
294444091
294497515
294573914
372293802
372482436
294773665
372612772
294964739
372814195
295242427
295415813
373075818
295256103
295549651
295636957
373560512
295603849
295734602
295719817
295665551
295663456
295718821
295639747
374237613
295843967
295859286
374665670
296078078
296242373
375216830
296600573
375350588
296781700
375441263
296818192
375632942
296970946
375647588
375673883
297135527
375696405
297312376
297505974
375856702
297538641
375954098
375940965
297557999
376067354
297624330
297683442
297997882
376659396
298097244
376581891
298293983
376775960
298464971
298544334
376951282
298536606
377083217
298598117
298744797
377423419
298999336
377607699
299135392
377932518
299223079
299198414
299252432
378195757
299358691
299451576
378456917
299498989
299649435
299842445
379024156
300018969
300302516
379352129
300353737
300343257
379520679
300425130
300429656
300505293
300580950
379940104
300864710
300922716
300890563
300756559
300929236
380821069
380817343
301018714
381009191
301083108
301210060
301286509
301383570
381411318
301572776
301645988
301712934
301801885
381854713
301886903
301951841
382084539
302064721
302091852
302065321
382464455
302079015
302064055
382689393
302308055
302495532
383107208
302644554
383196155
383287895
383360313
302821270
302946651
303048978
383616008
303187924
303347357
383854406
383928159
303447513
303326091
384413036
303435494
303477426
303503822
303674933
384966748
384740408
303888095
303897967
303989878
304054646
304086937
385130389
304110891
304224227
304263099
304265425
385529811
304338535
385827329
304576044
304532531
304703875
386122277
304709488
304651109
386294136
304672583
304647021
304654408
386503011
386565298
304739500
304859645
386738599
386810930
304875384
304945313
305020613
387164446
305095157
305193358
387191806
387370819
305483266
387553498
306068953
387728710
306054715
306098638
306270286
306421358
388234831
388313433
306586537
306755605
306988284
388880225
307178241
389138861
389208808
307499789
389470464
307776220
389612076
389791724
308134897
389969176
308239028
390168948
308402845
390263632
308473757
308447397
390542461
390627102
308661531
390815622
308852824
391087093
390876373
309002452
390631473
390618540
308966526
390694064
309034583
390724068
309348449
390936250
390835661
309491958
391055963
309804626
391170220
309726484
309823037
391281662
309901648
310037159
391570035
310092477
391544365
310361555
391834435
310336334
310532160
392076951
392222112
310685468
392427744
310804154
392496632
310992415
392656184
311176316
311230397
311143648
392864314
311401560
311453574
311514376
393348766
311590276
393409019
311774628
311676866
393636402
311777983
393732784
311675427
393924063
311904449
394187065
311986644
312060653
394209574
312262518
394386751
394249601
312362525
394393516
312534351
394545223
394811316
312918251
394888906
312987478
313073446
312997779
395376858
312970968
313172587
395526207
313370887
395809536
313380705
313630193
396033796
313670935
396135683
313816915
313990909
314106218
396600449
314176953
396856777
314461128
314494321
397081475
314531116
314645877
397261606
314748474
314832917
314665166
314732190
397575080
314817363
314885767
397727357
314692366
314708954
397909807
397979642
314751758
314566784
398060733
314695940
398140873
314849411
398417470
314950251
315234742
315278048
315293161
398991830
315304308
399184601
315477524
315684326
315777823
399764338
315936540
315967590
316020953
316215740
400257495
316410588
400552669
316497360
400819007
316617281
400902902
316786046
400975159
401099654
316968155
401268115
401270547
317120272
316919824
401477806
317072073
317137031
317209310
401657753
317025729
317124479
402001073
317240760
317340529
317401893
402468601
317654114
402669716
402852781
317840775
317927275
403050269
318122826
403236755
318293087
403287594
318326739
403574852
318433705
318465324
403712387
318651703
403806536
318827713
404014093
319116609
403985056
319182005
404058079
404243654
319500102
404422639
404331820
404427146
319900182
319974227
404622466
320074171
404744681
320258423
320228987
405034989
320482938
405284507
320718211
405566012
320862530
405765823
320883348
320864021
320806705
320984580
406438198
321166515
321223132
406597450
321190107
406566752
321290908
321285732
321298133
407028373
321291617
321339710
321414759
321561207
407394186
321634406
321821948
407855857
321843510
408041557
321866189
408093885
321966408
322025122
322191495
408483570
322346980
322445052
408733268
322488257
408887729
322502817
322516780
322500351
322589876
322664493
409336755
322809006
409710391
409858885
323175453
323141685
323236733
323074170
409955572
410026516
323421045
410255323
323608345
410317861
410492798
323761906
323789388
410637497
323744945
410717294
323914495
410662753
410845737
324205514
411097577
411192339
324488000
324591071
324607152
411461603
324760906
411625024
324864025
325043912
325094413
325254437
412111133
412161885
325548613
325540403
325560986
325395074
412450092
325415104
412532498
325618933
325869447
325862011
412903502
326031806
412994150
326092487
326163143
326250528
413265371
326343258
326293548
326158167
413566010
326306034
326387397
326552396
414150229
326687184
326858725
414295080
326898585
414648986
327001170
327076984
327162526
415109758
327183208
327345071
327640436
415571768
327768163
327653380
327857711
416079360
328007587
328105784
328200033
416385205
328383816
328571811
416516170
328756511
416656726
328879289
329072658
417039917
329074070
329169597
417231437
329211703
417411699
329219184
329370807
329339897
417745000
417982029
329160038
329257010
329205457
418142555
329293439
329241664
329222888
329290949
329341823
418392759
329296319
329323306
329448089
418783774
329578109
418766035
418806056
418664778
329975303
418921956
418907806
418862535
330063062
330196759
330339566
419360749
330434209
330415434
330462305
419698771
330333633
419888873
330566816
330754751
330846741
420321135
330850128
331051941
420684374
331109087
331397762
421163130
331526729
331621644
331676328
421555018
331834752
331915893
421768629
331988294
332088235
332196317
422118143
332306783
332399539
422509350
332582979
332638214
332660109
422563312
332622324
332685980
332774726
423209986
333041276
333115815
423429238
333258020
423607317
333554389
333722261
423985254
333924177
334021548
334075363
424259623
334257455
334170109
424559235
334250443
334525383
424908886
334530237
424881400
334614873
334544727
334541340
334619477
425459142
334755076
334938398
425805445
335136955
335303382
426074535
335400285
335446993
335731177
426662714
335809035
335996292
336002575
427124785
336138345
336292608
336441051
427613748
336386647
336534894
336540428
336563397
336521442
428137682
336816643
428147058
336719813
336859481
337042949
428583584
336967445
337043996
428785112
428972173
337325537
429130346
429186741
337488222
337419725
337716103
429517776
429619429
429672322
338091057
429732521
338193114
429905895
338456966
338555422
430160477
338646919
430280327
338747982
430326682
338684654
338870215
430679446
338892278
430821233
339152786
339064524
430977876
339076185
431094053
339165175
339204223
431217958
339302914
431151155
338964392
339024431
338974093
431295286
339143031
431480482
339082372
431434875
431604301
339242206
339312055
431801537
339591836
432075162
339684025
432230837
432332138
432406637
340174594
340180783
340304224
432933468
340401518
433084289
433133124
340741198
340838646
433331336
340922861
433488565
341021224
341173393
433768372
341283677
433824777
341280672
341356086
434045223
341494289
434319850
341477643
341489997
434488704
341671214
341736517
434857569
341833727
434906169
342023962
342213201
342447680
435490969
342485618
435496421
342641269
342835236
435926447
435969968
343205780
436160463
343305220
343354072
343470081
343553892
436474699
343645024
436673176
343787105
343888727
436910223
343982185
344059482
437103314
344055677
343894205
343942730
437502697
344064402
437437419
437427300
344229838
344421529
344454515
344524015
438003741
344682055
344867263
438453103
344961675
438515016
345160775
438610040
438881839
345550524
345522323
439025429
345666443
439127761
345701358
345834440
439379783
345923606
345981143
345949768
439579359
439677519
346105663
439811447
346243706
439827035
346089893
346256274
346284990
346377066
346354857
440442389
440590316
346639760
346930314
440891135
346950383
347081455
347118403
441142790
347353115
441326384
347422770
347501148
441685949
347680651
347842984
347903942
347895186
348154407
442416444
348328421
348502208
442856052
348623250
442940275
348685009
443116426
348831467
443270912
349087134
443427773
349114220
349024176
348955422
443643309
349051061
349050408
443909349
349206128
444027777
349364271
444145445
349636171
444233760
349882852
444660227
350203380
444651793
350269097
350405424
444893911
350332648
350418945
350420545
350574078
445208134
445257929
445370262
350688851
445640150
350794099
445712578
350804255
350753238
350812308
350900994
446194998
350950442
350972262
446710447
351209504
447085670
351494418
446991227
351551711
351667864
351741056
351718868
351857169
447563050
351952699
447465457
352128218
447713006
352398929
447947267
352668461
448280861
352965806
448356253
353187592
448634227
353377478
353439372
448797092
353539221
448761905
353599470
353626864
353687299
353783721
353973787
449311848
354095948
354275785
449707288
354555462
450005627
354591543
354665230
354723739
450314050
354930569
450714253
355197215
355478561
451035214
355317516
451299107
355539357
451299550
355730859
451581281
355890432
451647664
451844172
356222398
452011129
356475806
452281960
452317033
452288526
356834658
452333286
452428249
357107260
357180395
452522698
452701743
357418543
357573205
452989958
453038817
357926029
453214647
358099184
453300360
358223473
453361194
358313584
358341818
453454850
358512745
358688468
453875054
358861326
358992543
359114009
454489862
359285714
454421413
359363650
359363462
359503289
359588299
454722104
359875342
360050461
360110270
455134487
360198142
455411756
360585820
455551126
360622693
360863239
455868391
361059714
361191511
456258245
361436956
361623448
456748168
361708081
456919061
361823408
457080295
361932389
362044782
457445561
362212685
362360239
362431769
457840061
362512729
362684688
458300332
362755415
458341589
362848639
458503999
363136717
458683431
363200688
363315163
458974266
363293536
459033138
363372070
363552289
459405101
363645910
363773315
459545959
363803765
459697657
363821873
363878212
460083092
364093655
364135516
364190561
364270834
460308743
460526456
364530531
364607636
460693577
364716028
460838801
460655039
364861243
364828415
364896816
461082220
365002776
364989820
461437376
365162969
461534124
365190137
365248838
461670045
365411935
461594161
365517199
365564150
461952744
365691263
462146586
462315279
365977885
366129604
462584581
366285593
462745981
366296181
366429208
366594847
463227782
366589126
366771589
463486892
366812308
366880463
463657969
367060976
463818811
367125419
367205962
367169730
464182367
367401491
464380245
464425502
367602576
367780551
464558598
464428374
367943370
464503259
368201746
464669618
464767822
368490671
368535935
465049212
368621140
465242033
368726425
465442537
368982219
465349314
465447601
369210987
465732983
369220770
369490676
465972276
466063146
369563086
369609282
466163099
466354910
369812642
466582634
370106801
466808375
370295386
370321495
370418438
370499709
467138374
370459180
467416834
370735239
370727609
370867165
467422514
370832600
370889473
370927513
370849299
371044604
467934632
371211735
371247491
371302493
468422949
371137374
371134283
371282044
468693701
371378328
371536906
468932090
371615059
371804935
371864249
469228637
371835635
372131446
469610578
469638794
372411959
372517604
469854925
372581088
372657860
372839222
470179461
372924920
372999320
470485507
373152871
470530812
373318670
470803440
373422419
373590902
373533149
373416585
373572566
471363646
373793486
373860746
471763853
374098254
374232823
472167905
472209124
374400494
374595897
472410204
472389596
374892583
375000126
472806309
375102675
375075446
375251564
375323386
375338894
375406945
375580523
473505143
473598821
375767547
375840796
375862979
375877336
473956908
375905234
375994838
376268955
474450241
474477772
474675383
376532780
376698083
376718121
475238787
376675454
376775797
376856086
475661254
377049077
475823432
475977749
377155923
377005564
377249016
476175668
377324688
377420697
476339531
377454104
377572975
476575568
377620731
476850487
377756876
377843715
477208378
378139192
477190533
477383359
378297966
378370503
477574832
378468476
378442679
378734194
378892523
478112907
379065004
478487706
379423104
379167497
478676207
379250768
478827589
379350079
379487924
479217189
379513838
379392276
379589067
479500691
379788465
479761681
379937521
479933642
380006043
379886490
379982246
480224768
380126127
380321020
380363211
480485763
380563277
380624151
480879582
380814382
481026135
380712571
380809358
380906231
380962902
481419981
381147508
381339116
481620776
481661627
381538570
481940161
381497669
381553364
381719963
482178589
482260920
381904982
381976245
482171561
482229894
482217382
382138374
482528222
382512221
482704225
382593168
482772356
482951101
482982157
382863552
482901426
383114759
483152224
383133720
483287925
383531370
483418263
383686394
383718919
383791775
383879071
483725787
384075287
384231702
484121626
384275136
384552639
384515955
384582274
484661782
384809772
384894252
484988937
384844762
384913183
384990148
485520473
485569712
385153658
385243598
385250744
485782272
385402334
485881686
385583408
485875975
385623769
486067018
385707330
486127591
486246096
386008996
386087774
386085451
386080573
386111937
486685994
386206540
486777305
386351519
386012705
486960259
487045574
386204360
386289143
487110421
386214068
386173879
487070601
386355308
386412715
487453522
386618554
386704875
386797268
487819113
386872875
386907586
487971895
386983750
487982929
386926577
387114156
488301577
387069970
387168863
387155444
488503118
387226490
387233280
387222960
488661481
387399524
488754876
387550088
488940451
387991342
489152050
388080737
489555129
388562565
388177167
388283941
388331312
388433536
490073501
388497322
388579819
490270026
388746039
490192952
388832680
388844020
490491757
388677767
388754838
388838379
490642303
389091927
389184249
491033024
491218241
389570860
491511810
389842088
491345400
389890571
491499568
390148216
390152108
491950938
390417410
390442621
492126453
390504145
390521730
492417129
390779198
390782443
492517917
390974771
391065407
492997118
391227844
493231857
391527220
493265265
391784863
391706836
391790571
493421702
391779522
391715067
391717551
391709156
493588995
391695641
391736193
493436596
391923391
493597047
391987326
392041559
392112590
392102975
493975074
392152424
392230663
494341752
392490247
494623635
392663720
494734216
392788940
392886698
494975705
495019581
393088867
393104313
393298616
495502389
393290529
393388683
495806890
393621186
393834799
496147099
393815460
496139927
393886868
496222760
496146165
393986885
496120355
394160817
496405220
394354491
394228332
394297704
496789962
394156177
497080297
497245771
394460457
497359536
394734938
394702517
394760461
394821847
394803595
497606055
497770264
395012416
497938720
395093789
395201647
395231285
498202432
395310861
395295690
395418816
498556975
395526534
395540762
498688466
395613380
498979714
395794444
498981177
396160307
499235632
396325071
499182359
396627687
499415841
396681501
499583613
396944491
396949499
499868601
397145337
397233045
500030155
397332092
397349080
500418694
397606043
397703206
397717693
500799156
397807958
397702559
397750793
397796111
397712680
397873500
501357302
397977963
501428403
397888654
501482446
398134842
501719962
398387892
398472284
502056757
398548938
502207956
398733014
398826106
398902623
398986454
502564226
398979062
399017651
399104226
502803057
399248048
399281555
399375734
503020580
399365591
399450295
399410729
503375327
399601145
399500637
503509633
399583596
399569466
399662930
503598041
503740490
399860021
399879832
399904133
504092235
400078581
400238926
400187558
504462198
400174506
400315484
400157343
504768865
400378924
400475015
505138889
400768130
505410009
400814230
505599015
400963451
505624298
400992905
401055119
401037800
505794654
401118763
401207415
506074613
401387466
506455593
401755418
401837504
506543860
506432977
402047429
401956261
506595937
402102615
506792998
402303336
506820170
402400843
506890373
402536746
402575512
507122882
402677452
402770747
507134767
507175887
402941638
507186889
402962594
403114867
507359147
403211396
507551405
403365117
507634258
403390464
507779676
403445099
403705852
508155450
403754146
403811421
508356763
403846303
404104960
508705699
404387633
508993231
404557650
509257980
404757572
509282738
509288975
404801817
509371733
404997853
509562244
405063042
509725186
405258511
509756606
405187855
405284195
405223947
405377668
405320698
405373998
510544804
405428279
510583098
405496307
510766398
405882720
510849013
405983382
510988095
406247053
511084414
406432379
406423096
406588809
511466307
406659043
511596689
406940743
511881089
407224406
512061692
512236839
512254228
407499659
407706312
512540675
512594377
407885818
407892120
512634416
407970219
512925247
408057807
513018515
408144579
513201430
408459619
513323525
513611078
408725647
513539706
408759535
409024283
513902586
409126931
409128423
514134662
409411405
409506767
409894270
514825480
409931857
410015578
515014023
410204431
515408213
410349995
515560806
410604853
410505344
410497354
516056287
410720583
516315294
410825979
516515842
410848614
410929360
516621328
411061631
411204686
516806352
411447401
517122686
517318640
411584448
411708317
411772807
517613753
411953783
412018150
517788582
412123574
518078346
412247665
412289690
518181792
518231030
412503744
518466035
412414502
412500067
518645587
412563764
412637135
518793989
412730075
519016026
413016588
518971886
413103558
519026592
519064861
413336643
519094633
413495360
413564531
519266331
413626476
519349250
413726998
519409895
413897449
413946511
519516620
414016783
519431776
414005199
414022962
413941461
519935826
414076463
414124915
414219151
414298033
520175732
414271894
414345328
520252290
414542591
520599972
414792811
520765281
415058588
414888347
521033729
415052731
415039733
414940722
521315229
415014952
415146967
521575987
415224179
415396804
415413229
521944379
522136478
415461318
415488288
415505582
522513929
415587325
415341849
415203663
415276790
522822020
415379745
522909805
415660768
415677284
415566772
415689163
523328071
415616057
415695420
415578238
523504434
415313197
415505853
415609702
523986413
524300573
415971623
415983092
416126885
524506196
416179810
524797019
524915763
416558352
524864324
416845596
524905214
416957035
525017857
524940386
417056678
525020357
417023582
525266854
417709718
525715229
525819080
417780417
417845716
417872178
526125618
418042945
417964914
417956398
526460910
418032985
418099783
418167892
418226528
526956290
418523505
527090711
418805880
527273251
419006491
419176608
527565240
527805099
419549791
419791729
528005187
419920618
528148097
419939315
420098902
528428156
420190381
528553224
420327856
420181889
420233827
528552072
420339679
420366039
420592271
420619598
529296548
420468402
529427111
420654456
529556529
420701007
529565830
420885471
421059301
421087491
530138420
421179693
530190418
421217758
421292566
530584715
421435472
421454263
530743050
421630037
421774394
531061966
421966114
531241594
422026571
531579853
422167446
422116019
422164712
531722655
422347296
531989540
422447678
531949007
422730197
422922672
532487855
423196352
423360841
532876295
423633856
533041018
423669187
423752934
423744047
423749888
423755914
423830471
424100372
533834806
424368300
424414257
534118298
424507349
424576401
424748838
534429612
424824496
534556367
424984429
425142241
534916177
425326085
425401024
535109580
425585359
425813130
535588658
425863163
426045792
535981458
426218776
426287487
536241656
426501497
536419476
536471574
426785033
536344679
427078030
536629075
536802971
427207391
427571363
537224698
537305644
427768525
537362424
427744767
427799652
537634459
427795729
537709082
428090773
537988905
537997593
428390552
538185166
428587485
538391551
428654783
428849129
538642134
428814229
538741987
429112090
538930023
429211494
429265097
539128948
539124354
429546492
429743276
539268468
539117888
429930855
539403866
430103181
539594992
430242494
430473598
539918325
430564965
430660124
539860093
430788248
430983169
540232079
431010605
540363208
431066956
431261775
431393336
540822137
431578812
431715926
541216581
431788585
431780222
541237339
432075203
541482959
432361261
432370738
541842460
541838774
432646348
541906263
432826347
432863749
542089964
432807888
433210492
542771771
433325571
433403279
543037607
543018514
543104615
433663637
433704387
543255572
433784571
543277287
433974955
543463941
434207154
543651520
543843611
434491339
543942773
434785299
544134484
434968391
544125959
434986617
435064771
544293387
435124291
544481227
544569918
435351660
435345440
544720736
544797934
435720951
545154602
435891345
545299073
436054414
545539367
436324488
436513545
436573096
546127911
436680442
436864669
546393599
436997140
437176584
437301147
546872953
437339621
437625112
437490350
547208698
437580614
547469696
437554801
438045254
547934253
548023482
438380290
548305242
438351210
438500883
438532899
438462574
548707793
438602189
438891357
549158446
439177904
549365868
439433173
549518544
439585336
549764275
549822975
549917490
439975768
550012428
440155843
550172383
440244768
550105054
550302748
550345013
440691375
440776783
440753181
550464931
440843838
550662675
441130979
550790194
441169268
551134887
441322643
551199637
441263695
441350698
551279111
441305135
551458426
441404532
441388364
551589906
441570730
551772782
551968357
441730484
441811032
552188690
442001104
552274009
552465677
442275615
442365130
442338368
552594184
442507594
442593941
442548743
552950479
442716269
442293957
442446508
553202920
553265666
442517455
442587360
553437769
442675977
442734776
553684853
553661212
553652450
442921096
553934735
443020508
554035103
443282197
554306971
443478565
554510987
443581902
554537229
443763906
554671722
444043073
554880803
444191184
554975819
555102614
444337431
555168216
444450993
444346632
444093328
555430070
555463040
444130134
444187285
555593754
444164624
444083410
444167999
444331401
555991426
444346255
444535354
556156471
556344255
444727424
445009113
556586282
445094909
556711222
445203479
445252764
556881169
445407023
556995473
445679843
557326076
445881368
446172842
557608959
557801143
446360453
557851729
446555739
558042358
446636834
446726755
446654869
446721561
446680158
446753320
558523881
446830337
558512299
446780654
446854291
558597947
446985989
558748535
446989576
447152061
558980865
559172158
447444262
559259606
447562869
559541704
447840489
559856176
447977723
448245262
560421961
448511306
448569231
448531965
560906470
448695943
448843414
561203779
449125100
449270220
561578996
449183647
561720665
449451795
561859363
449644253
449711413
449714055
449715109
449878077
562351832
449912766
449967838
562679407
450262204
450069968
563150168
450267171
563398910
450502906
450598032
563552251
450408174
563663501
450482626
450605835
563888522
450737234
564043439
564181238
450888528
564283303
450978785
564318845
564374849
451169970
564470636
451353321
564612155
451182833
564803727
451319265
451408951
565054650
565116777
451652658
451747500
451785968
565184858
451868090
565235359
451923863
452017869
565523249
452178596
565628943
565669811
452514969
565703426
565652613
452803166
565820788
452957443
566001521
453165236
453104478
566201617
566374072
453376559
453373022
566586992
453449551
453410031
453488210
566743748
453557562
566881353
453732551
567034182
453990079
567062822
567206202
454143740
454042486
567159209
454184836
567381038
454340678
454150944
567560686
454375833
567839900
567928214
454415971
568002820
454424337
568080936
454554015
568070644
568168274
454738189
454755478
568467224
455123931
568392912
455191486
455347974
568515225
455456195
568638725
455703854
568903130
455780864
455891738
569103529
456058082
569247777
456259295
569537130
456393767
456476945
456685824
570108355
456814795
570292127
457107385
570466259
457161812
570561902
457324949
570679142
457584193
570851645
457521956
457594721
570872413
457808788
571068840
457963319
571371517
458124274
458319718
571747712
458419157
458509406
458517976
571996202
458624906
572166773
458701432
572405676
458988416
458915533
458989461
458987342
572722054
459283895
573063347
459350664
459259560
459398711
573606223
459632429
573776960
459882442
573968715
459976519
574148254
460125176
460099657
574446844
460266494
574641948
460259989
574928541
460404606
574947919
460568163
460617848
575203755
460780885
460864735
575530401
460991760
575693140
461062935
461154554
575584113
461057953
461150357
575768934
461109058
575843059
461403898
575989735
461480886
576078728
461602606
461788773
461831590
576381133
461868126
462065163
576612986
462129259
462373132
577008676
462391734
577274879
462612745
577163212
577404597
462789470
577500434
462937481
577703346
463233061
577835702
577881515
463335310
463528607
577987179
578088560
463620564
578154124
577968476
463987308
577965708
464150524
464239720
578399831
464496498
578318295
578290877
464567428
464470469
464477496
578540279
464626660
464610076
464671580
464755418
578871969
579002030
578954947
465043725
465225020
579224861
465428472
579481423
579612391
465721414
579750582
465880553
465890978
579840176
465948580
579903193
466021201
580081365
466209099
580152219
466284109
466469370
580199818
466625868
580437912
466671083
466739981
466791014
466954618
580826701
467144992
580828450
581001003
467325348
467404967
581122043
467463068
467540878
581276678
467584311
467670932
467743125
581699381
467755503
467932975
581886850
581917431
582157482
468333352
582335693
468592710
582421761
468763904
582605542
468901850
582662012
469103454
582857287
469148688
582931223
582892952
469363094
583013899
469542487
469697034
583262198
469936145
583540135
470114328
470209125
583973782
470549020
470589062
584460150
470877780
584254550
470816381
584251662
470976862
584355103
584517821
471121919
471327775
471422486
584996903
471697738
584964973
471790178
585249973
471965858
585534518
472196533
585550437
472280329
472459752
585826031
585892264
585980495
472749322
586263966
472959057
586149655
473013565
586320648
586409746
473254332
586524164
473705672
586847252
473691878
473976495
473955997
474108946
587535201
474271037
474412743
587878575
474428710
474585607
474651855
588462989
474811350
474959673
588759908
474957631
475159940
589129151
475198785
475214625
475226912
475364057
589652920
589750680
475526068
589786502
589878413
589944798
475701351
589839792
475897064
475883741
589974666
475929852
590243533
476123251
476189913
476261690
590480275
590591607
476420790
590842078
476590008
590878194
476840866
476840151
591124224
477006591
477082930
477169061
591484036
477442313
477503577
591781368
477512317
477587252
477585198
477588112
477661425
477794358
592373102
477874736
592667755
478041882
478081156
592832199
478165246
478292577
592886253
478452764
593133260
478639749
478817953
593299880
478903257
478800059
593644654
478767708
478710902
478763632
478839315
593823123
479019777
593940503
478893235
479003141
594251831
479144921
594446265
479285029
594459041
479636195
479712530
594489078
479432296
